SAMPLES:	16568
BITSPERSAMPLE:	16
CHANNELS:	1
SAMPLERATE:	16000
NORMALIZED:	FALSE
-102
-61
-25
-31
-30
-16
11
42
40
45
54
50
23
2
13
36
62
81
112
129
104
68
28
12
50
106
124
65
-26
-114
-171
-169
-96
23
114
148
118
31
-57
-118
-103
-34
38
86
82
40
-36
-106
-143
-121
-22
88
116
13
-170
-299
-297
-166
-7
78
66
-37
-163
-231
-187
-30
135
218
161
11
-125
-162
-65
80
166
134
24
-49
-46
13
72
81
77
65
57
66
75
71
49
44
57
75
102
113
141
196
230
203
87
-76
-222
-286
-245
-134
44
201
252
183
27
-102
-170
-191
-174
-102
30
114
91
-52
-220
-270
-199
-56
55
69
13
-70
-127
-143
-122
-65
-7
51
66
10
-71
-105
-28
115
210
201
97
-21
-106
-116
-50
42
78
-4
-126
-166
-60
140
298
329
225
40
-117
-151
-68
42
102
71
-24
-131
-200
-168
-50
70
115
58
-34
-100
-109
-48
48
128
136
91
32
-11
-19
-5
31
70
40
-60
-129
-98
21
150
182
109
3
-76
-69
34
138
147
58
-47
-106
-116
-63
28
104
120
62
-11
-25
4
41
85
123
125
77
10
-50
-91
-120
-154
-168
-134
-80
-27
15
41
32
-24
-112
-181
-202
-188
-179
-167
-115
-33
38
70
60
-4
-87
-135
-104
-12
42
10
-40
-64
-64
-54
-26
42
111
111
39
-1
61
153
172
96
27
32
82
125
141
163
201
217
207
208
207
160
75
-12
-62
-64
-68
-89
-83
-48
-33
-62
-98
-100
-76
-62
-67
-54
-18
-17
-71
-118
-73
39
132
131
40
-54
-88
-49
32
83
35
-76
-120
-25
119
151
17
-160
-208
-95
62
142
121
33
-63
-123
-142
-110
-32
34
49
3
-72
-99
-63
-18
-8
-55
-108
-116
-83
-36
3
35
57
73
79
78
70
51
47
28
-34
-123
-174
-120
-11
66
72
39
27
38
69
106
119
70
-27
-79
-29
85
147
103
22
-12
10
49
88
132
154
111
-15
-133
-186
-165
-65
42
102
79
-30
-138
-164
-101
10
142
222
194
59
-135
-219
-122
59
202
213
133
33
-56
-114
-136
-103
-55
-40
-91
-184
-186
-81
86
218
222
130
0
-81
-90
-37
30
33
-16
-118
-224
-276
-252
-108
65
172
181
114
49
-35
-122
-159
-97
29
110
86
-24
-110
-79
65
231
276
187
75
34
80
145
180
160
77
-27
-93
-93
-78
-74
-37
39
86
51
-65
-205
-306
-311
-213
-76
29
64
46
1
-63
-116
-133
-110
-67
-29
-11
-3
21
46
33
3
-5
43
161
269
283
173
14
-84
-70
38
181
295
307
211
73
-22
-45
-25
16
56
79
80
57
26
-3
-49
-100
-111
-92
-85
-99
-130
-135
-109
-111
-144
-173
-171
-125
-66
-58
-93
-89
-51
-34
-42
-78
-80
-12
30
18
-8
-51
-90
-95
-76
7
133
175
148
113
69
70
103
89
80
93
97
127
100
-51
-191
-221
-141
56
244
308
297
213
94
43
5
-58
-53
6
58
87
23
-93
-130
-134
-143
-102
-51
-11
5
-60
-107
-39
51
92
58
-33
-49
14
24
-16
-46
-40
35
105
99
71
54
32
2
-60
-114
-109
-94
-87
-72
-45
-34
-63
-89
-38
38
80
83
25
-71
-119
-100
-43
36
86
66
11
-34
-69
-118
-178
-148
-20
68
90
58
-40
-120
-127
-94
-17
84
162
182
128
79
64
12
-31
-14
44
114
133
90
49
38
30
20
28
77
150
187
129
-32
-163
-142
9
200
319
270
65
-165
-258
-185
-28
134
200
131
3
-100
-175
-197
-122
-26
10
6
-34
-81
-119
-131
-82
-1
38
-3
-71
-91
-74
-72
-96
-92
-77
-112
-170
-177
-93
34
100
50
-68
-177
-236
-194
-48
106
138
39
-40
-3
106
174
150
107
106
112
66
-3
-43
-25
86
257
369
344
208
55
-33
-22
78
196
248
184
51
-78
-181
-241
-226
-126
1
88
84
19
-30
-59
-58
-10
47
70
25
-77
-170
-169
-88
-20
1
-28
-100
-168
-182
-145
-81
-21
-13
-27
3
50
47
-10
-59
-62
-43
-31
-25
-6
16
12
-27
-82
-117
-94
26
196
313
316
243
197
190
149
87
58
62
56
11
-77
-183
-251
-258
-196
-86
21
48
-24
-133
-230
-256
-161
-25
27
13
18
61
104
124
128
87
4
-62
-73
-23
56
103
114
136
147
105
36
-24
-73
-89
-37
32
37
28
87
167
139
0
-121
-123
-32
67
129
139
85
-8
-72
-72
-72
-128
-185
-182
-130
-32
78
124
67
-32
-75
-56
-20
21
46
20
-62
-130
-111
-13
98
165
169
143
108
36
-80
-178
-201
-143
-74
-31
13
70
85
35
-31
-44
-1
26
25
47
92
109
71
-12
-112
-139
-44
127
251
202
24
-132
-184
-118
25
128
123
7
-146
-182
-81
25
65
7
-103
-135
-56
75
150
97
13
-13
-27
-61
-108
-120
-33
97
185
202
113
-54
-198
-257
-203
-52
128
228
181
29
-107
-148
-96
-6
69
123
117
13
-164
-336
-363
-203
40
216
255
213
174
149
105
52
24
41
95
141
122
66
30
19
35
36
0
-14
-8
0
42
43
-46
-149
-244
-279
-199
-100
-19
74
126
151
159
72
-42
-111
-145
-121
-84
-74
-34
19
40
39
-3
-44
-31
-35
-74
-107
-138
-108
-5
33
2
-24
-32
34
148
206
210
145
41
-8
-1
31
57
35
18
30
26
13
-14
-63
-82
-82
-86
-63
-31
-23
-59
-142
-184
-121
5
132
222
255
241
184
72
-64
-162
-178
-114
-18
61
93
66
18
-12
-8
40
89
89
52
20
-7
-33
-56
-92
-123
-108
-39
47
145
217
189
62
-99
-185
-121
17
124
161
100
-33
-145
-171
-114
-24
26
-4
-73
-113
-99
-78
-90
-135
-191
-230
-235
-185
-63
84
173
175
108
-5
-81
-62
28
135
181
114
-17
-131
-171
-111
20
172
310
392
374
248
43
-134
-196
-130
16
145
179
112
16
-33
-30
13
83
163
215
199
118
15
-48
-55
-45
-44
-41
-28
-7
-20
-99
-189
-197
-137
-106
-162
-259
-320
-300
-190
-43
89
165
159
51
-116
-208
-140
30
169
160
33
-100
-142
-102
-32
35
67
42
-65
-199
-248
-142
80
264
287
177
66
30
83
173
229
212
134
41
-23
-34
3
67
107
85
26
-17
-20
-5
-4
7
55
113
117
35
-95
-178
-147
-28
83
138
133
75
-42
-181
-234
-160
-43
15
-14
-86
-158
-208
-219
-157
-33
99
155
89
-38
-134
-137
-57
48
135
139
15
-130
-154
-49
97
167
139
56
-42
-84
-59
-15
17
31
78
147
172
113
-3
-84
-65
32
125
155
119
27
-97
-191
-172
-41
98
172
161
66
-77
-189
-190
-77
38
68
-4
-132
-199
-146
1
161
231
189
92
17
8
14
9
-4
-28
-28
-12
9
10
-48
-86
-69
5
114
179
180
121
38
-37
-100
-116
-80
-43
-38
-61
-62
-28
4
9
0
0
6
-5
-57
-152
-240
-269
-215
-93
29
118
131
40
-78
-131
-78
-2
6
-23
-65
-59
26
120
185
206
210
198
106
-24
-126
-142
-47
85
173
136
7
-88
-117
-53
73
190
272
265
198
128
65
55
56
46
47
45
55
32
-75
-203
-257
-179
-7
111
80
-77
-276
-388
-349
-218
-110
-61
-53
-45
23
134
213
216
115
-36
-152
-233
-223
-103
40
155
160
35
-112
-184
-118
56
189
218
174
85
14
-6
7
38
66
58
53
97
167
225
199
77
-36
-92
-87
-46
-40
-68
-85
-67
4
110
166
136
25
-140
-265
-296
-262
-195
-162
-185
-224
-218
-146
-55
23
89
154
211
209
138
35
-44
-43
-2
27
55
83
100
82
30
2
21
76
118
120
108
89
58
18
-4
38
115
175
181
135
72
-9
-106
-176
-171
-99
-41
-48
-102
-167
-181
-123
-15
64
54
-33
-114
-128
-85
-35
-9
3
-7
-62
-135
-137
-22
155
279
266
132
-10
-52
27
137
149
34
-104
-136
-28
138
239
210
91
-36
-108
-118
-100
-59
-5
29
11
-23
-28
-24
-28
-18
46
107
65
-87
-250
-311
-260
-164
-83
-60
-68
-74
-74
-78
-88
-52
46
152
174
95
-28
-129
-134
-44
73
127
92
27
-17
15
128
262
291
143
-64
-141
-45
104
186
169
87
-20
-100
-80
35
131
155
145
154
153
88
-7
-70
-77
-53
-11
24
20
0
-24
-49
-79
-121
-143
-168
-203
-186
-74
67
131
104
27
-37
-36
53
187
195
17
-188
-243
-125
13
74
56
-7
-68
-78
-5
51
14
-81
-145
-99
-11
31
-3
-83
-120
-95
-44
-50
-89
-80
-29
46
53
12
-21
-45
-8
53
111
119
63
23
13
59
104
126
136
84
24
-45
-57
14
68
75
19
-11
5
4
-27
-78
-66
-57
-98
-146
-163
-75
51
158
204
156
56
-71
-122
-72
29
110
105
64
2
-57
-52
31
150
203
158
63
1
-16
-20
-3
8
9
8
7
9
0
-10
-4
29
66
86
80
-2
-103
-149
-111
-6
88
128
91
-15
-140
-222
-213
-127
-19
36
18
-31
-103
-191
-276
-300
-207
-23
164
261
261
197
96
-15
-125
-208
-238
-187
-86
1
54
74
68
23
-30
-53
-25
41
81
83
53
14
-46
-128
-165
-104
49
198
246
192
114
84
93
91
68
33
4
-2
7
13
27
47
45
22
-18
-39
-11
17
-23
-133
-232
-239
-138
21
150
185
126
4
-97
-100
-8
99
127
80
5
-46
-44
-6
72
160
209
199
132
65
47
68
85
38
-53
-107
-113
-63
1
9
0
19
55
90
56
-47
-120
-104
-37
-7
-38
-118
-244
-350
-384
-348
-210
-19
116
143
39
-131
-243
-209
-46
114
158
66
-102
-191
-126
12
147
197
167
128
81
36
9
10
78
145
124
46
-35
-50
11
65
68
23
-24
-32
9
94
167
162
89
2
-59
-40
37
124
192
188
119
36
-32
-46
-43
-32
14
41
66
88
71
40
-25
-106
-162
-180
-131
-65
-53
-117
-231
-295
-228
-65
111
177
56
-177
-354
-356
-204
-16
116
155
119
76
66
74
99
141
159
135
66
11
9
38
100
173
233
237
122
-36
-127
-106
29
151
170
111
19
-62
-133
-168
-119
-41
19
6
-71
-100
-78
-39
-10
-47
-143
-257
-330
-291
-146
27
130
129
53
13
63
108
117
109
72
43
32
15
-2
-15
-41
-60
-33
23
83
159
178
88
-42
-139
-151
-96
-50
-9
78
202
270
193
10
-158
-229
-190
-95
2
70
98
97
73
48
38
46
99
151
121
33
-83
-214
-305
-311
-222
-82
11
-10
-84
-89
-31
36
87
109
110
57
-84
-199
-166
-28
97
113
46
-17
-66
-115
-100
33
234
380
363
196
1
-88
-57
33
104
113
109
113
78
9
-54
-50
30
101
92
42
38
59
41
-30
-115
-164
-162
-112
-57
-22
-33
-99
-153
-143
-125
-149
-194
-211
-156
-15
135
182
120
-2
-130
-165
-90
-4
23
15
-29
-69
-50
5
90
190
245
187
64
-27
-79
-48
46
106
106
47
-43
-90
-39
62
125
157
147
122
114
84
21
-42
-49
-24
0
-1
-68
-135
-141
-77
22
106
116
25
-87
-164
-193
-138
-18
87
106
39
-71
-150
-174
-183
-195
-156
-59
6
9
-21
-14
55
123
126
75
89
140
117
21
-123
-177
-80
70
169
173
159
139
86
46
-14
-6
108
249
377
380
276
106
-83
-169
-192
-148
-67
-59
-86
-134
-163
-136
-99
-56
-66
-110
-137
-174
-137
-49
23
55
-8
-59
-49
0
53
20
-11
5
28
31
-66
-160
-163
-78
62
121
112
51
-48
-81
-64
5
86
104
64
-23
-48
5
71
132
139
118
77
-1
-79
-114
-47
54
80
26
-79
-151
-147
-105
-61
-57
-77
-99
-103
-55
7
50
65
65
98
136
148
109
34
1
37
116
165
131
21
-109
-167
-82
124
336
405
280
71
-87
-115
-34
72
138
122
23
-124
-256
-292
-238
-149
-55
43
150
208
168
46
-70
-80
11
86
45
-89
-227
-278
-229
-132
-37
9
23
11
-30
-84
-120
-117
-97
-101
-129
-163
-174
-137
-49
43
104
113
60
-55
-185
-209
-106
56
184
227
187
80
-28
-95
-88
28
205
340
309
145
-27
-116
-80
6
109
171
169
147
96
79
100
122
130
77
21
-13
-41
-63
-67
-37
21
96
127
95
26
-8
32
60
11
-102
-214
-245
-184
-65
22
36
19
-26
-92
-130
-103
-39
-7
-61
-156
-169
-77
40
85
17
-65
-60
-10
-12
-70
-119
-97
-24
26
9
-70
-140
-141
-95
-5
110
175
163
107
54
33
43
42
43
76
124
170
170
106
20
-45
-84
-76
-30
-9
-28
-54
-83
-69
-16
-9
-40
-31
11
89
188
178
65
-35
-109
-123
-48
4
17
98
184
200
166
32
-132
-164
-98
-10
83
90
1
-75
-129
-134
-46
28
17
-8
-12
24
103
104
-37
-185
-218
-161
-75
-48
-117
-137
-29
76
108
77
-23
-106
-142
-193
-197
-104
14
114
162
142
92
61
68
116
210
284
277
194
56
-57
-40
72
190
249
172
7
-121
-185
-166
-80
10
68
50
-41
-124
-128
-27
97
145
103
-26
-163
-223
-187
-43
115
165
100
-32
-138
-163
-175
-175
-153
-115
-75
-91
-133
-111
-20
95
138
75
-21
-111
-144
-77
52
205
272
193
45
-86
-122
-92
-77
-60
-33
-3
27
0
-56
-68
1
131
231
220
99
-64
-154
-135
-47
28
15
-39
-55
-16
56
74
42
34
73
131
150
103
33
-20
-45
1
111
199
181
34
-125
-155
-56
76
144
131
66
-33
-99
-108
-57
17
32
10
24
61
79
23
-94
-148
-82
53
159
142
11
-135
-208
-162
-50
45
86
43
-38
-108
-146
-79
58
144
112
-68
-230
-201
-8
210
255
81
-138
-265
-249
-132
-34
22
50
31
-26
-125
-192
-127
25
158
149
-25
-222
-339
-286
-83
131
242
179
20
-92
-87
11
107
128
54
-45
-68
28
175
247
221
169
141
133
89
28
21
52
65
6
-82
-131
-114
-41
23
65
88
88
111
148
166
150
87
29
7
8
-11
-62
-101
-104
-36
49
55
-14
-120
-183
-165
-115
-73
-52
-57
-82
-92
-69
-20
42
64
27
-38
-92
-79
7
75
45
-66
-141
-103
13
99
97
54
7
-33
-60
-95
-124
-129
-105
-68
-42
-7
60
153
209
182
84
-40
-123
-90
24
101
61
-57
-143
-141
-76
7
77
123
174
246
280
193
23
-91
-64
49
109
57
-65
-192
-256
-209
-57
125
218
161
-15
-209
-294
-207
-19
131
132
19
-73
-79
-1
110
196
218
146
31
-45
-88
-117
-141
-134
-93
-45
11
78
117
117
102
96
111
118
114
103
68
27
-4
-15
-30
-69
-100
-89
-46
-11
-16
-57
-89
-94
-77
-48
-34
-60
-119
-166
-154
-80
16
97
143
127
35
-106
-221
-266
-245
-163
-42
75
141
158
167
161
114
35
-24
-28
3
24
22
9
19
49
67
77
72
84
128
166
161
79
-47
-140
-153
-97
-3
87
150
153
74
-27
-87
-82
-47
-42
-69
-86
-92
-88
-92
-124
-151
-148
-80
64
191
228
138
-11
-71
0
145
246
198
32
-129
-185
-125
-25
65
143
190
182
81
-73
-175
-201
-147
-42
53
106
97
40
13
53
134
173
96
-43
-144
-132
-40
-25
-128
-260
-327
-256
-101
52
156
141
-7
-215
-360
-318
-134
34
97
56
14
29
53
66
74
79
89
62
-28
-130
-197
-172
-62
62
151
147
85
64
114
209
254
202
119
65
63
75
71
69
65
52
52
77
145
205
184
101
19
-17
5
22
-13
-63
-94
-80
-44
-26
-58
-139
-222
-233
-136
1
38
-95
-278
-329
-184
41
171
142
16
-100
-142
-100
-23
8
-32
-100
-151
-170
-170
-141
-51
71
176
244
265
223
92
-93
-226
-229
-107
57
166
197
178
127
75
32
44
136
214
202
91
-54
-118
-64
50
139
130
24
-79
-106
-67
-33
-62
-101
-88
-26
17
-36
-164
-286
-313
-189
37
242
332
282
159
31
-95
-194
-231
-181
-59
72
125
95
11
-68
-88
-37
57
133
154
150
152
131
58
-58
-128
-81
23
104
103
37
-25
-42
-29
-34
-89
-150
-154
-88
24
107
119
76
4
-60
-88
-71
-19
41
46
-24
-128
-196
-189
-115
2
121
199
210
178
134
79
-10
-107
-121
-23
86
97
15
-45
1
91
124
63
-61
-149
-151
-78
21
76
54
-13
-80
-92
-60
-42
-61
-87
-72
-5
51
32
-46
-126
-148
-111
-49
-2
3
-27
-49
-23
47
116
133
89
11
-56
-78
-58
-16
10
27
64
123
185
204
175
143
108
53
-33
-103
-88
9
124
190
187
129
23
-97
-163
-118
25
147
131
-6
-144
-169
-75
48
99
59
-23
-76
-58
30
136
160
35
-160
-274
-229
-85
16
17
-20
-48
-78
-95
-64
-6
10
-67
-184
-234
-175
-74
-3
31
45
54
51
34
30
50
85
98
59
-30
-124
-161
-118
-24
58
101
104
69
19
-6
-6
-8
-30
-38
-9
27
31
4
15
91
202
296
312
227
90
-23
-41
25
101
121
65
-25
-91
-82
-17
27
37
22
-5
-34
-70
-96
-104
-126
-171
-193
-157
-72
36
136
192
169
73
-33
-73
-57
-42
-50
-73
-94
-82
-18
60
73
-19
-138
-175
-116
-23
28
27
-1
-27
-40
-39
-2
69
135
163
128
48
-38
-107
-128
-85
-15
14
-16
-48
-30
34
106
100
-2
-126
-171
-103
10
72
59
22
10
26
34
45
67
83
75
46
23
-4
-57
-104
-113
-87
-24
69
163
210
180
88
-15
-62
-7
106
155
86
-36
-116
-116
-71
-12
59
133
194
217
193
115
18
-31
-21
-20
-75
-154
-172
-106
-22
2
-19
-44
-76
-128
-188
-212
-176
-89
15
59
-17
-160
-256
-239
-148
-57
18
54
35
21
67
127
117
51
16
38
72
84
58
-2
-39
-20
45
104
93
31
-10
7
60
81
61
38
22
35
93
151
151
60
-38
-65
-25
46
84
53
-21
-105
-181
-190
-86
90
174
86
-76
-205
-260
-235
-172
-108
-38
25
31
-23
-44
42
181
279
270
138
-12
-65
-14
58
91
82
34
-15
-14
32
67
54
1
-45
-26
53
98
44
-62
-115
-85
-5
96
169
161
53
-102
-199
-183
-91
-1
47
56
8
-97
-215
-275
-214
-37
158
226
152
43
-26
-54
-106
-212
-299
-290
-192
-48
112
212
204
108
-11
-88
-106
-60
36
117
148
170
190
150
42
-82
-140
-85
17
105
118
14
-124
-185
-161
-102
-39
16
75
93
54
40
61
80
93
91
81
78
59
33
30
21
8
14
16
49
131
183
159
49
-86
-118
-70
-20
-8
-51
-61
-40
-24
3
1
-5
11
13
-12
-77
-164
-208
-167
-95
-43
5
57
64
34
-6
-20
55
153
254
336
267
93
-85
-251
-256
-155
-79
-41
-169
-413
-603
-665
-569
-395
-245
-124
-26
105
274
431
536
549
514
474
402
306
157
55
135
215
297
439
507
470
310
95
-75
-234
-428
-742
-1121
-1426
-1669
-1690
-1462
-1158
-684
-112
428
915
1356
1882
2351
2488
2393
2167
1938
1727
1303
763
218
-265
-591
-944
-1329
-1608
-1819
-1840
-1792
-1705
-1416
-1156
-995
-913
-1033
-1192
-1267
-1209
-1055
-1021
-921
-594
-124
535
1247
1828
2239
2404
2458
2497
2323
1930
1410
737
-9
-653
-1067
-1337
-1640
-1878
-1902
-1735
-1296
-732
-338
-48
173
251
221
94
28
35
-19
-35
-92
-118
-9
31
71
226
470
970
1500
1838
2169
2637
3152
3330
3067
2648
2242
1979
1638
844
-156
-1084
-1887
-2560
-3174
-3604
-3707
-3515
-3115
-2727
-2224
-1509
-861
-360
-104
-215
-485
-852
-1311
-1701
-1849
-1539
-954
-351
353
1132
1978
2849
3451
3649
3402
2765
1934
947
-105
-1082
-1949
-2592
-2951
-2995
-2701
-2181
-1528
-824
-154
465
982
1459
1851
1947
1819
1606
1314
1029
761
483
330
363
546
766
927
1101
1269
1374
1459
1412
1157
792
309
-300
-897
-1353
-1628
-1802
-2000
-2101
-1930
-1494
-877
-262
223
624
965
1186
1216
1081
864
582
218
-170
-533
-849
-1043
-1101
-1130
-1111
-963
-710
-442
-229
-80
35
88
2
-227
-464
-606
-650
-599
-543
-532
-450
-205
152
535
942
1312
1540
1627
1561
1357
1031
575
145
-85
-134
-129
-164
-238
-282
-181
144
526
761
790
629
431
273
63
-271
-725
-1222
-1605
-1765
-1731
-1610
-1456
-1204
-900
-646
-398
-161
6
35
-128
-413
-700
-867
-935
-983
-964
-895
-760
-432
-34
463
1302
2174
2652
3007
3617
4235
4463
4406
4211
3845
3448
2857
1887
896
-133
-1275
-2270
-3231
-3943
-4018
-3746
-3405
-3055
-2512
-1740
-1258
-1056
-925
-1060
-1250
-1381
-1683
-2098
-2324
-1971
-1143
-199
947
2236
3384
4401
5082
5252
4974
4142
2899
1507
-22
-1457
-2570
-3431
-4074
-4404
-4335
-3899
-3186
-2208
-1164
-266
509
1003
1191
1158
959
805
587
295
68
-186
-282
-226
-90
338
882
1342
1693
1891
1980
1966
1855
1561
998
340
-350
-1023
-1511
-1805
-1981
-1997
-1786
-1340
-767
-276
173
694
1185
1619
1895
1890
1732
1626
1750
2014
2160
2099
1915
1731
1501
1229
1000
715
232
-525
-1537
-2666
-3620
-4171
-4373
-4357
-4146
-3637
-2914
-2224
-1560
-940
-459
-96
49
-39
-140
-1
282
491
713
1060
1470
1789
1928
1929
1867
1744
1372
691
-90
-837
-1396
-1831
-2361
-2762
-2847
-2662
-2290
-1868
-1255
-281
868
1962
3052
4312
5532
6338
6673
6601
6341
6039
5447
4514
3300
1709
-11
-1615
-3060
-4138
-4723
-4873
-4747
-4489
-4087
-3562
-3022
-2594
-2339
-2313
-2592
-2973
-3241
-3348
-3086
-2359
-1376
-229
1093
2503
3837
4938
5636
5819
5480
4595
3341
1948
375
-1264
-2701
-3898
-4803
-5320
-5401
-5108
-4612
-3962
-3139
-2168
-1113
-107
730
1285
1575
1704
1663
1513
1434
1403
1333
1262
1187
1243
1589
2214
3094
4045
4779
5266
5521
5476
5200
4738
4040
3115
1931
484
-1066
-2564
-3821
-4684
-5270
-5656
-5692
-5324
-4596
-3587
-2447
-1348
-488
45
312
305
-31
-601
-1174
-1641
-1946
-1962
-1645
-1091
-354
568
1641
2648
3309
3541
3399
2873
1940
659
-769
-2074
-3090
-3840
-4387
-4667
-4608
-4189
-3440
-2434
-1249
-14
1097
2060
2887
3524
3992
4358
4660
4852
4947
5036
5070
4927
4636
4326
4065
3781
3273
2451
1350
-4
-1484
-2900
-4162
-5122
-5639
-5786
-5723
-5457
-4918
-4197
-3406
-2618
-1924
-1398
-1061
-845
-645
-424
-114
377
964
1502
1956
2320
2618
2828
2853
2655
2198
1442
477
-572
-1580
-2441
-3097
-3568
-3912
-4144
-4193
-3988
-3503
-2762
-1878
-1046
-328
358
1078
1855
2651
3360
3964
4550
5105
5574
5958
6175
6106
5859
5565
5138
4541
3741
2673
1454
238
-1014
-2307
-3561
-4720
-5636
-6153
-6240
-5976
-5432
-4666
-3814
-3057
-2515
-2178
-1955
-1683
-1257
-717
-117
487
1005
1542
2211
2848
3300
3553
3507
3105
2493
1706
662
-526
-1694
-2789
-3734
-4396
-4668
-4602
-4332
-3937
-3466
-2880
-2155
-1407
-706
71
989
1943
2962
4025
4928
5654
6344
6981
7376
7430
7187
6719
6028
5071
3863
2468
977
-488
-1929
-3346
-4635
-5668
-6349
-6636
-6552
-6134
-5374
-4453
-3672
-3112
-2652
-2241
-1860
-1473
-1094
-763
-377
165
835
1571
2344
3087
3634
3899
3932
3742
3279
2511
1519
376
-901
-2157
-3210
-4033
-4672
-5062
-5103
-4849
-4380
-3688
-2806
-1804
-733
315
1283
2340
3579
4745
5668
6429
7004
7313
7319
6993
6484
5959
5352
4428
3155
1654
123
-1313
-2648
-3860
-4864
-5614
-6119
-6404
-6403
-6087
-5543
-4821
-4061
-3409
-2903
-2376
-1788
-1263
-786
-238
420
1119
1780
2485
3253
3924
4346
4450
4262
3772
2984
1884
565
-750
-1888
-2842
-3717
-4536
-5093
-5226
-4956
-4424
-3760
-2998
-2205
-1331
-421
436
1432
2690
3968
5032
6007
7045
7918
8346
8330
7985
7405
6623
5525
4039
2350
658
-1036
-2804
-4497
-5813
-6619
-6957
-6970
-6753
-6190
-5373
-4578
-3919
-3513
-3374
-3259
-3040
-2773
-2464
-1904
-969
54
965
1889
2881
3859
4701
5231
5288
4829
4004
2923
1609
222
-1041
-2143
-3115
-3941
-4474
-4623
-4437
-3938
-3292
-2749
-2203
-1450
-625
86
747
1650
2833
3907
4661
5401
6307
7134
7579
7653
7492
7172
6764
6059
4828
3249
1578
-167
-1943
-3623
-5023
-6184
-7091
-7720
-8077
-8002
-7376
-6408
-5340
-4375
-3513
-2618
-1808
-1195
-760
-322
172
551
847
1302
1842
2429
2998
3372
3566
3578
3384
2925
2042
865
-347
-1540
-2632
-3593
-4337
-4735
-4859
-4711
-4227
-3559
-2680
-1506
-248
916
2101
3434
4718
5626
6421
7419
8250
8614
8606
8254
7566
6580
5312
3878
2376
878
-665
-2368
-4122
-5599
-6573
-7001
-7037
-6726
-6059
-5293
-4584
-3923
-3475
-3376
-3437
-3477
-3449
-3309
-2823
-1991
-1020
117
1486
2842
3945
4692
5036
5015
4662
3961
2876
1490
-100
-1660
-2937
-3872
-4525
-4825
-4816
-4511
-3891
-3085
-2264
-1525
-859
-165
576
1391
2398
3471
4355
5067
5972
7016
7775
8176
8391
8273
7929
7380
6352
4876
3171
1354
-629
-2686
-4527
-5928
-6903
-7444
-7683
-7477
-6788
-5890
-5068
-4395
-3869
-3474
-3178
-2937
-2853
-2885
-2571
-1939
-1223
-383
740
2020
3224
4086
4522
4556
4361
3929
3087
1880
428
-985
-2191
-3212
-4054
-4538
-4726
-4659
-4370
-3780
-2916
-1897
-759
299
1093
1827
2890
4091
5081
5814
6651
7482
7936
7978
7866
7649
7340
6773
5681
4166
2502
877
-827
-2642
-4382
-5751
-6730
-7225
-7326
-7057
-6419
-5583
-4868
-4317
-3878
-3514
-3206
-3011
-3008
-2939
-2382
-1522
-671
362
1607
2728
3668
4375
4664
4487
3977
3196
2157
918
-348
-1561
-2739
-3848
-4626
-4956
-4943
-4699
-4233
-3548
-2657
-1702
-687
395
1305
2164
3345
4519
5362
6235
7316
8224
8710
8774
8489
7957
7296
6340
4987
3414
1853
264
-1503
-3324
-4955
-6282
-7193
-7556
-7478
-7039
-6351
-5546
-4799
-4222
-3994
-3917
-3756
-3512
-3270
-2763
-1952
-1157
-477
399
1578
2849
4012
4866
5221
5041
4470
3553
2331
894
-488
-1742
-2906
-3976
-4752
-5163
-5205
-4907
-4289
-3528
-2712
-1736
-605
419
1334
2563
4053
5273
6048
6816
7634
8287
8613
8660
8505
8296
7920
7016
5484
3591
1712
-155
-2133
-4234
-6032
-7311
-8030
-8334
-8207
-7696
-6753
-5573
-4540
-3936
-3591
-3154
-2737
-2604
-2675
-2473
-1953
-1294
-670
133
1206
2490
3605
4360
4766
4946
4788
4108
2836
1216
-397
-1832
-3170
-4392
-5333
-5825
-5795
-5343
-4660
-3866
-2858
-1540
-122
1066
2026
3016
4218
5273
5951
6494
7272
8008
8365
8287
8055
7713
7334
6671
5570
4109
2531
914
-778
-2586
-4352
-5779
-6839
-7493
-7828
-7629
-6978
-6083
-5300
-4690
-4342
-3998
-3616
-3264
-3008
-2621
-1915
-1093
-343
421
1299
2172
3041
3782
4250
4242
3811
3010
1945
718
-549
-1785
-2942
-3963
-4760
-5214
-5316
-5046
-4494
-3732
-2829
-1808
-687
383
1352
2515
3981
5380
6493
7431
8339
8973
9239
9144
8863
8491
8061
7194
5735
3983
2261
452
-1478
-3387
-5172
-6699
-7719
-8142
-8101
-7578
-6680
-5657
-4844
-4226
-3741
-3295
-3015
-2959
-3046
-2856
-2288
-1524
-758
194
1276
2289
3164
3894
4358
4426
4069
3250
2067
662
-780
-2183
-3437
-4471
-5216
-5629
-5610
-5214
-4567
-3736
-2740
-1587
-323
875
1929
2978
4161
5267
6136
6850
7651
8369
8774
8755
8504
8107
7609
6859
5764
4444
2982
1356
-520
-2584
-4637
-6221
-7195
-7684
-7942
-7745
-7067
-6077
-5137
-4331
-3828
-3488
-3099
-2780
-2753
-2727
-2282
-1567
-810
-4
942
1839
2689
3405
3945
4114
3925
3389
2523
1320
-116
-1456
-2613
-3711
-4733
-5411
-5697
-5659
-5282
-4538
-3565
-2368
-1037
247
1393
2483
3698
4969
6128
6888
7436
8036
8620
8831
8678
8406
8054
7517
6704
5506
4026
2482
750
-1270
-3390
-5156
-6582
-7568
-8161
-8338
-8028
-7201
-6121
-5145
-4346
-3735
-3299
-2992
-2894
-2927
-2670
-2078
-1412
-821
-14
943
2017
3072
3911
4320
4343
4038
3278
2095
702
-678
-1892
-3029
-4097
-4963
-5436
-5496
-5153
-4506
-3790
-2917
-1676
-208
1001
1890
2833
3987
5137
6022
6575
7179
7793
8294
8331
8147
7903
7602
7174
6337
5049
3535
2066
454
-1528
-3699
-5614
-7069
-7805
-8110
-8006
-7598
-6644
-5615
-4838
-4217
-3601
-2947
-2585
-2535
-2555
-2328
-1778
-1202
-544
445
1508
2610
3398
3883
3908
3672
3318
2651
1597
249
-1139
-2407
-3659
-4651
-5318
-5460
-5161
-4602
-3948
-3241
-2226
-1015
176
1362
2546
3711
4790
5696
6345
6855
7541
8202
8580
8396
7989
7436
6956
6348
5440
4205
2788
1060
-877
-2967
-4903
-6490
-7585
-8170
-8413
-8101
-7313
-6205
-5242
-4376
-3767
-3255
-2861
-2561
-2561
-2580
-2277
-1636
-988
-203
872
2031
3196
4088
4550
4351
3924
3343
2402
1062
-313
-1610
-2897
-4129
-5060
-5543
-5532
-5102
-4458
-3648
-2731
-1669
-500
721
1879
2942
4058
5181
6083
6645
7214
7933
8571
8742
8503
8139
7740
7236
6390
5182
3745
2217
451
-1494
-3501
-5317
-6904
-7960
-8555
-8618
-8102
-7099
-6014
-5168
-4551
-4204
-3834
-3384
-2944
-2688
-2306
-1715
-1089
-419
558
1677
2749
3567
4072
4202
3936
3497
2679
1499
106
-1321
-2658
-3865
-4811
-5340
-5413
-5099
-4572
-3996
-3249
-2343
-1242
40
1318
2447
3414
4369
5333
6111
6590
7131
7750
8354
8598
8497
8219
7794
7283
6485
5307
3835
2192
255
-1830
-3995
-5813
-7230
-8115
-8544
-8507
-7972
-6991
-5865
-4884
-4140
-3689
-3204
-2824
-2668
-2713
-2534
-1978
-1235
-401
704
1819
2844
3664
4243
4409
4066
3500
2569
1267
-304
-1789
-3057
-4123
-4901
-5464
-5612
-5343
-4770
-3961
-3026
-1989
-802
371
1494
2427
3448
4604
5659
6436
7040
7712
8236
8569
8513
8417
8163
7788
7126
5917
4422
3040
1453
-444
-2658
-4777
-6412
-7519
-8041
-8225
-7972
-7431
-6581
-5757
-4970
-4331
-3709
-3166
-2823
-2758
-2676
-2256
-1561
-842
5
1099
2149
3101
3703
4005
3885
3572
3007
2047
679
-781
-1981
-3026
-4043
-4768
-5100
-5140
-4869
-4392
-3689
-2848
-1755
-479
763
1805
2809
3803
4855
5790
6510
7099
7635
8075
8171
7940
7731
7632
7431
6874
5887
4707
3363
1692
-251
-2338
-4342
-5994
-7182
-7925
-8299
-8264
-7738
-6933
-6175
-5429
-4690
-3908
-3240
-2759
-2445
-2100
-1655
-1130
-588
181
1178
2208
3100
3758
3993
3737
3091
2106
879
-474
-1626
-2608
-3481
-4178
-4642
-4932
-4901
-4505
-3783
-2952
-2057
-1120
-218
620
1546
2562
3650
4824
5833
6584
7279
8041
8732
9075
8998
8704
8209
7634
6881
5780
4336
2666
787
-1236
-3349
-5333
-6878
-7848
-8278
-8345
-8022
-7276
-6379
-5585
-4815
-4098
-3477
-3027
-2813
-2761
-2598
-2129
-1474
-758
139
1201
2183
3105
3855
4108
3867
3411
2709
1633
278
-1104
-2365
-3471
-4427
-5156
-5483
-5390
-5007
-4411
-3553
-2479
-1275
9
1227
2229
3100
4020
4995
5868
6474
6893
7377
7939
8322
8376
8260
8060
7742
7165
6259
5005
3518
1759
-327
-2699
-4959
-6730
-7881
-8492
-8718
-8560
-7936
-6981
-5985
-5074
-4341
-3674
-3118
-2709
-2475
-2226
-1837
-1248
-614
156
1081
2085
3032
3690
3902
3703
3165
2341
1319
97
-1106
-2250
-3308
-4243
-4907
-5196
-5027
-4597
-3926
-3166
-2378
-1446
-370
694
1648
2554
3701
5034
6145
7021
7767
8487
9050
9256
9098
8810
8437
7974
7084
5720
4043
2174
179
-1813
-3810
-5643
-7146
-8132
-8662
-8843
-8488
-7652
-6614
-5616
-4833
-4299
-3739
-3226
-2803
-2518
-2165
-1707
-1186
-462
627
1658
2552
3373
3958
4101
3811
3224
2442
1368
67
-1235
-2514
-3701
-4696
-5278
-5439
-5185
-4607
-3873
-3177
-2274
-1129
85
1194
2249
3321
4495
5632
6579
7279
7880
8466
8858
8957
8800
8462
8054
7544
6639
5358
3826
2039
-37
-2205
-4303
-6132
-7482
-8257
-8678
-8746
-8353
-7564
-6633
-5725
-4909
-4186
-3565
-3094
-2883
-2790
-2454
-1794
-945
36
1114
2164
3075
3753
4078
3963
3583
2987
2087
848
-578
-2024
-3313
-4345
-5026
-5395
-5422
-5127
-4521
-3680
-2694
-1602
-404
783
1818
2713
3702
4880
6009
6952
7798
8597
9221
9486
9351
9014
8606
8198
7547
6369
4734
2892
916
-1171
-3383
-5427
-7031
-8090
-8664
-8891
-8744
-8070
-7099
-6095
-5230
-4578
-3970
-3438
-3081
-2802
-2468
-2013
-1439
-736
275
1362
2330
3190
3810
4013
3884
3410
2631
1548
209
-1159
-2455
-3633
-4551
-5197
-5525
-5519
-5255
-4556
-3543
-2416
-1166
91
1255
2355
3335
4400
5577
6580
7292
7823
8338
8814
8984
8914
8740
8490
8137
7364
6032
4381
2519
472
-1706
-3899
-5818
-7265
-8150
-8608
-8760
-8454
-7665
-6720
-5816
-5079
-4436
-3838
-3342
-3003
-2778
-2482
-1945
-1217
-319
680
1615
2549
3433
4028
4146
3791
3040
1996
748
-513
-1711
-2783
-3697
-4496
-5132
-5370
-5125
-4542
-3807
-2958
-1960
-886
142
1055
1950
3074
4502
5838
6753
7367
8012
8764
9410
9650
9486
9083
8563
7808
6668
5223
3606
1800
-218
-2397
-4557
-6347
-7586
-8321
-8724
-8740
-8270
-7411
-6412
-5487
-4788
-4259
-3807
-3431
-3151
-2883
-2458
-1868
-1125
-232
746
1756
2806
3727
4223
4135
3629
2811
1689
345
-1051
-2298
-3326
-4231
-5022
-5536
-5623
-5261
-4605
-3708
-2608
-1431
-234
976
2074
3081
4210
5444
6489
7229
7798
8355
8967
9396
9417
9163
8850
8415
7591
6275
4681
3020
1239
-760
-2932
-5079
-6855
-8005
-8662
-8922
-8619
-7823
-6873
-6013
-5395
-4964
-4439
-3805
-3296
-2990
-2719
-2275
-1667
-871
243
1502
2574
3366
3878
3944
3562
2968
2155
1020
-339
-1767
-3075
-4121
-4894
-5353
-5420
-5114
-4521
-3708
-2817
-1938
-942
195
1281
2264
3241
4251
5248
6159
6966
7720
8450
9050
9339
9251
8961
8677
8343
7679
6516
4944
3102
1062
-1125
-3324
-5342
-7033
-8244
-8914
-9163
-8980
-8226
-7116
-6072
-5208
-4459
-3884
-3534
-3348
-3218
-2888
-2208
-1366
-553
250
1043
1810
2598
3280
3626
3633
3364
2676
1487
-17
-1549
-2862
-3837
-4514
-4947
-5144
-5098
-4781
-4186
-3322
-2165
-794
605
1859
2888
3773
4703
5702
6622
7312
7779
8209
8700
9072
9166
9037
8760
8274
7461
6254
4708
2942
1013
-1063
-3232
-5295
-6975
-8141
-8850
-9159
-9009
-8376
-7427
-6430
-5564
-4819
-4162
-3673
-3423
-3297
-3031
-2441
-1544
-499
512
1371
2102
2788
3334
3505
3314
2910
2195
1047
-313
-1576
-2655
-3586
-4327
-4774
-4881
-4664
-4195
-3561
-2820
-1922
-810
391
1511
2544
3507
4393
5264
6135
6895
7482
8090
8746
9153
9141
8856
8482
8056
7479
6557
5170
3430
1477
-647
-2814
-4863
-6659
-8009
-8808
-9129
-8999
-8408
-7504
-6569
-5722
-4973
-4343
-3777
-3254
-2846
-2518
-2158
-1741
-1235
-541
419
1543
2604
3360
3674
3575
3167
2459
1474
263
-1022
-2203
-3228
-4068
-4633
-4889
-4840
-4454
-3776
-2931
-1980
-871
316
1422
2401
3277
4107
5012
5957
6745
7250
7630
8110
8620
8926
8980
8870
8584
7979
6999
5689
4079
2216
120
-2185
-4530
-6538
-7990
-8924
-9389
-9322
-8763
-7872
-6868
-5907
-5100
-4453
-3887
-3400
-3034
-2740
-2375
-1832
-1151
-404
412
1279
2135
2815
3202
3257
3056
2632
1905
807
-521
-1860
-3011
-3848
-4353
-4598
-4657
-4523
-4132
-3484
-2567
-1393
-150
972
1930
2784
3630
4570
5629
6629
7347
7844
8307
8761
9053
9090
8921
8595
8092
7330
6206
4702
2879
832
-1366
-3631
-5727
-7362
-8476
-9162
-9367
-9006
-8214
-7233
-6202
-5254
-4511
-3909
-3395
-3055
-2878
-2653
-2204
-1594
-865
37
1028
1947
2655
3083
3200
3022
2602
1961
1097
20
-1198
-2361
-3368
-4193
-4737
-4914
-4726
-4210
-3410
-2489
-1610
-675
419
1558
2598
3531
4439
5337
6187
6927
7569
8223
8870
9306
9402
9220
8830
8314
7649
6644
5172
3302
1149
-1200
-3539
-5629
-7333
-8537
-9223
-9480
-9322
-8703
-7707
-6583
-5574
-4785
-4201
-3773
-3456
-3167
-2754
-2142
-1440
-752
-6
835
1704
2592
3373
3754
3610
3097
2357
1435
374
-799
-1986
-3013
-3802
-4336
-4615
-4639
-4356
-3797
-3026
-2098
-1121
-168
832
1919
3003
4020
5015
6010
6896
7554
8028
8463
8853
9043
8990
8766
8428
7924
7099
5888
4265
2233
-22
-2275
-4446
-6390
-7899
-8890
-9414
-9530
-9206
-8406
-7253
-5986
-4876
-4063
-3486
-3093
-2866
-2689
-2397
-1931
-1331
-658
74
844
1665
2483
3134
3468
3410
2969
2229
1216
-14
-1278
-2412
-3373
-4144
-4642
-4861
-4784
-4341
-3541
-2561
-1557
-521
612
1754
2796
3706
4515
5332
6168
6916
7511
8049
8572
8929
8997
8884
8697
8371
7702
6609
5115
3247
1115
-1126
-3348
-5413
-7188
-8521
-9338
-9688
-9493
-8742
-7658
-6523
-5526
-4706
-4022
-3522
-3115
-2743
-2439
-2138
-1718
-1114
-344
505
1402
2308
3070
3499
3450
3023
2398
1659
746
-311
-1400
-2443
-3367
-4075
-4516
-4616
-4358
-3839
-3180
-2387
-1390
-201
1068
2288
3319
4176
5027
5934
6776
7411
7882
8295
8616
8751
8715
8585
8391
7995
7180
5844
4142
2287
276
-1929
-4216
-6318
-7930
-9021
-9744
-10040
-9759
-8918
-7699
-6401
-5261
-4396
-3786
-3313
-2967
-2743
-2463
-2012
-1390
-675
107
1002
1925
2766
3419
3726
3630
3196
2500
1559
385
-874
-2037
-2982
-3686
-4209
-4443
-4319
-3966
-3419
-2705
-1866
-810
373
1527
2593
3497
4304
5141
5994
6814
7523
8152
8779
9281
9466
9279
8819
8225
7499
6513
5173
3416
1317
-1064
-3511
-5734
-7494
-8715
-9469
-9867
-9844
-9294
-8231
-6902
-5633
-4619
-3935
-3507
-3219
-2996
-2739
-2332
-1763
-1077
-352
416
1202
1986
2716
3304
3640
3644
3232
2428
1343
137
-1047
-2138
-3110
-3903
-4459
-4659
-4474
-3967
-3244
-2413
-1517
-492
642
1799
2877
3891
4842
5725
6488
7091
7588
8012
8363
8589
8608
8465
8242
7872
7278
6237
4752
2937
959
-1132
-3238
-5304
-7108
-8567
-9545
-9958
-9735
-8978
-7896
-6714
-5622
-4716
-3954
-3341
-2946
-2704
-2520
-2175
-1678
-1066
-384
400
1260
2231
3079
3614
3649
3245
2567
1765
854
-141
-1215
-2288
-3254
-4028
-4486
-4603
-4338
-3768
-2993
-2100
-1132
-149
875
1892
2916
3921
4888
5846
6722
7398
7959
8494
8987
9261
9161
8774
8225
7577
6787
5683
4171
2265
96
-2156
-4413
-6496
-8178
-9317
-9852
-9818
-9330
-8472
-7419
-6272
-5183
-4273
-3577
-3048
-2692
-2472
-2258
-1927
-1417
-769
-7
832
1750
2655
3436
3849
3837
3431
2687
1654
516
-632
-1748
-2847
-3869
-4637
-5074
-5111
-4752
-4070
-3217
-2173
-999
248
1403
2412
3302
4172
5124
6118
6955
7463
7781
8125
8559
8882
9048
8934
8506
7761
6695
5300
3687
1947
-5
-2204
-4546
-6693
-8389
-9371
-9753
-9654
-9117
-8152
-7017
-5941
-5001
-4127
-3305
-2598
-2178
-2154
-2190
-2099
-1779
-1129
-160
882
1925
2818
3430
3652
3551
3203
2608
1736
638
-643
-1982
-3171
-4095
-4653
-4897
-4829
-4528
-3989
-3238
-2302
-1133
251
1611
2853
3935
4930
5988
6959
7581
7888
8156
8453
8683
8670
8510
8273
7808
7018
5942
4546
2855
977
-1104
-3347
-5524
-7366
-8718
-9484
-9790
-9667
-9062
-7997
-6647
-5315
-4273
-3539
-2996
-2669
-2501
-2276
-1878
-1339
-754
-160
593
1462
2367
3168
3651
3742
3515
2998
2122
958
-364
-1686
-2851
-3820
-4546
-4908
-4895
-4540
-3982
-3326
-2541
-1557
-436
741
1925
3030
4054
5016
5927
6781
7517
8063
8539
8930
9051
8908
8636
8261
7764
7024
5841
4163
2140
-44
-2269
-4405
-6362
-7991
-9192
-9904
-10016
-9511
-8513
-7221
-5907
-4812
-3966
-3252
-2697
-2413
-2315
-2185
-1879
-1474
-1021
-403
441
1416
2323
3029
3414
3533
3504
3184
2446
1310
-22
-1273
-2399
-3408
-4252
-4843
-5055
-4927
-4507
-3810
-2815
-1541
-141
1298
2655
3813
4790
5644
6442
7130
7580
7851
8074
8251
8268
8073
7728
7329
6879
6200
5173
3787
2072
115
-2070
-4338
-6383
-7977
-9005
-9530
-9621
-9267
-8497
-7385
-6120
-4890
-3829
-3066
-2608
-2353
-2212
-2105
-1884
-1410
-720
70
880
1691
2458
3089
3494
3583
3327
2710
1768
595
-646
-1757
-2705
-3530
-4179
-4560
-4578
-4260
-3658
-2832
-1857
-791
318
1417
2456
3450
4485
5614
6705
7503
7951
8277
8653
8978
9047
8826
8398
7774
6894
5724
4287
2617
676
-1505
-3783
-5952
-7789
-9094
-9779
-9919
-9576
-8749
-7568
-6323
-5227
-4312
-3566
-3013
-2663
-2478
-2403
-2329
-2112
-1632
-888
46
1072
2077
2919
3502
3825
3901
3659
3018
2001
697
-737
-2150
-3387
-4337
-4948
-5172
-4975
-4448
-3671
-2693
-1507
-148
1276
2604
3722
4617
5424
6294
7165
7844
8188
8285
8269
8238
8153
8035
7864
7566
6863
5609
3890
1971
2
-1985
-4028
-6089
-7923
-9294
-10026
-10111
-9579
-8591
-7324
-6082
-5030
-4284
-3696
-3176
-2779
-2559
-2334
-1981
-1492
-920
-218
656
1578
2482
3241
3706
3739
3417
2769
1878
759
-441
-1603
-2634
-3536
-4249
-4706
-4763
-4417
-3838
-3058
-2089
-938
308
1578
2773
3802
4618
5457
6368
7172
7714
8068
8394
8635
8632
8397
8023
7571
7053
6288
5127
3531
1604
-525
-2725
-4874
-6768
-8302
-9361
-9843
-9755
-9179
-8167
-6877
-5563
-4470
-3678
-3079
-2681
-2527
-2491
-2340
-1978
-1441
-831
-126
692
1608
2524
3281
3707
3763
3475
2841
1893
720
-543
-1823
-3035
-4056
-4785
-5151
-5075
-4568
-3787
-2868
-1798
-584
665
1880
3013
4021
4879
5705
6547
7221
7640
8014
8420
8672
8636
8420
8147
7722
7021
5979
4538
2720
661
-1519
-3724
-5827
-7613
-8938
-9752
-10016
-9635
-8664
-7373
-6087
-5025
-4209
-3553
-2993
-2566
-2355
-2269
-2097
-1699
-1083
-354
444
1301
2244
3195
3901
4150
3955
3382
2461
1187
-242
-1548
-2631
-3532
-4255
-4760
-4958
-4801
-4307
-3547
-2590
-1404
-62
1207
2285
3286
4293
5315
6266
7021
7480
7659
7766
7949
8153
8312
8339
8098
7505
6595
5431
4009
2323
413
-1707
-4053
-6387
-8318
-9535
-9968
-9812
-9204
-8270
-7128
-5944
-4931
-4122
-3438
-2844
-2369
-2082
-1947
-1826
-1601
-1152
-422
514
1518
2462
3180
3586
3613
3323
2767
1896
751
-537
-1782
-2856
-3754
-4399
-4687
-4621
-4302
-3795
-3036
-2001
-785
456
1638
2691
3629
4523
5421
6334
7116
7701
8139
8463
8653
8635
8459
8182
7787
7185
6233
4910
3255
1340
-751
-2930
-5023
-6869
-8345
-9381
-9854
-9751
-9103
-7984
-6661
-5449
-4525
-3911
-3431
-3008
-2692
-2510
-2387
-2142
-1692
-1010
-146
852
1839
2659
3268
3663
3796
3637
3092
2153
850
-616
-1968
-3030
-3799
-4386
-4710
-4651
-4209
-3462
-2493
-1315
-1
1284
2383
3263
4051
4814
5622
6360
6831
7153
7437
7743
7998
8100
8031
7761
7332
6703
5751
4378
2670
757
-1327
-3500
-5544
-7345
-8715
-9593
-9908
-9668
-8952
-7869
-6577
-5284
-4288
-3628
-3161
-2754
-2445
-2225
-2009
-1596
-1109
-473
337
1286
2265
3139
3764
3948
3707
3150
2363
1372
232
-988
-2116
-3080
-3733
-4165
-4309
-4186
-3788
-3113
-2215
-1102
82
1211
2301
3333
4261
5123
5945
6759
7355
7763
8102
8409
8515
8390
8166
7792
7223
6349
5113
3486
1548
-531
-2599
-4655
-6530
-8147
-9273
-9846
-9855
-9285
-8315
-7155
-6072
-5147
-4391
-3697
-3097
-2674
-2533
-2445
-2249
-1852
-1277
-451
571
1681
2756
3573
3962
3931
3622
2992
2078
946
-245
-1393
-2408
-3331
-4085
-4538
-4537
-4066
-3276
-2351
-1410
-373
786
1924
2937
3905
4753
5518
6251
6877
7233
7450
7722
8010
8155
8147
8036
7665
6958
5905
4565
2978
1203
-782
-2869
-4988
-6920
-8426
-9323
-9684
-9541
-8907
-7869
-6669
-5527
-4579
-3911
-3400
-2980
-2709
-2540
-2284
-1944
-1475
-835
14
958
1899
2685
3214
3432
3406
3178
2679
1784
491
-908
-2091
-2986
-3658
-4089
-4249
-4130
-3773
-3212
-2482
-1526
-338
969
2211
3270
4184
4971
5658
6323
6950
7502
8027
8448
8610
8501
8292
8039
7584
6737
5485
3849
1974
-10
-2052
-4063
-5941
-7552
-8730
-9407
-9586
-9243
-8432
-7357
-6263
-5165
-4164
-3421
-2989
-2774
-2705
-2606
-2290
-1774
-1177
-494
335
1233
2149
3005
3611
3809
3592
2970
2043
906
-292
-1388
-2367
-3238
-3921
-4355
-4489
-4281
-3740
-2848
-1747
-590
588
1691
2686
3611
4460
5294
6085
6759
7377
7919
8373
8634
8602
8377
8047
7636
7096
6177
4795
3042
1009
-1109
-3222
-5169
-6831
-8135
-8994
-9366
-9293
-8717
-7787
-6665
-5588
-4738
-4007
-3379
-2933
-2675
-2499
-2285
-1923
-1447
-737
141
1100
2039
2844
3433
3639
3418
2923
2155
1140
91
-987
-1955
-2820
-3545
-4082
-4428
-4525
-4209
-3555
-2613
-1428
-184
964
1899
2776
3674
4652
5694
6674
7346
7757
7999
8200
8352
8374
8339
8150
7626
6803
5719
4326
2677
704
-1502
-3763
-5821
-7463
-8607
-9314
-9528
-9241
-8538
-7522
-6373
-5200
-4221
-3537
-3103
-2780
-2551
-2291
-1985
-1584
-1149
-575
251
1191
2103
2888
3361
3374
3065
2512
1803
818
-283
-1380
-2392
-3261
-3831
-4125
-4171
-3915
-3345
-2570
-1699
-724
245
1215
2123
3041
3988
4958
5837
6608
7192
7668
8133
8539
8794
8840
8612
8046
7231
6139
4795
3218
1393
-706
-2905
-5076
-6938
-8252
-8963
-9162
-8897
-8259
-7361
-6400
-5529
-4771
-4116
-3537
-3093
-2826
-2694
-2533
-2270
-1840
-1217
-329
727
1813
2731
3359
3600
3538
3257
2683
1696
426
-838
-1955
-2877
-3642
-4189
-4425
-4324
-3942
-3267
-2351
-1250
-76
1064
2068
2967
3794
4580
5382
6174
6815
7263
7658
8041
8300
8343
8280
8139
7778
7019
5828
4286
2522
608
-1420
-3509
-5551
-7306
-8546
-9226
-9457
-9285
-8695
-7736
-6567
-5397
-4400
-3656
-3158
-2876
-2749
-2621
-2326
-1845
-1246
-530
278
1129
2015
2837
3372
3496
3246
2712
1941
995
-67
-1157
-2166
-2994
-3554
-3835
-3886
-3714
-3300
-2648
-1796
-803
273
1358
2403
3387
4343
5259
6064
6716
7316
7937
8517
8889
8981
8823
8457
7873
7010
5839
4379
2691
805
-1248
-3402
-5452
-7135
-8284
-8939
-9216
-9130
-8658
-7850
-6868
-5869
-4995
-4287
-3716
-3243
-2896
-2667
-2438
-2062
-1458
-619
344
1282
2141
2864
3338
3481
3318
2858
2113
1152
78
-1046
-2101
-2982
-3615
-3993
-4100
-3920
-3457
-2749
-1869
-870
203
1290
2315
3265
4157
5045
5946
6789
7455
7936
8303
8584
8721
8695
8522
8156
7523
6518
5087
3264
1195
-926
-2950
-4853
-6592
-8056
-9088
-9597
-9578
-9056
-8098
-6924
-5804
-4911
-4316
-3925
-3601
-3270
-2979
-2700
-2302
-1638
-735
278
1224
1996
2644
3179
3510
3528
3244
2683
1823
649
-673
-1930
-2944
-3607
-3927
-4008
-3914
-3602
-3029
-2244
-1300
-197
984
2103
3042
3859
4663
5504
6330
7064
7608
7985
8274
8483
8504
8313
7967
7461
6686
5591
4180
2478
542
-1574
-3781
-5883
-7567
-8700
-9331
-9598
-9440
-8814
-7753
-6508
-5336
-4431
-3808
-3378
-3046
-2804
-2590
-2285
-1800
-1124
-315
577
1459
2276
2910
3307
3402
3233
2760
2031
1072
-9
-1146
-2232
-3195
-3922
-4316
-4324
-3958
-3302
-2460
-1542
-559
451
1463
2433
3394
4335
5240
6082
6875
7595
8159
8508
8640
8638
8540
8301
7831
7051
5925
4453
2741
820
-1286
-3521
-5581
-7235
-8350
-8971
-9119
-8880
-8320
-7542
-6655
-5767
-4967
-4296
-3789
-3369
-3026
-2688
-2326
-1832
-1240
-507
346
1332
2287
3043
3471
3529
3224
2644
1872
945
-125
-1302
-2405
-3256
-3755
-3980
-3983
-3801
-3404
-2797
-1972
-979
106
1165
2180
3214
4279
5321
6241
6968
7512
7926
8265
8561
8753
8779
8581
8128
7370
6279
4944
3358
1503
-573
-2733
-4810
-6605
-8036
-8992
-9502
-9531
-9006
-8100
-7076
-6068
-5143
-4369
-3759
-3337
-3015
-2749
-2391
-1950
-1406
-721
88
981
1919
2695
3252
3525
3458
3069
2282
1242
96
-1097
-2219
-3127
-3851
-4313
-4507
-4329
-3770
-2931
-1932
-890
128
1114
2046
2914
3773
4634
5537
6341
7053
7734
8350
8811
9078
9160
9069
8695
7954
6924
5589
3974
2049
-115
-2390
-4599
-6534
-8001
-8991
-9553
-9641
-9225
-8379
-7281
-6161
-5146
-4294
-3654
-3237
-3015
-2821
-2537
-2124
-1570
-844
30
955
1792
2468
2946
3158
3134
2904
2397
1619
591
-566
-1707
-2782
-3641
-4185
-4418
-4338
-3954
-3273
-2353
-1302
-162
996
2030
2952
3869
4872
5913
6778
7432
7908
8239
8508
8676
8684
8524
8158
7630
6841
5705
4232
2433
356
-1857
-4026
-5983
-7649
-8921
-9630
-9770
-9399
-8603
-7571
-6532
-5616
-4800
-4020
-3451
-3153
-2974
-2735
-2330
-1767
-1071
-247
611
1511
2418
3136
3489
3429
3023
2309
1352
354
-578
-1527
-2491
-3315
-3861
-4062
-3920
-3485
-2892
-2229
-1380
-300
860
1949
2869
3643
4407
5256
6155
6999
7758
8370
8770
8960
9027
8948
8661
8135
7357
6240
4742
2898
761
-1528
-3756
-5690
-7273
-8481
-9297
-9634
-9465
-8835
-7912
-6890
-5957
-5196
-4571
-4000
-3502
-3085
-2682
-2262
-1775
-1179
-434
371
1189
1991
2693
3128
3238
3034
2560
1846
921
-185
-1368
-2482
-3378
-3963
-4232
-4190
-3888
-3364
-2629
-1699
-652
438
1506
2574
3613
4551
5361
6113
6842
7563
8248
8800
9061
9007
8772
8446
8055
7558
6762
5491
3726
1660
-535
-2763
-4886
-6766
-8327
-9402
-9899
-9851
-9326
-8455
-7391
-6308
-5298
-4397
-3649
-3148
-2853
-2739
-2609
-2230
-1556
-690
229
1078
1893
2597
3066
3223
3040
2662
2060
1128
31
-1095
-2216
-3166
-3829
-4150
-4191
-3943
-3365
-2648
-1873
-895
190
1288
2346
3293
4175
5053
5981
6858
7490
8013
8562
8978
9137
9003
8705
8332
7752
6801
5431
3674
1648
-512
-2660
-4664
-6447
-7918
-8978
-9597
-9742
-9425
-8676
-7582
-6358
-5229
-4351
-3744
-3338
-3036
-2804
-2504
-2007
-1380
-692
26
822
1684
2472
3075
3332
3235
2885
2294
1481
395
-773
-1847
-2818
-3609
-4195
-4543
-4510
-4029
-3242
-2271
-1232
-163
938
1987
3037
4075
5090
6120
6919
7452
7844
8206
8597
8793
8769
8618
8282
7725
6853
5610
4121
2397
408
-1675
-3791
-5840
-7588
-8865
-9506
-9569
-9206
-8510
-7683
-6786
-5877
-5023
-4179
-3478
-3020
-2740
-2514
-2149
-1563
-769
145
984
1679
2304
2846
3177
3174
2792
2126
1260
266
-752
-1712
-2572
-3330
-3931
-4247
-4191
-3755
-3070
-2302
-1506
-602
469
1573
2596
3556
4589
5726
6767
7530
8020
8358
8660
8884
8941
8848
8606
8149
7334
6085
4512
2738
796
-1287
-3462
-5536
-7317
-8646
-9445
-9714
-9492
-8850
-7911
-6823
-5755
-4828
-4080
-3522
-3125
-2865
-2615
-2258
-1718
-1026
-247
560
1391
2193
2837
3197
3230
2986
2469
1695
699
-449
-1615
-2693
-3610
-4270
-4604
-4594
-4253
-3642
-2821
-1897
-877
283
1509
2647
3626
4518
5452
6410
7221
7823
8270
8671
8937
9027
8958
8752
8269
7493
6340
4873
3099
1129
-962
-3088
-5142
-6962
-8364
-9200
-9450
-9297
-8769
-7930
-6858
-5796
-4811
-4055
-3474
-3134
-2919
-2798
-2542
-2056
-1311
-430
493
1352
2096
2765
3229
3386
3192
2680
1799
699
-495
-1607
-2615
-3426
-4027
-4371
-4433
-4163
-3568
-2706
-1704
-711
268
1263
2250
3195
4142
5163
6185
7062
7692
8106
8390
8647
8850
8942
8815
8418
7690
6611
5183
3512
1674
-286
-2306
-4376
-6328
-7996
-9159
-9710
-9627
-9067
-8165
-7155
-6187
-5359
-4699
-4065
-3377
-2797
-2437
-2179
-1886
-1436
-877
-147
719
1553
2246
2739
2930
2839
2540
2009
1238
174
-990
-2112
-3083
-3814
-4244
-4400
-4224
-3765
-3107
-2243
-1236
-142
957
2032
3052
4013
4930
5965
6967
7740
8286
8697
9009
9154
9088
8879
8496
7826
6907
5661
4126
2343
316
-1795
-3876
-5844
-7529
-8777
-9450
-9539
-9226
-8470
-7409
-6316
-5337
-4537
-3969
-3546
-3216
-2933
-2667
-2357
-1855
-1120
-224
705
1532
2158
2659
2999
3095
2910
2417
1561
487
-661
-1793
-2817
-3637
-4175
-4412
-4372
-3972
-3284
-2474
-1547
-513
578
1713
2823
3874
4879
5737
6445
7048
7553
8109
8679
9018
9119
8886
8347
7665
6827
5798
4551
2951
1036
-1136
-3458
-5598
-7345
-8617
-9270
-9461
-9262
-8656
-7843
-6810
-5672
-4648
-3850
-3352
-3044
-2814
-2635
-2332
-1834
-1180
-369
574
1480
2269
2868
3235
3306
3044
2559
1793
726
-477
-1713
-2790
-3551
-4004
-4163
-4105
-3800
-3265
-2545
-1691
-724
359
1455
2440
3279
4172
5234
6253
7027
7595
8122
8650
9042
9122
8876
8493
7985
7285
6248
4747
2888
755
-1415
-3500
-5397
-7002
-8213
-8953
-9232
-8982
-8347
-7455
-6481
-5595
-4819
-4202
-3689
-3253
-2984
-2802
-2605
-2205
-1578
-668
374
1386
2323
3020
3455
3499
3227
2703
1858
783
-384
-1557
-2643
-3468
-3997
-4292
-4283
-4004
-3419
-2680
-1826
-784
287
1282
2135
2957
3860
4826
5756
6583
7247
7692
8021
8307
8444
8470
8361
8095
7567
6721
5607
4137
2313
241
-1870
-3877
-5687
-7248
-8392
-9062
-9271
-8999
-8285
-7322
-6276
-5344
-4530
-3794
-3243
-2888
-2644
-2405
-2109
-1662
-1051
-340
436
1282
2058
2664
3007
3058
2837
2328
1504
482
-605
-1694
-2713
-3520
-4012
-4187
-4105
-3784
-3201
-2386
-1453
-478
511
1474
2449
3480
4514
5469
6260
6857
7419
7956
8434
8738
8814
8646
8296
7735
6945
5802
4276
2532
670
-1299
-3336
-5252
-6909
-8129
-8858
-9024
-8755
-8067
-7220
-6299
-5373
-4584
-3961
-3446
-3100
-2872
-2651
-2376
-1881
-1249
-433
510
1500
2379
3086
3400
3392
2998
2386
1591
575
-521
-1576
-2567
-3338
-3851
-4121
-4050
-3862
-3416
-2716
-1806
-814
314
1373
2404
3258
4024
4879
5739
6501
7135
7633
7967
8175
8188
8166
7937
7615
7075
6236
5033
3471
1605
-336
-2368
-4346
-6071
-7526
-8494
-8951
-8845
-8319
-7537
-6766
-5982
-5244
-4508
-3887
-3388
-2984
-2681
-2340
-1929
-1361
-636
186
1015
1861
2565
3062
3216
3038
2589
1917
1086
70
-1032
-2086
-2936
-3479
-3769
-3912
-3752
-3316
-2664
-1883
-1068
-172
843
1822
2759
3654
4511
5361
6096
6773
7404
7960
8423
8621
8493
8207
7763
7233
6490
5332
3881
2191
331
-1550
-3429
-5188
-6679
-7828
-8522
-8750
-8561
-7993
-7206
-6338
-5504
-4789
-4172
-3633
-3230
-2855
-2499
-2136
-1669
-1113
-421
363
1133
1830
2424
2832
3001
2828
2371
1661
764
-207
-1217
-2163
-2935
-3551
-3922
-3962
-3696
-3072
-2273
-1418
-551
331
1248
2152
2992
3823
4646
5428
6113
6634
7112
7544
7945
8251
8399
8271
7892
7209
6303
5156
3769
2156
294
-1699
-3732
-5531
-6988
-7936
-8474
-8511
-8236
-7684
-7018
-6228
-5414
-4648
-4047
-3608
-3242
-2996
-2700
-2389
-1899
-1295
-479
409
1388
2177
2798
3083
3049
2739
2145
1335
396
-599
-1529
-2315
-3058
-3542
-3804
-3710
-3343
-2790
-2152
-1387
-503
598
1640
2535
3331
4110
4937
5659
6250
6824
7419
7961
8365
8462
8350
7978
7434
6743
5816
4567
3069
1226
-758
-2803
-4660
-6143
-7256
-8021
-8398
-8396
-7983
-7268
-6469
-5592
-4812
-4135
-3619
-3252
-3022
-2809
-2575
-2195
-1708
-994
-138
805
1716
2455
2937
3168
3074
2638
1956
1068
65
-971
-1955
-2823
-3417
-3725
-3758
-3588
-3244
-2753
-1980
-1044
-35
966
1879
2726
3522
4255
4990
5679
6274
6824
7332
7694
7941
8047
7955
7760
7377
6628
5561
4207
2620
909
-954
-2992
-4956
-6551
-7749
-8411
-8604
-8394
-7871
-7090
-6223
-5289
-4416
-3691
-3217
-2966
-2828
-2693
-2447
-2039
-1459
-731
129
926
1667
2242
2696
2924
2929
2623
2063
1269
323
-732
-1746
-2618
-3283
-3701
-3852
-3739
-3327
-2688
-1928
-990
-28
953
1916
2860
3804
4763
5581
6248
6758
7249
7619
7829
7845
7718
7498
7192
6673
5852
4749
3366
1753
0
-1838
-3658
-5305
-6686
-7617
-8127
-8200
-7942
-7320
-6500
-5607
-4812
-4212
-3784
-3428
-3163
-2922
-2633
-2269
-1727
-1027
-216
620
1404
2069
2632
2970
3084
2909
2409
1610
582
-568
-1694
-2664
-3356
-3713
-3785
-3623
-3317
-2870
-2236
-1405
-464
486
1368
2247
3128
4001
4882
5665
6314
6887
7403
7841
8166
8319
8282
7937
7281
6366
5261
3963
2481
781
-1110
-3101
-4943
-6422
-7472
-8035
-8128
-7847
-7323
-6652
-5967
-5284
-4650
-4024
-3460
-3027
-2775
-2570
-2351
-2006
-1444
-600
385
1279
1994
2514
2833
2914
2792
2415
1815
1007
89
-943
-1986
-2901
-3554
-3938
-4011
-3778
-3298
-2707
-2066
-1279
-313
783
1894
2946
3867
4709
5479
6210
6835
7362
7775
8026
8100
8041
7865
7501
6871
5893
4646
3177
1573
-168
-2014
-3845
-5468
-6730
-7572
-8046
-8165
-7884
-7264
-6410
-5527
-4721
-4067
-3590
-3335
-3219
-3110
-2844
-2420
-1876
-1224
-438
477
1421
2234
2805
3103
3104
2794
2133
1237
233
-749
-1641
-2439
-3127
-3575
-3706
-3517
-3064
-2443
-1736
-995
-216
572
1352
2229
3219
4236
5146
5915
6560
7193
7741
8135
8261
8196
7984
7663
7099
6217
5028
3614
2006
184
-1699
-3587
-5243
-6659
-7618
-8185
-8211
-7873
-7192
-6455
-5689
-5053
-4520
-4082
-3731
-3426
-3172
-2841
-2458
-1876
-1227
-438
285
1069
1771
2448
2908
3156
3023
2573
1797
834
-189
-1192
-2086
-2849
-3395
-3705
-3673
-3387
-2851
-2246
-1469
-577
443
1422
2356
3182
3979
4733
5509
6223
6818
7307
7660
7876
7961
7984
7820
7378
6554
5448
4041
2523
897
-802
-2626
-4410
-5991
-7184
-7913
-8148
-7970
-7452
-6676
-5843
-5102
-4593
-4216
-3930
-3605
-3302
-2987
-2648
-2174
-1600
-855
-13
907
1794
2511
2987
3136
3017
2632
1976
1030
-40
-1084
-1925
-2639
-3191
-3585
-3739
-3561
-3105
-2470
-1712
-825
117
1054
1912
2770
3591
4458
5291
6010
6614
7171
7676
8075
8246
8165
7880
7357
6636
5595
4332
2867
1258
-523
-2321
-4076
-5575
-6790
-7563
-7919
-7867
-7475
-6881
-6214
-5565
-4952
-4378
-3800
-3367
-3049
-2844
-2511
-2090
-1554
-951
-159
724
1671
2416
2913
3059
2897
2490
1902
1196
349
-627
-1653
-2561
-3251
-3596
-3671
-3488
-3144
-2623
-1951
-1133
-241
706
1662
2632
3559
4425
5169
5803
6339
6898
7424
7859
8063
8068
7817
7375
6714
5867
4757
3374
1741
-77
-1990
-3874
-5493
-6777
-7571
-7983
-7932
-7581
-6901
-6136
-5315
-4636
-4028
-3650
-3425
-3315
-3118
-2769
-2232
-1585
-974
-347
339
1178
1986
2731
3140
3249
2961
2441
1588
610
-467
-1472
-2383
-3054
-3493
-3698
-3659
-3392
-2880
-2185
-1299
-382
549
1410
2327
3260
4217
5055
5768
6316
6802
7252
7626
7839
7917
7869
7590
6989
6047
4824
3436
1933
275
-1559
-3435
-5140
-6451
-7273
-7643
-7647
-7392
-6949
-6400
-5732
-5001
-4258
-3702
-3377
-3285
-3199
-3011
-2559
-1920
-1154
-365
430
1183
1863
2439
2795
2893
2660
2184
1464
629
-325
-1267
-2180
-2880
-3356
-3531
-3449
-3111
-2612
-2000
-1288
-460
492
1455
2358
3130
3898
4649
5415
6119
6811
7441
7957
8215
8223
8048
7748
7261
6399
5147
3592
1962
279
-1442
-3238
-4916
-6314
-7272
-7836
-7989
-7702
-7052
-6263
-5582
-5031
-4557
-4077
-3667
-3329
-3086
-2777
-2361
-1755
-1034
-194
626
1371
1936
2360
2579
2591
2370
1923
1259
416
-489
-1414
-2283
-3064
-3582
-3802
-3601
-3114
-2481
-1851
-1160
-452
311
1088
1979
2963
4014
4992
5829
6480
7038
7493
7814
7934
7927
7810
7536
7054
6307
5262
3871
2212
323
-1515
-3199
-4591
-5833
-6782
-7430
-7588
-7379
-6861
-6283
-5646
-5049
-4500
-4051
-3730
-3489
-3282
-3001
-2641
-2073
-1397
-563
279
1171
1931
2564
2877
2874
2479
1839
1031
209
-608
-1432
-2244
-2976
-3418
-3519
-3281
-2865
-2305
-1728
-1033
-261
610
1485
2359
3173
3927
4626
5272
5885
6441
6995
7441
7717
7787
7747
7517
7096
6441
5494
4202
2645
944
-838
-2569
-4194
-5607
-6745
-7471
-7810
-7765
-7395
-6783
-6124
-5466
-4771
-4063
-3459
-3073
-2889
-2820
-2660
-2233
-1536
-736
75
793
1368
1857
2221
2379
2298
2022
1505
759
-115
-1018
-1894
-2624
-3095
-3292
-3288
-3137
-2795
-2253
-1479
-549
438
1371
2285
3144
3962
4753
5534
6163
6679
7155
7522
7689
7727
7742
7652
7363
6743
5776
4416
2843
1115
-641
-2405
-4030
-5494
-6646
-7416
-7761
-7732
-7337
-6699
-6004
-5323
-4707
-4181
-3863
-3670
-3505
-3241
-2910
-2443
-1861
-1077
-131
868
1712
2312
2629
2680
2459
2085
1520
722
-221
-1177
-2075
-2755
-3124
-3305
-3293
-3133
-2773
-2215
-1379
-410
555
1363
2092
2770
3539
4499
5541
6425
7125
7697
8074
8253
8232
8093
7767
7247
6436
5367
3984
2431
660
-1181
-2912
-4423
-5738
-6756
-7368
-7602
-7453
-7052
-6511
-6052
-5540
-4973
-4362
-3881
-3554
-3398
-3207
-2841
-2252
-1479
-641
198
927
1578
2109
2532
2701
2621
2248
1597
726
-227
-1179
-2082
-2826
-3353
-3593
-3552
-3191
-2661
-2038
-1315
-405
572
1528
2427
3245
4048
4827
5600
6306
6954
7474
7851
7976
7932
7714
7355
6893
6267
5327
4045
2476
667
-1196
-2943
-4400
-5657
-6667
-7398
-7720
-7651
-7171
-6533
-5841
-5218
-4713
-4307
-3917
-3536
-3220
-2897
-2516
-1947
-1260
-430
391
1190
1842
2349
2601
2612
2357
1859
1149
326
-531
-1400
-2155
-2780
-3208
-3385
-3284
-3000
-2533
-1915
-1160
-337
509
1323
2073
2814
3598
4449
5325
6136
6788
7265
7660
7947
8098
8055
7794
7171
6231
5019
3636
2149
594
-1074
-2812
-4415
-5718
-6612
-7163
-7316
-7196
-6774
-6222
-5600
-5104
-4602
-4177
-3820
-3576
-3333
-3016
-2580
-2022
-1380
-621
152
961
1610
2122
2395
2494
2294
1903
1224
356
-610
-1445
-2150
-2696
-3082
-3261
-3186
-2845
-2314
-1756
-1126
-439
333
1121
2018
2926
3827
4641
5382
6016
6641
7180
7493
7609
7666
7712
7661
7352
6603
5462
4113
2624
953
-822
-2548
-4158
-5565
-6637
-7293
-7533
-7348
-6874
-6309
-5741
-5218
-4747
-4349
-3992
-3724
-3416
-2991
-2468
-1960
-1397
-740
25
796
1497
2038
2349
2381
2178
1783
1173
454
-289
-1010
-1785
-2419
-2869
-3111
-3197
-2986
-2575
-1987
-1278
-489
252
958
1743
2591
3510
4444
5420
6289
7075
7638
8041
8195
8206
8062
7789
7219
6283
5050
3586
1991
302
-1311
-2894
-4332
-5625
-6549
-7123
-7242
-7045
-6667
-6267
-5800
-5261
-4740
-4244
-3901
-3672
-3480
-3132
-2730
-2164
-1463
-612
241
1029
1646
2134
2503
2609
2405
1835
1037
102
-796
-1603
-2244
-2776
-3106
-3226
-3134
-2835
-2377
-1761
-950
-29
841
1703
2497
3219
3966
4798
5616
6384
7050
7579
7899
7998
7983
7870
7562
7019
6164
4913
3411
1790
73
-1579
-3049
-4389
-5572
-6496
-7128
-7368
-7187
-6749
-6261
-5802
-5279
-4725
-4276
-4000
-3800
-3622
-3269
-2678
-1992
-1341
-593
219
993
1701
2226
2472
2406
2084
1483
714
-179
-1044
-1858
-2505
-2914
-3046
-2989
-2781
-2444
-1971
-1342
-653
51
733
1492
2296
3195
4147
5014
5743
6449
7123
7661
8033
8228
8248
8082
7733
7114
6118
4777
3189
1491
-202
-1798
-3277
-4608
-5838
-6749
-7220
-7269
-6968
-6405
-5798
-5245
-4802
-4542
-4317
-4155
-3972
-3655
-3212
-2761
-2153
-1473
-627
356
1273
1913
2263
2281
2119
1864
1351
712
-31
-883
-1782
-2506
-3022
-3211
-3220
-3008
-2603
-2029
-1379
-577
265
1036
1785
2601
3541
4460
5300
6060
6806
7404
7822
7986
8039
7947
7755
7282
6440
5220
3854
2427
917
-706
-2396
-3918
-5126
-5969
-6537
-6724
-6654
-6371
-6065
-5730
-5423
-5024
-4667
-4374
-4150
-3866
-3457
-2946
-2396
-1750
-845
190
1192
1920
2397
2548
2393
1917
1359
711
25
-699
-1402
-2092
-2649
-2972
-3041
-2906
-2632
-2161
-1549
-862
-156
628
1393
2182
2985
3793
4529
5304
6166
7099
7846
8270
8387
8269
7942
7468
6777
5763
4530
3146
1643
-13
-1749
-3447
-4835
-5876
-6478
-6723
-6700
-6465
-6103
-5762
-5480
-5197
-4881
-4520
-4244
-4014
-3726
-3241
-2629
-1958
-1249
-445
425
1212
1798
2168
2322
2257
1983
1420
643
-268
-1101
-1756
-2233
-2551
-2729
-2746
-2599
-2300
-1833
-1222
-539
226
985
1794
2605
3426
4210
4894
5516
6160
6847
7506
7951
8097
7946
7527
6932
6142
5210
4039
2665
1096
-602
-2311
-3816
-5057
-5976
-6597
-6780
-6526
-6052
-5580
-5286
-5081
-4909
-4639
-4328
-4026
-3722
-3338
-2937
-2468
-1879
-1052
-84
898
1752
2245
2328
2101
1785
1385
848
197
-552
-1405
-2201
-2768
-3019
-2995
-2721
-2240
-1754
-1302
-798
-148
582
1337
2177
3066
3825
4492
5220
6036
6806
7410
7865
8103
8103
7806
7271
6436
5329
4060
2710
1184
-445
-2062
-3469
-4580
-5435
-5991
-6289
-6323
-6143
-5755
-5364
-5011
-4713
-4443
-4291
-4154
-3894
-3445
-2989
-2567
-2021
-1274
-379
504
1318
1923
2248
2266
2119
1758
1178
378
-499
-1321
-2026
-2516
-2752
-2790
-2641
-2331
-2001
-1621
-1071
-287
587
1420
2179
2894
3558
4189
4858
5621
6396
6992
7375
7554
7534
7382
7068
6467
5580
4505
3245
1824
233
-1431
-2931
-4153
-5062
-5612
-5810
-5779
-5625
-5457
-5302
-5108
-4797
-4440
-4157
-4035
-4045
-3976
-3712
-3237
-2485
-1485
-464
470
1228
1775
2152
2340
2236
1808
1115
259
-652
-1530
-2223
-2643
-2841
-2868
-2645
-2239
-1818
-1365
-847
-257
398
1033
1654
2392
3202
3936
4600
5275
5969
6678
7318
7699
7784
7636
7312
6767
5949
4914
3785
2504
1010
-587
-2152
-3572
-4653
-5300
-5644
-5791
-5759
-5572
-5297
-4984
-4671
-4342
-4088
-4006
-4014
-3917
-3649
-3215
-2604
-1804
-925
-141
489
1013
1474
1781
1836
1600
1085
417
-250
-893
-1516
-2134
-2659
-2928
-2916
-2734
-2435
-1945
-1265
-531
198
870
1461
2106
2900
3743
4484
5132
5774
6361
6816
7140
7328
7374
7262
6916
6273
5394
4405
3228
1779
238
-1227
-2606
-3809
-4671
-5199
-5532
-5660
-5524
-5196
-4824
-4481
-4233
-4119
-4095
-4085
-3971
-3698
-3275
-2798
-2294
-1714
-1052
-315
501
1268
1785
1980
1868
1435
761
30
-637
-1276
-1935
-2459
-2742
-2800
-2673
-2342
-1839
-1257
-640
2
618
1196
1824
2587
3391
4027
4561
5190
5888
6474
6908
7186
7287
7148
6813
6262
5472
4502
3385
2065
578
-901
-2262
-3445
-4398
-5007
-5335
-5387
-5158
-4745
-4378
-4177
-4109
-4080
-4060
-4024
-3915
-3723
-3416
-3020
-2482
-1814
-1121
-479
219
924
1446
1630
1535
1260
814
244
-398
-1066
-1728
-2279
-2663
-2827
-2799
-2578
-2138
-1501
-767
6
765
1412
1937
2495
3208
3957
4611
5167
5647
6042
6363
6633
6821
6894
6801
6471
5842
5012
4042
2882
1483
-79
-1661
-3051
-4073
-4744
-5176
-5421
-5436
-5297
-5043
-4706
-4279
-3889
-3632
-3570
-3588
-3587
-3515
-3344
-3004
-2427
-1697
-911
-133
570
1035
1313
1468
1509
1331
908
244
-594
-1506
-2217
-2545
-2569
-2452
-2301
-2067
-1716
-1231
-632
106
860
1578
2279
3034
3752
4315
4781
5311
5922
6470
6830
6924
6817
6627
6407
5983
5234
4185
2970
1625
188
-1179
-2348
-3333
-4173
-4846
-5301
-5447
-5287
-4867
-4428
-4170
-4053
-3955
-3858
-3802
-3777
-3673
-3413
-2975
-2379
-1692
-985
-350
248
824
1320
1658
1718
1425
843
106
-618
-1290
-1914
-2355
-2554
-2542
-2405
-2186
-1815
-1321
-736
-38
705
1504
2253
2869
3455
3975
4448
4966
5493
5998
6356
6553
6651
6591
6412
6050
5393
4520
3461
2280
995
-420
-1779
-2998
-3990
-4651
-5014
-5094
-4970
-4762
-4515
-4290
-4043
-3788
-3639
-3595
-3663
-3701
-3545
-3204
-2679
-2040
-1420
-794
-160
517
1177
1636
1821
1690
1219
481
-370
-1140
-1777
-2276
-2565
-2697
-2694
-2508
-2171
-1736
-1156
-411
446
1283
2033
2730
3408
4007
4484
4941
5512
6073
6415
6559
6601
6542
6348
5964
5317
4426
3397
2310
1105
-194
-1473
-2623
-3580
-4303
-4734
-4871
-4805
-4607
-4329
-4066
-3894
-3765
-3623
-3546
-3600
-3633
-3453
-3090
-2662
-2157
-1525
-835
-140
481
925
1179
1281
1187
876
400
-212
-929
-1631
-2178
-2506
-2592
-2485
-2248
-1903
-1484
-1021
-429
369
1228
1923
2456
2969
3518
4083
4690
5331
5874
6167
6224
6196
6165
6095
5875
5418
4715
3787
2697
1488
180
-1164
-2415
-3423
-4106
-4471
-4563
-4457
-4274
-4112
-3985
-3871
-3738
-3553
-3347
-3253
-3281
-3291
-3162
-2864
-2381
-1718
-993
-328
231
710
1114
1412
1477
1159
484
-366
-1162
-1752
-2133
-2409
-2670
-2835
-2742
-2378
-1847
-1207
-479
271
951
1543
2109
2741
3425
4043
4580
5131
5689
6080
6225
6231
6188
6116
5989
5683
5034
4052
2905
1684
436
-724
-1778
-2773
-3638
-4260
-4598
-4651
-4466
-4210
-3980
-3737
-3477
-3265
-3176
-3245
-3383
-3374
-3112
-2730
-2325
-1902
-1432
-870
-184
546
1115
1397
1365
1027
446
-199
-792
-1323
-1818
-2258
-2590
-2760
-2719
-2455
-2009
-1425
-710
95
857
1469
2034
2681
3366
3958
4454
4941
5374
5658
5847
5959
5917
5787
5639
5346
4806
4088
3200
2110
948
-125
-1178
-2265
-3258
-4010
-4498
-4677
-4525
-4180
-3864
-3657
-3534
-3475
-3387
-3260
-3164
-3085
-2917
-2652
-2295
-1877
-1434
-953
-348
298
759
953
990
869
571
163
-338
-929
-1551
-2095
-2534
-2778
-2734
-2413
-1958
-1394
-726
-42
589
1151
1660
2174
2797
3504
4193
4811
5366
5730
5889
5980
6045
6007
5873
5594
5036
4241
3363
2454
1336
71
-1172
-2231
-3079
-3655
-4029
-4273
-4352
-4193
-3902
-3664
-3448
-3289
-3231
-3304
-3343
-3322
-3192
-2996
-2700
-2349
-1875
-1270
-570
115
648
943
1012
904
588
159
-306
-745
-1257
-1777
-2279
-2679
-2886
-2730
-2262
-1618
-880
-106
598
1166
1700
2244
2801
3352
3934
4482
4991
5417
5688
5763
5729
5643
5502
5281
4886
4272
3530
2723
1778
720
-317
-1305
-2248
-3018
-3534
-3853
-3981
-3931
-3851
-3760
-3542
-3265
-3138
-3159
-3210
-3219
-3165
-3026
-2811
-2459
-1924
-1285
-724
-301
74
459
770
874
716
340
-167
-743
-1353
-1918
-2309
-2500
-2518
-2362
-2011
-1552
-1037
-483
89
662
1285
1951
2584
3117
3537
3831
4074
4400
4848
5275
5507
5505
5367
5234
5115
4853
4320
3556
2622
1573
484
-559
-1561
-2459
-3159
-3661
-3981
-4054
-3941
-3793
-3638
-3448
-3255
-3110
-3020
-2983
-2959
-2936
-2872
-2696
-2351
-1872
-1286
-652
-72
369
632
714
651
484
219
-139
-563
-1015
-1474
-1893
-2229
-2386
-2279
-1965
-1539
-987
-340
305
908
1458
1948
2432
2920
3365
3771
4185
4621
5032
5266
5242
5094
5023
5008
4871
4501
3857
3021
2110
1156
159
-802
-1688
-2483
-3151
-3634
-3902
-3928
-3800
-3645
-3495
-3350
-3223
-3118
-3026
-2971
-2892
-2759
-2579
-2382
-2119
-1778
-1268
-629
-11
466
722
704
537
372
155
-125
-514
-1057
-1655
-2107
-2312
-2228
-1945
-1607
-1227
-732
-148
481
1111
1652
2093
2526
2989
3449
3874
4295
4650
4875
4932
4879
4765
4684
4589
4401
4007
3367
2529
1626
770
-46
-790
-1520
-2182
-2803
-3244
-3544
-3653
-3647
-3454
-3225
-3049
-2984
-2943
-2919
-2877
-2725
-2548
-2343
-2102
-1742
-1431
-1026
-520
27
355
538
520
343
77
-176
-494
-925
-1322
-1678
-1970
-2170
-2136
-1941
-1547
-1046
-490
11
512
972
1408
1861
2340
2824
3231
3513
3706
3862
4049
4278
4441
4580
4609
4497
4226
3835
3370
2861
2297
1604
728
-205
-1122
-1960
-2598
-3004
-3275
-3445
-3436
-3342
-3212
-3063
-2923
-2751
-2631
-2591
-2536
-2516
-2417
-2230
-1968
-1636
-1276
-881
-430
5
307
420
374
228
2
-345
-732
-1016
-1316
-1566
-1761
-1917
-1979
-1822
-1387
-702
56
744
1219
1507
1740
2032
2463
2917
3324
3601
3837
4053
4236
4330
4356
4335
4279
4084
3756
3283
2711
2132
1506
812
-11
-892
-1699
-2338
-2832
-3178
-3428
-3480
-3384
-3203
-2997
-2820
-2692
-2607
-2587
-2574
-2441
-2230
-2008
-1836
-1667
-1441
-1080
-694
-268
113
356
398
209
-129
-501
-812
-1003
-1103
-1242
-1413
-1609
-1668
-1560
-1219
-728
-166
409
966
1468
1894
2249
2514
2713
2904
3159
3383
3605
3753
3865
3935
4006
4067
4099
4050
3817
3323
2642
1948
1248
509
-286
-1041
-1735
-2284
-2763
-3169
-3435
-3493
-3375
-3166
-2961
-2834
-2799
-2779
-2712
-2625
-2533
-2399
-2164
-1863
-1504
-1135
-771
-413
-125
-4
4
22
26
-118
-414
-789
-1129
-1366
-1491
-1495
-1357
-1143
-896
-574
-195
214
620
980
1330
1714
2091
2469
2848
3154
3338
3430
3443
3469
3576
3746
3918
3991
3859
3572
3220
2769
2214
1628
1046
455
-194
-946
-1703
-2357
-2890
-3248
-3368
-3372
-3356
-3268
-3046
-2716
-2374
-2193
-2201
-2246
-2247
-2166
-1931
-1587
-1260
-965
-730
-553
-392
-279
-220
-110
-12
-51
-219
-513
-888
-1197
-1349
-1355
-1228
-1015
-706
-293
108
432
746
1081
1402
1671
1920
2237
2599
2870
2988
3036
3112
3255
3471
3713
3885
3892
3721
3426
3062
2617
2053
1395
692
-51
-847
-1630
-2269
-2682
-2914
-3054
-3132
-3125
-3043
-2917
-2765
-2618
-2495
-2387
-2267
-2129
-2023
-1957
-1834
-1560
-1168
-754
-416
-187
-48
-5
-38
-95
-131
-167
-268
-466
-740
-999
-1138
-1123
-956
-667
-302
54
342
567
788
1061
1403
1757
2071
2312
2475
2576
2675
2866
3147
3446
3613
3599
3507
3384
3207
2942
2595
2214
1807
1325
683
-134
-1019
-1841
-2458
-2873
-3154
-3279
-3284
-3173
-2950
-2723
-2531
-2329
-2101
-1906
-1793
-1747
-1750
-1756
-1708
-1580
-1346
-1060
-771
-465
-205
-1
189
321
306
115
-152
-410
-649
-837
-959
-976
-897
-755
-508
-210
70
391
780
1203
1560
1781
1905
2013
2178
2419
2699
2932
3046
3115
3231
3382
3513
3506
3286
2882
2398
1958
1556
1084
475
-259
-1065
-1866
-2494
-2854
-3011
-3038
-2959
-2813
-2647
-2495
-2336
-2157
-2013
-1895
-1793
-1712
-1637
-1556
-1487
-1420
-1252
-920
-507
-141
120
255
263
194
69
-75
-198
-307
-436
-615
-763
-780
-696
-581
-440
-238
-14
218
508
812
1090
1353
1583
1783
1994
2267
2558
2736
2839
2972
3118
3210
3174
3036
2844
2590
2292
1869
1326
774
178
-470
-1142
-1739
-2208
-2590
-2785
-2785
-2683
-2472
-2227
-2027
-1949
-1930
-1836
-1736
-1654
-1552
-1484
-1478
-1489
-1396
-1156
-832
-418
-12
258
368
351
281
177
41
-116
-320
-557
-764
-902
-945
-882
-684
-364
-32
234
444
674
966
1247
1453
1582
1690
1854
2076
2275
2420
2556
2736
2906
2983
2944
2783
2530
2244
1987
1714
1308
773
173
-440
-1028
-1584
-2068
-2460
-2705
-2729
-2604
-2428
-2261
-2098
-1919
-1770
-1654
-1597
-1597
-1583
-1507
-1360
-1186
-1027
-888
-791
-676
-481
-227
20
217
359
395
286
98
-102
-282
-438
-529
-494
-341
-148
-58
-114
-165
-35
304
745
1167
1458
1583
1617
1668
1792
1974
2160
2298
2363
2419
2479
2479
2387
2204
1990
1778
1516
1129
593
3
-490
-840
-1102
-1329
-1596
-1909
-2172
-2284
-2194
-1966
-1761
-1666
-1688
-1763
-1745
-1588
-1384
-1229
-1186
-1220
-1202
-1064
-828
-556
-301
-92
42
107
131
165
212
185
65
-105
-266
-358
-429
-484
-486
-432
-273
-70
92
273
473
694
972
1260
1530
1755
1888
1987
2089
2203
2331
2396
2380
2326
2266
2188
1997
1662
1256
811
388
35
-271
-521
-800
-1141
-1454
-1702
-1849
-1899
-1932
-1948
-1919
-1869
-1783
-1651
-1506
-1347
-1229
-1215
-1261
-1292
-1228
-1098
-947
-725
-478
-295
-178
-74
101
270
303
229
56
-127
-242
-349
-396
-438
-486
-382
-223
-66
147
390
700
953
1080
1187
1325
1580
1843
2069
2315
2464
2534
2535
2451
2397
2296
2141
1936
1568
1091
592
128
-262
-654
-1081
-1446
-1688
-1849
-1955
-1996
-1972
-1887
-1808
-1749
-1691
-1645
-1562
-1448
-1311
-1198
-1169
-1105
-979
-824
-618
-432
-212
33
189
316
399
421
417
334
227
135
-8
-131
-194
-288
-394
-486
-496
-350
-183
31
345
619
831
985
1151
1391
1541
1634
1767
1854
1843
1704
1569
1546
1536
1485
1371
1172
904
593
296
39
-160
-301
-457
-641
-871
-1112
-1261
-1356
-1372
-1275
-1168
-1098
-1125
-1220
-1262
-1294
-1284
-1180
-1093
-1043
-995
-922
-791
-669
-532
-316
-153
-125
-137
-154
-173
-149
-110
-71
-56
-99
-118
-124
-175
-167
-37
212
465
554
566
661
832
1053
1289
1485
1633
1721
1743
1729
1768
1852
1858
1789
1710
1609
1455
1169
787
448
187
-3
-276
-726
-1172
-1518
-1730
-1816
-1861
-1846
-1791
-1758
-1733
-1618
-1342
-1005
-738
-598
-628
-763
-881
-869
-689
-513
-395
-261
-190
-172
-136
-45
173
430
576
602
534
373
196
75
-2
-87
-236
-376
-398
-301
-128
128
472
803
1036
1182
1282
1418
1625
1855
2074
2196
2136
1965
1760
1535
1270
954
661
364
-17
-422
-800
-1119
-1337
-1501
-1629
-1706
-1728
-1648
-1457
-1226
-1063
-1036
-1096
-1122
-1055
-932
-832
-765
-736
-729
-715
-690
-598
-442
-280
-107
13
56
61
35
11
10
15
-2
-74
-163
-193
-103
86
297
457
558
681
854
1089
1348
1569
1750
1850
1875
1856
1830
1841
1883
1934
1908
1751
1490
1142
791
457
122
-222
-596
-923
-1206
-1464
-1685
-1841
-1827
-1691
-1540
-1465
-1498
-1499
-1370
-1095
-791
-637
-638
-773
-947
-1071
-1115
-1079
-1017
-912
-796
-715
-629
-494
-313
-176
-121
-106
-73
3
59
96
149
219
346
532
718
846
934
1073
1322
1641
1907
2001
1960
1833
1656
1586
1685
1772
1711
1534
1349
1197
1036
872
685
447
173
-121
-438
-841
-1271
-1546
-1663
-1711
-1692
-1631
-1580
-1509
-1332
-1118
-1022
-1060
-1108
-1057
-935
-872
-896
-955
-1044
-1044
-896
-751
-707
-702
-657
-574
-464
-307
-133
21
115
153
232
329
407
513
634
764
899
1041
1162
1244
1320
1389
1460
1553
1635
1687
1722
1723
1701
1678
1605
1464
1270
1032
786
524
201
-145
-424
-620
-754
-856
-969
-1065
-1089
-1049
-971
-906
-964
-1121
-1223
-1240
-1274
-1308
-1275
-1230
-1186
-1165
-1223
-1283
-1275
-1195
-1026
-788
-560
-430
-418
-472
-488
-362
-156
32
218
341
349
358
474
683
872
964
990
1061
1201
1334
1431
1499
1487
1429
1420
1453
1502
1513
1399
1230
1114
1026
872
644
407
189
29
-88
-192
-242
-278
-392
-546
-675
-742
-757
-779
-836
-955
-1084
-1201
-1321
-1401
-1411
-1308
-1119
-1020
-1119
-1272
-1304
-1183
-967
-791
-730
-725
-695
-578
-408
-245
-132
-79
6
147
276
363
391
475
680
860
925
884
801
815
975
1214
1433
1542
1541
1462
1368
1327
1324
1314
1256
1132
993
813
582
396
254
135
70
13
-85
-223
-376
-488
-549
-565
-588
-699
-853
-1019
-1186
-1278
-1317
-1314
-1302
-1374
-1467
-1431
-1255
-1048
-895
-782
-672
-563
-482
-455
-429
-335
-240
-149
-11
108
166
167
153
222
334
407
485
576
640
717
823
872
882
933
974
1007
1075
1129
1177
1174
1076
968
867
754
696
668
552
386
248
88
-55
-76
-33
-47
-176
-360
-437
-419
-463
-556
-698
-946
-1146
-1155
-1073
-1030
-1021
-1018
-975
-903
-860
-783
-649
-576
-551
-523
-518
-491
-420
-330
-198
-71
25
150
241
217
190
238
320
435
544
585
607
630
664
718
714
696
761
806
826
913
997
959
784
610
585
653
663
578
448
295
147
87
97
89
31
-111
-268
-375
-488
-524
-476
-499
-602
-739
-840
-853
-819
-753
-747
-861
-1008
-1072
-963
-743
-553
-416
-344
-301
-245
-202
-136
-42
22
68
119
160
143
81
55
58
94
192
290
350
368
367
391
405
412
476
555
579
558
526
516
549
627
683
651
579
521
477
411
311
216
126
38
8
54
127
138
29
-141
-275
-313
-272
-268
-348
-448
-546
-636
-713
-733
-685
-671
-678
-666
-640
-559
-444
-348
-295
-284
-226
-122
-30
22
10
-20
-5
104
264
306
223
136
111
171
232
227
156
55
46
171
325
416
413
325
183
101
144
221
275
289
275
333
455
554
597
562
451
340
289
278
270
230
78
-116
-209
-226
-215
-165
-98
-94
-195
-345
-449
-453
-430
-479
-551
-624
-720
-741
-632
-527
-473
-398
-296
-184
-97
-95
-156
-186
-186
-180
-106
-5
65
106
80
27
29
62
88
104
114
120
165
248
279
293
385
518
612
599
527
526
587
608
564
492
385
237
125
112
195
330
417
399
300
147
-16
-120
-190
-261
-306
-345
-355
-339
-328
-336
-373
-437
-515
-527
-450
-348
-281
-320
-453
-563
-599
-536
-379
-216
-111
-90
-97
-81
-45
-11
-9
-17
-50
-102
-92
-18
62
108
133
171
211
227
240
294
425
560
554
388
173
36
44
188
423
655
753
662
465
311
257
252
205
110
35
-4
-54
-110
-129
-95
-51
-68
-159
-275
-363
-387
-369
-326
-286
-301
-358
-419
-474
-475
-410
-330
-250
-188
-169
-166
-162
-187
-258
-325
-283
-139
12
83
72
61
93
146
194
236
248
198
142
160
236
276
247
205
224
308
357
343
349
376
378
326
229
170
181
207
207
182
149
114
84
69
90
89
13
-94
-187
-208
-190
-214
-249
-244
-227
-255
-375
-536
-587
-508
-417
-381
-395
-398
-360
-336
-364
-380
-290
-86
135
239
196
57
-77
-99
-8
111
188
178
125
117
188
300
414
456
402
312
239
219
226
213
180
171
196
190
134
61
29
71
168
285
346
319
243
163
178
270
317
237
46
-168
-309
-328
-259
-202
-208
-265
-337
-381
-391
-373
-350
-339
-351
-360
-329
-277
-233
-227
-251
-227
-131
-23
-10
-94
-174
-204
-158
-76
-14
27
59
88
138
244
355
360
281
202
147
124
156
205
234
262
297
295
192
49
-42
-39
84
260
332
264
162
83
37
62
160
258
287
214
75
-29
-99
-203
-320
-400
-386
-283
-208
-235
-330
-414
-403
-300
-203
-127
-76
-98
-168
-210
-206
-183
-142
-113
-99
-23
65
67
2
-52
-25
73
144
158
161
153
154
198
268
337
383
385
329
243
177
167
237
323
315
205
62
-34
-35
30
88
139
204
217
142
6
-137
-195
-126
1
80
44
-92
-240
-315
-326
-294
-248
-239
-256
-255
-286
-348
-350
-316
-275
-215
-186
-174
-139
-107
-101
-81
-65
-101
-157
-201
-228
-171
-52
25
95
207
288
268
126
-21
-6
183
394
486
450
352
249
184
121
55
63
128
213
273
248
165
70
12
47
123
132
65
-26
-85
-78
0
114
188
202
168
113
55
-27
-95
-120
-145
-152
-130
-136
-174
-231
-304
-340
-324
-280
-217
-167
-147
-167
-233
-303
-291
-164
13
106
56
-98
-255
-266
-123
89
270
299
220
140
108
173
286
347
335
237
114
58
68
123
161
144
97
19
-76
-138
-126
-2
157
210
115
-76
-221
-204
-71
64
137
108
33
-34
-85
-66
-26
4
18
-20
-90
-181
-263
-277
-229
-126
-11
41
37
-12
-69
-77
-91
-116
-126
-116
-41
37
46
-7
-109
-184
-195
-152
-36
92
185
229
177
95
43
16
67
156
225
275
230
120
51
48
129
197
158
64
-32
-64
-20
34
81
89
39
-22
-65
-33
59
132
163
152
144
150
105
20
-62
-92
-19
50
24
-58
-160
-184
-131
-99
-80
-91
-114
-122
-190
-315
-452
-538
-474
-301
-116
-1
-20
-93
-147
-129
-26
43
31
-35
-116
-129
-68
45
196
280
251
155
63
60
120
159
157
113
87
94
119
175
219
244
229
188
194
210
187
117
44
66
141
194
167
63
44
113
185
195
126
91
67
12
-37
-105
-159
-226
-310
-328
-287
-174
-75
-57
-84
-198
-347
-451
-434
-292
-197
-221
-314
-393
-368
-235
-35
114
142
133
83
-6
-62
-36
9
-33
-46
60
183
244
245
217
167
153
233
263
149
16
-28
-10
25
110
234
306
311
304
285
269
283
285
191
24
-84
-64
11
49
15
-92
-195
-211
-146
-57
-13
-39
-106
-177
-265
-381
-483
-484
-358
-172
-26
62
108
90
-7
-129
-173
-110
-11
78
160
190
117
34
51
129
158
124
84
47
6
-11
19
37
30
50
65
27
-25
-17
56
125
144
107
36
-15
-18
-9
-20
-42
-54
-43
-43
-75
-125
-135
-56
45
84
51
-27
-122
-191
-187
-135
-92
-76
-72
-26
90
196
176
44
-76
-135
-167
-163
-82
22
56
35
22
22
13
18
52
69
43
25
35
26
14
72
165
188
134
77
54
48
56
125
225
248
150
9
-72
-88
-53
33
94
71
10
0
61
149
215
196
94
-14
-92
-158
-196
-192
-206
-269
-299
-237
-163
-140
-101
-31
-24
-95
-147
-152
-150
-132
-100
-104
-132
-140
-120
-92
-79
-78
-54
27
86
24
-114
-182
-90
103
274
361
383
361
307
245
208
210
235
246
218
140
39
1
24
31
1
-7
39
67
23
-44
-73
-66
-72
-122
-161
-136
-54
28
78
96
99
78
-4
-136
-232
-237
-187
-131
-59
9
2
-107
-253
-316
-248
-93
72
166
126
-12
-176
-332
-398
-283
-15
236
298
165
1
-77
-55
33
132
205
212
153
73
0
-35
5
119
228
252
173
47
-31
0
97
155
116
4
-88
-102
-57
19
77
97
109
91
60
54
71
115
149
130
77
0
-85
-142
-155
-108
-12
99
184
134
-63
-278
-411
-430
-362
-238
-108
-60
-113
-202
-244
-180
-53
47
94
67
14
-11
6
63
113
108
29
-115
-224
-187
-43
127
262
322
282
138
-34
-136
-131
-45
63
153
203
176
96
51
75
133
158
96
-36
-130
-89
75
235
252
153
22
-100
-152
-114
-13
89
92
-31
-216
-357
-361
-228
-65
35
80
102
77
4
-86
-147
-103
27
128
156
101
-23
-143
-252
-312
-238
-79
56
138
141
86
70
111
136
133
122
127
161
139
77
65
47
-21
-50
-24
45
154
194
75
-96
-188
-152
-28
43
24
-16
-80
-142
-124
-53
20
92
102
20
-92
-181
-215
-162
-75
-11
44
49
-17
-49
-31
14
80
96
28
-70
-133
-137
-86
13
99
132
107
-5
-127
-162
-135
-60
12
15
-15
-60
-92
-62
12
84
125
151
153
126
109
85
46
22
-1
-17
34
130
227
280
226
120
34
-24
-20
17
32
17
-15
-21
-5
-14
-62
-130
-144
-71
17
53
17
-55
-96
-99
-68
-25
-27
-83
-182
-268
-257
-169
-53
18
-3
-75
-151
-211
-226
-219
-170
-76
1
35
2
-62
-79
-32
68
175
252
310
337
312
267
231
240
294
338
330
247
122
26
-21
-18
22
42
28
-17
-56
-49
-16
5
10
34
82
126
121
-15
-221
-337
-313
-208
-82
-21
-68
-149
-217
-252
-233
-195
-160
-138
-162
-222
-243
-227
-206
-157
-118
-140
-146
-113
-70
-15
23
37
33
3
-38
-41
21
166
352
435
350
196
87
101
263
457
534
462
302
161
129
177
222
233
196
143
125
75
5
11
67
101
90
5
-109
-148
-148
-163
-177
-210
-209
-141
-106
-120
-165
-302
-468
-528
-507
-453
-365
-275
-182
-95
-74
-129
-204
-259
-230
-141
-66
29
172
263
243
138
-9
-96
-54
96
264
323
244
119
16
-11
88
236
329
369
368
323
278
254
232
220
219
236
232
133
-6
-77
-100
-79
13
93
112
73
-20
-110
-143
-151
-160
-181
-214
-203
-171
-179
-195
-209
-226
-198
-136
-126
-162
-206
-228
-184
-93
-11
49
58
12
-32
-37
3
88
149
121
26
-91
-169
-141
-24
95
155
142
99
94
126
174
235
250
168
45
-55
-91
-46
47
155
219
179
53
-63
-94
-33
50
85
74
13
-70
-119
-127
-95
-19
46
39
-40
-138
-165
-93
-6
0
-75
-196
-291
-306
-226
-34
185
273
200
66
-54
-116
-108
-48
21
66
100
142
121
1
-104
-101
-22
95
197
227
169
22
-155
-257
-235
-94
67
117
94
97
104
104
97
107
163
232
249
191
91
16
-30
-73
-99
-81
17
129
156
104
6
-96
-182
-286
-342
-302
-233
-156
-87
-39
15
22
-46
-114
-125
-98
-103
-150
-157
-121
-111
-159
-202
-157
-35
75
108
88
92
138
188
215
197
130
69
49
104
200
216
168
105
51
68
96
100
103
91
68
38
20
28
25
12
11
24
68
111
132
98
-19
-156
-247
-233
-91
74
143
95
-3
-69
-94
-88
-63
-34
-28
-47
-86
-145
-232
-321
-348
-276
-107
77
159
113
-9
-124
-152
-87
21
101
96
21
-75
-121
-86
-9
38
17
-13
25
114
175
144
30
-89
-174
-211
-172
-59
96
214
260
268
259
230
183
138
120
133
161
181
163
86
-25
-106
-110
-57
3
45
68
70
27
-66
-179
-246
-230
-142
-13
90
108
30
-91
-159
-130
-59
-30
-52
-73
-67
-77
-136
-203
-206
-118
-7
47
16
-59
-86
-31
79
184
187
57
-105
-162
-69
95
203
164
7
-136
-176
-101
47
187
267
259
184
143
157
175
166
146
170
204
168
78
-10
-80
-122
-89
1
41
-6
-69
-87
-68
-92
-159
-180
-129
-48
-7
-49
-152
-261
-306
-279
-258
-284
-318
-284
-186
-89
-36
-38
-33
11
58
62
21
-23
-14
70
200
313
339
270
171
127
126
109
104
140
166
145
94
75
117
161
152
87
3
-38
-18
60
149
187
142
29
-74
-93
-37
-2
-25
-55
-51
-2
52
71
45
-18
-95
-161
-191
-185
-171
-154
-145
-160
-178
-168
-98
4
52
-10
-150
-271
-323
-308
-239
-122
41
186
210
96
-63
-126
-56
61
143
153
120
78
55
61
51
15
-2
34
100
123
108
102
121
120
71
27
53
140
229
253
205
123
63
58
90
123
141
124
65
-53
-205
-316
-331
-227
-84
-18
-28
-41
-5
34
2
-85
-170
-207
-189
-146
-109
-113
-114
-62
18
81
110
125
111
33
-89
-180
-186
-112
-36
15
38
41
43
29
-2
-7
38
89
94
40
-29
-50
-1
95
166
153
60
-20
-19
59
180
233
119
-101
-204
-60
166
242
144
13
-44
-5
109
204
171
44
-51
-78
-107
-155
-159
-110
-81
-83
-96
-112
-101
-32
60
77
-14
-137
-220
-235
-172
-45
59
43
-69
-178
-230
-213
-120
-5
59
60
47
43
36
31
46
94
148
187
221
234
185
124
120
148
159
107
-38
-193
-235
-111
114
261
211
49
-56
-51
19
96
115
70
16
-1
20
43
15
-33
-49
-43
-42
-69
-138
-219
-268
-271
-223
-141
-80
-65
-73
-78
-59
-25
-16
-24
-17
-9
-25
-76
-123
-108
-10
116
189
199
171
115
44
-5
13
116
230
278
261
178
51
-43
-51
11
53
55
66
86
85
1
-127
-206
-228
-182
-114
-97
-68
32
192
308
247
60
-122
-214
-195
-123
-57
-38
-57
-71
-106
-190
-249
-200
-53
120
212
185
57
-131
-247
-210
-59
98
196
243
242
186
117
77
82
104
64
-32
-173
-270
-214
-34
168
228
99
-64
-144
-95
15
96
165
183
100
-54
-236
-311
-219
-43
133
214
206
126
-24
-153
-201
-163
-84
-32
7
24
-3
-15
24
110
174
167
130
62
-48
-163
-208
-119
-5
22
-33
-89
-51
54
170
244
235
181
123
90
72
33
-14
-67
-125
-150
-128
-61
2
6
-44
-124
-160
-121
-42
-4
-59
-160
-218
-202
-131
-61
-8
61
152
265
332
286
157
22
-36
-36
-58
-95
-61
80
216
213
109
41
86
177
204
133
4
-117
-173
-166
-126
-81
-68
-103
-149
-147
-62
44
83
26
-92
-202
-252
-206
-101
-27
-27
-72
-89
-52
-34
-75
-180
-286
-289
-160
48
193
181
68
-9
30
159
281
325
280
189
113
70
38
5
7
68
156
220
259
272
243
155
44
-25
-49
-45
-40
-42
-53
-67
-40
45
141
165
98
3
-62
-55
9
56
11
-110
-209
-211
-143
-91
-92
-166
-296
-389
-351
-185
-36
-31
-110
-170
-176
-152
-121
-71
6
61
50
-20
-73
-19
118
210
167
42
-50
-82
-89
-48
68
203
233
139
32
42
164
278
311
246
140
75
45
1
-65
-101
-19
154
274
248
115
-21
-84
-11
159
306
314
121
-135
-266
-239
-108
32
81
15
-111
-208
-243
-231
-221
-226
-216
-225
-254
-228
-141
-47
-7
-45
-92
-67
20
101
128
93
26
-27
-95
-178
-166
-44
97
184
162
82
21
18
87
170
169
79
-10
-24
30
102
150
168
187
195
182
152
95
22
-42
-99
-127
-107
-62
-6
40
54
24
-52
-142
-169
-68
75
137
90
-36
-177
-248
-234
-172
-46
128
249
236
78
-146
-287
-249
-114
-16
-2
-16
-8
-2
-29
-87
-113
-52
55
132
148
71
-76
-172
-177
-127
-30
112
244
293
226
97
37
87
162
186
147
79
57
90
91
20
-65
-97
-43
81
180
172
53
-113
-209
-192
-114
-58
-49
-44
1
80
125
81
-54
-191
-198
-91
-11
-28
-121
-233
-261
-178
-38
72
90
39
-48
-138
-179
-157
-78
-3
-18
-105
-155
-111
7
130
173
111
-4
-48
12
91
154
177
118
45
28
75
152
175
129
72
59
111
160
173
160
74
-31
-80
-71
-9
42
41
8
-31
-22
37
57
21
-47
-112
-125
-112
-81
2
89
105
32
-73
-112
-79
-53
-57
-90
-133
-158
-158
-142
-135
-161
-148
-59
15
45
84
128
149
145
144
194
241
165
-24
-158
-126
7
113
111
0
-122
-148
-89
-5
57
103
126
87
16
4
89
153
110
63
48
41
47
17
-62
-127
-148
-155
-117
-17
25
-23
-93
-192
-255
-238
-224
-208
-155
-78
-34
-32
-43
-63
-5
103
135
128
76
3
44
162
232
220
148
58
1
-22
-79
-82
9
48
97
190
151
34
-36
-97
-58
130
206
78
-55
-111
-94
31
148
150
130
118
22
-64
-56
-18
55
102
100
100
71
19
-18
-46
-53
-78
-175
-280
-283
-204
-138
-96
-74
-43
32
49
-39
-137
-182
-133
5
116
153
123
24
-60
-75
-98
-106
-24
67
118
95
-56
-176
-161
-124
-77
-18
-15
-21
-25
-22
71
195
226
153
24
-70
-53
9
69
139
176
189
233
282
315
308
167
-11
-58
-20
35
97
125
150
162
83
-26
-105
-144
-111
-69
-102
-177
-242
-264
-209
-144
-152
-190
-212
-199
-117
-43
-43
-66
-59
-3
38
0
-59
-67
-34
-11
-44
-118
-160
-166
-163
-124
-40
51
133
143
60
-47
-137
-153
-40
157
331
403
355
239
130
51
-8
-9
47
109
128
48
-51
-75
-22
102
236
333
376
324
204
77
-4
-36
-58
-43
10
64
68
-25
-141
-182
-121
-23
9
-55
-160
-207
-167
-74
36
48
-76
-236
-352
-304
-86
127
218
116
-95
-285
-387
-356
-221
-52
50
49
-19
-119
-163
-121
-45
70
189
274
272
161
5
-139
-193
-147
-49
59
131
207
294
340
305
174
42
1
86
219
230
97
-71
-160
-128
-30
88
140
114
73
7
-76
-176
-277
-336
-331
-217
-111
-141
-237
-289
-205
-23
142
207
132
28
-31
-62
-27
65
179
222
158
69
16
38
94
92
25
-17
36
116
159
161
162
174
181
162
117
86
92
100
81
64
79
96
79
16
-67
-128
-157
-141
-90
-26
27
49
3
-124
-286
-413
-424
-313
-147
-20
-4
-61
-134
-157
-87
23
100
78
-40
-170
-257
-267
-216
-159
-105
-62
-22
26
62
91
95
69
56
46
46
59
55
72
121
190
268
299
276
179
41
-33
-19
72
159
151
103
46
7
-25
-98
-139
-112
-38
92
176
208
181
70
-34
-135
-181
-156
-116
-21
60
91
59
-61
-167
-209
-143
22
164
211
93
-79
-156
-111
25
102
94
60
21
28
37
43
58
33
-29
-91
-79
15
107
127
29
-109
