SAMPLES:	17859
BITSPERSAMPLE:	16
CHANNELS:	1
SAMPLERATE:	16000
NORMALIZED:	FALSE
-12
1
9
15
19
25
30
20
-1
-33
-59
-60
-35
7
41
52
42
24
3
-9
-20
-28
-30
-25
-7
4
8
1
-7
-3
11
31
45
36
6
-21
-38
-34
-13
-1
0
-5
-10
-6
0
11
14
9
4
1
5
11
15
9
-6
-24
-35
-30
-13
15
39
39
17
-21
-46
-39
-10
28
51
38
1
-34
-47
-31
3
32
40
16
-15
-34
-32
-5
22
34
18
-10
-28
-26
-3
21
30
19
-6
-24
-28
-17
4
20
24
15
3
0
2
9
11
1
-9
-6
6
14
9
-10
-31
-30
-8
19
39
35
14
-13
-26
-25
-7
9
9
-2
-13
-16
-8
6
11
8
2
1
11
16
9
-10
-29
-29
-14
4
13
10
5
8
18
28
23
3
-23
-38
-34
-13
9
17
9
-1
-3
4
11
12
7
2
1
3
-1
-11
-21
-31
-25
-11
8
19
17
8
0
-5
-3
-1
-3
-5
-5
-3
-6
-13
-16
-10
2
19
22
10
-5
-13
-9
0
11
15
7
1
5
7
6
0
-1
5
13
17
7
-13
-23
-14
8
28
32
16
-10
-25
-21
2
24
26
11
-9
-16
-8
4
12
5
-13
-23
-14
5
21
28
14
-6
-19
-18
-12
-9
-10
-14
-17
-14
-7
0
5
4
1
-1
-3
3
9
8
3
-6
-14
-12
-4
4
7
7
1
3
10
12
12
6
-7
-11
-12
-7
0
7
11
10
6
2
5
6
3
-2
-5
-2
2
2
1
-3
-5
-6
0
4
2
-3
-11
-13
-15
-5
0
-2
-1
-1
6
9
7
5
2
-1
-7
-8
-6
3
4
-3
-8
-10
-3
9
19
22
16
0
-11
-14
-12
-3
9
24
33
25
8
-17
-39
-34
-3
33
53
46
12
-21
-38
-30
-7
10
15
12
10
12
12
11
5
-9
-17
-26
-32
-30
-20
-6
7
15
12
3
-11
-21
-18
-4
7
13
6
-10
-16
-11
0
9
9
2
-5
-8
-9
-8
0
6
8
9
1
-9
-23
-23
-7
19
42
40
18
-9
-25
-15
3
16
11
-5
-11
-6
6
15
11
4
-2
-1
-1
0
-5
-10
-7
4
11
11
7
1
0
5
2
-3
-11
-10
-1
3
1
-6
-11
-5
5
9
7
2
-4
-2
4
11
13
6
-4
-15
-13
1
12
14
4
-8
-14
-13
-3
6
8
2
-1
-3
2
6
7
6
2
-2
-7
-18
-18
-7
1
6
5
-3
-13
-15
-6
4
14
13
2
-5
-6
0
10
13
9
-1
-11
-15
-7
7
16
16
9
-2
-17
-19
-12
-4
6
9
-2
-10
-13
-6
5
18
23
9
-6
-16
-14
-2
7
15
11
0
-5
-8
-5
0
6
8
6
6
4
2
-4
-17
-23
-17
-3
16
25
21
5
-8
-12
-6
3
10
5
-4
-7
3
15
16
5
-14
-29
-23
1
23
25
11
-12
-29
-28
-14
7
24
24
10
-7
-21
-18
-6
11
19
14
2
-14
-16
-4
7
14
10
-3
-12
-15
-11
2
12
12
9
-3
-12
-17
-18
-12
1
14
23
29
25
14
-6
-27
-33
-20
7
30
40
26
-5
-29
-38
-21
12
37
44
27
-6
-31
-35
-22
3
19
21
6
-10
-14
-5
4
6
0
-11
-19
-14
-3
8
17
12
-9
-26
-32
-19
3
23
31
23
4
-20
-38
-37
-19
12
36
42
34
6
-27
-40
-31
-8
18
28
24
12
0
-8
-7
-4
-5
-5
2
14
24
25
12
-11
-27
-32
-24
-6
15
30
30
10
-16
-29
-24
-9
6
15
8
-2
-6
-2
7
7
1
-5
-8
-6
-5
-3
-5
-5
5
13
11
1
-18
-22
-11
9
30
34
19
0
-9
-7
-1
1
1
-6
-10
-6
7
21
19
2
-17
-23
-9
12
19
13
2
-4
-4
-4
-5
-4
0
6
8
3
-7
-13
-5
8
14
8
-1
-12
-13
-6
-4
-4
-6
-4
2
6
1
-11
-21
-26
-18
-6
3
6
1
4
10
11
6
-6
-18
-26
-15
4
20
22
13
-3
-18
-22
-13
9
26
29
17
-2
-16
-11
9
25
24
2
-20
-29
-21
5
31
43
35
9
-18
-31
-27
-7
10
15
18
21
14
2
-10
-24
-25
-16
2
22
29
16
-10
-32
-38
-24
-4
7
9
4
3
6
8
11
9
4
-7
-15
-21
-13
1
8
12
8
0
-4
-6
-4
-3
-4
-3
5
15
20
18
4
-9
-15
-12
-3
6
11
13
9
2
-6
-14
-18
-9
-1
4
5
2
-6
-13
-10
-4
0
1
1
-5
-5
2
9
12
13
5
-3
-8
-7
3
12
18
13
1
-5
-5
-2
-6
-11
-12
-8
4
14
5
-9
-19
-14
2
10
7
-4
-5
8
21
21
4
-14
-15
6
25
25
5
-20
-23
-13
0
9
8
1
-9
-17
-20
-10
5
17
18
2
-18
-24
-9
12
24
21
9
-3
-7
-9
-15
-16
-14
0
18
23
16
-5
-20
-15
1
19
26
21
9
-3
-12
-10
-5
0
6
5
2
9
11
12
5
-9
-18
-15
-4
11
14
5
-7
-14
-14
-12
-6
4
18
26
19
-5
-35
-49
-38
-7
24
37
24
3
-17
-23
-22
-21
-14
-7
4
15
16
8
-2
-9
-6
3
9
11
1
-7
-5
6
14
10
-1
-10
-6
4
16
19
11
4
3
11
18
13
4
-9
-22
-22
-13
8
25
21
3
-20
-25
-19
-2
16
22
17
-5
-22
-22
-13
-3
3
1
-5
-6
0
7
13
10
-3
-16
-18
-12
1
12
19
14
5
-2
-9
-11
-7
5
13
19
19
9
-6
-18
-20
-15
-7
1
10
22
28
23
1
-26
-40
-31
1
31
38
26
1
-18
-24
-19
-4
10
11
7
0
-8
-18
-20
-12
-1
10
12
3
-9
-13
-6
8
20
18
-3
-26
-33
-17
11
26
23
3
-14
-19
-13
-3
0
-2
-1
9
17
13
1
-9
-9
5
16
18
7
-9
-9
3
20
23
9
-8
-17
-10
8
21
16
-2
-19
-23
-9
13
21
6
-20
-40
-33
-7
26
47
33
-6
-41
-51
-26
8
29
27
7
-13
-19
-10
6
10
11
9
10
13
14
8
-4
-20
-32
-33
-19
5
34
55
47
17
-18
-49
-54
-17
28
54
43
1
-37
-46
-23
13
30
16
-13
-31
-27
-4
17
20
7
-10
-23
-22
-16
-2
21
43
54
37
-7
-57
-82
-74
-28
32
71
77
45
-2
-40
-55
-41
-5
29
44
29
-9
-47
-63
-39
13
59
70
47
6
-23
-19
1
19
15
-2
-16
-18
-12
-8
-6
1
16
31
34
15
-13
-32
-36
-22
-3
5
0
-12
-20
-14
6
30
36
21
-1
-21
-29
-23
-14
1
11
5
1
-2
-3
2
10
14
12
8
0
-4
-4
-5
-11
-17
-15
3
27
48
45
21
-5
-27
-23
-3
19
19
-1
-21
-33
-28
-15
-4
1
7
16
21
15
-4
-35
-51
-45
-17
21
44
44
24
2
-11
-7
9
15
10
-6
-25
-32
-26
-11
1
9
12
15
18
14
7
-2
-7
0
7
6
-5
-23
-40
-41
-20
16
45
51
35
11
-8
-12
0
5
-2
-16
-25
-15
12
33
34
16
-11
-26
-20
-2
23
29
14
-9
-29
-33
-25
-3
15
15
9
5
6
12
15
13
-1
-20
-31
-29
-12
4
15
12
1
-4
-1
9
14
13
6
-6
-21
-30
-29
-15
5
14
12
3
1
9
16
16
10
0
-15
-24
-27
-22
-14
-1
11
22
26
24
19
12
6
-1
-8
-18
-29
-33
-27
-8
17
38
43
29
8
-14
-32
-37
-29
-9
15
30
28
12
-11
-27
-26
-11
12
34
43
39
13
-22
-46
-49
-32
0
26
35
33
22
13
11
8
-1
-18
-35
-43
-30
0
32
43
33
10
-16
-29
-28
-17
-5
1
-3
-6
-11
-14
-12
-3
5
19
28
29
18
-3
-24
-32
-23
-5
12
18
13
3
3
9
18
23
16
0
-16
-27
-20
1
18
22
18
2
-17
-27
-24
-13
5
26
37
27
4
-19
-33
-35
-23
-4
14
25
20
4
-18
-26
-19
-1
12
8
-1
-9
-11
-7
1
8
5
-3
-10
-6
6
23
28
18
2
-18
-28
-25
-14
8
25
34
33
16
-5
-28
-37
-27
-8
13
22
12
-4
-12
-5
7
17
20
13
7
0
-4
-5
-6
-2
-1
2
4
8
7
5
-2
-3
-4
-5
-3
-5
-6
-8
-9
-9
-11
-3
4
12
16
16
8
-6
-15
-17
-10
0
0
-10
-20
-17
-5
16
29
31
23
3
-14
-19
-12
-4
0
-6
-8
-2
8
19
17
3
-12
-18
-10
5
21
24
9
-11
-29
-32
-15
9
27
33
20
-2
-21
-28
-16
5
25
28
7
-21
-37
-22
12
41
47
25
-15
-42
-40
-17
18
41
36
7
-27
-47
-44
-16
18
45
52
34
-1
-38
-63
-60
-22
36
78
79
32
-43
-97
-97
-39
44
99
99
41
-34
-82
-81
-38
21
61
71
50
14
-24
-46
-44
-22
12
34
35
13
-16
-30
-21
1
18
20
5
-14
-24
-17
-1
16
21
13
-1
-14
-19
-22
-14
-1
9
21
27
14
-16
-40
-44
-19
25
57
57
16
-42
-76
-59
0
64
95
71
11
-57
-86
-53
13
66
75
46
-6
-39
-42
-26
-3
5
-9
-27
-29
-12
18
45
48
18
-29
-59
-53
-15
29
56
44
0
-43
-57
-33
13
49
55
28
-10
-30
-23
2
25
27
8
-22
-35
-21
10
42
50
26
-9
-35
-36
-16
7
18
13
-3
-21
-27
-21
-1
15
13
-3
-25
-38
-35
-19
-4
9
11
2
-13
-24
-29
-22
-8
5
15
28
38
34
18
2
-2
1
8
18
26
28
28
30
29
23
13
-3
-13
-11
5
28
40
37
20
-5
-23
-27
-19
-5
4
4
5
5
5
10
9
0
-19
-34
-41
-36
-17
6
20
12
-7
-30
-46
-51
-43
-30
-19
-8
-4
0
2
4
2
-6
-13
-19
-16
-11
-3
4
13
21
23
17
7
0
-4
-8
-3
4
11
18
16
7
0
0
7
10
7
-5
-11
-5
15
34
34
20
-8
-30
-32
-18
0
13
13
10
8
6
2
-7
-19
-27
-24
-9
12
24
21
8
-9
-18
-15
-2
17
31
33
17
-2
-15
-26
-20
-5
13
28
29
16
-4
-19
-26
-19
-2
13
25
19
-2
-22
-30
-22
-2
15
21
9
-5
-17
-18
-5
4
9
3
-13
-17
-10
3
14
8
-4
-15
-15
0
14
23
18
2
-16
-27
-21
-4
17
29
24
9
-9
-21
-16
-2
14
18
8
-12
-28
-23
5
35
42
17
-25
-57
-48
-6
47
68
44
-7
-51
-61
-40
-5
22
31
34
38
33
10
-20
-42
-38
-10
14
21
8
-6
2
19
31
22
-3
-30
-35
-14
13
27
19
-7
-32
-39
-26
-2
18
24
22
16
10
0
-13
-20
-19
-10
-1
2
3
2
10
21
24
17
-5
-28
-40
-27
0
25
37
25
4
-19
-30
-28
-12
8
28
34
28
14
-5
-22
-32
-29
-16
-5
7
10
4
0
3
6
6
4
-4
-5
-3
-1
0
1
-6
-12
-8
1
11
17
14
8
-4
-6
0
4
9
2
-3
-1
6
17
20
9
-10
-24
-28
-13
8
14
8
-3
-9
-9
-2
6
13
13
7
2
-5
-9
-5
-2
1
1
-6
-11
-9
8
26
27
14
-8
-29
-34
-21
-3
4
4
5
5
9
6
4
2
-1
0
4
8
4
-2
-7
-10
-11
-13
-9
-3
8
18
21
12
-3
-13
-13
-9
-3
7
6
5
6
9
13
9
3
-5
-8
-9
-8
-9
-6
-1
5
8
0
-4
-6
-5
-1
1
-2
-5
-1
1
2
-2
-9
-8
-4
6
12
9
-3
-16
-11
1
16
20
13
3
-3
2
8
8
8
4
2
5
3
-5
-15
-20
-15
-2
7
10
12
9
6
3
-3
-5
-9
-8
-1
7
16
14
0
-17
-26
-18
-4
9
11
3
-5
-9
-14
-15
-12
-13
-11
-5
1
4
4
3
7
15
20
14
3
-9
-6
0
11
11
4
-7
-12
1
17
23
12
-6
-21
-21
-5
13
23
20
10
-2
-12
-10
-3
2
8
10
6
3
-1
-7
-10
-8
-1
12
13
3
-15
-27
-23
-6
10
14
2
-15
-21
-14
1
15
16
4
-10
-19
-15
0
9
9
-1
-10
-7
5
19
19
8
-9
-15
-8
6
14
12
1
-9
-11
-5
6
13
12
5
0
2
7
8
2
-9
-13
-4
13
24
15
-3
-19
-20
-2
22
28
7
-26
-46
-38
1
42
53
22
-25
-57
-51
-14
29
53
42
8
-26
-39
-25
-2
13
16
9
-1
-10
-17
-23
-20
-5
13
29
27
6
-19
-29
-15
9
27
32
14
-10
-20
-13
6
24
25
8
-13
-24
-19
1
21
25
11
-12
-24
-14
8
20
18
3
-18
-23
-15
-2
8
7
3
-4
-14
-23
-22
-8
12
32
40
25
-4
-31
-43
-38
-16
10
28
36
35
27
15
-9
-40
-62
-61
-24
35
81
90
53
-14
-71
-87
-53
7
55
66
35
-5
-23
-16
10
27
18
-11
-40
-44
-24
8
36
44
31
2
-31
-51
-52
-28
3
27
36
27
2
-21
-29
-21
5
29
40
29
0
-31
-45
-34
0
33
48
31
-5
-41
-53
-26
21
69
84
43
-29
-83
-87
-39
38
92
91
41
-25
-68
-64
-29
14
38
31
1
-30
-45
-31
2
31
46
34
0
-31
-41
-26
0
16
3
-19
-26
-12
21
48
45
17
-19
-38
-38
-26
-17
-10
1
22
43
47
21
-28
-61
-58
-16
31
51
43
15
-12
-25
-19
2
26
43
43
23
-17
-57
-67
-34
20
63
65
29
-17
-46
-41
-24
-7
2
11
21
30
26
1
-29
-57
-46
-14
22
45
31
13
-10
-16
-5
-2
5
-5
-1
9
12
10
-17
-29
-29
-5
26
40
38
19
15
14
10
-13
-53
-71
-57
-2
51
68
53
9
-21
-33
-33
-29
-27
-14
5
26
27
7
-20
-36
-18
8
30
32
16
7
-2
0
-9
-17
-14
-4
18
23
18
4
-7
1
11
17
8
-5
-12
-10
1
5
4
-1
-4
-2
3
8
3
-2
-4
-7
-9
-15
-24
-25
-16
-3
8
5
0
-1
3
6
4
6
4
1
-2
-4
-5
-1
1
5
8
7
4
2
2
2
5
4
3
-2
-12
-16
-10
6
24
30
18
-1
-10
-10
0
3
-7
-18
-14
-1
13
16
-4
-21
-26
-13
7
24
26
11
-2
-5
-4
-1
4
8
10
13
8
-5
-17
-23
-13
1
14
15
6
2
0
4
9
3
-9
-17
-14
3
18
21
12
-7
-22
-30
-22
-3
8
12
10
4
0
-3
-6
-11
-14
-9
5
17
15
2
-18
-29
-17
8
33
37
24
-6
-33
-39
-23
6
29
33
22
7
-7
-16
-15
-10
3
19
26
24
3
-21
-32
-32
-20
-4
12
17
13
3
-7
-13
-12
-7
-3
-7
-14
-14
-8
15
36
38
20
-10
-35
-37
-12
15
38
42
24
-2
-24
-35
-31
-8
23
48
57
36
-9
-58
-71
-38
23
78
86
39
-24
-68
-67
-27
29
62
51
15
-25
-47
-40
-15
8
12
1
-18
-29
-21
-3
14
20
8
-13
-30
-32
-18
-4
6
9
15
20
18
11
-10
-30
-32
-10
26
49
50
26
-13
-36
-28
0
33
51
42
16
-10
-23
-21
-10
-5
-8
-17
-26
-31
-24
-14
-11
-15
-24
-27
-17
3
22
35
26
3
-19
-27
-16
9
33
44
44
39
39
39
34
24
7
11
30
50
53
15
-39
-83
-95
-76
-52
-43
-58
-81
-89
-79
-43
-2
31
41
28
13
4
25
60
93
94
61
9
-34
-35
3
60
89
77
35
-12
-24
-5
39
75
71
33
-17
-42
-26
16
50
42
-17
-90
-130
-103
-25
58
76
21
-78
-164
-174
-110
-12
62
70
23
-42
-81
-80
-44
-3
19
17
-3
-20
-23
-10
19
45
56
43
19
-6
-16
-6
22
52
69
60
24
-13
-33
-27
1
30
47
43
23
2
-16
-15
-5
10
26
33
25
1
-20
-33
-40
-33
-21
-8
8
18
24
13
-11
-37
-49
-32
7
57
90
92
55
-3
-41
-40
5
73
111
99
41
-26
-66
-53
1
53
70
56
20
-2
23
74
131
168
163
144
129
135
147
136
94
36
-28
-102
-189
-295
-421
-541
-658
-744
-749
-739
-737
-754
-798
-766
-664
-512
-323
-152
14
165
309
450
604
772
924
1086
1258
1408
1497
1518
1473
1407
1350
1304
1241
1119
924
663
379
101
-134
-327
-489
-645
-809
-993
-1187
-1359
-1482
-1533
-1526
-1496
-1459
-1429
-1406
-1373
-1305
-1186
-1032
-861
-704
-582
-500
-437
-374
-295
-197
-106
-42
-19
-29
-34
-12
56
153
249
316
363
447
615
875
1172
1453
1677
1864
2059
2288
2540
2764
2904
2921
2839
2701
2522
2312
2049
1706
1279
797
315
-119
-475
-786
-1100
-1446
-1809
-2121
-2318
-2370
-2334
-2305
-2351
-2472
-2580
-2589
-2456
-2218
-1976
-1829
-1809
-1868
-1915
-1861
-1668
-1380
-1089
-877
-767
-730
-676
-524
-272
32
314
508
621
685
743
815
883
942
968
987
1027
1111
1240
1397
1601
1817
2050
2290
2517
2741
2925
3067
3119
3043
2839
2524
2182
1851
1547
1241
886
488
45
-365
-712
-987
-1191
-1386
-1577
-1795
-2002
-2148
-2207
-2154
-2081
-1998
-1960
-1974
-1978
-1966
-1909
-1876
-1910
-2038
-2240
-2426
-2541
-2523
-2412
-2255
-2110
-2000
-1851
-1641
-1289
-835
-334
162
576
997
1441
1997
2650
3309
3927
4390
4731
4929
5031
5059
4950
4725
4313
3768
3137
2498
1935
1422
973
519
70
-369
-790
-1129
-1424
-1680
-1954
-2282
-2638
-2982
-3196
-3277
-3227
-3136
-3085
-3057
-3043
-2983
-2874
-2758
-2670
-2613
-2538
-2421
-2228
-1975
-1706
-1426
-1163
-907
-650
-411
-176
46
268
509
792
1157
1577
2015
2433
2838
3289
3815
4391
4867
5115
5106
4918
4698
4499
4262
3867
3267
2525
1760
1098
554
78
-392
-910
-1443
-1920
-2292
-2568
-2793
-3009
-3232
-3379
-3408
-3307
-3102
-2890
-2713
-2573
-2467
-2396
-2355
-2332
-2333
-2318
-2302
-2316
-2327
-2313
-2217
-1994
-1674
-1320
-986
-669
-366
-17
391
838
1343
1873
2438
3033
3626
4169
4636
5020
5266
5398
5422
5296
5030
4623
4087
3478
2866
2250
1625
1039
479
-6
-401
-803
-1233
-1651
-2028
-2348
-2601
-2859
-3158
-3417
-3604
-3682
-3620
-3492
-3379
-3317
-3347
-3472
-3569
-3558
-3409
-3137
-2888
-2741
-2643
-2495
-2221
-1824
-1406
-1047
-718
-375
-2
405
817
1273
1838
2518
3264
3978
4589
5083
5502
5852
6114
6288
6309
6139
5784
5259
4635
3985
3309
2569
1785
990
252
-355
-876
-1386
-1892
-2405
-2899
-3295
-3585
-3780
-3869
-3901
-3911
-3884
-3856
-3853
-3854
-3880
-3946
-3995
-4030
-4063
-4047
-3986
-3884
-3689
-3375
-2961
-2439
-1852
-1284
-738
-206
325
866
1435
2035
2655
3326
4021
4681
5301
5887
6384
6727
6889
6819
6562
6226
5802
5272
4686
4032
3295
2552
1798
1031
358
-194
-691
-1146
-1609
-2144
-2670
-3135
-3567
-3925
-4157
-4305
-4380
-4400
-4455
-4575
-4672
-4753
-4824
-4819
-4739
-4595
-4385
-4173
-4004
-3782
-3408
-2900
-2313
-1728
-1204
-703
-147
435
1036
1713
2440
3176
3879
4479
4997
5562
6206
6785
7189
7348
7245
7009
6680
6187
5537
4793
4007
3226
2476
1701
902
154
-544
-1208
-1821
-2367
-2854
-3246
-3570
-3881
-4120
-4254
-4318
-4361
-4434
-4573
-4706
-4757
-4783
-4847
-4967
-5107
-5162
-5059
-4809
-4441
-3945
-3340
-2692
-2057
-1471
-908
-275
461
1268
2119
2953
3719
4385
4947
5449
5985
6601
7182
7586
7710
7552
7229
6842
6391
5850
5231
4522
3703
2790
1805
854
59
-570
-1134
-1732
-2366
-3028
-3620
-4085
-4424
-4600
-4666
-4712
-4843
-5056
-5279
-5423
-5448
-5460
-5485
-5501
-5447
-5297
-5102
-4881
-4598
-4117
-3464
-2731
-1993
-1299
-579
167
908
1580
2247
2990
3776
4563
5219
5767
6311
6868
7353
7633
7727
7686
7579
7375
6941
6295
5527
4741
3931
3046
2120
1209
425
-274
-1002
-1767
-2526
-3174
-3710
-4162
-4553
-4845
-4972
-5018
-5096
-5274
-5508
-5675
-5707
-5646
-5580
-5535
-5505
-5484
-5444
-5332
-5054
-4520
-3780
-2980
-2242
-1581
-917
-164
695
1577
2436
3242
3977
4639
5204
5750
6321
6928
7488
7859
8023
8027
7946
7760
7383
6773
5974
5107
4232
3360
2498
1658
884
142
-625
-1427
-2233
-2947
-3552
-4083
-4560
-4965
-5232
-5369
-5469
-5617
-5811
-5968
-6017
-5991
-5993
-6069
-6141
-6084
-5849
-5497
-5097
-4634
-4058
-3357
-2592
-1839
-1087
-292
543
1355
2108
2848
3664
4543
5361
6038
6608
7188
7791
8298
8584
8628
8514
8279
7870
7227
6400
5503
4595
3685
2730
1731
772
-118
-938
-1698
-2405
-3033
-3600
-4131
-4635
-5061
-5358
-5535
-5657
-5814
-6004
-6189
-6315
-6373
-6447
-6533
-6599
-6548
-6316
-5950
-5459
-4866
-4166
-3403
-2660
-1916
-1135
-213
805
1791
2718
3577
4474
5356
6143
6770
7270
7798
8289
8688
8888
8864
8712
8396
7883
7126
6256
5430
4622
3746
2682
1529
522
-265
-930
-1648
-2431
-3187
-3868
-4492
-5135
-5672
-6016
-6204
-6368
-6607
-6784
-6818
-6721
-6665
-6762
-6846
-6781
-6473
-6004
-5514
-4993
-4483
-3902
-3274
-2530
-1547
-485
642
1593
2383
3158
3910
4809
5607
6349
6972
7457
7976
8351
8737
8952
8949
8760
8265
7674
6843
5966
5046
4050
3116
2041
1076
146
-692
-1444
-2332
-3104
-3875
-4445
-4922
-5420
-5766
-6149
-6332
-6565
-6773
-6858
-6906
-6697
-6594
-6453
-6370
-6268
-5937
-5632
-5085
-4506
-3709
-2716
-1799
-850
-174
560
1287
2007
2859
3580
4505
5327
6055
6622
6915
7363
7703
8153
8467
8545
8585
8194
7678
6831
5890
5064
4061
3205
2179
1210
326
-752
-1689
-2711
-3481
-4065
-4632
-5052
-5607
-5965
-6339
-6610
-6698
-6803
-6654
-6605
-6486
-6344
-6217
-5927
-5728
-5387
-5087
-4645
-4044
-3399
-2468
-1710
-880
-115
610
1635
2423
3259
3845
4413
5145
5655
6437
6947
7650
8272
8309
8392
8148
8236
8412
8051
7394
6193
5038
3932
2716
1705
645
-78
-859
-1848
-2747
-3694
-4176
-4682
-5166
-5700
-6264
-6563
-6919
-6970
-7099
-7028
-6860
-6796
-6511
-6416
-6113
-5817
-5475
-4986
-4621
-4072
-3542
-2742
-1817
-865
170
1059
2114
2939
3770
4399
4985
5730
6218
6912
7249
7801
8276
8492
8767
8516
8480
8035
7432
6671
5562
4726
3577
2557
1434
345
-442
-1379
-2093
-2961
-3689
-4239
-4913
-5343
-6011
-6446
-6821
-7109
-7080
-7184
-6993
-7014
-6906
-6807
-6723
-6333
-6004
-5280
-4686
-4045
-3434
-2924
-2102
-1344
-286
753
1849
2982
3716
4444
4805
5373
6060
6684
7430
7760
8263
8424
8459
8353
7977
7915
7545
7182
6356
5236
4197
2977
2055
925
-84
-1040
-2040
-2777
-3644
-4193
-4704
-5161
-5502
-6104
-6483
-6949
-7138
-7128
-7157
-6945
-6969
-6722
-6552
-6329
-6014
-5795
-5184
-4646
-3829
-3056
-2229
-1237
-463
407
1024
1801
2671
3459
4311
4909
5628
6250
6721
7120
7334
7766
8086
8290
8305
8089
7911
7464
6859
5982
5003
4059
2930
1808
590
-419
-1254
-2082
-2854
-3731
-4403
-5011
-5531
-5950
-6374
-6562
-6748
-6811
-6834
-6838
-6691
-6642
-6510
-6421
-6233
-5859
-5474
-4948
-4496
-3876
-3058
-2095
-984
-104
713
1433
2259
3231
4078
4900
5497
6080
6556
6856
7169
7440
7883
8183
8252
8113
7817
7626
7278
6774
5985
4999
3951
2694
1409
90
-1017
-1889
-2701
-3457
-4293
-4989
-5579
-6010
-6313
-6591
-6735
-6898
-6989
-7094
-7153
-7052
-6877
-6562
-6323
-6088
-5816
-5435
-4818
-4152
-3367
-2569
-1690
-725
165
1104
1977
2929
3841
4587
5251
5765
6368
6880
7284
7582
7772
8053
8182
8209
8072
7839
7608
7137
6461
5500
4465
3415
2241
1051
-190
-1229
-2106
-2942
-3739
-4581
-5260
-5856
-6347
-6742
-7028
-7075
-7069
-6976
-6971
-7005
-6962
-6939
-6736
-6488
-6095
-5593
-5076
-4469
-3907
-3152
-2328
-1332
-270
628
1560
2331
3208
4052
4809
5545
6126
6781
7182
7463
7574
7612
7902
8091
8302
8273
8004
7595
6939
6217
5286
4366
3299
2101
928
-363
-1372
-2294
-3149
-3922
-4781
-5483
-6126
-6572
-6961
-7227
-7300
-7359
-7156
-7099
-7085
-7056
-7106
-6885
-6615
-6188
-5720
-5157
-4447
-3756
-2801
-1964
-984
16
764
1641
2332
3194
4096
4895
5654
6200
6851
7258
7618
7834
7868
8169
8265
8327
8219
7864
7536
7025
6402
5454
4355
3071
1646
446
-758
-1617
-2343
-3182
-3974
-4929
-5737
-6392
-6834
-7124
-7309
-7292
-7307
-7142
-7073
-7042
-6871
-6750
-6438
-6129
-5797
-5375
-4858
-4195
-3516
-2691
-1916
-1006
-68
733
1655
2490
3446
4353
5076
5693
6157
6662
6961
7228
7406
7629
8101
8331
8441
8254
7893
7549
6964
6203
5139
4031
2842
1602
428
-829
-1791
-2708
-3627
-4439
-5259
-5779
-6153
-6444
-6751
-7034
-7194
-7320
-7219
-7153
-6959
-6669
-6505
-6215
-6000
-5700
-5309
-4876
-4307
-3649
-2763
-1873
-843
153
999
1921
2640
3476
4323
5072
5775
6271
6756
7063
7335
7468
7594
7930
8106
8279
8201
7920
7585
6963
6150
5073
3965
2754
1488
282
-949
-1833
-2674
-3526
-4364
-5327
-6099
-6710
-7050
-7169
-7066
-6892
-6882
-6876
-7081
-7163
-7039
-6854
-6413
-5994
-5576
-5177
-4727
-4172
-3488
-2575
-1714
-672
301
1137
2068
2826
3710
4558
5286
5935
6420
6882
7162
7438
7582
7757
8071
8152
8208
8014
7638
7228
6554
5751
4782
3784
2680
1516
315
-977
-2041
-3114
-4056
-4803
-5520
-6006
-6438
-6735
-6869
-6819
-6764
-6810
-6830
-6987
-6922
-6817
-6734
-6441
-6172
-5740
-5201
-4549
-3762
-2849
-1922
-1179
-349
392
1230
2201
3028
3941
4659
5225
5661
6033
6491
6921
7380
7571
7734
7855
7792
7818
7630
7408
7036
6328
5426
4355
3370
2298
1221
38
-1212
-2220
-3261
-4095
-4804
-5451
-5912
-6408
-6771
-7035
-7068
-6991
-6877
-6659
-6584
-6415
-6362
-6343
-6169
-5948
-5487
-4928
-4221
-3466
-2687
-1896
-1156
-207
730
1710
2596
3287
4022
4684
5380
5956
6434
6806
7031
7261
7383
7631
7863
7925
7873
7555
7157
6622
5907
4999
3953
2897
1767
714
-378
-1431
-2342
-3324
-4215
-5069
-5835
-6406
-6831
-7018
-7002
-6783
-6604
-6480
-6435
-6487
-6398
-6328
-6171
-5932
-5686
-5348
-4904
-4256
-3454
-2467
-1550
-627
357
1259
2245
3043
3754
4413
4987
5558
6002
6441
6709
6961
7140
7266
7619
7826
7982
7888
7458
6958
6255
5460
4470
3398
2232
1018
-54
-1164
-2034
-2855
-3726
-4519
-5348
-5984
-6481
-6764
-6929
-6941
-6826
-6810
-6673
-6645
-6548
-6357
-6254
-6051
-5833
-5470
-5017
-4366
-3618
-2801
-1838
-1065
-119
833
1753
2732
3509
4298
4975
5583
6006
6365
6755
7006
7332
7433
7552
7762
7734
7688
7428
7054
6629
5986
5138
4111
3073
1881
671
-557
-1823
-2804
-3787
-4690
-5373
-5946
-6296
-6533
-6723
-6855
-6823
-6828
-6809
-6718
-6720
-6602
-6508
-6398
-6124
-5700
-5202
-4590
-3823
-3060
-2134
-1310
-530
403
1288
2208
3018
3772
4492
5186
5746
6101
6553
6908
7245
7423
7402
7555
7671
7711
7623
7368
7001
6477
5682
4605
3616
2559
1366
144
-1252
-2400
-3306
-4173
-4908
-5514
-5996
-6430
-6734
-7009
-7013
-6782
-6681
-6583
-6730
-6839
-6736
-6562
-6224
-5809
-5316
-4863
-4225
-3575
-2808
-1782
-954
5
900
1685
2536
3341
4160
4844
5494
5829
6168
6560
6858
7281
7432
7623
7838
7841
7751
7515
7233
6874
6398
5506
4407
3319
1987
725
-551
-1826
-2778
-3633
-4436
-5121
-5638
-6098
-6499
-6781
-7061
-7102
-7177
-7210
-7121
-7076
-6784
-6514
-6234
-5907
-5539
-5197
-4812
-4127
-3451
-2483
-1539
-737
272
1227
2209
3104
4025
4794
5475
6057
6302
6654
6947
7270
7527
7657
7885
7909
7855
7657
7312
6905
6383
5655
4569
3463
2268
1018
-51
-1230
-2265
-3190
-4164
-5041
-5805
-6303
-6657
-6785
-6886
-6953
-6968
-7055
-6943
-6935
-6741
-6409
-6220
-5941
-5666
-5323
-4886
-4157
-3450
-2640
-1682
-951
29
1036
2023
3039
3884
4588
5149
5699
6053
6444
6777
7019
7292
7350
7565
7806
7830
7758
7460
7034
6603
6077
5238
4213
3001
1509
58
-1386
-2654
-3544
-4335
-5064
-5711
-6204
-6506
-6632
-6683
-6767
-6795
-6927
-7013
-7042
-7020
-6730
-6399
-5988
-5563
-5125
-4672
-4110
-3389
-2696
-1792
-995
-232
643
1425
2281
3167
4131
5011
5812
6331
6579
6895
7076
7311
7472
7525
7728
7821
7773
7603
7301
6869
6290
5430
4253
3124
1888
547
-718
-2084
-3236
-4193
-5059
-5694
-6082
-6296
-6467
-6574
-6805
-6905
-6926
-6970
-6813
-6738
-6636
-6512
-6351
-6023
-5494
-4897
-4367
-3653
-2995
-2247
-1391
-600
387
1386
2290
3088
3899
4692
5464
6134
6478
6831
7087
7251
7349
7323
7470
7662
7704
7531
7194
6719
6215
5596
4654
3698
2583
1213
-210
-1738
-3072
-4061
-4866
-5572
-6084
-6432
-6652
-6648
-6687
-6683
-6672
-6768
-6707
-6669
-6605
-6491
-6383
-6148
-5671
-5017
-4348
-3464
-2711
-2023
-1251
-618
228
1161
1995
2724
3469
4222
4951
5678
6112
6581
7086
7492
7820
7878
7916
7948
7857
7626
7288
6873
6396
5786
4809
3756
2724
1532
304
-1084
-2605
-3916
-5015
-5934
-6477
-6734
-6933
-7034
-7148
-7277
-7226
-7154
-7053
-6904
-6769
-6528
-6248
-5906
-5455
-4971
-4530
-3950
-3262
-2551
-1588
-678
190
1241
2192
3030
3870
4591
5127
5688
6114
6443
6924
7283
7577
7761
7791
7859
7793
7597
7403
7123
6717
6234
5417
4246
3038
1596
79
-1227
-2503
-3536
-4336
-5144
-5899
-6507
-6963
-7240
-7279
-7276
-7156
-7065
-7091
-7018
-6989
-6761
-6356
-5990
-5529
-5001
-4491
-3893
-3092
-2354
-1529
-664
4
844
1765
2642
3588
4486
5197
5767
6160
6335
6606
6881
7121
7316
7305
7385
7452
7377
7329
7218
6990
6671
6041
4901
3597
2114
416
-1125
-2595
-3838
-4703
-5436
-6039
-6413
-6645
-6840
-6943
-7087
-7167
-7082
-7029
-6906
-6825
-6779
-6590
-6333
-5898
-5224
-4545
-3958
-3272
-2645
-1928
-949
-90
824
1828
2612
3298
4013
4700
5458
6241
6738
7092
7356
7448
7474
7356
7302
7388
7383
7349
7287
7096
6824
6321
5286
3944
2510
901
-633
-2042
-3399
-4500
-5395
-6186
-6683
-6892
-7004
-6994
-6974
-7010
-6990
-7048
-7129
-7112
-7024
-6766
-6394
-6013
-5466
-4758
-4081
-3289
-2446
-1747
-1018
-373
218
1087
2066
2990
3930
4714
5297
5872
6316
6684
7174
7538
7729
7759
7679
7741
7792
7669
7456
7076
6553
5985
5151
4086
3064
1827
322
-1191
-2765
-4118
-5080
-5943
-6628
-6955
-7140
-7252
-7254
-7317
-7328
-7283
-7301
-7246
-7135
-6900
-6545
-6212
-5763
-5129
-4530
-3867
-3062
-2353
-1505
-551
252
1217
2270
3120
3897
4582
5100
5672
6247
6635
7023
7393
7635
7734
7673
7660
7691
7658
7607
7438
7134
6713
5950
4743
3368
1956
474
-930
-2349
-3734
-4814
-5681
-6348
-6666
-6784
-6891
-6975
-7167
-7422
-7503
-7499
-7396
-7168
-6945
-6619
-6222
-5841
-5308
-4645
-3979
-3189
-2352
-1610
-829
-97
610
1486
2366
3206
4101
4905
5605
6207
6535
6764
7070
7319
7529
7626
7587
7647
7672
7513
7346
7105
6709
6201
5351
4175
2935
1510
-124
-1820
-3494
-4818
-5655
-6215
-6498
-6611
-6771
-6877
-7009
-7237
-7341
-7414
-7528
-7473
-7333
-7064
-6545
-5997
-5396
-4671
-4033
-3402
-2654
-1925
-1113
-267
422
1185
2024
2764
3544
4286
4952
5706
6344
6765
7173
7466
7621
7701
7603
7551
7687
7760
7764
7653
7253
6674
5816
4568
3220
1868
416
-1019
-2441
-3787
-4794
-5563
-6198
-6597
-6936
-7290
-7522
-7703
-7760
-7575
-7426
-7341
-7188
-7049
-6734
-6212
-5660
-4958
-4208
-3647
-3102
-2517
-1927
-1131
-287
535
1534
2488
3314
4125
4792
5412
6064
6486
6782
7095
7252
7406
7530
7530
7668
7745
7580
7358
7010
6576
6164
5502
4523
3386
1947
306
-1287
-2867
-4173
-5130
-5949
-6487
-6754
-6918
-6923
-6894
-7035
-7156
-7263
-7413
-7337
-7150
-6906
-6463
-6047
-5639
-5062
-4438
-3769
-2930
-2155
-1413
-588
71
785
1652
2464
3360
4226
4876
5451
5917
6184
6522
6880
7101
7363
7458
7431
7527
7506
7428
7344
7044
6592
5986
5037
3900
2679
1221
-277
-1791
-3303
-4496
-5429
-6135
-6482
-6642
-6742
-6781
-6912
-7126
-7220
-7290
-7260
-7009
-6750
-6419
-6019
-5662
-5178
-4545
-3902
-3173
-2409
-1772
-1133
-489
156
1014
1944
2821
3667
4357
4897
5361
5734
6076
6484
6846
7096
7221
7187
7182
7270
7354
7431
7380
7095
6595
5794
4676
3395
1997
530
-884
-2274
-3537
-4533
-5328
-5881
-6197
-6435
-6596
-6703
-6854
-6972
-7041
-7127
-7089
-6916
-6661
-6244
-5779
-5351
-4884
-4445
-4006
-3418
-2750
-2035
-1208
-383
472
1415
2276
3055
3781
4381
4952
5498
5875
6172
6435
6582
6717
6778
6740
6830
6992
7126
7262
7213
6948
6517
5700
4546
3231
1724
206
-1203
-2566
-3686
-4541
-5272
-5759
-6052
-6288
-6406
-6524
-6714
-6824
-6905
-6964
-6866
-6688
-6412
-5954
-5464
-4953
-4381
-3894
-3449
-2959
-2499
-1967
-1329
-683
117
1052
1951
2823
3608
4298
5007
5618
6007
6279
6481
6639
6800
6847
6834
6943
7084
7134
7059
6812
6486
6066
5337
4306
3085
1725
317
-1127
-2551
-3744
-4662
-5380
-5872
-6191
-6379
-6466
-6562
-6679
-6749
-6786
-6794
-6728
-6565
-6269
-5858
-5402
-4890
-4347
-3828
-3361
-2940
-2452
-1862
-1181
-420
384
1237
2109
2941
3724
4464
5109
5622
5972
6170
6344
6462
6494
6472
6394
6392
6485
6571
6606
6542
6302
5856
5179
4218
3091
1846
457
-956
-2341
-3560
-4476
-5151
-5633
-5987
-6264
-6462
-6526
-6478
-6376
-6247
-6211
-6239
-6244
-6179
-5941
-5551
-5038
-4452
-3867
-3328
-2790
-2147
-1424
-674
-12
571
1217
1936
2694
3420
4100
4734
5230
5538
5711
5901
6130
6297
6324
6269
6305
6421
6513
6524
6424
6237
5864
5173
4159
2928
1581
151
-1265
-2571
-3594
-4294
-4792
-5152
-5461
-5718
-5915
-6071
-6162
-6208
-6206
-6197
-6126
-5988
-5791
-5494
-5128
-4653
-4142
-3706
-3361
-3015
-2521
-1896
-1188
-492
251
1094
1916
2640
3202
3749
4370
4976
5432
5659
5794
5862
5867
5821
5786
5950
6265
6554
6683
6611
6388
6007
5398
4470
3279
1890
357
-1148
-2517
-3582
-4294
-4765
-5050
-5244
-5395
-5531
-5694
-5854
-5987
-6083
-6157
-6149
-6007
-5739
-5361
-4960
-4553
-4149
-3797
-3463
-3093
-2612
-2003
-1331
-654
48
843
1720
2614
3413
4056
4548
4868
5048
5154
5306
5545
5749
5812
5737
5688
5803
6037
6271
6386
6349
6094
5517
4582
3353
1972
500
-987
-2341
-3379
-4016
-4378
-4620
-4837
-5039
-5224
-5427
-5626
-5794
-5901
-5980
-6020
-5947
-5720
-5359
-4947
-4505
-4031
-3564
-3142
-2803
-2477
-2081
-1575
-954
-234
580
1409
2173
2833
3443
4061
4623
5036
5222
5228
5173
5114
5113
5213
5450
5795
6131
6357
6409
6301
6018
5514
4774
3806
2641
1283
-198
-1640
-2846
-3689
-4223
-4543
-4746
-4898
-5047
-5231
-5406
-5523
-5568
-5601
-5654
-5666
-5589
-5382
-5074
-4683
-4219
-3744
-3322
-3005
-2718
-2367
-1926
-1400
-835
-182
598
1475
2378
3215
3959
4553
4909
5015
4941
4860
4866
4953
5090
5266
5506
5738
5860
5829
5684
5505
5281
4933
4373
3543
2469
1172
-239
-1626
-2828
-3733
-4361
-4737
-4924
-4965
-4894
-4809
-4776
-4858
-5021
-5182
-5265
-5225
-5101
-4924
-4730
-4508
-4230
-3880
-3446
-2992
-2553
-2135
-1674
-1093
-381
447
1282
2041
2660
3146
3560
3930
4256
4492
4618
4673
4691
4696
4694
4726
4850
5089
5418
5734
5923
5890
5566
4934
4031
2932
1703
405
-893
-2068
-3002
-3629
-3986
-4177
-4302
-4423
-4538
-4628
-4703
-4795
-4922
-5048
-5110
-5060
-4907
-4704
-4494
-4249
-3935
-3545
-3118
-2702
-2295
-1869
-1363
-750
-41
699
1384
1974
2460
2883
3239
3517
3698
3783
3811
3809
3796
3827
3978
4323
4855
5459
5961
6228
6223
5970
5503
4795
3778
2448
921
-566
-1736
-2439
-2717
-2755
-2769
-2887
-3124
-3435
-3767
-4081
-4376
-4642
-4854
-4960
-4929
-4765
-4529
-4276
-4041
-3821
-3595
-3373
-3169
-2981
-2770
-2471
-2034
-1444
-716
97
930
1705
2363
2878
3241
3468
3578
3610
3620
3640
3697
3796
3973
4286
4743
5274
5748
6041
6091
5890
5441
4718
3731
2543
1266
37
-1055
-1944
-2568
-2908
-3012
-2998
-3009
-3115
-3320
-3590
-3896
-4227
-4544
-4769
-4865
-4832
-4697
-4485
-4215
-3934
-3703
-3555
-3448
-3279
-2959
-2469
-1839
-1131
-406
285
891
1404
1854
2278
2643
2879
2956
2931
2929
3046
3270
3531
3785
4056
4410
4887
5451
5981
6319
6310
5871
5033
3926
2728
1590
582
-287
-1014
-1599
-2046
-2351
-2540
-2668
-2814
-3029
-3346
-3750
-4169
-4521
-4726
-4744
-4596
-4369
-4136
-3938
-3775
-3634
-3508
-3387
-3251
-3062
-2775
-2380
-1860
-1218
-488
250
892
1367
1694
1945
2185
2433
2666
2870
3032
3148
3261
3441
3789
4334
4997
5626
6052
6196
6049
5662
5081
4340
3490
2562
1597
622
-313
-1122
-1720
-2080
-2258
-2362
-2498
-2725
-3045
-3407
-3751
-4034
-4239
-4380
-4474
-4525
-4507
-4406
-4236
-4055
-3917
-3813
-3692
-3471
-3117
-2653
-2119
-1566
-1014
-453
113
674
1191
1620
1935
2145
2285
2405
2554
2757
3035
3394
3822
4307
4812
5296
5721
6040
6199
6140
5817
5220
4380
3378
2314
1298
409
-306
-845
-1250
-1572
-1862
-2149
-2451
-2780
-3136
-3512
-3888
-4228
-4481
-4610
-4603
-4501
-4354
-4210
-4102
-4021
-3930
-3804
-3627
-3398
-3111
-2746
-2273
-1664
-958
-247
367
817
1120
1347
1573
1828
2093
2334
2524
2680
2867
3171
3652
4300
5009
5647
6118
6388
6466
6340
5979
5333
4412
3302
2142
1092
263
-325
-722
-1023
-1306
-1621
-2000
-2441
-2921
-3400
-3827
-4170
-4417
-4587
-4707
-4772
-4759
-4637
-4411
-4139
-3914
-3793
-3773
-3770
-3695
-3483
-3098
-2547
-1859
-1102
-356
293
786
1127
1365
1563
1758
1972
2204
2446
2704
3016
3436
4015
4745
5535
6238
6723
6933
6908
6690
6268
5586
4624
3461
2256
1191
357
-232
-643
-952
-1208
-1488
-1853
-2343
-2940
-3563
-4112
-4517
-4768
-4915
-4998
-5024
-4966
-4798
-4553
-4321
-4204
-4234
-4337
-4373
-4224
-3837
-3247
-2526
-1756
-1018
-368
155
565
920
1267
1616
1919
2140
2290
2451
2718
3167
3798
4540
5303
6010
6627
7124
7445
7485
7141
6391
5327
4130
2994
2037
1275
672
179
-242
-621
-1006
-1459
-2017
-2673
-3362
-3991
-4484
-4812
-4996
-5090
-5115
-5063
-4928
-4728
-4542
-4447
-4483
-4601
-4696
-4678
-4475
-4043
-3389
-2561
-1680
-899
-300
124
481
862
1269
1634
1888
2050
2213
2500
2983
3646
4416
5218
6000
6708
7296
7682
7774
7520
6921
6053
5026
3953
2937
2052
1335
776
313
-138
-651
-1239
-1883
-2536
-3162
-3745
-4250
-4650
-4926
-5089
-5166
-5183
-5147
-5059
-4935
-4827
-4798
-4872
-5008
-5091
-5007
-4682
-4120
-3379
-2539
-1674
-853
-143
410
800
1071
1298
1552
1863
2240
2664
3122
3624
4200
4881
5652
6458
7206
7788
8110
8104
7756
7104
6228
5225
4174
3149
2186
1324
608
31
-437
-874
-1386
-2036
-2797
-3584
-4283
-4815
-5170
-5379
-5480
-5508
-5478
-5407
-5337
-5298
-5319
-5385
-5441
-5437
-5306
-5006
-4523
-3864
-3090
-2263
-1465
-759
-157
355
805
1203
1547
1829
2079
2348
2696
3162
3736
4411
5175
6017
6910
7765
8431
8747
8599
7987
7026
5895
4763
3739
2848
2071
1378
765
233
-243
-733
-1342
-2112
-2999
-3869
-4565
-5029
-5289
-5430
-5526
-5586
-5576
-5485
-5360
-5292
-5352
-5520
-5696
-5754
-5616
-5279
-4794
-4203
-3516
-2708
-1792
-844
24
708
1176
1472
1695
1946
2280
2694
3157
3644
4182
4816
5578
6443
7320
8077
8578
8754
8589
8112
7364
6384
5236
4016
2837
1825
1042
464
-5
-489
-1077
-1784
-2569
-3348
-4051
-4646
-5129
-5502
-5763
-5916
-5965
-5948
-5924
-5928
-5971
-6033
-6060
-6013
-5866
-5603
-5226
-4706
-4018
-3167
-2182
-1162
-227
535
1081
1454
1724
1980
2266
2603
2979
3379
3821
4333
4950
5683
6504
7344
8107
8671
8937
8826
8303
7415
6273
5034
3838
2761
1804
943
156
-553
-1161
-1684
-2178
-2719
-3351
-4041
-4707
-5256
-5641
-5879
-6023
-6130
-6210
-6234
-6165
-6025
-5873
-5770
-5728
-5673
-5490
-5102
-4494
-3725
-2887
-2050
-1240
-456
287
956
1503
1921
2243
2531
2851
3228
3664
4145
4679
5311
6061
6898
7719
8390
8795
8881
8655
8142
7382
6400
5237
3981
2749
1640
703
-79
-766
-1397
-1981
-2534
-3056
-3598
-4201
-4846
-5474
-5975
-6267
-6340
-6270
-6185
-6170
-6239
-6334
-6376
-6322
-6172
-5938
-5607
-5164
-4574
-3828
-2965
-2018
-1052
-123
703
1380
1882
2233
2518
2816
3182
3596
4006
4390
4783
5282
5956
6795
7683
8458
8963
9106
8881
8321
7461
6368
5128
3832
2592
1492
589
-122
-698
-1216
-1762
-2377
-3062
-3786
-4514
-5213
-5848
-6364
-6679
-6750
-6599
-6343
-6133
-6049
-6074
-6116
-6063
-5883
-5598
-5232
-4802
-4283
-3651
-2914
-2092
-1221
-322
563
1360
1983
2383
2615
2803
3084
3513
4050
4600
5119
5647
6261
6969
7700
8321
8707
8798
8592
8105
7356
6369
5195
3925
2675
1527
523
-338
-1086
-1743
-2337
-2903
-3487
-4104
-4730
-5296
-5734
-6019
-6187
-6297
-6388
-6452
-6448
-6355
-6194
-6020
-5873
-5746
-5586
-5321
-4902
-4316
-3585
-2766
-1898
-1022
-176
614
1324
1930
2424
2827
3172
3505
3855
4222
4604
5010
5489
6083
6785
7519
8172
8627
8806
8685
8267
7574
6621
5451
4139
2797
1542
467
-404
-1121
-1765
-2412
-3085
-3754
-4371
-4896
-5338
-5743
-6137
-6503
-6775
-6871
-6775
-6552
-6294
-6083
-5940
-5820
-5655
-5390
-5009
-4528
-3969
-3323
-2572
-1700
-761
129
870
1433
1883
2319
2783
3220
3555
3765
3914
4142
4574
5260
6141
7084
7931
8555
8890
8919
8646
8077
7238
6184
5007
3804
2644
1566
583
-296
-1044
-1681
-2258
-2861
-3568
-4371
-5193
-5892
-6366
-6590
-6610
-6514
-6378
-6229
-6075
-5929
-5811
-5739
-5695
-5626
-5484
-5236
-4869
-4369
-3700
-2854
-1860
-807
181
1013
1648
2114
2459
2748
3034
3319
3611
3910
4245
4659
5218
5945
6783
7609
8281
8695
8807
8620
8126
7320
6230
4954
3665
2515
1575
809
118
-598
-1352
-2102
-2807
-3468
-4129
-4819
-5499
-6074
-6455
-6604
-6558
-6395
-6189
-5992
-5821
-5695
-5623
-5595
-5578
-5512
-5312
-4930
-4352
-3604
-2735
-1784
-803
161
1043
1776
2327
2692
2896
3023
3153
3359
3665
4053
4482
4920
5391
5948
6640
7432
8190
8718
8825
8419
7565
6429
5189
3954
2763
1636
599
-278
-960
-1481
-1950
-2493
-3168
-3940
-4695
-5323
-5766
-6051
-6246
-6387
-6458
-6412
-6220
-5904
-5555
-5285
-5155
-5137
-5129
-5007
-4695
-4191
-3540
-2799
-2004
-1153
-271
585
1324
1885
2259
2492
2683
2897
3169
3490
3828
4179
4585
5114
5786
6549
7290
7881
8225
8287
8071
7569
6795
5780
4605
3376
2203
1142
205
-615
-1324
-1924
-2435
-2901
-3383
-3923
-4501
-5044
-5479
-5759
-5888
-5909
-5856
-5760
-5652
-5563
-5519
-5517
-5501
-5401
-5162
-4779
-4303
-3779
-3193
-2503
-1676
-752
156
925
1466
1809
2045
2279
2567
2880
3174
3419
3647
3941
4401
5071
5919
6828
7628
8166
8371
8243
7814
7125
6209
5097
3857
2600
1455
518
-176
-698
-1153
-1638
-2202
-2842
-3523
-4195
-4817
-5349
-5736
-5960
-6027
-5972
-5858
-5743
-5653
-5578
-5493
-5372
-5207
-5003
-4756
-4441
-4012
-3432
-2717
-1927
-1117
-339
389
1068
1678
2179
2519
2685
2715
2716
2817
3110
3612
4266
4992
5715
6409
7069
7661
8123
8355
8249
7751
6881
5737
4459
3183
2020
1026
209
-473
-1061
-1605
-2148
-2713
-3303
-3899
-4476
-4982
-5386
-5669
-5846
-5942
-5972
-5928
-5802
-5610
-5417
-5288
-5249
-5254
-5187
-4933
-4452
-3792
-3041
-2275
-1531
-781
-22
722
1387
1904
2250
2461
2607
2755
2954
3216
3563
4012
4580
5263
6012
6760
7438
7963
8271
8307
8014
7384
6443
5283
4019
2772
1635
651
-168
-856
-1448
-1994
-2534
-3086
-3648
-4202
-4726
-5187
-5558
-5816
-5952
-5983
-5934
-5841
-5720
-5583
-5441
-5294
-5156
-5001
-4785
-4473
-4030
-3450
-2748
-1962
-1128
-305
451
1093
1578
1908
2124
2289
2464
2686
2961
3293
3702
4218
4881
5691
6583
7446
8143
8566
8644
8360
7729
6811
5674
4415
3134
1941
904
45
-670
-1282
-1839
-2375
-2904
-3445
-4000
-4550
-5050
-5446
-5693
-5789
-5773
-5698
-5620
-5558
-5500
-5419
-5301
-5166
-5038
-4922
-4770
-4501
-4027
-3315
-2412
-1415
-464
338
951
1391
1719
1977
2201
2386
2551
2735
2984
3353
3870
4561
5394
6301
7197
7967
8501
8721
8563
8034
7195
6117
4916
3690
2530
1507
652
-42
-628
-1186
-1793
-2475
-3208
-3921
-4528
-4989
-5320
-5561
-5740
-5867
-5913
-5867
-5752
-5622
-5530
-5496
-5493
-5465
-5365
-5135
-4754
-4207
-3482
-2617
-1688
-784
-4
611
1066
1417
1708
1949
2145
2295
2435
2631
2965
3489
4222
5119
6091
7033
7832
8396
8672
8639
8299
7686
6826
5756
4544
3274
2063
1013
189
-429
-913
-1383
-1936
-2593
-3323
-4039
-4650
-5107
-5395
-5554
-5643
-5703
-5746
-5755
-5711
-5617
-5501
-5398
-5328
-5272
-5181
-4978
-4604
-4043
-3314
-2481
-1625
-816
-98
501
962
1304
1544
1724
1893
2105
2419
2868
3468
4197
5028
5900
6743
7500
8099
8493
8645
8513
8080
7356
6384
5250
4059
2910
1871
965
187
-501
-1140
-1752
-2344
-2932
-3504
-4066
-4609
-5106
-5527
-5823
-5978
-5997
-5927
-5836
-5771
-5758
-5778
-5779
-5702
-5513
-5200
-4773
-4244
-3618
-2903
-2104
-1270
-472
220
744
1107
1362
1570
1793
2061
2375
2726
3142
3654
4310
5133
6071
7032
7869
8453
8716
8659
8333
7785
7035
6088
4984
3790
2622
1591
749
71
-517
-1109
-1748
-2425
-3106
-3755
-4369
-4930
-5417
-5790
-6004
-6048
-5956
-5796
-5654
-5562
-5520
-5509
-5492
-5434
-5300
-5051
-4658
-4117
-3446
-2689
-1910
-1166
-488
114
630
1067
1401
1624
1778
1932
2196
2645
3287
4057
4865
5645
6374
7053
7681
8198
8523
8564
8262
7641
6780
5778
4721
3642
2570
1536
595
-208
-864
-1426
-1968
-2553
-3201
-3865
-4480
-4987
-5375
-5663
-5881
-6037
-6108
-6078
-5950
-5763
-5590
-5488
-5469
-5483
-5440
-5244
-4832
-4224
-3479
-2662
-1835
-1042
-326
289
765
1097
1334
1547
1827
2230
2753
3343
3930
4484
5032
5650
6383
7205
8010
8651
8979
8928
8495
7745
6773
5668
4522
3407
2391
1515
767
90
-581
-1277
-2000
-2715
-3383
-3974
-4501
-4966
-5376
-5736
-6016
-6202
-6290
-6287
-6225
-6146
-6086
-6058
-6046
-5998
-5838
-5504
-4976
-4287
-3497
-2680
-1877
-1109
-389
273
832
1273
1598
1854
2118
2439
2842
3308
3818
4370
4997
5733
6558
7406
8149
8668
8896
8808
8428
7786
6924
5888
4757
3616
2552
1610
793
68
-607
-1261
-1902
-2536
-3171
-3807
-4450
-5074
-5625
-6050
-6316
-6420
-6399
-6311
-6197
-6087
-5993
-5916
-5844
-5748
-5592
-5323
-4911
-4351
-3639
-2822
-1958
-1120
-380
242
749
1172
1535
1845
2128
2405
2730
3152
3690
4349
5093
5886
6680
7421
8055
8520
8772
8779
8504
7947
7109
6028
4799
3532
2360
1358
540
-140
-735
-1308
-1902
-2542
-3230
-3929
-4595
-5181
-5657
-6000
-6212
-6321
-6361
-6371
-6346
-6253
-6072
-5837
-5611
-5443
-5313
-5134
-4814
-4305
-3626
-2833
-1984
-1147
-389
263
803
1234
1583
1873
2137
2421
2804
3329
3978
4703
5440
6163
6869
7535
8104
8499
8672
8615
8343
7860
7139
6161
4968
3673
2434
1372
534
-140
-743
-1362
-2048
-2794
-3552
-4252
-4841
-5312
-5694
-6017
-6294
-6502
-6614
-6609
-6492
-6317
-6154
-6053
-6008
-5937
-5746
-5379
-4847
-4196
-3473
-2692
-1855
-1005
-217
433
903
1236
1509
1811
2183
2605
3050
3503
3995
4591
5331
6197
7090
7885
8473
8797
8849
8648
8226
7607
6813
5870
4810
3686
2580
1562
683
-59
-698
-1301
-1929
-2612
-3352
-4118
-4862
-5516
-6013
-6317
-6444
-6458
-6432
-6416
-6391
-6316
-6163
-5930
-5675
-5456
-5284
-5096
-4785
-4259
-3496
-2579
-1644
-826
-185
306
716
1108
1489
1839
2148
2438
2774
3214
3781
4467
5237
6051
6860
7616
8252
8678
8820
8628
8114
7343
6428
5471
4520
3584
2655
1735
872
108
-555
-1173
-1826
-2570
-3384
-4197
-4908
-5456
-5834
-6063
-6182
-6222
-6193
-6102
-5987
-5882
-5826
-5841
-5884
-5876
-5732
-5396
-4879
-4232
-3524
-2800
-2065
-1324
-602
67
616
1020
1310
1556
1865
2295
2851
3484
4132
4777
5426
6112
6830
7535
8144
8561
8719
8611
8250
7678
6936
6062
5104
4089
3062
2052
1106
255
-500
-1177
-1833
-2509
-3230
-3959
-4635
-5209
-5658
-5984
-6190
-6294
-6311
-6286
-6276
-6312
-6383
-6432
-6398
-6228
-5919
-5489
-4962
-4361
-3686
-2945
-2160
-1358
-592
105
692
1140
1480
1767
2080
2465
2918
3406
3901
4425
5024
5726
6502
7266
7908
8345
8562
8576
8395
8004
7373
6494
5400
4194
3001
1927
1038
331
-252
-802
-1428
-2187
-3081
-4019
-4870
-5523
-5923
-6117
-6190
-6219
-6237
-6248
-6232
-6180
-6107
-6022
-5932
-5817
-5644
-5384
-5004
-4497
-3864
-3130
-2339
-1547
-814
-167
378
825
1201
1543
1891
2284
2740
3264
3829
4426
5055
5724
6439
7147
7786
8268
8539
8576
8395
8012
7419
6611
5608
4479
3336
2284
1386
645
5
-608
-1262
-1985
-2771
-3586
-4366
-5053
-5593
-5970
-6196
-6323
-6392
-6424
-6428
-6395
-6329
-6241
-6144
-6041
-5900
-5678
-5337
-4856
-4247
-3535
-2750
-1934
-1123
-358
320
885
1339
1712
2030
2341
2689
3106
3606
4180
4807
5464
6135
6805
7449
8007
8441
8702
8739
8513
7980
7148
6089
4935
3824
2844
1991
1208
425
-392
-1237
-2065
-2842
-3542
-4160
-4723
-5246
-5723
-6112
-6367
-6483
-6509
-6518
-6537
-6544
-6501
-6389
-6221
-6012
-5748
-5397
-4946
-4399
-3775
-3089
-2333
-1540
-760
-57
534
1021
1436
1800
2125
2445
2819
3321
3971
4711
5444
6102
6698
7279
7869
8397
8750
8820
8558
8001
7220
6307
5361
4445
3582
2748
1890
986
53
-859
-1699
-2455
-3147
-3808
-4460
-5070
-5592
-5971
-6186
-6290
-6368
-6475
-6606
-6691
-6678
-6577
-6452
-6359
-6255
-6035
-5597
-4933
-4128
-3292
-2510
-1776
-1064
-363
319
946
1499
1951
2292
2563
2827
3198
3725
4383
5093
5775
6419
7033
7618
8145
8540
8742
8698
8375
7786
6968
6016
5002
4000
3027
2068
1132
211
-660
-1467
-2202
-2853
-3458
-4046
-4646
-5246
-5804
-6269
-6581
-6747
-6797
-6796
-6808
-6844
-6884
-6856
-6707
-6400
-5939
-5375
-4754
-4102
-3414
-2678
-1905
-1114
-368
279
795
1177
1489
1779
2101
2476
2882
3328
3818
4386
5073
5905
6839
7748
8501
8981
9144
9013
8621
8030
7253
6320
5298
4245
3249
2346
1531
760
-21
-816
-1616
-2395
-3147
-3872
-4565
-5205
-5740
-6142
-6404
-6556
-6637
-6670
-6673
-6637
-6581
-6533
-6497
-6444
-6299
-5993
-5503
-4856
-4127
-3368
-2599
-1812
-1009
-224
487
1066
1502
1838
2151
2526
2988
3537
4119
4689
5245
5814
6449
7148
7859
8469
8859
8963
8772
8340
7720
6938
6012
4967
3839
2705
1639
701
-82
-723
-1283
-1837
-2459
-3181
-3979
-4778
-5482
-6022
-6367
-6545
-6644
-6752
-6909
-7074
-7158
-7092
-6874
-6580
-6292
-6026
-5725
-5275
-4612
-3764
-2841
-1971
-1197
-498
181
848
1448
1930
2271
2518
2761
3060
3465
3961
4539
5185
5885
6629
7371
8054
8628
9031
9196
9048
8533
7667
6559
5370
4240
3236
2324
1462
650
-90
-734
-1326
-1969
-2750
-3675
-4641
-5481
-6057
-6351
-6450
-6491
-6577
-6714
-6854
-6919
-6872
-6736
-6544
-6328
-6093
-5814
-5456
-4992
-4404
-3680
-2826
-1899
-988
-197
428
913
1339
1776
2227
2658
3031
3377
3800
4383
5145
6010
6846
7561
8104
8489
8724
8783
8636
8275
7726
7036
6233
5311
4262
3125
2001
1013
233
-400
-1004
-1693
-2498
-3350
-4145
-4820
-5384
-5892
-6379
-6810
-7127
-7275
-7274
-7206
-7137
-7101
-7056
-6939
-6696
-6319
-5839
-5285
-4690
-4033
-3292
-2456
-1539
-606
259
990
1543
1940
2239
2509
2837
3267
3805
4412
5030
5616
6156
6690
7245
7832
8408
8864
9087
8986
8532
7802
6900
5919
4906
3861
2787
1720
730
-108
-786
-1368
-1962
-2660
-3482
-4352
-5152
-5783
-6229
-6551
-6841
-7143
-7412
-7548
-7472
-7194
-6830
-6529
-6370
-6296
-6158
-5818
-5236
-4479
-3647
-2803
-1936
-1032
-120
707
1344
1753
1996
2200
2480
2879
3358
3849
4327
4827
5408
6102
6880
7669
8360
8864
9102
9036
8673
8055
7259
6359
5411
4433
3424
2406
1416
515
-269
-959
-1617
-2313
-3086
-3914
-4739
-5483
-6087
-6542
-6858
-7067
-7201
-7280
-7298
-7243
-7098
-6883
-6643
-6414
-6214
-5994
-5669
-5150
-4383
-3408
-2320
-1246
-306
441
1012
1454
1831
2183
2524
2871
3241
3640
4075
4539
5048
5628
6296
7046
7801
8438
8836
8938
8753
8339
7749
6989
6058
4987
3858
2783
1859
1107
481
-115
-773
-1542
-2432
-3383
-4311
-5131
-5786
-6278
-6654
-6957
-7199
-7350
-7364
-7247
-7049
-6856
-6714
-6607
-6454
-6173
-5726
-5146
-4480
-3767
-3002
-2163
-1260
-353
479
1174
1716
2133
2469
2762
3056
3389
3797
4306
4897
5524
6134
6697
7220
7707
8156
8528
8737
8680
8301
7612
6699
5689
4680
3706
2755
1795
828
-91
-918
-1643
-2319
-3022
-3798
-4626
-5418
-6080
-6554
-6858
-7042
-7184
-7314
-7420
-7470
-7433
-7297
-7063
-6753
-6374
-5939
-5449
-4885
-4224
-3435
-2526
-1539
-565
308
1019
1557
1963
2298
2620
2953
3318
3722
4179
4708
5290
5889
6464
6981
7444
7872
8261
8567
8702
8559
8081
7292
6297
5245
4243
3323
2456
1576
664
-247
-1101
-1852
-2522
-3180
-3890
-4678
-5483
-6207
-6753
-7094
-7264
-7345
-7396
-7427
-7410
-7300
-7086
-6801
-6485
-6172
-5839
-5418
-4846
-4089
-3184
-2208
-1253
-390
366
1016
1571
2027
2409
2738
3046
3388
3787
4244
4742
5255
5770
6295
6836
7385
7908
8332
8579
8585
8320
7793
7044
6132
5133
4104
3086
2105
1177
324
-457
-1183
-1885
-2607
-3381
-4190
-4975
-5673
-6224
-6623
-6890
-7070
-7206
-7293
-7324
-7277
-7138
-6905
-6589
-6213
-5797
-5360
-4899
-4388
-3791
-3086
-2279
-1414
-560
223
904
1480
1978
2438
2879
3294
3670
4007
4341
4721
5181
5727
6324
6910
7428
7825
8073
8162
8099
7894
7546
7035
6346
5481
4459
3337
2197
1110
120
-764
-1566
-2316
-3036
-3728
-4370
-4944
-5452
-5911
-6349
-6764
-7124
-7386
-7502
-7466
-7314
-7103
-6877
-6644
-6363
-5966
-5425
-4754
-3993
-3225
-2486
-1774
-1043
-260
551
1308
1925
2358
2648
2878
3134
3454
3832
4247
4677
5126
5618
6163
6732
7271
7706
7985
8099
8066
7888
7543
6972
6135
5057
3841
2632
1549
639
-123
-809
-1499
-2238
-3030
-3839
-4598
-5259
-5803
-6240
-6608
-6922
-7175
-7330
-7352
-7233
-6986
-6658
-6302
-5977
-5707
-5443
-5110
-4649
-4041
-3330
-2566
-1780
-988
-189
595
1304
1881
2316
2644
2939
3250
3615
4019
4431
4846
5268
5725
6230
6775
7324
7806
8138
8258
8131
7762
7185
6451
5614
4715
3768
2770
1741
717
-242
-1077
-1785
-2412
-3044
-3725
-4437
-5107
-5664
-6094
-6449
-6784
-7094
-7327
-7414
-7315
-7077
-6783
-6512
-6298
-6095
-5812
-5366
-4706
-3888
-3015
-2186
-1454
-783
-110
591
1303
1959
2503
2906
3190
3398
3597
3848
4189
4637
5158
5710
6244
6729
7159
7525
7814
7984
7980
7745
7241
6495
5589
4632
3699
2799
1891
925
-88
-1068
-1922
-2601
-3145
-3648
-4211
-4878
-5601
-6266
-6761
-7042
-7123
-7086
-7009
-6931
-6847
-6711
-6489
-6190
-5826
-5427
-4998
-4505
-3921
-3223
-2426
-1578
-732
68
793
1418
1925
2317
2629
2895
3152
3421
3724
4071
4476
4946
5469
6013
6551
7040
7443
7734
7884
7857
7616
7136
6442
5591
4666
3726
2782
1821
841
-115
-978
-1708
-2306
-2837
-3396
-4025
-4699
-5336
-5858
-6244
-6523
-6741
-6936
-7084
-7128
-7039
-6810
-6483
-6141
-5803
-5447
-5029
-4500
-3868
-3174
-2450
-1714
-956
-160
632
1356
1943
2347
2590
2769
2976
3288
3714
4173
4605
4974
5316
5713
6213
6789
7349
7754
7912
7807
7477
6985
6385
5667
4834
3884
2841
1795
792
-120
-912
-1632
-2302
-2941
-3583
-4202
-4790
-5350
-5840
-6258
-6586
-6785
-6882
-6902
-6864
-6812
-6725
-6561
-6304
-5925
-5434
-4876
-4263
-3625
-2967
-2258
-1517
-763
-25
647
1253
1805
2289
2696
2998
3193
3339
3524
3824
4275
4833
5401
5896
6291
6623
6956
7287
7547
7625
7430
6964
6312
5561
4778
3952
3030
2012
946
-66
-905
-1557
-2076
-2575
-3163
-3860
-4609
-5301
-5827
-6167
-6362
-6487
-6621
-6771
-6894
-6918
-6778
-6475
-6070
-5645
-5270
-4938
-4568
-4066
-3382
-2555
-1674
-842
-117
498
1030
1517
1960
2354
2685
2972
3256
3563
3913
4281
4651
5024
5418
5851
6325
6796
7191
7434
7480
7324
6980
6481
5838
5053
4146
3159
2164
1225
381
-366
-1051
-1721
-2388
-3047
-3678
-4265
-4811
-5325
-5803
-6233
-6582
-6822
-6943
-6952
-6854
-6660
-6369
-5997
-5582
-5166
-4772
-4370
-3910
-3333
-2631
-1845
-1058
-356
231
734
1217
1721
2238
2707
3066
3289
3419
3547
3756
4113
4603
5181
5755
6247
6621
6867
7010
7068
7030
6862
6507
5928
5125
4169
3165
2203
1337
557
-158
-826
-1438
-1980
-2467
-2945
-3489
-4140
-4882
-5619
-6224
-6600
-6735
-6702
-6592
-6478
-6373
-6247
-6062
-5803
-5471
-5071
-4596
-4031
-3376
-2674
-1992
-1376
-819
-266
323
944
1530
2005
2348
2589
2807
3070
3401
3817
4304
4842
5385
5865
6212
6409
6517
6621
6766
6901
6890
6604
6023
5239
4396
3590
2800
1961
1038
75
-793
-1472
-1953
-2319
-2708
-3199
-3801
-4477
-5156
-5775
-6299
-6680
-6887
-6924
-6815
-6626
-6410
-6176
-5900
-5536
-5058
-4494
-3887
-3295
-2742
-2213
-1682
-1103
-452
240
921
1541
2047
2425
2694
2902
3128
3424
3800
4225
4641
4998
5288
5545
5804
6100
6415
6681
6822
6770
6509
6058
5452
4734
3938
3092
2231
1385
570
-185
-869
-1497
-2089
-2693
-3331
-3992
-4661
-5285
-5813
-6224
-6512
-6681
-6746
-6706
-6570
-6361
-6085
-5768
-5407
-4991
-4522
-4021
-3512
-3019
-2539
-2012
-1396
-677
86
777
1314
1691
2001
2332
2737
3178
3572
3872
4087
4298
4579
4958
5396
5813
6149
6390
6535
6581
6509
6286
5910
5394
4773
4085
3350
2581
1805
1047
338
-298
-873
-1434
-2036
-2726
-3481
-4225
-4867
-5345
-5674
-5934
-6191
-6472
-6713
-6816
-6715
-6411
-5976
-5505
-5072
-4692
-4330
-3926
-3431
-2841
-2173
-1465
-769
-106
506
1044
1508
1899
2219
2485
2734
2997
3292
3625
3972
4299
4597
4880
5184
5528
5896
6216
6408
6426
6274
5998
5631
5178
4601
3878
3051
2195
1393
695
67
-546
-1199
-1893
-2580
-3205
-3735
-4201
-4667
-5164
-5675
-6126
-6421
-6503
-6388
-6154
-5893
-5655
-5434
-5192
-4873
-4464
-3986
-3475
-2961
-2450
-1924
-1361
-752
-112
521
1100
1578
1946
2233
2480
2732
3015
3315
3619
3905
4189
4510
4888
5312
5716
6036
6215
6241
6139
5927
5622
5213
4707
4111
3447
2736
1993
1243
519
-132
-686
-1172
-1651
-2201
-2855
-3585
-4312
-4951
-5461
-5852
-6138
-6328
-6409
-6358
-6188
-5929
-5613
-5265
-4898
-4511
-4117
-3719
-3317
-2884
-2380
-1780
-1107
-413
246
821
1307
1722
2080
2392
2648
2871
3091
3356
3693
4064
4427
4724
4941
5112
5285
5482
5677
5816
5825
5673
5376
4971
4497
3966
3361
2680
1932
1155
402
-292
-925
-1527
-2117
-2705
-3287
-3849
-4397
-4925
-5411
-5822
-6105
-6230
-6207
-6072
-5872
-5645
-5396
-5104
-4772
-4395
-3993
-3567
-3103
-2596
-2040
-1454
-873
-306
235
755
1263
1747
2183
2539
2801
2987
3151
3354
3624
3956
4310
4631
4900
5112
5297
5478
5647
5766
5789
5680
5430
5045
4534
3901
3153
2323
1484
722
100
-381
-803
-1280
-1881
-2603
-3352
-4040
-4598
-5026
-5353
-5612
-5815
-5952
-6002
-5951
-5796
-5550
-5242
-4888
-4520
-4145
-3767
-3379
-2963
-2518
-2032
-1497
-912
-286
341
911
1374
1714
1965
2184
2427
2723
3039
3335
3580
3781
3994
4271
4630
5030
5393
5646
5738
5677
5511
5282
5019
4697
4271
3719
3045
2292
1537
845
246
-283
-805
-1362
-1965
-2588
-3201
-3794
-4350
-4864
-5287
-5583
-5742
-5793
-5784
-5749
-5669
-5483
-5151
-4703
-4210
-3774
-3442
-3181
-2919
-2583
-2135
-1583
-966
-339
242
737
1144
1505
1868
2253
2636
2975
3225
3399
3542
3716
3970
4304
4661
4978
5219
5379
5479
5518
5464
5294
4993
4572
4055
3472
2860
2235
1612
985
352
-273
-863
-1406
-1922
-2466
-3075
-3743
-4410
-4980
-5373
-5579
-5642
-5650
-5647
-5619
-5510
-5274
-4931
-4552
-4202
-3898
-3600
-3255
-2850
-2406
-1933
-1438
-912
-339
269
870
1413
1850
2173
2388
2544
2697
2872
3098
3371
3692
4045
4392
4701
4945
5130
5265
5349
5372
5325
5203
4984
4632
4098
3389
2587
1811
1157
654
243
-178
-683
-1309
-2023
-2764
-3453
-4044
-4513
-4884
-5200
-5484
-5726
-5865
-5847
-5657
-5342
-4990
-4666
-4391
-4139
-3865
-3527
-3112
-2644
-2164
-1686
-1207
-709
-184
347
849
1297
1677
2007
2300
2573
2839
3108
3394
3687
3975
4246
4485
4702
4895
5057
5187
5267
5283
5219
5056
4768
4351
3825
3251
2676
2117
1546
921
226
-502
-1200
-1807
-2324
-2808
-3314
-3871
-4434
-4920
-5267
-5453
-5519
-5513
-5466
-5375
-5222
-4996
-4715
-4418
-4119
-3821
-3514
-3177
-2801
-2378
-1900
-1362
-759
-132
460
967
1382
1733
2068
2402
2727
3006
3233
3448
3690
3979
4284
4535
4689
4756
4802
4905
5091
5305
5420
5315
4939
4337
3626
2936
2345
1852
1387
867
242
-472
-1199
-1867
-2450
-2976
-3500
-4045
-4577
-5034
-5367
-5581
-5719
-5800
-5814
-5724
-5494
-5134
-4713
-4316
-4000
-3747
-3480
-3115
-2631
-2059
-1469
-907
-378
138
659
1170
1641
2032
2353
2622
2885
3163
3432
3653
3798
3884
3971
4127
4377
4698
5031
5289
5419
5402
5248
4984
4637
4223
3748
3223
2640
2005
1323
611
-96
-762
-1357
-1889
-2389
-2904
-3453
-4032
-4593
-5066
-5404
-5586
-5629
-5583
-5488
-5372
-5231
-5041
-4784
-4462
-4087
-3700
-3329
-2976
-2607
-2184
-1693
-1150
-597
-55
485
1035
1584
2086
2475
2719
2846
2932
3066
3281
3545
3806
4029
4232
4456
4718
4980
5164
5209
5114
4929
4700
4447
4122
3677
3110
2461
1809
1201
635
75
-518
-1161
-1825
-2469
-3056
-3570
-4015
-4402
-4747
-5051
-5291
-5441
-5478
-5400
-5248
-5080
-4920
-4749
-4521
-4190
-3766
-3296
-2836
-2420
-2017
-1564
-1028
-404
260
897
1474
1972
2367
2628
2741
2758
2778
2913
3186
3532
3839
4026
4125
4232
4444
4774
5122
5361
5397
5222
4890
4460
3971
3438
2878
2304
1728
1131
489
-195
-866
-1463
-1952
-2380
-2851
-3443
-4141
-4826
-5336
-5584
-5593
-5466
-5315
-5200
-5124
-5048
-4929
-4741
-4479
-4150
-3771
-3352
-2911
-2457
-1975
-1450
-867
-240
389
967
1451
1825
2117
2369
2619
2878
3125
3355
3566
3789
4045
4306
4536
4695
4776
4824
4875
4947
5011
5002
4861
4564
4121
3581
2968
2304
1609
910
242
-377
-956
-1530
-2120
-2728
-3321
-3867
-4338
-4727
-5058
-5327
-5522
-5640
-5672
-5632
-5525
-5349
-5089
-4753
-4383
-4015
-3668
-3309
-2870
-2307
-1640
-954
-328
195
650
1084
1518
1938
2300
2591
2828
3041
3253
3471
3694
3935
4180
4414
4619
4778
4919
5058
5196
5308
5326
5188
4873
4398
3821
3195
2555
1914
1277
652
38
-563
-1178
-1818
-2481
-3132
-3736
-4267
-4703
-5058
-5351
-5590
-5748
-5803
-5737
-5561
-5320
-5063
-4819
-4592
-4352
-4061
-3681
-3199
-2634
-2023
-1417
-861
-358
123
626
1165
1711
2189
2559
2817
3017
3211
3428
3653
3864
4070
4286
4515
4741
4924
5028
5056
5054
5046
5016
4907
4654
4235
3693
3111
2545
1982
1373
681
-87
-855
-1558
-2146
-2635
-3085
-3543
-4032
-4533
-5010
-5430
-5754
-5954
-6010
-5917
-5709
-5446
-5185
-4941
-4687
-4357
-3918
-3384
-2811
-2259
-1735
-1217
-678
-111
468
1020
1526
1969
2347
2668
2938
3165
3360
3549
3723
3883
4030
4178
4352
4564
4806
5030
5189
5245
5197
5064
4859
4571
4176
3637
2948
2147
1298
488
-229
-829
-1352
-1849
-2362
-2901
-3433
-3924
-4344
-4714
-5077
-5441
-5771
-5984
-5992
-5772
-5383
-4943
-4568
-4300
-4097
-3862
-3509
-3027
-2469
-1939
-1484
-1092
-690
-201
399
1055
1678
2180
2523
2738
2892
3048
3248
3488
3740
3976
4183
4380
4582
4791
5006
5196
5330
5386
5338
5163
4844
4379
3784
3095
2360
1625
923
284
-298
-841
-1381
-1947
-2549
-3173
-3783
-4334
-4789
-5138
-5397
-5603
-5774
-5892
-5909
-5764
-5446
-5015
-4580
-4243
-4027
-3864
-3628
-3198
-2570
-1828
-1114
-522
-39
428
967
1579
2193
2695
2997
3124
3180
3269
3449
3683
3899
4043
4127
4236
4446
4755
5083
5315
5372
5249
4995
4674
4306
3867
3330
2696
2002
1303
643
30
-547
-1113
-1682
-2256
-2841
-3433
-4024
-4580
-5062
-5425
-5654
-5768
-5800
-5770
-5668
-5464
-5158
-4771
-4363
-3983
-3645
-3308
-2926
-2481
-1982
-1463
-939
-405
144
709
1257
1740
2129
2425
2660
2877
3096
3325
3547
3742
3921
4105
4325
4592
4884
5152
5326
5349
5215
4970
4671
4348
3986
3525
2942
2264
1558
902
307
-265
-870
-1532
-2208
-2844
-3388
-3840
-4249
-4651
-5041
-5360
-5544
-5569
-5477
-5335
-5191
-5057
-4901
-4685
-4389
-4027
-3623
-3197
-2755
-2289
-1785
-1236
-653
-56
523
1054
1523
1923
2273
2581
2860
3114
3332
3522
3687
3857
4050
4266
4498
4707
4885
5027
5125
5162
5094
4903
4590
4179
3717
3215
2660
2037
1349
640
-35
-644
-1199
-1748
-2342
-2970
-3598
-4167
-4630
-4984
-5247
-5443
-5582
-5664
-5664
-5576
-5395
-5138
-4824
-4477
-4098
-3706
-3307
-2898
-2470
-1999
-1481
-923
-351
203
726
1212
1671
2099
2474
2780
3026
3237
3453
3685
3924
4136
4310
4474
4655
4877
5109
5276
5310
5180
4914
4572
4201
3804
3337
2768
2088
1340
596
-69
-620
-1105
-1586
-2112
-2707
-3325
-3912
-4407
-4785
-5043
-5213
-5328
-5414
-5467
-5472
-5396
-5212
-4905
-4508
-4082
-3680
-3324
-2984
-2613
-2163
-1620
-1011
-396
166
648
1059
1437
1815
2200
2581
2930
3213
3441
3634
3830
4064
4322
4584
4804
4957
5039
5074
5085
5070
4996
4807
4475
3998
3427
2831
2249
1680
1084
432
-274
-997
-1691
-2299
-2813
-3260
-3669
-4077
-4498
-4919
-5299
-5589
-5766
-5816
-5745
-5585
-5370
-5124
-4861
-4580
-4260
-3882
-3428
-2898
-2321
-1741
-1204
-711
-230
296
891
1523
2106
2551
2817
2962
3106
3361
3758
4219
4620
4830
4850
4781
4762
4874
5088
5309
5410
5323
5035
4598
4083
3538
2993
2436
1837
1167
432
-313
-999
-1584
-2073
-2526
-2999
-3522
-4065
-4576
-5005
-5333
-5572
-5738
-5824
-5802
-5656
-5410
-5098
-4776
-4472
-4171
-3854
-3488
-3063
-2567
-1988
-1332
-640
24
591
1034
1373
1688
2044
2456
2893
3284
3587
3805
3971
4142
4344
4568
4780
4939
5032
5068
5085
5102
5106
5033
4810
4394
3799
3107
2403
1743
1129
526
-101
-755
-1410
-2024
-2576
-3057
-3489
-3890
-4272
-4644
-5008
-5349
-5633
-5809
-5832
-5695
-5438
-5144
-4881
-4668
-4461
-4178
-3765
-3227
-2640
-2080
-1575
-1106
-609
-38
599
1235
1802
2276
2655
2980
3269
3539
3783
4003
4211
4418
4645
4874
5077
5236
5341
5411
5447
5414
5259
4919
4387
3716
2995
2318
1710
1147
594
15
-594
-1215
-1824
-2400
-2934
-3424
-3887
-4333
-4759
-5142
-5433
-5604
-5650
-5609
-5530
-5433
-5291
-5062
-4733
-4317
-3873
-3449
-3060
-2670
-2221
-1675
-1048
-396
216
749
1212
1636
2060
2479
2872
3204
3449
3623
3756
3903
4089
4330
4625
4930
5200
5374
5420
5335
5151
4903
4599
4224
3750
3178
2540
1878
1239
635
51
-528
-1113
-1686
-2238
-2767
-3283
-3796
-4275
-4704
-5055
-5309
-5477
-5575
-5602
-5539
-5390
-5174
-4932
-4710
-4499
-4252
-3907
-3426
-2830
-2176
-1535
-928
-361
180
690
1150
1555
1916
2265
2623
2974
3283
3526
3710
3894
4134
4462
4852
5235
5522
5636
5579
5392
5144
4889
4634
4343
3957
3424
2753
2008
1286
656
123
-364
-883
-1480
-2141
-2810
-3421
-3928
-4330
-4662
-4951
-5210
-5423
-5577
-5655
-5655
-5588
-5446
-5229
-4924
-4536
-4095
-3632
-3175
-2726
-2256
-1727
-1115
-446
202
753
1160
1457
1730
2055
2454
2879
3249
3518
3708
3906
4178
4542
4942
5274
5471
5515
5448
5338
5209
5042
4789
4397
3870
3246
2575
1910
1269
661
83
-479
-1036
-1592
-2144
-2677
-3179
-3639
-4054
-4430
-4775
-5090
-5368
-5580
-5681
-5665
-5540
-5335
-5088
-4826
-4534
-4184
-3762
-3272
-2752
-2237
-1738
-1249
-749
-236
274
756
1214
1653
2079
2489
2857
3175
3466
3749
4052
4362
4648
4898
5098
5253
5357
5404
5382
5279
5097
4813
4431
3959
3416
2827
2190
1528
851
187
-433
-995
-1494
-1956
-2419
-2891
-3379
-3857
-4292
-4657
-4937
-5153
-5327
-5461
-5541
-5532
-5416
-5200
-4924
-4605
-4251
-3858
-3411
-2923
-2411
-1898
-1385
-865
-327
234
794
1319
1773
2136
2416
2647
2897
3213
3594
4006
4371
4629
4777
4870
4978
5124
5274
5350
5283
5057
4688
4231
3733
3221
2701
2161
1583
963
319
-316
-921
-1475
-1980
-2444
-2893
-3359
-3832
-4282
-4661
-4934
-5102
-5207
-5284
-5339
-5349
-5271
-5082
-4799
-4471
-4130
-3789
-3428
-3006
-2490
-1889
-1245
-629
-96
349
741
1128
1536
1958
2362
2710
2991
3234
3483
3770
4100
4431
4724
4947
5091
5176
5231
5275
5275
5198
4999
4638
4126
3492
2788
2075
1390
753
160
-399
-938
-1457
-1956
-2422
-2856
-3263
-3657
-4059
-4463
-4842
-5153
-5353
-5426
-5385
-5266
-5115
-4953
-4773
-4544
-4233
-3834
-3370
-2880
-2403
-1948
-1490
-997
-460
111
673
1179
1615
1977
2300
2610
2917
3221
3499
3751
3970
4166
4370
4592
4837
5088
5301
5424
5408
5236
4918
4496
3998
3439
2818
2139
1424
734
114
-400
-817
-1202
-1620
-2114
-2673
-3248
-3762
-4170
-4467
-4693
-4893
-5085
-5249
-5334
-5294
-5112
-4823
-4505
-4215
-3966
-3725
-3424
-3022
-2517
-1944
-1370
-845
-384
34
455
904
1387
1872
2299
2636
2879
3068
3256
3495
3797
4138
4482
4778
5005
5158
5245
5281
5243
5112
4862
4473
3953
3333
2661
1990
1366
807
293
-197
-689
-1201
-1720
-2218
-2672
-3089
-3486
-3883
-4285
-4659
-4953
-5125
-5164
-5105
-5005
-4908
-4823
-4704
-4502
-4187
-3784
-3342
-2914
-2520
-2119
-1654
-1102
-477
154
719
1176
1527
1817
2092
2375
2658
2929
3179
3425
3692
3996
4330
4661
4959
5188
5320
5350
5269
5070
4752
4326
3807
3230
2630
2037
1457
893
348
-174
-661
-1111
-1534
-1957
-2398
-2874
-3368
-3834
-4221
-4497
-4663
-4762
-4842
-4917
-4956
-4918
-4775
-4535
-4244
-3954
-3703
-3465
-3185
-2814
-2318
-1721
-1078
-450
113
593
995
1354
1694
2032
2356
2620
2829
2995
3162
3381
3679
4058
4462
4826
5082
5191
5163
5026
4827
4574
4250
3825
3294
2687
2049
1437
888
409
-21
-426
-847
-1297
-1792
-2308
-2807
-3258
-3632
-3922
-4153
-4361
-4574
-4769
-4908
-4949
-4865
-4687
-4465
-4247
-4041
-3811
-3495
-3060
-2527
-1956
-1410
-915
-455
2
472
923
1308
1587
1769
1916
2105
2394
2776
3189
3564
3855
4099
4356
4659
4985
5236
5309
5152
4814
4410
4036
3706
3350
2881
2254
1529
830
258
-161
-484
-825
-1264
-1812
-2399
-2912
-3279
-3497
-3623
-3754
-3957
-4238
-4544
-4786
-4883
-4819
-4629
-4398
-4201
-4051
-3907
-3685
-3327
-2828
-2231
-1613
-1028
-495
-16
416
794
1110
1378
1620
1860
2127
2424
2729
3022
3305
3585
3882
4190
4497
4770
4974
5076
5060
4917
4644
4251
3755
3200
2647
2136
1677
1248
809
330
-186
-704
-1186
-1606
-1961
-2283
-2613
-3000
-3441
-3895
-4291
-4555
-4660
-4622
-4512
-4409
-4355
-4336
-4292
-4157
-3897
-3516
-3061
-2583
-2116
-1677
-1258
-836
-398
54
497
903
1260
1564
1827
2064
2294
2541
2815
3110
3419
3728
4024
4291
4512
4676
4759
4729
4572
4288
3924
3536
3166
2800
2396
1916
1358
788
274
-142
-486
-820
-1204
-1644
-2097
-2511
-2853
-3135
-3396
-3677
-3976
-4246
-4439
-4538
-4542
-4491
-4416
-4316
-4164
-3919
-3565
-3123
-2653
-2207
-1809
-1440
-1052
-616
-139
330
748
1087
1348
1567
1795
2059
2371
2719
3080
3420
3721
3972
4177
4341
4459
4540
4577
4559
4471
4290
4000
3590
3067
2465
1850
1281
804
423
99
-219
-582
-1000
-1450
-1885
-2280
-2644
-3002
-3379
-3755
-4082
-4312
-4420
-4426
-4373
-4307
-4245
-4162
-4028
-3816
-3526
-3189
-2836
-2472
-2089
-1680
-1236
-774
-310
141
571
965
1313
1620
1902
2177
2442
2686
2903
3087
3269
3485
3747
4030
4280
4439
4490
4438
4311
4121
3861
3516
3088
2605
2106
1618
1155
715
289
-114
-488
-861
-1259
-1686
-2134
-2555
-2914
-3203
-3455
-3722
-4019
-4306
-4518
-4585
-4503
-4329
-4116
-3901
-3680
-3419
-3115
-2771
-2398
-2006
-1592
-1149
-704
-287
80
404
730
1081
1457
1826
2131
2341
2480
2606
2791
3070
3414
3750
4018
4174
4237
4247
4223
4172
4063
3867
3570
3174
2692
2159
1628
1141
731
388
68
-270
-656
-1091
-1535
-1957
-2333
-2665
-2970
-3248
-3499
-3717
-3912
-4085
-4223
-4303
-4299
-4191
-3996
-3754
-3500
-3252
-2996
-2714
-2385
-1995
-1538
-1029
-508
-27
369
676
933
1191
1483
1809
2130
2417
2654
2858
3048
3241
3441
3638
3820
3974
4087
4134
4093
3943
3699
3399
3078
2753
2420
2064
1681
1274
849
406
-43
-479
-879
-1231
-1550
-1859
-2191
-2559
-2941
-3300
-3596
-3810
-3950
-4032
-4076
-4081
-4034
-3926
-3751
-3520
-3242
-2936
-2620
-2295
-1956
-1596
-1214
-808
-387
13
369
677
954
1231
1525
1830
2116
2364
2583
2807
3052
3309
3534
3679
3741
3750
3746
3736
3686
3545
3300
2993
2675
2368
2048
1673
1242
792
396
87
-187
-512
-945
-1454
-1926
-2274
-2482
-2628
-2816
-3083
-3392
-3653
-3800
-3831
-3792
-3730
-3662
-3562
-3398
-3169
-2887
-2566
-2223
-1854
-1467
-1084
-720
-375
-38
296
614
887
1112
1319
1549
1830
2146
2429
2632
2765
2885
3042
3249
3446
3562
3557
3464
3343
3229
3122
2975
2752
2450
2094
1713
1335
985
665
356
30
-330
-710
-1084
-1429
-1736
-2028
-2321
-2617
-2889
-3113
-3287
-3419
-3538
-3642
-3703
-3693
-3598
-3423
-3187
-2907
-2599
-2269
-1927
-1590
-1270
-957
-632
-282
75
412
704
950
1167
1373
1576
1772
1969
2177
2417
2689
2946
3127
3190
3151
3082
3058
3107
3182
3181
3021
2705
2320
1973
1722
1532
1313
1000
601
195
-140
-395
-624
-893
-1239
-1635
-2022
-2349
-2593
-2761
-2885
-2996
-3117
-3244
-3345
-3392
-3363
-3260
-3093
-2871
-2590
-2271
-1964
-1703
-1507
-1334
-1117
-808
-425
-33
309
585
829
1075
1328
1577
1807
2023
2235
2449
2644
2801
2916
2981
3000
2975
2909
2827
2747
2684
2609
2470
2233
1906
1552
1253
1052
929
798
565
199
-248
-662
-965
-1160
-1331
-1579
-1939
-2335
-2658
-2845
-2927
-2999
-3116
-3253
-3329
-3272
-3089
-2842
-2611
-2419
-2234
-2006
-1724
-1430
-1156
-912
-665
-375
-45
278
544
739
895
1072
1306
1596
1907
2183
2375
2483
2532
2576
2652
2762
2865
2902
2839
2673
2452
2233
2054
1920
1809
1667
1462
1189
876
557
257
-1
-242
-492
-782
-1117
-1478
-1837
-2152
-2402
-2580
-2699
-2788
-2863
-2920
-2942
-2902
-2789
-2621
-2436
-2254
-2073
-1887
-1684
-1469
-1252
-1030
-791
-499
-160
183
465
665
808
962
1187
1473
1761
1978
2097
2161
2229
2342
2474
2554
2538
2444
2341
2284
2272
2241
2118
1882
1585
1310
1106
959
809
600
332
44
-220
-447
-669
-918
-1210
-1522
-1792
-1979
-2089
-2160
-2255
-2389
-2528
-2600
-2560
-2431
-2282
-2173
-2121
-2071
-1949
-1724
-1430
-1150
-956
-845
-730
-519
-179
216
543
724
779
829
981
1261
1598
1874
2014
2020
1961
1928
1968
2075
2197
2266
2240
2115
1925
1725
1557
1445
1368
1283
1149
953
714
479
276
108
-45
-214
-414
-646
-895
-1131
-1345
-1528
-1683
-1820
-1936
-2029
-2087
-2118
-2136
-2159
-2182
-2166
-2082
-1915
-1685
-1453
-1267
-1143
-1048
-912
-696
-412
-113
139
329
476
623
783
942
1090
1249
1432
1616
1748
1795
1783
1772
1811
1884
1914
1847
1688
1508
1382
1311
1243
1136
987
835
712
615
512
369
186
-14
-213
-406
-585
-734
-854
-972
-1133
-1349
-1579
-1747
-1797
-1743
-1670
-1664
-1741
-1849
-1890
-1795
-1576
-1312
-1096
-981
-946
-925
-839
-662
-432
-190
30
217
374
500
612
732
902
1132
1359
1509
1542
1480
1407
1388
1417
1452
1445
1400
1335
1267
1201
1118
1019
916
825
756
691
603
482
333
180
31
-117
-250
-374
-482
-580
-693
-829
-975
-1124
-1245
-1330
-1387
-1409
-1403
-1368
-1314
-1264
-1237
-1220
-1202
-1162
-1080
-957
-805
-648
-510
-399
-302
-200
-62
110
299
494
662
785
859
892
895
899
931
1001
1091
1154
1160
1096
998
910
866
860
862
834
760
657
554
469
404
342
255
151
52
-23
-72
-130
-214
-323
-453
-572
-667
-744
-805
-865
-909
-934
-932
-905
-868
-839
-834
-837
-842
-828
-775
-685
-575
-465
-385
-338
-295
-220
-94
82
271
424
507
529
532
554
619
701
761
765
712
637
583
586
640
701
721
678
595
514
472
473
508
534
518
450
345
220
102
0
-85
-158
-232
-315
-417
-519
-611
-672
-697
-692
-679
-672
-675
-690
-695
-681
-654
-616
-582
-552
-519
-479
-428
-364
-296
-218
-138
-53
44
141
223
277
301
317
349
408
474
510
505
452
385
340
340
388
442
453
416
349
289
275
307
364
407
401
337
237
147
105
115
150
150
76
-59
-213
-314
-332
-291
-249
-270
-359
-468
-544
-542
-472
-391
-350
-375
-438
-480
-457
-354
-205
-73
-17
-42
-102
-139
-92
39
199
317
340
265
151
79
101
207
344
432
422
313
172
76
76
166
286
363
354
265
149
68
45
82
142
179
166
95
-15
-121
-185
-189
-141
-90
-74
-117
-203
-284
-333
-334
-302
-276
-286
-329
-371
-378
-343
-285
-217
-164
-123
-87
-55
-21
17
56
96
137
167
195
222
249
286
324
353
366
356
315
250
182
125
86
60
41
11
-33
-75
-99
-88
-30
41
93
95
46
-29
-99
-135
-136
-114
-87
-79
-98
-136
-182
-217
-226
-209
-183
-158
-160
-194
-248
-303
-320
-272
-162
-25
94
162
169
135
106
111
171
256
327
360
345
302
269
257
261
271
281
290
300
309
304
269
203
120
60
44
70
104
107
60
-26
-97
-119
-95
-56
-54
-117
-227
-336
-386
-358
-287
-228
-241
-327
-437
-508
-497
-415
-312
-249
-269
-351
-442
-483
-437
-326
-203
-109
-74
-83
-95
-78
-24
51
127
185
217
231
239
264
316
384
448
490
498
476
433
393
376
389
417
431
415
369
305
244
201
178
171
177
187
184
152
81
-18
-113
-173
-178
-142
-105
-106
-161
-262
-364
-436
-460
-446
-426
-428
-456
-485
-484
-438
-359
-283
-250
-270
-311
-321
-259
-136
12
132
175
137
79
58
107
225
368
474
498
445
357
290
289
350
423
454
405
297
176
100
103
156
203
191
110
6
-61
-64
-17
22
6
-71
-169
-219
-194
-125
-79
-111
-225
-367
-460
-460
-386
-293
-260
-315
-420
-512
-526
-450
-333
-234
-190
-198
-222
-219
-167
-68
48
152
219
234
217
200
212
265
338
406
444
437
403
369
342
335
329
314
294
274
270
284
301
295
252
168
70
2
-9
34
100
148
142
64
-55
-172
-251
-261
-221
-169
-148
-186
-268
-363
-429
-441
-403
-342
-294
-284
-313
-357
-385
-365
-298
-197
-105
-60
-71
-105
-121
-80
18
137
233
270
247
199
174
197
261
342
400
411
367
287
212
178
207
272
331
347
300
217
134
92
93
116
135
122
82
39
10
-8
-33
-82
-154
-222
-270
-288
-286
-300
-338
-389
-437
-464
-473
-473
-465
-454
-435
-407
-385
-375
-369
-346
-291
-217
-139
-71
-15
37
93
144
179
212
259
330
412
474
483
438
384
373
423
502
537
489
377
278
263
328
411
432
362
244
148
125
169
221
221
160
74
16
14
42
43
-32
-162
-279
-314
-255
-161
-129
-223
-414
-600
-678
-616
-468
-342
-335
-451
-620
-731
-708
-572
-393
-257
-218
-263
-330
-348
-277
-130
35
163
214
199
160
158
217
329
448
529
542
495
435
402
429
501
574
591
529
425
335
308
352
420
450
391
261
121
31
20
73
124
109
12
-134
-265
-336
-344
-322
-313
-343
-408
-476
-529
-556
-555
-536
-512
-495
-486
-482
-460
-419
-363
-306
-264
-235
-204
-153
-76
14
95
146
169
179
203
259
330
400
439
440
418
397
403
431
460
482
474
439
398
368
348
331
315
288
250
211
169
121
62
3
-41
-65
-81
-107
-156
-238
-333
-404
-419
-371
-294
-255
-304
-442
-593
-665
-597
-413
-230
-160
-244
-414
-540
-523
-358
-141
10
34
-42
-120
-118
-23
117
230
282
287
281
286
301
315
331
378
447
520
549
501
398
293
253
303
403
486
485
384
224
71
-6
16
106
200
217
134
-33
-212
-321
-320
-231
-139
-126
-220
-366
-479
-512
-469
-416
-405
-446
-500
-519
-491
-437
-395
-373
-368
-352
-315
-264
-215
-167
-107
-22
84
179
226
213
174
166
220
338
471
570
593
530
413
309
284
362
506
625
626
487
272
102
75
187
337
398
303
102
-88
-181
-167
-103
-63
-95
-181
-288
-379
-426
-420
-387
-362
-371
-416
-462
-467
-412
-331
-279
-287
-338
-376
-346
-243
-113
-23
-7
-36
-58
-32
51
145
197
198
178
176
215
278
330
341
321
297
300
321
337
332
301
274
271
290
309
296
252
194
145
104
69
45
33
39
34
-10
-107
-233
-325
-343
-299
-250
-246
-304
-383
-438
-445
-425
-408
-403
-396
-358
-296
-243
-220
-222
-219
-189
-136
-76
-23
31
95
156
188
177
142
133
184
274
350
368
332
290
282
313
349
351
330
304
294
302
297
280
260
253
252
236
189
124
83
87
114
100
17
-108
-203
-209
-147
-98
-135
-263
-411
-483
-445
-344
-257
-255
-337
-446
-517
-501
-419
-308
-222
-180
-173
-184
-190
-186
-166
-129
-66
22
115
190
211
181
140
135
184
272
355
373
329
268
236
255
303
340
335
293
237
198
185
192
198
187
143
75
2
-46
-44
4
53
46
-35
-169
-292
-327
-256
-129
-32
-34
-135
-276
-381
-398
-336
-248
-182
-159
-166
-175
-180
-194
-228
-263
-252
-173
-48
71
117
71
-22
-83
-58
59
215
337
379
342
257
177
154
197
290
385
441
431
368
286
214
184
194
224
250
249
216
150
69
-8
-68
-93
-91
-82
-85
-117
-186
-267
-337
-371
-357
-324
-310
-341
-408
-465
-466
-401
-289
-191
-164
-219
-319
-392
-377
-261
-87
64
135
100
-8
-104
-123
-33
138
306
392
361
258
151
112
161
252
332
369
363
336
312
300
286
266
243
230
235
246
250
231
182
121
53
-6
-34
-28
-9
-21
-82
-184
-276
-305
-270
-214
-198
-247
-326
-379
-380
-349
-314
-288
-248
-182
-117
-98
-156
-243
-274
-197
-33
122
178
114
-4
-70
-25
97
217
264
229
156
110
124
184
247
269
253
228
226
250
268
254
206
158
132
134
145
142
124
100
74
43
-17
-108
-182
-200
-148
-70
-39
-104
-241
-375
-434
-390
-287
-185
-132
-144
-205
-287
-348
-342
-261
-144
-51
-26
-55
-90
-88
-42
9
37
41
60
126
202
249
232
168
123
138
204
276
299
274
242
236
257
257
205
131
85
112
185
235
200
92
-23
-69
-28
47
90
65
-4
-74
-118
-148
-180
-205
-196
-148
-98
-101
-186
-308
-369
-318
-194
-94
-99
-202
-315
-347
-278
-167
-90
-81
-114
-128
-103
-58
-18
1
16
58
117
175
211
214
197
177
180
212
261
314
347
338
284
204
138
129
180
259
313
303
229
126
36
-9
3
55
105
108
33
-104
-244
-310
-276
-189
-128
-145
-229
-314
-342
-312
-259
-227
-228
-249
-264
-259
-237
-197
-155
-127
-118
-127
-126
-99
-42
24
68
74
62
69
104
155
187
182
163
168
197
230
233
203
169
144
144
151
152
165
181
184
156
101
41
20
36
61
58
19
-29
-62
-69
-70
-78
-96
-107
-94
-64
-44
-54
-84
-112
-133
-138
-127
-106
-57
-6
18
-11
-85
-161
-180
-121
-25
46
59
16
-38
-58
-28
30
83
106
101
80
57
41
26
8
-11
-22
-19
-8
4
7
20
51
97
141
156
133
93
64
63
77
65
23
-44
-102
-100
-42
39
93
83
24
-60
-131
-164
-160
-127
-72
-26
-12
-32
-81
-118
-121
-87
-37
-4
-14
-64
-126
-157
-140
-79
-7
39
59
68
78
103
122
121
97
57
24
12
24
41
49
40
33
43
75
121
150
140
93
36
8
15
35
43
27
-15
-59
-88
-88
-52
6
59
91
77
18
-59
-100
-95
-66
-41
-48
-80
-110
-112
-79
-31
-1
7
-8
-20
-28
-37
-45
-56
-56
-34
3
40
65
73
69
65
71
76
70
53
28
8
7
17
31
46
57
63
57
45
25
4
-11
-18
-20
-27
-38
-51
-50
-28
3
20
5
-35
-68
-79
-63
-41
-27
-34
-48
-58
-56
-47
-40
-29
-15
-5
-8
-26
-53
-75
-74
-47
-7
29
37
19
-10
-29
-23
8
42
62
55
43
36
38
48
47
44
50
66
79
71
49
32
38
59
79
76
52
29
20
21
21
21
21
22
18
2
-19
-30
-15
11
25
5
-34
-57
-54
-32
-12
-13
-27
-33
-32
-33
-37
-45
-47
-43
-42
-37
-32
-20
-6
-2
-12
-29
-40
-41
-37
-31
-28
-22
-12
-5
-5
-18
-34
-41
-30
-3
29
40
27
-3
-34
-44
-32
-9
11
23
26
30
41
58
69
59
27
-12
-21
1
37
65
58
24
-12
-29
-16
19
55
70
63
34
2
-16
-26
-18
-3
3
-2
-14
-21
-13
3
25
44
44
33
17
-2
-16
-27
-30
-31
-35
-36
-31
-20
-8
1
4
-1
1
5
8
3
-7
-13
-10
0
7
6
5
3
7
10
7
5
3
5
6
-3
-7
-3
5
14
20
17
6
-6
-20
-26
-25
-23
-17
-15
-17
-14
-18
-22
-27
-35
-33
-31
-21
-9
-3
3
3
7
11
15
17
14
9
10
15
16
-2
-30
-49
-46
-16
26
55
59
48
37
39
52
60
49
18
-23
-48
-49
-32
-12
2
14
24
31
29
31
34
33
29
9
-23
-50
-69
-73
-55
-36
-17
-9
-1
16
35
54
54
37
10
-14
-29
-39
-43
-46
-38
-23
1
30
41
39
34
36
36
22
-6
-39
-52
-32
1
27
21
-12
-39
-35
3
54
77
50
-9
-69
-92
-68
-28
-3
-4
-17
-22
-9
9
14
5
-10
-6
17
35
27
-10
-50
-63
-38
8
38
37
15
-7
-3
24
42
36
6
-17
-11
17
44
43
15
-11
-14
7
26
25
1
-26
-35
-20
9
24
22
12
9
14
17
8
2
-4
-6
-10
-18
-27
-36
-37
-16
9
21
11
-13
-33
-33
-7
22
38
31
7
-15
-26
-23
-6
4
7
3
-3
-1
4
7
6
5
5
9
18
20
12
-4
-22
-31
-30
-23
-8
8
18
21
15
5
-5
-10
-8
3
18
22
19
9
-6
-20
-25
-18
-2
20
32
29
15
-4
-13
-7
8
29
32
12
-20
-49
-58
-46
-24
-2
10
15
16
16
16
13
9
7
2
-11
-30
-48
-47
-24
3
23
23
12
7
13
32
43
34
12
-21
-47
-51
-40
-13
19
39
50
41
22
5
-1
5
10
4
-9
-16
-16
-9
0
1
-5
-17
-15
0
17
25
22
15
2
-10
-21
-34
-45
-46
-31
-5
12
19
15
10
13
21
25
17
-4
-33
-53
-60
-46
-23
-1
21
37
46
40
27
10
-2
-4
-8
-16
-23
-21
-7
9
19
20
18
15
17
26
28
20
8
-2
-2
4
8
9
14
21
28
28
17
2
-13
-16
-6
2
5
0
-9
-14
-14
-12
-1
6
4
2
-7
-18
-26
-38
-47
-45
-34
-17
-13
-11
-6
-4
2
8
3
-12
-26
-33
-29
-17
-4
6
14
13
12
15
15
14
12
9
3
1
3
8
14
16
14
8
4
5
12
16
9
0
-7
-6
3
15
22
21
15
15
21
17
9
-2
-14
-16
-13
-10
-10
-14
-18
-15
-3
11
22
24
12
-3
-14
-19
-15
-10
-12
-17
-26
-29
-19
-3
11
18
21
19
12
5
-4
-8
-4
-1
6
11
12
11
8
2
3
5
5
-2
-10
-14
-10
-3
4
12
16
15
11
8
1
-5
-9
-13
-16
-20
-27
-29
-29
-18
-2
10
18
17
6
-7
-20
-26
-23
-16
-12
-8
-5
-9
-10
-7
0
14
30
40
42
31
8
-9
-13
-7
7
14
15
11
11
18
27
32
30
26
21
20
26
30
25
4
-13
-23
-20
-12
-3
4
12
16
14
3
-18
-32
-38
-35
-29
-27
-35
-46
-60
-62
-40
-16
6
18
17
2
-20
-44
-55
-55
-39
-15
4
8
-3
-9
1
28
57
81
85
60
23
-11
-16
-3
27
58
71
66
42
18
4
16
41
59
54
21
-16
-30
-12
25
51
48
15
-29
-59
-56
-20
19
36
20
-28
-81
-110
-104
-65
-13
29
37
8
-39
-83
-97
-76
-34
-1
9
0
-5
3
18
29
17
-17
-50
-57
-27
30
86
119
112
67
17
-15
-13
19
56
73
48
0
-47
-69
-47
7
64
102
98
61
11
-27
-31
-16
-1
-2
-26
-63
-91
-87
-49
9
63
87
75
20
-45
-93
-103
-82
-50
-31
-40
-64
-79
-69
-28
28
68
71
39
-14
-65
-86
-77
-40
5
34
35
17
2
13
55
107
145
138
78
-13
-90
-110
-63
21
96
126
109
57
8
-7
14
57
84
80
47
-6
-52
-72
-65
-51
-33
-17
-2
10
20
27
24
9
-16
-51
-81
-95
-86
-60
-35
-14
1
8
16
17
12
-3
-26
-42
-38
-22
-3
11
3
-12
-15
-4
25
50
58
45
21
0
-3
9
22
25
7
-17
-23
-7
27
60
69
51
7
-31
-38
-16
17
31
10
-27
-57
-63
-44
-11
13
14
0
-10
-11
-4
-3
-12
-29
-41
-32
-8
14
18
4
-17
-27
-16
11
30
27
9
-14
-25
-19
-11
-6
-2
-4
4
11
17
19
13
8
2
0
3
5
11
19
25
24
22
7
-12
-20
-9
20
45
52
32
-1
-28
-32
-5
36
61
54
17
-28
-66
-74
-56
-25
7
27
31
20
3
-9
-9
2
11
9
-9
-32
-51
-56
-38
-6
20
35
37
30
25
22
15
0
-21
-41
-48
-37
-26
-9
9
27
41
47
37
18
0
-19
-28
-27
-23
-21
-25
-29
-22
-1
31
52
55
43
21
-5
-17
-18
-18
-20
-25
-30
-32
-26
-10
14
35
46
44
29
9
-9
-24
-36
-39
-31
-16
5
19
22
19
10
12
25
40
41
21
-14
-43
-56
-47
-22
4
20
23
24
23
24
27
22
15
8
-1
-8
-15
-18
-17
-21
-17
-3
12
25
29
19
8
-1
-8
-10
-16
-27
-31
-26
-13
1
5
2
-7
-9
-5
2
6
3
-4
-13
-25
-27
-24
-21
-15
-10
-1
9
17
21
21
15
5
-2
-11
-11
-9
0
9
9
0
-13
-15
-1
24
44
50
38
14
-4
-7
-2
3
1
-5
-13
-13
-1
2
-4
-15
-21
-15
-2
17
27
21
12
5
-2
-5
-13
-22
-24
-18
-2
12
15
10
-1
-6
-1
10
18
16
6
-11
-27
-30
-28
-19
-10
-3
6
20
32
42
39
19
-3
-22
-30
-20
-10
-5
-7
-8
0
15
31
37
28
9
-2
-4
-3
-9
-30
-56
-68
-65
-38
-1
31
50
53
51
46
36
16
-11
-32
-45
-48
-44
-33
-24
-14
4
26
48
65
69
59
30
-12
-39
-51
-47
-33
-23
-19
-15
-1
21
40
50
43
23
2
-6
-3
-2
-16
-44
-66
-65
-33
17
69
95
85
49
-2
-38
-52
-48
-39
-35
-33
-35
-28
-10
20
50
66
64
46
16
-14
-30
-35
-30
-25
-24
-29
-30
-24
-3
27
56
73
61
29
-13
-51
-66
-51
-17
17
28
22
9
-1
2
12
22
25
16
-1
-20
-26
-17
-7
7
13
7
5
4
4
4
0
-2
-4
-3
-2
-5
-6
-7
-6
3
16
26
28
18
-2
-25
-34
-23
-4
8
6
-6
-21
-29
-20
-8
0
2
-1
-4
0
13
19
17
7
-7
-11
-5
8
17
11
-6
-28
-36
-29
-9
17
32
30
17
5
5
17
29
30
18
0
-20
-34
-37
-33
-26
-12
4
16
23
22
16
11
9
11
12
8
-1
-17
-27
-24
-12
4
12
11
5
-1
-2
3
5
7
2
-10
-18
-23
-17
-1
12
16
14
3
-3
2
7
9
0
-13
-19
-17
-6
8
16
15
9
3
0
5
13
14
8
-3
-15
-23
-24
-18
-10
-4
-1
1
7
11
16
14
9
6
7
7
6
3
-2
-11
-13
-8
-1
3
1
-1
-2
-1
1
6
6
5
2
-6
-8
-7
-11
-15
-11
-7
3
11
14
11
-1
-9
-10
-5
-2
4
6
2
-3
-5
-5
-5
1
8
9
2
-7
-15
-20
-13
-1
9
18
16
6
-3
-9
-5
4
15
21
18
8
-7
-19
-18
-6
5
11
7
0
2
6
9
10
4
-1
-1
-3
-1
-2
-5
-6
-1
5
11
13
5
-4
-10
-8
-3
1
1
-7
-14
-16
-12
-2
7
5
1
-2
-4
2
7
12
5
-4
-11
-10
-2
6
12
10
2
-1
1
5
13
18
12
-1
-20
-32
-34
-25
-6
16
32
37
28
2
-27
-54
-57
-41
-5
36
60
56
22
-21
-47
-46
-17
12
24
18
0
-14
-19
-10
11
26
31
22
5
-12
-26
-30
-21
-5
13
20
20
16
19
26
28
17
-10
-47
-70
-54
2
70
105
90
29
-49
-98
-91
-41
31
83
88
46
-17
-60
-70
-48
-19
3
3
-13
-27
-13
19
46
55
35
1
-25
-32
-25
-10
-5
-11
-15
-11
-1
15
26
29
23
7
-3
-12
-16
-17
-16
-15
-7
7
20
17
2
-13
-13
2
21
32
22
0
-23
-27
-9
11
22
14
0
-13
-15
-7
8
20
21
14
3
-7
-11
-11
-7
-1
6
7
2
-9
-18
-19
-13
-3
8
9
6
5
0
-5
-10
-13
-12
-8
-4
1
5
8
14
18
16
11
4
-4
-10
-17
-17
-17
-16
-15
-9
1
14
27
33
34
24
13
6
-1
-18
-39
-57
-55
-30
6
49
68
56
25
-7
-16
-7
13
20
2
-30
-53
-57
-41
-13
10
18
12
11
26
48
57
39
0
-44
-73
-74
-48
-5
35
54
47
26
-2
-19
-18
1
24
36
31
14
-13
-34
-39
-24
0
22
33
24
9
-8
-18
-14
-11
-22
-29
-25
-5
22
36
31
9
-15
-23
-6
16
28
14
-17
-44
-53
-37
-3
26
39
32
14
2
-1
5
7
1
-7
-17
-23
-27
-22
-9
4
16
24
20
18
12
9
7
-1
-3
-11
-19
-14
-2
11
22
18
3
-11
-13
-2
15
28
20
-5
-31
-42
-33
-10
14
28
30
23
7
-14
-29
-32
-23
-6
6
8
4
-5
-8
-5
4
8
3
1
4
10
14
11
-2
-17
-27
-23
-3
24
38
30
9
-9
-9
5
19
17
0
-15
-25
-18
0
12
20
21
13
8
-1
-11
-13
-17
-15
-7
6
14
19
21
17
13
6
-8
-19
-24
-21
-13
-11
-10
-12
-10
-3
-2
-1
-2
-1
12
25
29
22
-3
-32
-54
-60
-40
-8
20
33
29
16
4
-3
-1
4
7
6
5
4
-2
-9
-11
-4
7
8
2
-2
-5
-2
10
17
12
-1
-12
-18
-9
11
23
21
11
5
9
18
18
9
-3
-10
-10
-3
-1
-1
-1
-4
-5
3
10
13
11
-3
-17
-25
-19
-8
2
5
-3
-9
-14
-12
4
11
12
11
7
7
2
-11
-19
-21
-11
7
16
10
3
-8
-8
-6
-4
-2
-2
-1
-2
-3
-4
-4
-3
-1
2
4
8
10
4
-1
-7
-8
-2
5
9
3
-5
-7
-5
0
7
11
11
9
4
-4
-10
-16
-20
-14
-5
11
25
29
18
4
-5
-7
-2
1
4
5
6
9
6
4
1
-6
-14
-17
-9
9
22
25
17
-5
-21
-22
-13
6
15
15
6
-8
-21
-21
-14
-3
9
16
14
5
-5
-14
-15
-11
-3
1
-4
-9
-9
-4
8
18
13
-5
-25
-35
-28
-8
17
42
51
39
20
-11
-44
-65
-57
-24
25
65
76
48
-3
-50
-69
-50
-4
42
62
46
12
-19
-33
-25
-4
18
26
19
6
-6
-7
4
17
17
0
-28
-47
-42
-18
20
52
63
44
0
-44
-71
-69
-35
10
47
54
27
-17
-49
-49
-15
34
72
72
25
-37
-78
-84
-52
-5
25
28
14
3
5
23
41
39
15
-24
-54
-55
-24
21
51
47
12
-26
-35
-8
40
75
72
26
-42
-93
-105
-67
4
64
93
79
37
-5
-26
-27
-16
-9
-16
-36
-51
-43
-14
22
41
41
21
-4
-13
-2
18
32
24
-6
-45
-72
-71
-41
9
62
94
88
47
-12
-61
-73
-48
-9
21
29
11
-11
-15
-5
11
18
19
13
17
22
12
-12
-42
-64
-63
-33
11
45
55
41
18
3
2
7
7
1
-6
-15
-23
-37
-52
-56
-38
7
62
99
92
35
-36
-80
-63
-7
46
62
31
-27
-70
-77
-51
-5
37
65
76
58
24
-13
-48
-64
-57
-31
3
26
34
25
7
-7
-11
1
15
17
8
-11
-29
-34
-26
0
30
49
48
25
-16
-42
-33
-7
24
42
28
-5
-38
-54
-45
-13
17
41
51
47
35
15
-9
-31
-37
-31
-18
0
10
10
10
12
13
13
3
-16
-28
-28
-16
2
11
11
7
-3
-9
-11
-6
8
16
18
21
13
-5
-27
-43
-40
-18
14
37
36
15
-19
-37
-24
5
28
22
-14
-52
-62
-36
17
59
73
51
9
-21
-27
-18
-13
-13
-15
-4
17
28
27
15
-3
-9
-8
-11
-4
3
8
7
-6
-22
-26
-9
19
43
50
24
-21
-52
-51
-13
36
65
54
11
-40
-72
-67
-35
11
47
63
60
30
-15
-59
-82
-65
-8
54
87
72
15
-39
-60
-41
-2
26
23
2
-15
-16
-2
14
20
19
15
10
1
-14
-26
-26
-10
13
24
15
-11
-32
-34
-14
15
42
52
37
3
-31
-51
-48
-27
3
29
36
24
-2
-25
-36
-24
0
22
26
6
-22
-41
-36
-9
21
44
36
4
-36
-59
-45
-1
47
65
46
0
-48
-70
-52
-2
51
84
79
35
-25
-72
-77
-43
10
58
74
49
-2
-53
-62
-27
30
74
65
13
-49
-78
-47
23
77
82
28
-51
-97
-76
-8
68
102
72
4
-55
-75
-48
4
38
36
5
-38
-59
-47
-11
36
66
65
34
-9
-45
-53
-34
-7
18
26
16
-2
-15
-15
-1
16
20
12
0
-7
-4
-1
-6
-22
-43
-50
-36
-2
34
58
56
36
5
-19
-22
-15
-2
6
2
-10
-17
-18
-13
-8
2
7
6
12
20
25
17
-7
-40
-65
-62
-35
13
52
58
35
-3
-23
-3
32
65
61
16
-47
-86
-76
-22
42
79
70
27
-23
-52
-41
-8
24
34
17
-10
-31
-34
-17
11
31
36
18
-11
-30
-29
-14
5
18
13
-7
-31
-44
-36
-7
33
61
66
39
-5
-48
-66
-54
-18
17
34
32
15
2
-1
9
20
14
-10
-39
-53
-37
5
48
67
56
21
-18
-44
-46
-31
-6
21
33
29
8
-19
-36
-41
-31
-4
25
43
47
36
17
-2
-17
-23
-20
-11
-7
-8
-8
-14
-14
-3
10
27
29
18
1
-19
-28
-32
-28
-27
-20
-6
6
19
24
21
17
7
-3
-10
-13
-11
-6
1
2
-1
0
1
9
18
22
17
8
0
1
3
6
5
1
-4
-4
1
10
24
31
22
2
-17
-30
-22
-3
15
19
-1
-25
-32
-22
0
22
32
28
10
-11
-29
-35
-29
-20
-15
-11
-10
-2
13
22
26
21
3
-19
-31
-30
-17
6
19
16
3
-10
-16
-11
7
24
27
16
2
-8
-8
2
11
12
6
-5
-9
-5
8
24
28
16
-3
-18
-26
-19
-5
11
18
16
9
7
6
7
5
-1
-8
-16
-20
-18
-14
-7
-10
-15
-16
-10
-2
6
11
10
5
1
-8
-14
-11
-4
7
14
17
10
-2
-12
-15
-9
2
17
22
15
2
-11
-11
-1
9
15
10
-3
-12
-12
-4
5
10
8
3
-3
-5
-5
-3
1
7
10
2
-10
-14
-12
-2
4
3
-5
-13
-9
1
9
17
13
6
2
1
9
11
9
1
-9
-10
-3
6
9
4
-8
-7
-2
0
1
-2
-5
-3
0
3
7
2
-4
-7
-8
-3
3
7
3
-7
-14
-9
2
15
15
-2
-22
-29
-15
8
19
12
-5
-16
-20
-11
2
4
2
-1
-2
2
0
-1
2
6
6
4
-5
-8
-3
4
7
1
-2
-1
7
9
1
-9
-11
2
22
29
15
-5
-20
-13
10
20
17
6
-3
-2
-1
-1
6
13
18
11
-4
-14
-12
2
13
12
4
-3
-2
-1
-3
-10
-18
-17
-9
1
5
6
2
-5
-6
-10
-8
2
10
12
4
-8
-20
-16
-2
10
11
3
-11
-19
-21
-16
-9
-4
4
7
4
-2
-16
-17
-9
4
15
16
12
5
-1
-6
-8
-3
8
19
23
17
7
3
1
-1
0
4
6
6
1
-5
-5
-2
1
-3
-13
-19
-12
9
28
35
20
-1
-19
-29
-17
2
12
14
12
3
-5
-11
-10
-6
4
8
9
4
-2
-4
-9
-11
-7
1
9
10
7
5
3
3
4
0
-12
-18
-14
0
15
16
3
-16
-25
-14
-1
9
12
5
1
-3
-11
-16
-13
-7
-1
2
