SAMPLES:	15087
BITSPERSAMPLE:	16
CHANNELS:	1
SAMPLERATE:	16000
NORMALIZED:	FALSE
-11
-3
4
15
23
19
1
-19
-36
-35
-14
16
33
23
-3
-27
-36
-18
13
32
29
11
-9
-14
-1
16
17
4
-8
-16
-8
9
24
29
19
3
-10
-14
-13
-9
-9
-10
1
13
19
15
-2
-14
-11
6
29
34
15
-18
-43
-41
-16
16
32
19
-6
-30
-36
-20
3
22
19
0
-22
-36
-32
-16
2
10
8
3
1
7
15
20
15
5
-6
-10
-10
-11
-9
-2
8
18
25
22
12
-4
-20
-25
-18
-7
4
4
-12
-21
-13
9
40
56
44
16
-15
-33
-25
-7
10
17
9
-2
-9
-4
11
20
21
15
7
-5
-19
-27
-30
-25
-10
4
18
18
4
-9
-15
-8
8
23
29
15
-15
-44
-55
-37
4
46
62
43
-1
-40
-49
-27
15
45
45
17
-15
-36
-40
-21
6
22
27
21
7
-10
-23
-21
-11
2
9
8
-5
-15
-17
-5
6
10
7
-1
1
10
22
21
2
-25
-38
-32
-4
27
36
27
5
-13
-20
-14
0
10
15
17
14
9
-5
-27
-33
-23
-1
27
41
29
4
-20
-29
-22
-8
8
17
10
0
-7
-5
6
9
9
2
-5
-4
-5
-4
-5
-4
-3
3
9
8
2
-9
-17
-13
-3
5
13
11
3
-3
-3
0
6
13
15
13
5
-4
-9
-3
6
14
16
6
-8
-15
-14
-7
1
6
5
3
-2
-7
-10
-13
-13
-10
1
8
13
9
-7
-23
-24
-18
-8
1
4
7
5
-2
-10
-19
-21
-10
6
20
26
17
-4
-23
-29
-24
-5
17
30
28
17
2
-10
-11
-3
10
21
24
16
7
-4
-11
-7
4
11
6
-5
-8
-1
13
21
21
7
-14
-30
-30
-8
15
35
37
17
-10
-33
-35
-17
12
30
28
13
-11
-28
-28
-19
-6
7
15
15
10
0
-10
-13
-10
-3
1
6
3
-2
-10
-19
-25
-23
-11
13
32
34
17
-10
-25
-24
-13
3
8
8
5
2
3
7
14
16
11
3
-5
-15
-19
-24
-20
-6
12
31
31
13
-16
-37
-40
-23
1
19
24
20
8
0
-1
-8
-8
-2
3
15
20
16
9
2
5
5
0
-7
-11
-7
0
7
9
7
6
8
15
19
12
-5
-22
-27
-14
3
14
10
-5
-19
-14
5
23
25
3
-32
-61
-58
-21
23
47
42
17
-11
-24
-19
-8
-1
1
4
1
3
6
6
3
-4
-11
-5
4
10
16
15
3
-6
-10
-5
4
4
-3
-7
-5
6
16
21
12
-5
-15
-17
-15
-10
-8
-7
-2
7
23
26
12
-11
-34
-38
-23
-1
15
27
27
17
8
-2
-9
-13
-10
2
15
24
21
9
-4
-12
-10
0
8
11
8
3
-2
-4
-5
-4
-2
2
3
1
-9
-23
-28
-16
14
36
38
14
-20
-43
-40
-16
17
35
27
6
-19
-33
-28
-8
9
17
10
-4
-13
-16
-12
-6
0
5
5
0
0
7
13
17
13
7
-1
-5
-6
-9
-9
-9
-7
2
12
24
30
27
14
-3
-15
-19
-12
-3
0
-3
-8
-9
-3
5
13
12
4
3
5
6
8
8
-1
-13
-21
-21
-11
0
6
12
14
13
7
1
-7
-12
-14
-16
-17
-19
-10
3
23
37
31
15
-6
-25
-30
-22
-10
6
11
8
8
7
6
5
1
-3
-5
1
13
15
11
-2
-19
-19
-19
-18
-7
2
21
37
42
32
7
-20
-38
-37
-20
-1
9
15
10
4
-2
-7
-15
-18
-11
9
29
32
8
-36
-70
-67
-27
29
63
63
39
6
-20
-31
-32
-23
-8
6
22
29
19
-4
-28
-37
-23
8
42
56
40
8
-27
-49
-48
-26
5
30
38
34
24
15
6
-7
-13
-17
-18
-13
-2
11
18
21
15
4
-1
-2
0
-1
-9
-9
-10
-10
-16
-33
-40
-31
2
44
71
69
40
-6
-43
-56
-45
-15
15
27
12
-15
-33
-28
-3
32
54
45
16
-18
-40
-47
-40
-28
-18
-1
14
27
35
23
3
-14
-19
-9
8
23
24
6
-16
-29
-30
-18
-2
13
25
30
28
20
4
-12
-14
-10
-2
4
-3
-14
-19
-14
5
24
30
15
-7
-26
-33
-19
1
20
29
24
12
4
3
4
6
9
10
13
14
5
-9
-20
-21
-7
9
17
11
-10
-31
-35
-18
10
33
32
12
-17
-37
-31
1
32
45
34
0
-33
-53
-46
-21
2
13
-1
-22
-37
-33
-11
13
31
33
21
0
-14
-8
8
26
27
14
1
-11
-12
-6
1
6
5
0
-5
-7
-10
-13
-18
-15
-6
12
29
36
28
4
-21
-30
-15
10
38
50
39
13
-17
-31
-27
-7
16
23
14
-5
-22
-26
-11
14
30
25
-3
-34
-46
-35
-3
28
45
35
8
-18
-36
-32
-12
8
18
13
-3
-24
-40
-41
-22
9
41
54
39
5
-30
-43
-29
2
28
33
14
-15
-40
-40
-18
11
39
54
47
23
-5
-31
-39
-35
-22
0
12
19
17
8
4
-1
-5
-3
-4
-1
0
-3
-3
-3
0
0
-2
-4
-4
3
9
17
20
14
4
-9
-21
-20
-12
-2
9
14
12
13
12
15
6
-7
-19
-27
-20
-2
16
23
14
-4
-16
-17
-5
11
22
23
7
-13
-25
-22
-12
-4
3
9
13
15
13
4
-6
-17
-23
-20
-14
-5
5
12
16
18
13
6
2
-6
-10
-18
-20
-15
-7
5
11
12
5
1
5
11
17
13
4
-7
-12
-15
-12
-7
-2
1
-1
-1
2
11
25
30
23
7
-11
-22
-22
-11
1
15
16
7
-5
-11
-8
3
11
9
-1
-20
-29
-30
-24
-11
7
19
24
16
4
-5
-13
-14
-14
-9
-1
5
4
-3
-7
-8
-4
6
19
26
25
16
1
-15
-21
-16
-5
5
9
11
11
16
18
17
12
3
-5
-5
-2
-2
-2
-5
-5
-4
-6
-3
-4
-8
-7
-6
-1
1
1
-4
-13
-16
-15
-8
1
10
11
-3
-13
-23
-23
-8
9
23
22
12
-5
-18
-18
-11
1
18
24
20
11
2
0
3
3
3
-2
-6
-6
0
12
26
27
20
7
-5
-6
-4
-3
-4
-12
-15
-8
2
9
7
-4
-12
-15
-12
-6
-3
-4
-5
0
8
13
15
8
-9
-24
-27
-18
1
13
12
5
-4
-4
4
12
17
9
0
-5
-11
-8
0
10
16
9
-1
-14
-23
-14
-3
7
15
11
6
3
-2
-9
-18
-14
-9
-5
-1
0
-3
-8
-9
-9
-6
-3
-5
-5
-4
0
3
3
4
7
7
5
3
4
10
18
22
17
0
-8
0
15
25
25
14
1
-1
10
18
15
0
-14
-11
-1
8
5
-4
-11
-15
-9
-2
-1
-2
-2
1
0
-3
-9
-9
-5
4
12
10
1
-12
-15
-12
-3
5
3
-6
-16
-20
-19
-14
-11
-9
-5
0
6
9
4
-7
-12
-11
-4
3
8
11
13
11
5
-4
-11
-12
-4
12
18
14
5
-2
-6
-6
4
12
18
13
7
8
8
7
2
-8
-17
-9
6
22
25
11
-12
-32
-34
-15
10
29
28
8
-13
-23
-17
-8
-5
-11
-14
-11
2
13
15
7
-6
-17
-17
-9
8
21
23
12
-1
-10
-10
-7
2
5
4
7
6
7
1
-9
-20
-22
-12
3
17
19
11
3
-1
5
14
16
4
-6
-17
-19
-15
-6
6
12
16
12
3
-5
-7
-7
-4
2
1
-5
-9
-15
-15
-7
4
13
16
12
7
2
-1
-4
-4
-4
-6
-9
-7
0
7
11
15
13
1
-8
-18
-19
-12
1
6
-1
-8
-8
3
14
15
9
-4
-5
3
13
19
18
7
-6
-14
-15
-12
-8
-5
1
9
14
22
12
-4
-20
-29
-26
-19
-5
6
9
11
10
6
6
11
14
11
1
-16
-32
-33
-17
3
18
26
18
4
-7
-6
4
12
11
-1
-14
-18
-10
1
10
9
2
-1
0
1
3
11
14
13
9
1
-11
-21
-21
-17
-2
13
17
13
6
-6
-5
0
5
-1
-16
-26
-23
-7
15
27
26
17
7
2
-5
-9
-10
-4
4
5
2
-1
-1
-3
-3
-2
0
0
1
4
4
1
-5
-9
-4
3
6
-1
-7
-13
-11
-1
14
19
11
-1
-7
-6
-1
5
8
1
-10
-17
-16
-7
1
7
4
-3
-11
-13
-12
-4
0
3
5
5
8
7
-1
-8
-9
-2
8
13
5
-7
-12
-8
7
18
18
9
-6
-12
-3
10
20
14
1
-10
-7
-3
-3
-5
-5
7
21
28
18
-3
-22
-25
-12
9
19
12
-4
-11
-8
3
14
11
-2
-17
-22
-13
3
17
20
14
1
-9
-16
-17
-13
-7
4
15
19
15
2
-13
-24
-19
-11
1
11
8
2
-6
-11
-6
2
5
4
-5
-12
-9
-1
8
4
-12
-19
-8
15
35
30
4
-23
-33
-10
27
46
28
-13
-45
-45
-11
33
56
42
6
-32
-51
-48
-26
3
22
34
30
9
-15
-27
-17
4
20
16
-1
-13
-11
2
8
11
6
-6
-10
-10
-4
4
13
22
26
19
-1
-25
-33
-23
7
34
29
0
-27
-25
3
37
48
19
-18
-42
-33
0
30
31
6
-24
-36
-26
-5
12
20
18
1
-22
-37
-35
-15
20
43
37
6
-34
-56
-44
-10
32
53
43
7
-27
-41
-29
-3
21
32
25
10
6
9
15
12
-5
-16
-10
9
28
31
15
-3
-12
-7
7
12
14
16
14
2
-14
-28
-35
-27
-11
7
13
-4
-26
-45
-40
-20
-3
5
-8
-30
-41
-35
-13
5
20
22
5
-14
-29
-32
-17
13
39
44
27
0
-16
-8
17
44
55
40
12
-15
-24
-6
26
51
51
28
2
-12
-4
18
38
45
32
9
-9
-18
-13
-1
7
12
8
-5
-19
-41
-53
-64
-57
-38
-38
-44
-65
-83
-77
-63
-44
-37
-44
-46
-34
-18
1
9
2
-7
-2
22
56
84
92
80
67
67
82
107
121
121
105
71
34
27
68
148
240
295
266
199
142
147
238
329
362
293
142
-30
-194
-314
-425
-541
-702
-907
-1060
-1192
-1276
-1343
-1446
-1434
-1337
-1162
-891
-613
-288
29
324
604
907
1256
1574
1875
2119
2289
2373
2374
2298
2151
1955
1719
1469
1209
921
624
306
-8
-293
-554
-772
-958
-1115
-1238
-1311
-1315
-1266
-1178
-1113
-1095
-1123
-1187
-1211
-1188
-1109
-1009
-953
-966
-1069
-1200
-1302
-1307
-1194
-1011
-819
-718
-720
-800
-851
-773
-567
-272
-42
54
29
-19
72
335
748
1163
1450
1590
1630
1745
1998
2397
2834
3141
3269
3195
3045
2903
2817
2763
2613
2346
1929
1449
985
553
189
-193
-566
-951
-1326
-1630
-1902
-2105
-2306
-2471
-2572
-2594
-2495
-2356
-2211
-2139
-2132
-2139
-2120
-2001
-1829
-1610
-1412
-1271
-1165
-1128
-1112
-1120
-1123
-1074
-976
-826
-672
-541
-487
-464
-426
-352
-167
46
287
557
825
1147
1492
1830
2133
2389
2611
2832
3093
3330
3540
3637
3588
3448
3221
2994
2769
2494
2160
1756
1316
880
480
79
-350
-811
-1291
-1685
-1966
-2103
-2137
-2165
-2200
-2283
-2355
-2333
-2226
-2026
-1796
-1633
-1538
-1477
-1472
-1449
-1415
-1470
-1546
-1672
-1844
-1918
-1931
-1923
-1882
-1928
-2028
-2046
-1942
-1659
-1180
-668
-173
355
833
1370
1985
2551
3136
3669
4095
4510
4823
4970
4995
4831
4519
4193
3807
3357
2872
2258
1603
989
405
-74
-503
-944
-1366
-1752
-2052
-2225
-2280
-2286
-2269
-2244
-2221
-2143
-2034
-1944
-1891
-1898
-1946
-1998
-2047
-2117
-2209
-2328
-2456
-2538
-2589
-2631
-2678
-2743
-2792
-2726
-2535
-2214
-1770
-1306
-831
-337
173
760
1424
2120
2832
3501
4078
4579
4977
5264
5468
5564
5533
5386
5099
4680
4169
3588
2974
2366
1739
1086
425
-228
-830
-1317
-1680
-1925
-2078
-2205
-2338
-2471
-2562
-2562
-2450
-2276
-2142
-2109
-2181
-2307
-2415
-2483
-2540
-2616
-2742
-2919
-3078
-3197
-3270
-3263
-3214
-3140
-3010
-2824
-2548
-2106
-1544
-881
-169
500
1135
1783
2453
3178
3930
4587
5123
5520
5760
5922
6002
5950
5776
5445
4933
4329
3659
2950
2300
1697
1109
548
-56
-718
-1337
-1877
-2277
-2484
-2587
-2674
-2753
-2840
-2892
-2848
-2790
-2813
-2920
-3084
-3201
-3175
-3068
-3038
-3130
-3339
-3564
-3615
-3549
-3482
-3417
-3395
-3312
-2983
-2494
-1926
-1272
-652
-25
716
1452
2169
2948
3701
4474
5287
5912
6323
6569
6613
6606
6606
6445
6105
5615
4911
4186
3534
2830
2112
1358
504
-268
-895
-1468
-1923
-2339
-2791
-3112
-3283
-3394
-3387
-3393
-3508
-3554
-3570
-3599
-3545
-3558
-3666
-3692
-3702
-3726
-3688
-3771
-3948
-4007
-3989
-3841
-3505
-3232
-3024
-2706
-2334
-1756
-892
-18
813
1643
2309
2977
3784
4522
5285
6080
6621
7034
7322
7291
7191
7089
6803
6530
6158
5434
4610
3707
2690
1886
1186
393
-326
-1100
-1961
-2570
-3024
-3401
-3542
-3692
-3916
-4004
-4088
-4152
-4045
-3982
-3986
-3945
-4021
-4161
-4204
-4296
-4374
-4329
-4359
-4402
-4357
-4364
-4253
-3909
-3491
-2919
-2231
-1624
-981
-229
541
1475
2520
3450
4355
5170
5809
6439
6992
7357
7641
7797
7770
7701
7481
7009
6437
5688
4815
4014
3194
2341
1508
588
-375
-1218
-1985
-2629
-3081
-3525
-3929
-4206
-4451
-4548
-4520
-4547
-4602
-4696
-4868
-4947
-4894
-4849
-4748
-4709
-4831
-4905
-4909
-4794
-4444
-3970
-3498
-2995
-2509
-2054
-1417
-690
73
951
1771
2584
3435
4269
5071
5830
6474
6939
7354
7612
7739
7817
7677
7388
6960
6355
5673
4930
4118
3237
2353
1403
448
-377
-1178
-1843
-2399
-3002
-3546
-4050
-4466
-4699
-4747
-4756
-4757
-4770
-4929
-5024
-5092
-5156
-5108
-5089
-5075
-5046
-4975
-4853
-4620
-4285
-3940
-3438
-2903
-2305
-1576
-878
-117
669
1454
2255
3045
3796
4448
5127
5724
6274
6825
7145
7371
7467
7438
7433
7372
7215
6836
6275
5437
4459
3514
2484
1608
752
-140
-962
-1841
-2652
-3404
-4022
-4571
-4979
-5215
-5411
-5367
-5324
-5277
-5201
-5275
-5313
-5353
-5337
-5294
-5192
-5061
-4955
-4697
-4475
-4178
-3817
-3496
-3026
-2492
-1831
-1117
-358
397
1104
1927
2685
3504
4319
5018
5725
6323
6875
7354
7764
8094
8279
8414
8338
8120
7733
7100
6355
5439
4434
3403
2348
1312
239
-811
-1895
-2909
-3750
-4439
-4862
-5149
-5325
-5437
-5543
-5579
-5602
-5571
-5566
-5592
-5637
-5728
-5731
-5710
-5586
-5414
-5264
-5065
-4865
-4550
-4123
-3582
-2926
-2258
-1537
-841
-92
712
1575
2546
3466
4350
5070
5621
6106
6528
7043
7585
8112
8537
8736
8746
8524
8163
7677
7062
6333
5430
4405
3260
2093
980
-106
-1076
-2059
-3044
-3937
-4747
-5307
-5623
-5727
-5689
-5642
-5638
-5712
-5770
-5846
-5862
-5840
-5869
-5865
-5875
-5807
-5614
-5330
-4944
-4539
-4119
-3690
-3203
-2626
-1976
-1256
-524
269
1103
2007
2953
3789
4511
5026
5432
5890
6399
7057
7719
8262
8649
8827
8865
8769
8516
8038
7333
6425
5352
4266
3131
1997
886
-268
-1333
-2363
-3293
-4091
-4776
-5249
-5560
-5699
-5773
-5875
-6025
-6229
-6351
-6405
-6338
-6243
-6203
-6157
-6137
-5990
-5741
-5444
-5098
-4806
-4470
-4035
-3417
-2600
-1702
-777
59
826
1544
2263
3014
3735
4439
5036
5581
6113
6614
7182
7721
8221
8659
8983
9231
9311
9195
8772
8030
7036
5817
4552
3244
1941
673
-588
-1685
-2625
-3350
-3921
-4483
-5039
-5653
-6176
-6538
-6718
-6702
-6668
-6629
-6667
-6702
-6659
-6559
-6358
-6188
-6004
-5814
-5570
-5173
-4715
-4131
-3527
-2859
-2094
-1305
-435
351
1118
1797
2423
3087
3652
4243
4723
5164
5659
6171
6872
7596
8351
9015
9470
9760
9733
9498
8951
8135
7112
5838
4538
3156
1860
640
-558
-1610
-2664
-3553
-4337
-5017
-5519
-5990
-6276
-6494
-6627
-6687
-6803
-6841
-6885
-6813
-6651
-6473
-6251
-6133
-5989
-5841
-5607
-5195
-4710
-4066
-3387
-2639
-1814
-1005
-166
526
1143
1660
2118
2655
3166
3734
4242
4747
5331
5977
6792
7608
8412
9106
9632
10054
10206
10099
9580
8653
7434
5981
4555
3152
1876
715
-389
-1318
-2194
-2948
-3684
-4472
-5235
-6006
-6574
-6962
-7135
-7123
-7068
-6906
-6780
-6606
-6425
-6308
-6175
-6158
-6104
-6032
-5876
-5541
-5112
-4454
-3704
-2832
-1895
-1067
-250
391
988
1529
1967
2416
2741
3145
3623
4243
5063
5905
6840
7703
8544
9361
10039
10603
10791
10606
9966
8935
7689
6247
4834
3419
2101
923
-190
-1148
-2093
-2980
-3844
-4704
-5453
-6153
-6674
-7051
-7269
-7288
-7233
-7054
-6889
-6743
-6618
-6577
-6479
-6423
-6310
-6128
-5887
-5444
-4929
-4235
-3468
-2694
-1859
-1126
-368
291
872
1431
1842
2283
2648
3080
3632
4265
5109
5979
6944
7878
8738
9548
10154
10612
10730
10517
9938
8997
7870
6538
5189
3828
2551
1418
359
-588
-1585
-2606
-3655
-4663
-5475
-6136
-6577
-6907
-7165
-7326
-7435
-7374
-7214
-6999
-6794
-6729
-6729
-6807
-6814
-6662
-6345
-5825
-5236
-4556
-3826
-3028
-2121
-1208
-318
390
888
1234
1525
1919
2396
2952
3490
4009
4602
5320
6272
7345
8458
9467
10245
10812
11056
11000
10547
9652
8424
6908
5383
3958
2733
1750
860
65
-796
-1724
-2713
-3775
-4769
-5696
-6446
-7020
-7421
-7621
-7688
-7585
-7396
-7168
-6964
-6858
-6808
-6811
-6748
-6570
-6245
-5787
-5253
-4623
-3933
-3161
-2329
-1495
-686
11
588
1012
1295
1504
1710
2066
2623
3397
4336
5320
6329
7300
8262
9220
10082
10764
11095
11007
10488
9590
8473
7236
5994
4799
3663
2622
1632
691
-263
-1275
-2353
-3496
-4614
-5622
-6441
-6994
-7305
-7410
-7401
-7351
-7278
-7201
-7100
-6996
-6913
-6872
-6870
-6830
-6694
-6374
-5871
-5210
-4417
-3574
-2679
-1789
-967
-257
265
635
922
1219
1618
2146
2772
3459
4201
5009
5938
6989
8083
9141
10022
10632
10963
10977
10666
10013
9003
7734
6365
5068
3966
3080
2274
1414
422
-751
-1983
-3168
-4245
-5123
-5847
-6450
-6903
-7251
-7470
-7511
-7453
-7320
-7176
-7145
-7182
-7264
-7344
-7265
-7029
-6656
-6100
-5450
-4683
-3756
-2790
-1814
-940
-314
129
418
651
998
1420
1902
2454
2988
3595
4370
5291
6420
7643
8783
9793
10515
10890
10966
10667
10061
9241
8167
6981
5785
4602
3595
2757
1945
1111
75
-1203
-2509
-3758
-4797
-5551
-6212
-6783
-7223
-7551
-7611
-7470
-7330
-7201
-7187
-7259
-7249
-7231
-7187
-7056
-6870
-6476
-5801
-4974
-4023
-3075
-2231
-1407
-659
-48
440
741
947
1225
1588
2083
2695
3339
4087
4983
5993
7104
8195
9146
9954
10561
10893
10911
10487
9637
8527
7295
6136
5122
4154
3198
2223
1197
223
-719
-1708
-2720
-3803
-4886
-5801
-6538
-7052
-7326
-7496
-7573
-7578
-7595
-7567
-7505
-7455
-7354
-7234
-7104
-6883
-6595
-6190
-5601
-4859
-3939
-2898
-1876
-947
-201
317
686
969
1241
1590
2038
2605
3292
4048
4851
5709
6617
7601
8613
9551
10316
10814
10989
10840
10356
9538
8445
7165
5833
4565
3402
2364
1394
473
-420
-1334
-2283
-3298
-4339
-5314
-6156
-6791
-7235
-7549
-7768
-7902
-7943
-7870
-7729
-7576
-7441
-7357
-7265
-7092
-6794
-6296
-5606
-4765
-3822
-2902
-2076
-1372
-794
-256
291
826
1317
1697
1954
2193
2545
3113
3952
4974
6102
7257
8352
9359
10179
10714
10925
10790
10356
9662
8723
7578
6314
5072
3968
3033
2144
1149
-15
-1283
-2441
-3380
-4118
-4772
-5500
-6289
-7015
-7548
-7793
-7796
-7687
-7553
-7467
-7445
-7440
-7410
-7286
-6999
-6570
-6037
-5438
-4812
-4104
-3289
-2399
-1509
-747
-183
203
482
761
1108
1522
2000
2544
3150
3866
4709
5675
6758
7891
8994
9972
10683
11024
10927
10405
9550
8485
7348
6239
5206
4244
3335
2454
1564
648
-342
-1450
-2659
-3916
-5090
-6044
-6722
-7122
-7331
-7449
-7528
-7568
-7558
-7468
-7345
-7263
-7242
-7275
-7265
-7094
-6685
-6018
-5156
-4216
-3285
-2435
-1696
-1034
-419
160
674
1079
1348
1526
1729
2110
2756
3652
4697
5745
6717
7625
8516
9403
10222
10825
11050
10816
10133
9102
7886
6627
5427
4336
3343
2412
1484
517
-496
-1529
-2548
-3523
-4430
-5284
-6071
-6757
-7289
-7603
-7696
-7610
-7440
-7302
-7255
-7292
-7349
-7335
-7185
-6888
-6466
-5950
-5343
-4624
-3795
-2895
-1983
-1140
-422
152
592
928
1215
1488
1824
2283
2892
3647
4502
5413
6377
7400
8463
9503
10384
10945
11081
10751
10020
9003
7836
6634
5465
4372
3355
2401
1473
548
-407
-1394
-2398
-3422
-4429
-5378
-6216
-6874
-7314
-7550
-7621
-7588
-7526
-7468
-7427
-7396
-7346
-7248
-7087
-6843
-6490
-6007
-5378
-4614
-3718
-2750
-1796
-935
-244
269
616
873
1115
1405
1799
2299
2917
3635
4461
5410
6465
7602
8720
9717
10467
10872
10884
10517
9839
8920
7862
6731
5615
4554
3573
2667
1767
831
-226
-1381
-2607
-3820
-4930
-5880
-6603
-7114
-7407
-7538
-7548
-7468
-7362
-7245
-7191
-7196
-7277
-7383
-7418
-7303
-6945
-6330
-5483
-4498
-3477
-2530
-1700
-989
-398
122
566
948
1276
1558
1869
2233
2750
3465
4415
5568
6851
8149
9311
10231
10826
11067
10965
10542
9840
8903
7820
6669
5556
4515
3547
2610
1623
558
-609
-1819
-3016
-4137
-5149
-6028
-6744
-7262
-7553
-7617
-7507
-7328
-7190
-7155
-7235
-7362
-7472
-7465
-7336
-7075
-6683
-6142
-5435
-4570
-3574
-2543
-1585
-785
-188
258
597
912
1232
1587
1979
2420
2968
3647
4537
5630
6912
8260
9532
10554
11200
11419
11204
10612
9729
8650
7489
6309
5197
4130
3138
2165
1199
197
-892
-2056
-3267
-4413
-5411
-6183
-6727
-7079
-7287
-7393
-7404
-7323
-7174
-7008
-6908
-6917
-7056
-7225
-7356
-7303
-6991
-6365
-5479
-4423
-3340
-2349
-1509
-839
-299
179
620
1074
1518
1981
2435
2901
3417
4035
4838
5845
7043
8311
9523
10519
11200
11493
11358
10776
9788
8486
7052
5644
4409
3361
2512
1737
956
33
-1059
-2299
-3572
-4754
-5726
-6445
-6935
-7240
-7399
-7457
-7417
-7325
-7189
-7070
-7008
-7032
-7124
-7197
-7181
-6959
-6528
-5860
-5046
-4116
-3147
-2187
-1280
-494
153
632
995
1319
1638
2029
2454
2992
3601
4379
5297
6350
7499
8629
9687
10522
11075
11249
11005
10368
9377
8191
6869
5579
4345
3230
2219
1239
306
-677
-1643
-2682
-3742
-4829
-5844
-6642
-7176
-7355
-7319
-7167
-7052
-7038
-7076
-7172
-7174
-7155
-7014
-6848
-6618
-6321
-5953
-5424
-4780
-3955
-3090
-2211
-1425
-776
-222
194
594
944
1349
1806
2334
2995
3748
4693
5759
6970
8177
9282
10173
10748
11019
10927
10515
9755
8731
7535
6279
5116
4053
3156
2301
1440
451
-674
-1881
-3102
-4205
-5176
-5950
-6546
-6917
-7058
-7015
-6854
-6740
-6719
-6853
-7058
-7241
-7334
-7254
-7042
-6685
-6265
-5756
-5175
-4456
-3607
-2679
-1759
-996
-430
-62
205
489
843
1318
1868
2521
3259
4154
5192
6360
7607
8810
9883
10657
11049
10974
10498
9729
8789
7818
6834
5882
4924
3957
2971
1937
898
-177
-1229
-2297
-3355
-4420
-5451
-6324
-6946
-7219
-7208
-7026
-6830
-6722
-6730
-6838
-6988
-7158
-7270
-7272
-7099
-6748
-6237
-5584
-4824
-3954
-3042
-2135
-1374
-807
-434
-190
60
363
779
1297
1906
2611
3439
4434
5584
6882
8203
9430
10419
11062
11305
11113
10524
9607
8493
7286
6133
5111
4250
3514
2789
2005
1060
-45
-1282
-2568
-3805
-4927
-5837
-6519
-6916
-7073
-7053
-6946
-6855
-6806
-6833
-6905
-7023
-7135
-7203
-7168
-6988
-6660
-6141
-5453
-4587
-3618
-2643
-1764
-1062
-527
-144
175
477
810
1204
1663
2225
2900
3720
4701
5830
7071
8334
9498
10430
11030
11207
10944
10271
9282
8108
6863
5640
4491
3464
2576
1836
1175
477
-365
-1445
-2717
-4065
-5299
-6238
-6795
-7001
-7002
-6949
-6959
-7019
-7066
-7046
-6954
-6863
-6833
-6865
-6870
-6721
-6317
-5650
-4780
-3836
-2954
-2199
-1613
-1156
-750
-344
96
548
965
1365
1805
2371
3166
4212
5454
6803
8109
9244
10118
10655
10825
10635
10107
9313
8355
7316
6292
5338
4448
3618
2811
1955
1016
-40
-1208
-2408
-3567
-4623
-5486
-6139
-6572
-6801
-6889
-6875
-6802
-6733
-6699
-6746
-6895
-7090
-7245
-7255
-7022
-6547
-5875
-5064
-4198
-3344
-2533
-1824
-1239
-774
-443
-186
51
326
725
1268
1948
2765
3698
4745
5920
7168
8397
9499
10336
10828
10933
10631
9965
9006
7850
6642
5501
4487
3627
2888
2186
1438
560
-483
-1654
-2865
-4013
-4990
-5752
-6288
-6609
-6763
-6803
-6785
-6756
-6732
-6710
-6731
-6810
-6927
-7009
-6937
-6631
-6076
-5340
-4511
-3682
-2900
-2185
-1555
-1024
-619
-331
-103
165
556
1104
1776
2517
3319
4228
5293
6499
7745
8885
9811
10443
10734
10645
10136
9237
8047
6761
5587
4644
3934
3343
2734
2006
1102
41
-1143
-2400
-3630
-4729
-5581
-6133
-6416
-6501
-6478
-6425
-6374
-6365
-6426
-6567
-6777
-6974
-7053
-6943
-6633
-6172
-5631
-5004
-4272
-3430
-2523
-1691
-1034
-598
-337
-149
63
362
790
1352
2052
2900
3883
4979
6160
7361
8499
9486
10201
10552
10485
10003
9219
8287
7336
6440
5585
4719
3824
2899
1962
1017
35
-997
-2050
-3095
-4084
-4969
-5721
-6292
-6634
-6756
-6699
-6563
-6463
-6472
-6597
-6793
-6965
-7036
-6967
-6732
-6338
-5789
-5093
-4307
-3504
-2727
-2022
-1408
-888
-476
-136
176
500
889
1363
1918
2577
3352
4261
5332
6527
7756
8874
9736
10255
10400
10193
9688
8936
7974
6898
5810
4796
3894
3073
2279
1456
564
-405
-1447
-2539
-3635
-4644
-5460
-6007
-6290
-6400
-6440
-6477
-6517
-6531
-6526
-6555
-6652
-6793
-6886
-6806
-6494
-5972
-5323
-4616
-3869
-3080
-2269
-1517
-899
-454
-166
50
267
536
886
1322
1883
2630
3585
4730
5976
7193
8305
9248
9965
10405
10484
10148
9443
8438
7281
6132
5078
4165
3370
2613
1843
1014
96
-914
-1997
-3121
-4189
-5101
-5777
-6183
-6365
-6394
-6370
-6349
-6369
-6442
-6540
-6656
-6753
-6784
-6726
-6532
-6192
-5740
-5160
-4447
-3611
-2672
-1778
-1067
-599
-382
-265
-92
203
662
1246
1882
2602
3413
4331
5430
6643
7883
9068
10000
10546
10650
10257
9477
8473
7353
6287
5338
4498
3778
3075
2299
1416
409
-672
-1745
-2795
-3791
-4689
-5458
-6046
-6393
-6530
-6523
-6432
-6362
-6351
-6396
-6505
-6625
-6718
-6753
-6650
-6370
-5895
-5224
-4409
-3518
-2607
-1771
-1096
-615
-346
-213
-90
103
435
902
1466
2124
2903
3859
5020
6335
7669
8867
9779
10312
10450
10210
9649
8833
7827
6721
5622
4612
3762
3064
2443
1806
1043
79
-1078
-2354
-3635
-4777
-5673
-6267
-6548
-6591
-6519
-6430
-6401
-6432
-6467
-6485
-6482
-6482
-6510
-6504
-6359
-5998
-5371
-4539
-3645
-2790
-2061
-1487
-1026
-680
-441
-266
-110
111
475
1001
1687
2528
3518
4687
6036
7456
8808
9873
10456
10529
10145
9444
8611
7731
6857
6048
5287
4580
3899
3145
2251
1205
9
-1257
-2468
-3582
-4518
-5237
-5772
-6090
-6208
-6208
-6110
-5987
-5933
-5954
-6107
-6400
-6717
-6986
-7070
-6832
-6325
-5607
-4750
-3912
-3108
-2338
-1682
-1112
-665
-383
-168
17
223
561
1022
1598
2368
3286
4364
5614
6888
8102
9184
9953
10369
10399
9988
9276
8346
7237
6114
5029
4042
3284
2683
2116
1473
578
-579
-1832
-3064
-4126
-4917
-5514
-5931
-6170
-6317
-6377
-6376
-6412
-6455
-6486
-6545
-6576
-6590
-6587
-6455
-6137
-5620
-4873
-4013
-3164
-2347
-1654
-1105
-670
-427
-321
-224
-82
224
740
1363
2138
3074
4136
5380
6692
7912
8989
9815
10321
10513
10286
9623
8653
7465
6268
5242
4369
3644
2997
2293
1505
614
-441
-1602
-2812
-4004
-5002
-5741
-6228
-6439
-6509
-6509
-6403
-6287
-6178
-6077
-6124
-6263
-6392
-6486
-6367
-5999
-5491
-4796
-4010
-3275
-2534
-1905
-1433
-987
-659
-423
-178
-35
111
429
881
1635
2742
4015
5487
7008
8308
9395
10107
10323
10230
9805
9075
8250
7254
6191
5286
4467
3808
3326
2721
1959
993
-317
-1723
-3074
-4329
-5214
-5780
-6152
-6237
-6231
-6214
-6064
-5993
-6008
-6011
-6190
-6415
-6541
-6670
-6583
-6204
-5694
-4905
-3979
-3149
-2337
-1715
-1352
-1028
-820
-651
-330
-6
378
911
1425
2067
2925
3893
5093
6414
7608
8675
9461
9867
10035
9891
9418
8726
7723
6542
5419
4390
3602
3044
2440
1680
680
-588
-1866
-2977
-3885
-4543
-5087
-5630
-6069
-6369
-6480
-6360
-6188
-6084
-6060
-6168
-6284
-6309
-6269
-6098
-5776
-5337
-4704
-3938
-3191
-2480
-1901
-1457
-1034
-709
-475
-268
-119
140
609
1201
1967
2859
3809
4943
6205
7433
8551
9325
9663
9692
9416
8917
8299
7489
6559
5655
4757
3959
3255
2459
1581
604
-519
-1636
-2700
-3721
-4559
-5229
-5766
-6049
-6156
-6150
-5994
-5872
-5866
-5919
-6093
-6262
-6253
-6133
-5847
-5410
-4977
-4465
-3870
-3283
-2641
-2045
-1591
-1199
-918
-750
-579
-420
-190
270
928
1825
2946
4119
5324
6524
7594
8558
9310
9698
9749
9424
8770
7981
7084
6163
5334
4549
3823
3177
2452
1618
682
-436
-1605
-2736
-3821
-4709
-5363
-5819
-6008
-6022
-5976
-5854
-5781
-5796
-5837
-5955
-6084
-6121
-6079
-5887
-5538
-5115
-4563
-3904
-3200
-2456
-1806
-1342
-1022
-847
-717
-532
-297
65
590
1236
2049
2999
4012
5130
6311
7449
8498
9267
9608
9567
9164
8510
7772
6941
6075
5266
4477
3770
3148
2457
1678
772
-324
-1488
-2643
-3750
-4639
-5280
-5703
-5860
-5884
-5865
-5786
-5767
-5803
-5830
-5931
-6013
-6001
-5968
-5805
-5507
-5146
-4620
-3978
-3309
-2574
-1927
-1449
-1046
-794
-615
-379
-161
135
580
1097
1812
2742
3781
4956
6152
7205
8130
8800
9146
9232
8998
8483
7818
7005
6134
5323
4538
3811
3149
2414
1593
680
-374
-1460
-2513
-3537
-4393
-5054
-5543
-5766
-5812
-5770
-5641
-5566
-5584
-5620
-5734
-5835
-5825
-5751
-5517
-5118
-4671
-4136
-3580
-3066
-2508
-1981
-1533
-1114
-830
-654
-500
-396
-214
158
685
1454
2468
3598
4857
6127
7232
8170
8804
9072
9081
8784
8255
7629
6861
6053
5292
4501
3764
3077
2320
1542
675
-353
-1435
-2545
-3610
-4448
-5051
-5430
-5570
-5628
-5641
-5580
-5529
-5466
-5409
-5470
-5587
-5697
-5761
-5622
-5300
-4863
-4290
-3672
-3040
-2373
-1817
-1395
-1052
-866
-735
-583
-466
-220
224
825
1708
2734
3776
4896
5979
7007
8023
8804
9256
9367
9019
8365
7562
6619
5734
4954
4213
3594
2986
2256
1464
526
-530
-1549
-2563
-3521
-4328
-5034
-5538
-5749
-5767
-5591
-5342
-5214
-5197
-5300
-5507
-5645
-5694
-5655
-5444
-5145
-4776
-4300
-3801
-3240
-2585
-1931
-1321
-842
-590
-496
-454
-332
-18
478
1109
1816
2579
3435
4417
5512
6652
7718
8609
9197
9404
9229
8685
7866
6908
5904
4959
4115
3325
2589
1864
1112
371
-391
-1218
-2098
-3051
-3996
-4780
-5359
-5676
-5764
-5760
-5718
-5688
-5699
-5702
-5705
-5711
-5659
-5560
-5378
-5060
-4626
-4062
-3400
-2741
-2123
-1583
-1170
-838
-600
-476
-406
-365
-286
-30
426
1139
2145
3330
4607
5870
6965
7891
8624
9097
9297
9128
8544
7668
6631
5618
4803
4149
3591
3046
2370
1570
667
-353
-1423
-2507
-3539
-4395
-5023
-5429
-5621
-5683
-5636
-5489
-5319
-5165
-5096
-5169
-5320
-5464
-5527
-5424
-5160
-4775
-4265
-3684
-3074
-2464
-1909
-1428
-1008
-659
-358
-112
66
215
407
737
1290
2081
3082
4226
5417
6582
7630
8457
8976
9122
8891
8343
7570
6676
5756
4874
4068
3355
2704
2065
1380
581
-343
-1372
-2433
-3409
-4206
-4769
-5095
-5226
-5252
-5250
-5278
-5355
-5438
-5486
-5478
-5415
-5327
-5248
-5155
-4987
-4652
-4103
-3399
-2652
-2010
-1555
-1277
-1098
-920
-688
-408
-136
94
319
621
1117
1894
2943
4178
5446
6577
7480
8109
8473
8609
8521
8205
7664
6927
6065
5172
4319
3534
2799
2058
1271
412
-513
-1460
-2389
-3263
-4042
-4682
-5146
-5408
-5478
-5399
-5240
-5076
-4960
-4923
-4970
-5058
-5155
-5210
-5174
-5015
-4695
-4223
-3628
-2973
-2333
-1770
-1333
-1023
-802
-611
-418
-176
120
471
884
1380
2002
2787
3754
4869
6047
7173
8122
8773
9050
8928
8438
7670
6745
5780
4860
4023
3281
2618
1994
1356
645
-194
-1158
-2195
-3179
-3992
-4556
-4877
-5029
-5110
-5178
-5244
-5294
-5315
-5323
-5337
-5373
-5422
-5424
-5327
-5085
-4682
-4139
-3504
-2836
-2209
-1674
-1233
-885
-603
-371
-184
-31
102
259
509
935
1608
2531
3653
4870
6060
7101
7905
8428
8652
8588
8263
7707
6962
6090
5179
4322
3561
2905
2286
1621
844
-63
-1048
-2041
-2951
-3721
-4338
-4783
-5068
-5206
-5220
-5158
-5085
-5056
-5087
-5156
-5216
-5236
-5191
-5093
-4956
-4761
-4450
-3972
-3316
-2531
-1750
-1110
-707
-535
-493
-465
-357
-140
164
525
944
1487
2219
3178
4316
5521
6657
7606
8283
8640
8669
8378
7803
7018
6130
5238
4405
3649
2944
2254
1539
779
-31
-874
-1732
-2558
-3321
-3998
-4547
-4941
-5169
-5260
-5256
-5215
-5166
-5110
-5051
-4987
-4945
-4929
-4924
-4861
-4666
-4286
-3738
-3101
-2478
-1951
-1538
-1211
-925
-653
-390
-153
60
265
532
929
1504
2274
3196
4211
5258
6273
7191
7941
8432
8603
8418
7895
7124
6236
5351
4551
3842
3178
2511
1786
989
148
-722
-1588
-2447
-3274
-4024
-4625
-5025
-5212
-5236
-5189
-5143
-5149
-5201
-5249
-5250
-5179
-5060
-4925
-4790
-4624
-4360
-3935
-3335
-2620
-1913
-1339
-962
-764
-658
-538
-348
-77
239
573
938
1394
2021
2859
3886
5015
6116
7067
7801
8271
8459
8363
7977
7331
6482
5534
4604
3782
3102
2528
1968
1321
533
-390
-1374
-2328
-3154
-3817
-4320
-4698
-4970
-5141
-5200
-5148
-5021
-4884
-4813
-4860
-5020
-5228
-5371
-5349
-5099
-4616
-3957
-3229
-2543
-1981
-1571
-1280
-1039
-790
-528
-289
-100
43
209
496
992
1721
2638
3669
4749
5841
6890
7827
8537
8889
8799
8285
7468
6521
5611
4832
4176
3573
2942
2232
1433
587
-283
-1147
-2006
-2846
-3620
-4277
-4760
-5062
-5214
-5269
-5267
-5236
-5184
-5126
-5083
-5076
-5102
-5118
-5066
-4884
-4551
-4063
-3461
-2809
-2181
-1650
-1253
-1001
-849
-733
-608
-447
-233
43
419
933
1630
2517
3563
4675
5764
6746
7548
8117
8399
8357
7993
7365
6577
5762
5013
4373
3828
3308
2749
2075
1263
309
-737
-1797
-2779
-3597
-4218
-4646
-4924
-5092
-5169
-5160
-5068
-4925
-4787
-4726
-4796
-4994
-5235
-5386
-5320
-4987
-4428
-3754
-3075
-2461
-1935
-1462
-1048
-711
-485
-374
-329
-247
-34
358
925
1619
2389
3216
4104
5066
6079
7065
7905
8455
8626
8408
7860
7085
6203
5299
4439
3664
2961
2320
1697
1041
323
-468
-1300
-2137
-2929
-3636
-4243
-4742
-5107
-5322
-5386
-5329
-5226
-5140
-5108
-5136
-5195
-5233
-5207
-5078
-4826
-4439
-3930
-3329
-2666
-1990
-1348
-788
-362
-88
50
108
151
237
404
685
1120
1732
2525
3477
4546
5655
6707
7604
8250
8578
8568
8244
7652
6859
5933
4961
4035
3205
2478
1822
1165
453
-352
-1241
-2164
-3039
-3796
-4379
-4790
-5065
-5247
-5370
-5437
-5441
-5388
-5302
-5226
-5172
-5129
-5048
-4890
-4645
-4318
-3928
-3464
-2926
-2340
-1760
-1247
-842
-566
-409
-318
-246
-110
149
571
1175
1935
2804
3739
4702
5658
6570
7380
8017
8419
8542
8368
7898
7170
6260
5290
4384
3620
2984
2395
1741
962
78
-850
-1743
-2569
-3315
-3985
-4572
-5044
-5370
-5539
-5561
-5478
-5372
-5311
-5330
-5401
-5448
-5411
-5246
-4956
-4562
-4079
-3505
-2868
-2231
-1675
-1244
-941
-738
-589
-482
-402
-326
-208
56
522
1215
2111
3145
4249
5355
6399
7296
7980
8409
8538
8357
7884
7175
6346
5518
4780
4139
3540
2902
2160
1300
342
-676
-1688
-2621
-3415
-4041
-4504
-4835
-5061
-5185
-5211
-5144
-5021
-4902
-4847
-4893
-5027
-5173
-5221
-5093
-4773
-4301
-3751
-3178
-2608
-2082
-1604
-1205
-906
-697
-563
-464
-338
-131
190
637
1192
1847
2616
3533
4605
5770
6903
7843
8454
8680
8544
8119
7493
6734
5889
5007
4162
3410
2750
2133
1463
677
-225
-1186
-2109
-2935
-3648
-4255
-4751
-5117
-5320
-5352
-5267
-5146
-5059
-5040
-5077
-5126
-5165
-5174
-5117
-4965
-4673
-4214
-3613
-2942
-2299
-1763
-1369
-1091
-864
-623
-331
3
340
656
958
1292
1747
2410
3304
4384
5531
6599
7471
8075
8374
8390
8150
7690
7051
6278
5427
4563
3753
3026
2370
1729
1024
218
-693
-1649
-2578
-3408
-4097
-4650
-5070
-5365
-5540
-5610
-5599
-5551
-5502
-5453
-5396
-5316
-5201
-5058
-4875
-4611
-4213
-3660
-2985
-2279
-1645
-1161
-838
-632
-495
-373
-262
-147
19
281
705
1321
2110
3025
4005
4994
5946
6811
7521
8020
8252
8204
7900
7388
6731
5989
5212
4448
3730
3063
2412
1707
883
-84
-1145
-2205
-3153
-3911
-4459
-4829
-5068
-5219
-5311
-5355
-5358
-5337
-5304
-5270
-5240
-5219
-5199
-5146
-4996
-4689
-4196
-3551
-2837
-2169
-1647
-1300
-1087
-926
-750
-530
-267
19
333
698
1155
1732
2441
3274
4204
5202
6229
7202
8013
8530
8670
8433
7903
7208
6454
5690
4904
4087
3248
2434
1680
973
254
-547
-1445
-2390
-3271
-3989
-4509
-4874
-5150
-5377
-5557
-5652
-5651
-5571
-5468
-5394
-5354
-5300
-5169
-4914
-4530
-4066
-3555
-3021
-2466
-1905
-1384
-953
-661
-522
-476
-441
-350
-153
139
521
1014
1663
2511
3553
4721
5890
6931
7747
8286
8528
8481
8166
7617
6888
6044
5172
4350
3631
3023
2476
1910
1233
386
-649
-1788
-2907
-3860
-4548
-4962
-5155
-5227
-5260
-5292
-5327
-5325
-5276
-5195
-5123
-5093
-5103
-5102
-5028
-4801
-4381
-3779
-3061
-2333
-1705
-1258
-994
-875
-816
-737
-602
-384
-84
306
820
1488
2332
3310
4349
5358
6271
7050
7687
8148
8383
8346
8017
7420
6632
5761
4902
4117
3419
2775
2147
1468
720
-120
-1031
-1962
-2856
-3652
-4303
-4795
-5134
-5331
-5413
-5404
-5344
-5283
-5248
-5264
-5322
-5392
-5430
-5369
-5162
-4791
-4279
-3676
-3052
-2462
-1934
-1477
-1071
-715
-415
-177
-2
137
295
559
995
1642
2465
3410
4402
5386
6334
7204
7933
8446
8663
8531
8082
7390
6565
5719
4916
4182
3485
2796
2091
1349
574
-246
-1100
-1983
-2853
-3661
-4345
-4883
-5268
-5528
-5692
-5777
-5785
-5725
-5625
-5545
-5512
-5518
-5501
-5368
-5071
-4618
-4057
-3469
-2899
-2357
-1843
-1349
-896
-531
-279
-145
-91
-7
192
583
1184
1933
2773
3653
4542
5450
6374
7264
8034
8558
8729
8530
8002
7271
6467
5655
4870
4097
3303
2512
1739
996
278
-464
-1288
-2202
-3158
-4049
-4766
-5247
-5503
-5600
-5624
-5634
-5638
-5634
-5591
-5504
-5383
-5239
-5082
-4892
-4630
-4281
-3818
-3265
-2678
-2103
-1610
-1245
-1006
-874
-792
-686
-502
-183
296
923
1662
2460
3281
4123
4997
5910
6805
7605
8220
8571
8623
8379
7860
7137
6292
5416
4592
3857
3193
2558
1864
1047
103
-945
-1998
-2954
-3746
-4340
-4787
-5140
-5418
-5615
-5689
-5621
-5464
-5309
-5244
-5315
-5450
-5533
-5463
-5196
-4788
-4329
-3864
-3399
-2906
-2367
-1822
-1353
-1009
-802
-655
-479
-206
189
670
1214
1836
2586
3487
4502
5535
6461
7195
7735
8117
8376
8481
8351
7904
7141
6184
5193
4310
3590
2967
2342
1632
810
-81
-989
-1862
-2679
-3435
-4117
-4700
-5162
-5476
-5642
-5690
-5648
-5584
-5547
-5554
-5609
-5661
-5635
-5492
-5206
-4804
-4337
-3833
-3327
-2829
-2343
-1879
-1453
-1071
-741
-442
-168
125
470
900
1429
2067
2806
3644
4566
5529
6474
7317
7980
8404
8549
8420
8047
7473
6770
6012
5264
4546
3845
3110
2305
1410
474
-461
-1332
-2135
-2895
-3634
-4345
-4986
-5469
-5751
-5832
-5776
-5695
-5682
-5757
-5887
-5962
-5893
-5654
-5289
-4867
-4440
-4022
-3566
-3062
-2504
-1951
-1465
-1091
-831
-646
-476
-284
-29
293
710
1257
1971
2842
3847
4904
5931
6855
7612
8174
8523
8621
8480
8109
7553
6883
6129
5323
4476
3592
2721
1914
1157
436
-356
-1282
-2327
-3391
-4312
-4937
-5264
-5360
-5372
-5418
-5522
-5644
-5733
-5738
-5693
-5617
-5530
-5425
-5274
-5055
-4769
-4402
-3949
-3402
-2766
-2108
-1517
-1065
-758
-545
-335
-84
249
648
1128
1700
2411
3274
4261
5262
6172
6907
7467
7891
8234
8474
8548
8335
7774
6892
5814
4703
3709
2899
2219
1593
907
110
-804
-1770
-2695
-3497
-4139
-4608
-4965
-5243
-5477
-5666
-5810
-5889
-5927
-5910
-5863
-5783
-5657
-5482
-5245
-4911
-4495
-3988
-3410
-2813
-2220
-1696
-1262
-918
-651
-419
-177
99
460
899
1408
1961
2549
3195
3969
4895
5978
7095
8068
8745
9031
8925
8525
7923
7215
6453
5648
4842
4053
3287
2547
1782
956
73
-883
-1860
-2820
-3711
-4471
-5055
-5439
-5624
-5677
-5663
-5660
-5707
-5796
-5872
-5918
-5883
-5799
-5688
-5535
-5317
-4988
-4483
-3836
-3108
-2401
-1843
-1449
-1195
-1003
-757
-426
-15
472
973
1497
2068
2708
3485
4423
5455
6523
7481
8199
8610
8685
8488
8133
7690
7219
6706
6082
5326
4432
3462
2534
1675
895
141
-709
-1667
-2695
-3694
-4511
-5076
-5392
-5511
-5559
-5607
-5679
-5782
-5874
-5940
-5991
-6002
-5968
-5833
-5540
-5081
-4491
-3838
-3239
-2739
-2336
-2003
-1648
-1241
-796
-343
30
305
516
729
1077
1640
2439
3458
4586
5697
6705
7508
8072
8408
8499
8399
8139
7719
7190
6548
5783
4937
4031
3091
2206
1361
572
-171
-960
-1796
-2675
-3575
-4368
-4991
-5424
-5631
-5704
-5727
-5720
-5760
-5825
-5864
-5901
-5868
-5775
-5635
-5413
-5122
-4758
-4260
-3685
-3038
-2375
-1809
-1343
-971
-665
-316
78
517
986
1426
1870
2358
2917
3612
4443
5354
6311
7192
7905
8409
8654
8650
8425
7964
7326
6539
5647
4717
3794
2882
2028
1190
377
-417
-1219
-2012
-2798
-3563
-4250
-4826
-5273
-5580
-5795
-5958
-6077
-6144
-6123
-6018
-5889
-5764
-5674
-5565
-5371
-5059
-4641
-4147
-3650
-3122
-2561
-1972
-1377
-834
-398
-33
275
611
1014
1459
1966
2555
3225
4027
4894
5735
6513
7164
7710
8189
8548
8730
8666
8261
7564
6639
5574
4507
3507
2592
1805
1056
314
-451
-1278
-2123
-2943
-3731
-4426
-5018
-5486
-5794
-5982
-6076
-6094
-6094
-6062
-5993
-5918
-5815
-5707
-5578
-5386
-5103
-4700
-4168
-3557
-2914
-2297
-1775
-1345
-1000
-693
-346
44
489
951
1386
1816
2289
2889
3687
4660
5712
6726
7581
8223
8643
8833
8797
8515
7980
7247
6384
5477
4598
3770
2996
2287
1600
899
141
-748
-1767
-2860
-3911
-4772
-5367
-5701
-5833
-5880
-5902
-5910
-5914
-5890
-5852
-5844
-5859
-5864
-5809
-5623
-5289
-4839
-4314
-3772
-3220
-2644
-2058
-1471
-934
-495
-147
113
347
628
1017
1578
2312
3159
4064
4958
5805
6605
7347
8011
8541
8859
8917
8702
8228
7550
6724
5787
4791
3776
2791
1909
1126
414
-282
-1046
-1889
-2781
-3665
-4448
-5073
-5522
-5792
-5926
-5976
-5984
-5986
-5996
-6009
-6022
-5998
-5924
-5774
-5527
-5183
-4758
-4259
-3702
-3113
-2509
-1933
-1420
-981
-601
-248
94
434
769
1105
1505
2034
2748
3659
4707
5794
6816
7703
8396
8849
9018
8895
8520
7952
7261
6484
5654
4786
3914
3083
2325
1629
947
192
-694
-1697
-2752
-3742
-4563
-5155
-5530
-5735
-5843
-5910
-5956
-5988
-6000
-5995
-5989
-6004
-6049
-6076
-6009
-5773
-5318
-4659
-3898
-3144
-2489
-1973
-1564
-1201
-824
-406
55
540
1034
1510
1971
2440
2980
3673
4566
5619
6709
7663
8351
8733
8847
8766
8535
8140
7543
6737
5786
4811
3919
3138
2428
1702
895
6
-913
-1792
-2600
-3342
-4045
-4715
-5319
-5803
-6119
-6263
-6281
-6242
-6201
-6190
-6211
-6237
-6228
-6147
-5955
-5625
-5147
-4535
-3842
-3138
-2478
-1891
-1382
-935
-546
-212
83
353
654
1039
1538
2169
2925
3774
4686
5617
6535
7385
8112
8665
8986
9030
8789
8284
7573
6743
5880
5044
4245
3473
2695
1882
1027
141
-758
-1664
-2557
-3421
-4222
-4913
-5452
-5813
-6006
-6077
-6091
-6093
-6124
-6169
-6212
-6232
-6206
-6131
-6006
-5812
-5507
-5056
-4421
-3646
-2813
-2029
-1403
-965
-665
-414
-101
317
812
1328
1830
2342
2951
3723
4645
5634
6556
7312
7874
8287
8592
8798
8850
8650
8135
7324
6324
5294
4359
3559
2850
2142
1347
456
-519
-1521
-2471
-3336
-4091
-4713
-5213
-5602
-5910
-6161
-6342
-6446
-6462
-6403
-6341
-6318
-6334
-6345
-6253
-5995
-5565
-4984
-4324
-3654
-2999
-2393
-1831
-1306
-816
-359
76
458
794
1116
1454
1916
2575
3433
4463
5535
6510
7332
7947
8391
8705
8854
8812
8533
7991
7262
6446
5632
4894
4190
3454
2647
1732
742
-273
-1311
-2342
-3318
-4182
-4835
-5261
-5526
-5717
-5929
-6179
-6394
-6511
-6522
-6480
-6479
-6535
-6573
-6476
-6160
-5630
-4984
-4324
-3698
-3087
-2444
-1771
-1128
-598
-225
36
266
543
926
1400
1943
2549
3238
4043
4974
5974
6945
7795
8425
8799
8916
8792
8468
7974
7343
6619
5837
5043
4251
3462
2659
1806
896
-47
-998
-1919
-2798
-3631
-4404
-5068
-5570
-5874
-6004
-6047
-6097
-6212
-6387
-6554
-6645
-6624
-6497
-6303
-6065
-5771
-5390
-4877
-4222
-3459
-2665
-1925
-1305
-826
-436
-84
286
690
1103
1511
1926
2414
3035
3797
4664
5568
6429
7212
7897
8465
8873
9050
8942
8537
7866
7011
6063
5119
4231
3420
2680
1976
1263
492
-374
-1334
-2343
-3315
-4150
-4796
-5265
-5622
-5918
-6172
-6367
-6455
-6441
-6386
-6361
-6400
-6468
-6490
-6377
-6099
-5684
-5175
-4607
-3988
-3305
-2563
-1803
-1092
-487
-7
370
704
1054
1458
1923
2445
3010
3620
4281
5015
5820
6655
7454
8125
8611
8885
8958
8842
8509
7921
7076
6044
4940
3887
2964
2163
1430
689
-91
-913
-1751
-2578
-3380
-4139
-4842
-5463
-5971
-6342
-6580
-6705
-6751
-6756
-6757
-6765
-6768
-6728
-6586
-6310
-5901
-5386
-4810
-4209
-3584
-2920
-2214
-1485
-796
-207
253
624
967
1345
1776
2231
2685
3138
3655
4337
5219
6246
7263
8095
8619
8831
8813
8666
8438
8090
7542
6745
5727
4613
3559
2658
1919
1255
552
-266
-1197
-2183
-3131
-3967
-4657
-5218
-5689
-6085
-6412
-6654
-6773
-6770
-6678
-6550
-6451
-6406
-6387
-6332
-6160
-5811
-5293
-4648
-3939
-3229
-2550
-1904
-1307
-752
-251
195
625
1069
1552
2071
2612
3181
3785
4439
5163
5939
6724
7460
8075
8513
8758
8800
8645
8281
7699
6908
5951
4907
3882
2964
2187
1511
841
85
-800
-1771
-2738
-3609
-4343
-4948
-5449
-5871
-6214
-6467
-6626
-6712
-6762
-6791
-6784
-6730
-6614
-6440
-6213
-5898
-5446
-4830
-4079
-3277
-2522
-1844
-1223
-623
-44
461
840
1102
1318
1598
1997
2521
3117
3735
4397
5142
5991
6910
7784
8490
8945
9107
8976
8586
7978
7223
6393
5543
4685
3791
2850
1894
980
157
-569
-1290
-2094
-3011
-3973
-4839
-5503
-5949
-6237
-6453
-6649
-6800
-6849
-6779
-6622
-6456
-6339
-6275
-6218
-6078
-5805
-5368
-4787
-4094
-3329
-2532
-1751
-1029
-393
160
656
1124
1566
1944
2250
2536
2897
3414
4100
4888
5698
6479
7215
7879
8411
8746
8848
8728
8430
7932
7186
6191
5026
3865
2871
2087
1427
747
-36
-890
-1717
-2472
-3205
-3988
-4835
-5650
-6261
-6584
-6681
-6705
-6795
-6963
-7101
-7096
-6922
-6640
-6330
-6029
-5697
-5268
-4722
-4090
-3391
-2630
-1822
-1020
-323
177
484
700
975
1402
1943
2494
2964
3363
3782
4321
5028
5866
6753
7583
8280
8785
9056
9048
8730
8130
7303
6353
5388
4473
3635
2855
2094
1295
427
-517
-1512
-2491
-3384
-4137
-4762
-5298
-5793
-6258
-6647
-6895
-6977
-6916
-6781
-6653
-6583
-6575
-6580
-6536
-6369
-6029
-5502
-4811
-4008
-3154
-2307
-1487
-727
-69
462
835
1086
1308
1596
2014
2546
3126
3688
4222
4767
5407
6189
7085
7979
8699
9107
9145
8837
8291
7608
6856
6066
5229
4346
3450
2590
1788
1024
220
-677
-1667
-2675
-3601
-4375
-4999
-5514
-5972
-6384
-6701
-6875
-6890
-6782
-6636
-6513
-6452
-6427
-6381
-6261
-6004
-5597
-5057
-4421
-3735
-3024
-2297
-1560
-834
-157
418
858
1185
1480
1822
2270
2805
3375
3942
4506
5119
5820
6588
7326
7913
8265
8387
8349
8210
7998
7653
7088
6274
5238
4100
2993
2004
1148
378
-380
-1172
-2006
-2849
-3643
-4342
-4935
-5441
-5896
-6330
-6719
-7024
-7197
-7216
-7122
-6970
-6806
-6639
-6437
-6166
-5787
-5276
-4637
-3902
-3111
-2330
-1614
-966
-383
158
672
1118
1464
1709
1880
2086
2416
2928
3614
4396
5216
6017
6766
7452
8049
8495
8743
8759
8536
8109
7492
6710
5799
4800
3794
2862
2051
1341
647
-143
-1081
-2137
-3211
-4173
-4937
-5495
-5896
-6213
-6491
-6712
-6853
-6879
-6787
-6616
-6397
-6181
-6007
-5888
-5799
-5679
-5433
-4983
-4313
-3466
-2555
-1699
-964
-360
151
611
1031
1403
1734
2033
2374
2815
3384
4060
4765
5434
6032
6571
7105
7649
8153
8519
8627
8416
7912
7190
6352
5471
4571
3661
2745
1846
990
184
-595
-1398
-2247
-3116
-3961
-4716
-5351
-5856
-6249
-6553
-6777
-6917
-6962
-6905
-6774
-6624
-6508
-6432
-6328
-6105
-5703
-5125
-4415
-3660
-2905
-2160
-1444
-770
-165
375
877
1345
1769
2121
2400
2683
3039
3513
4078
4672
5275
5914
6615
7326
7926
8304
8445
8424
8304
8051
7553
6733
5648
4478
3397
2473
1664
869
51
-762
-1536
-2289
-3074
-3915
-4755
-5504
-6088
-6510
-6822
-7067
-7233
-7263
-7131
-6896
-6671
-6538
-6470
-6347
-6039
-5520
-4866
-4198
-3588
-2993
-2339
-1577
-761
3
621
1075
1421
1725
2026
2328
2656
3042
3517
4079
4692
5326
5968
6621
7276
7884
8365
8652
8689
8443
7930
7171
6234
5219
4222
3308
2474
1683
883
47
-809
-1651
-2470
-3263
-4043
-4795
-5477
-6044
-6458
-6714
-6831
-6839
-6775
-6669
-6553
-6458
-6385
-6315
-6204
-5977
-5592
-5038
-4367
-3660
-2952
-2252
-1532
-798
-89
533
1029
1402
1725
2087
2521
3024
3522
3981
4400
4826
5319
5882
6475
7030
7492
7828
8035
8090
7977
7687
7191
6484
5577
4519
3396
2324
1391
612
-70
-789
-1620
-2544
-3450
-4198
-4740
-5136
-5514
-5960
-6459
-6893
-7145
-7169
-7012
-6794
-6617
-6512
-6414
-6233
-5884
-5356
-4711
-4026
-3373
-2746
-2122
-1472
-813
-185
391
925
1432
1917
2366
2744
3052
3321
3613
3996
4486
5069
5688
6283
6809
7254
7612
7872
8020
8022
7854
7471
6840
5975
4920
3762
2598
1514
557
-257
-957
-1583
-2199
-2857
-3583
-4338
-5044
-5625
-6062
-6411
-6724
-7014
-7230
-7299
-7190
-6947
-6661
-6397
-6143
-5855
-5461
-4930
-4295
-3618
-2942
-2273
-1583
-850
-101
610
1212
1659
1958
2179
2400
2691
3087
3559
4061
4538
4976
5392
5815
6280
6797
7321
7764
8043
8070
7816
7301
6568
5680
4706
3709
2739
1830
999
243
-468
-1172
-1873
-2585
-3300
-4001
-4677
-5301
-5857
-6335
-6724
-7019
-7197
-7222
-7090
-6836
-6507
-6177
-5872
-5552
-5178
-4710
-4146
-3522
-2866
-2183
-1492
-805
-161
387
846
1234
1583
1940
2302
2651
2992
3344
3746
4222
4729
5235
5715
6187
6698
7221
7657
7894
7834
7478
6916
6226
5466
4631
3699
2707
1749
921
274
-262
-820
-1476
-2252
-3082
-3882
-4611
-5246
-5786
-6233
-6576
-6806
-6942
-6996
-6956
-6807
-6527
-6149
-5748
-5395
-5123
-4878
-4523
-3962
-3177
-2253
-1347
-572
42
529
947
1326
1647
1899
2114
2329
2620
3029
3512
4031
4517
4965
5439
5992
6610
7223
7677
7844
7700
7305
6782
6215
5595
4871
4036
3136
2262
1503
837
203
-484
-1254
-2052
-2805
-3491
-4148
-4821
-5515
-6134
-6565
-6757
-6756
-6687
-6626
-6561
-6444
-6227
-5929
-5608
-5298
-4973
-4568
-4034
-3406
-2724
-2045
-1415
-793
-176
420
984
1438
1772
2052
2311
2640
3083
3555
4030
4475
4852
5243
5676
6099
6526
6881
7080
7170
7085
6814
6437
5910
5271
4583
3783
2916
2041
1122
282
-399
-983
-1479
-2046
-2826
-3721
-4637
-5430
-5948
-6276
-6497
-6637
-6792
-6906
-6912
-6832
-6599
-6211
-5766
-5267
-4757
-4276
-3760
-3213
-2646
-2006
-1342
-683
-43
488
924
1318
1676
2047
2438
2770
3058
3314
3555
3892
4328
4831
5371
5849
6217
6494
6682
6817
6915
6904
6752
6401
5812
5030
4106
3129
2165
1271
462
-221
-794
-1298
-1789
-2395
-3141
-4022
-4945
-5744
-6321
-6651
-6783
-6830
-6871
-6887
-6837
-6643
-6288
-5838
-5359
-4904
-4459
-3981
-3417
-2786
-2133
-1520
-987
-490
-12
485
994
1465
1862
2168
2417
2658
2935
3264
3631
4013
4387
4769
5177
5630
6116
6576
6924
7088
7040
6794
6377
5815
5128
4338
3491
2651
1869
1177
556
-36
-668
-1355
-2086
-2834
-3560
-4258
-4905
-5501
-6038
-6470
-6746
-6846
-6762
-6529
-6223
-5899
-5599
-5318
-5002
-4607
-4118
-3564
-3006
-2488
-1995
-1499
-959
-362
256
836
1331
1726
2031
2282
2504
2741
3027
3356
3732
4127
4504
4867
5221
5582
5955
6296
6544
6630
6505
6188
5725
5159
4520
3810
3040
2258
1518
851
258
-313
-937
-1635
-2397
-3175
-3910
-4573
-5164
-5682
-6119
-6435
-6606
-6649
-6582
-6436
-6202
-5855
-5412
-4922
-4459
-4090
-3794
-3478
-3059
-2469
-1748
-1024
-389
98
460
803
1179
1585
1984
2310
2551
2775
3048
3418
3900
4416
4907
5331
5667
5965
6240
6454
6576
6557
6365
6036
5586
5029
4405
3711
2971
2227
1485
764
71
-635
-1343
-2046
-2768
-3478
-4185
-4883
-5496
-5996
-6348
-6520
-6560
-6494
-6327
-6090
-5785
-5433
-5100
-4787
-4490
-4194
-3830
-3384
-2858
-2239
-1579
-922
-282
279
756
1166
1505
1820
2131
2426
2714
2998
3266
3543
3836
4135
4481
4873
5297
5746
6132
6385
6488
6418
6192
5843
5333
4652
3838
2949
2121
1451
961
600
238
-279
-988
-1869
-2847
-3785
-4612
-5282
-5771
-6102
-6286
-6322
-6249
-6094
-5882
-5657
-5420
-5172
-4911
-4611
-4272
-3896
-3469
-2985
-2449
-1861
-1251
-656
-95
411
852
1248
1592
1872
2114
2322
2537
2806
3148
3578
4061
4527
4939
5269
5524
5770
6002
6189
6275
6173
5870
5404
4826
4226
3638
3027
2377
1668
906
161
-533
-1165
-1746
-2361
-3032
-3754
-4479
-5107
-5578
-5878
-6028
-6087
-6086
-6017
-5884
-5685
-5432
-5170
-4899
-4602
-4248
-3794
-3233
-2610
-1976
-1373
-831
-322
152
585
969
1276
1504
1696
1883
2119
2429
2792
3174
3553
3916
4285
4681
5101
5515
5867
6088
6159
6073
5850
5544
5158
4691
4156
3548
2899
2250
1620
1015
413
-221
-922
-1695
-2531
-3363
-4139
-4785
-5266
-5582
-5768
-5848
-5857
-5812
-5723
-5608
-5471
-5296
-5075
-4782
-4413
-3985
-3532
-3075
-2623
-2152
-1638
-1079
-504
37
513
910
1252
1561
1865
2171
2482
2791
3102
3393
3692
3977
4276
4600
4955
5316
5638
5844
5912
5847
5686
5458
5140
4676
4044
3273
2484
1801
1271
857
431
-131
-875
-1729
-2598
-3350
-3973
-4482
-4934
-5357
-5751
-6042
-6200
-6186
-6017
-5735
-5394
-5034
-4686
-4348
-4026
-3708
-3380
-3006
-2579
-2088
-1554
-1016
-505
-38
399
826
1256
1670
2033
2303
2500
2683
2964
3372
3887
4379
4746
4940
5038
5145
5352
5611
5832
5876
5698
5322
4837
4306
3767
3188
2556
1868
1177
536
-28
-556
-1112
-1760
-2516
-3310
-4057
-4677
-5153
-5498
-5745
-5898
-5952
-5877
-5700
-5462
-5220
-4985
-4764
-4488
-4144
-3727
-3287
-2838
-2404
-1943
-1434
-859
-271
284
748
1134
1464
1778
2067
2314
2514
2697
2915
3221
3615
4026
4386
4631
4816
5005
5268
5552
5784
5841
5686
5352
4916
4413
3883
3285
2626
1901
1175
470
-167
-769
-1347
-1961
-2634
-3355
-4076
-4721
-5221
-5541
-5710
-5775
-5790
-5752
-5640
-5424
-5117
-4768
-4455
-4196
-3993
-3757
-3436
-2992
-2463
-1891
-1359
-871
-422
31
492
964
1413
1822
2164
2443
2664
2871
3074
3343
3677
4065
4461
4804
5062
5256
5422
5588
5741
5783
5641
5273
4703
4065
3475
2968
2529
2041
1418
657
-158
-943
-1603
-2202
-2787
-3438
-4158
-4856
-5399
-5729
-5838
-5815
-5755
-5688
-5602
-5457
-5227
-4937
-4617
-4291
-3959
-3600
-3212
-2801
-2365
-1884
-1353
-750
-119
481
995
1415
1738
2025
2289
2558
2822
3082
3317
3547
3770
4013
4293
4607
4925
5217
5428
5538
5557
5488
5343
5113
4769
4304
3712
3014
2250
1469
729
61
-526
-1079
-1636
-2233
-2861
-3500
-4101
-4660
-5155
-5579
-5887
-6047
-6034
-5863
-5589
-5304
-5062
-4873
-4688
-4431
-4045
-3543
-2991
-2476
-2040
-1652
-1235
-715
-105
523
1069
1473
1748
1963
2193
2469
2761
3030
3250
3462
3696
3996
4352
4720
5058
5346
5560
5702
5753
5686
5489
5165
4730
4214
3632
2985
2278
1548
835
172
-450
-1061
-1690
-2380
-3106
-3836
-4501
-5041
-5429
-5674
-5809
-5884
-5918
-5897
-5786
-5563
-5219
-4811
-4390
-4016
-3703
-3408
-3078
-2683
-2200
-1657
-1098
-533
27
587
1130
1627
2029
2329
2534
2683
2842
3043
3289
3578
3856
4118
4350
4559
4775
5001
5228
5444
5592
5624
5507
5205
4728
4125
3450
2761
2082
1409
734
54
-646
-1343
-2027
-2695
-3327
-3947
-4534
-5052
-5474
-5767
-5918
-5952
-5885
-5746
-5548
-5289
-4980
-4653
-4327
-4019
-3718
-3383
-2967
-2464
-1871
-1248
-635
-74
411
824
1168
1455
1715
1981
2283
2620
2971
3285
3530
3705
3842
4010
4250
4566
4920
5259
5510
5632
5612
5459
5189
4829
4398
3916
3374
2772
2096
1363
603
-136
-831
-1482
-2103
-2722
-3358
-3993
-4591
-5099
-5488
-5751
-5893
-5921
-5848
-5685
-5447
-5168
-4872
-4579
-4285
-3984
-3658
-3285
-2854
-2375
-1862
-1339
-816
-304
197
672
1115
1516
1877
2213
2529
2804
3036
3224
3389
3572
3802
4106
4446
4774
5043
5241
5369
5454
5482
5432
5279
4991
4582
4057
3434
2722
1934
1126
346
-346
-945
-1474
-2005
-2591
-3250
-3954
-4631
-5211
-5624
-5854
-5927
-5903
-5829
-5730
-5595
-5399
-5133
-4801
-4413
-3999
-3572
-3153
-2753
-2354
-1906
-1371
-742
-89
505
987
1362
1701
2056
2421
2750
2966
3074
3142
3281
3541
3897
4276
4586
4815
4976
5114
5231
5319
5348
5317
5220
5007
4630
4042
3273
2433
1630
943
357
-202
-822
-1520
-2267
-2994
-3649
-4240
-4768
-5222
-5566
-5772
-5847
-5823
-5741
-5611
-5420
-5140
-4796
-4442
-4126
-3853
-3559
-3187
-2719
-2199
-1683
-1190
-694
-165
395
944
1428
1811
2108
2344
2547
2723
2883
3051
3267
3554
3887
4214
4485
4713
4931
5171
5413
5586
5612
5459
5138
4702
4207
3652
3019
2309
1556
841
212
-324
-826
-1338
-1925
-2605
-3354
-4125
-4821
-5346
-5648
-5750
-5745
-5741
-5752
-5713
-5545
-5210
-4781
-4389
-4113
-3934
-3742
-3425
-2939
-2330
-1689
-1105
-587
-103
403
963
1553
2092
2492
2703
2758
2750
2811
3032
3419
3874
4258
4484
4548
4553
4603
4756
4985
5206
5317
5280
5081
4748
4322
3827
3267
2634
1916
1135
336
-426
-1126
-1752
-2332
-2895
-3471
-4081
-4699
-5279
-5738
-6003
-6066
-5983
-5829
-5658
-5477
-5254
-4953
-4578
-4154
-3726
-3325
-2939
-2531
-2071
-1538
-984
-443
51
504
949
1394
1822
2203
2496
2699
2845
3007
3215
3502
3826
4128
4369
4533
4659
4797
4971
5158
5301
5339
5229
4969
4583
4110
3576
2997
2377
1725
1065
399
-267
-958
-1652
-2357
-3035
-3677
-4268
-4802
-5269
-5645
-5890
-5992
-5957
-5822
-5635
-5439
-5233
-4997
-4699
-4313
-3858
-3374
-2909
-2499
-2114
-1693
-1179
-545
158
848
1420
1841
2130
2373
2621
2911
3185
3404
3522
3572
3597
3684
3861
4126
4430
4741
5022
5250
5400
5436
5334
5089
4721
4253
3704
3067
2340
1546
740
-17
-676
-1272
-1836
-2450
-3105
-3774
-4374
-4863
-5232
-5520
-5730
-5871
-5909
-5843
-5673
-5442
-5176
-4892
-4575
-4210
-3790
-3334
-2884
-2470
-2085
-1662
-1157
-544
122
772
1339
1811
2183
2498
2764
2989
3158
3278
3343
3409
3518
3712
3997
4346
4694
4998
5221
5361
5436
5446
5366
5144
4747
4190
3537
2862
2197
1514
792
28
-730
-1441
-2074
-2661
-3225
-3799
-4370
-4904
-5341
-5651
-5823
-5890
-5871
-5790
-5642
-5441
-5187
-4895
-4564
-4188
-3764
-3310
-2849
-2387
-1910
-1379
-773
-108
544
1116
1557
1881
2138
2364
2572
2744
2867
2987
3132
3338
3574
3801
4006
4219
4479
4789
5095
5322
5414
5366
5197
4914
4518
3999
3367
2671
1976
1316
705
114
-483
-1112
-1755
-2399
-3029
-3650
-4263
-4851
-5375
-5771
-5978
-5982
-5827
-5579
-5324
-5110
-4916
-4703
-4420
-4063
-3667
-3265
-2860
-2441
-1960
-1399
-784
-146
455
985
1440
1831
2162
2440
2658
2815
2918
3010
3125
3296
3523
3777
4021
4236
4419
4591
4768
4940
5090
5175
5144
4953
4586
4064
3421
2717
1996
1286
612
-23
-611
-1175
-1736
-2331
-2960
-3603
-4217
-4761
-5206
-5540
-5759
-5864
-5870
-5788
-5629
-5402
-5113
-4765
-4366
-3943
-3517
-3092
-2662
-2224
-1756
-1251
-723
-174
369
885
1352
1752
2078
2349
2579
2795
3006
3192
3347
3483
3619
3790
4007
4245
4465
4638
4764
4866
4962
5030
5024
4870
4524
4004
3367
2692
2023
1364
698
11
-681
-1351
-1982
-2563
-3104
-3614
-4104
-4575
-5020
-5428
-5756
-5962
-6018
-5907
-5663
-5338
-4985
-4642
-4313
-3976
-3591
-3144
-2648
-2129
-1614
-1111
-598
-55
526
1112
1648
2088
2403
2603
2726
2825
2919
3026
3149
3292
3463
3660
3874
4093
4314
4525
4724
4906
5040
5086
4988
4725
4305
3773
3184
2570
1933
1261
551
-175
-867
-1491
-2038
-2554
-3106
-3725
-4391
-5019
-5505
-5778
-5843
-5774
-5668
-5577
-5477
-5304
-4989
-4525
-3975
-3451
-3034
-2736
-2489
-2190
-1756
-1188
-547
86
656
1149
1589
1998
2376
2687
2904
3029
3081
3110
3162
3265
3422
3627
3857
4094
4313
4491
4627
4731
4813
4863
4850
4708
4387
3874
3216
2500
1796
1142
524
-101
-746
-1396
-2017
-2591
-3133
-3685
-4258
-4823
-5315
-5648
-5795
-5776
-5657
-5497
-5310
-5085
-4798
-4454
-4069
-3674
-3281
-2886
-2476
-2046
-1598
-1130
-627
-75
521
1127
1682
2114
2390
2537
2608
2686
2809
2974
3145
3289
3402
3526
3707
3962
4262
4553
4777
4900
4938
4906
4789
4539
4119
3536
2846
2157
1540
995
479
-79
-709
-1377
-2029
-2636
-3197
-3745
-4309
-4866
-5343
-5642
-5722
-5612
-5409
-5201
-5029
-4865
-4643
-4329
-3925
-3485
-3072
-2702
-2351
-1955
-1466
-880
-249
366
910
1353
1706
1986
2219
2425
2615
2803
2973
3110
3210
3294
3396
3557
3791
4068
4338
4553
4691
4745
4723
4646
4504
4282
3954
3504
2934
2274
1580
897
258
-339
-928
-1553
-2234
-2951
-3636
-4221
-4659
-4956
-5163
-5331
-5479
-5569
-5548
-5381
-5085
-4732
-4396
-4117
-3868
-3596
-3246
-2793
-2271
-1735
-1217
-735
-274
200
697
1203
1673
2081
2397
2610
2738
2814
2881
2984
3137
3346
3579
3812
4039
4270
4511
4753
4944
5026
4955
4730
4395
4001
3584
3160
2695
2155
1523
814
70
-650
-1302
-1888
-2426
-2966
-3525
-4084
-4586
-4972
-5218
-5342
-5386
-5388
-5362
-5289
-5142
-4906
-4594
-4239
-3863
-3478
-3077
-2648
-2175
-1667
-1127
-562
20
590
1118
1572
1940
2230
2463
2662
2845
2991
3098
3173
3245
3361
3543
3797
4063
4293
4449
4542
4608
4680
4755
4763
4622
4261
3680
2960
2218
1548
969
435
-140
-788
-1494
-2177
-2765
-3237
-3627
-4015
-4446
-4914
-5334
-5618
-5706
-5612
-5412
-5184
-4978
-4788
-4557
-4238
-3816
-3323
-2814
-2333
-1870
-1403
-881
-310
282
843
1329
1749
2128
2463
2739
2913
2967
2941
2925
2972
3126
3359
3593
3806
3981
4139
4324
4533
4722
4854
4846
4668
4340
3876
3346
2778
2181
1579
967
343
-271
-890
-1536
-2155
-2760
-3319
-3804
-4265
-4697
-5072
-5399
-5615
-5697
-5676
-5532
-5293
-5008
-4655
-4276
-3901
-3498
-3085
-2663
-2203
-1736
-1255
-731
-197
343
863
1314
1720
2093
2405
2681
2887
2992
3059
3127
3236
3445
3677
3899
4098
4254
4409
4578
4699
4751
4719
4559
4314
3979
3520
2995
2424
1830
1265
662
-15
-716
-1432
-2070
-2577
-3046
-3492
-3957
-4450
-4876
-5188
-5391
-5442
-5399
-5290
-5111
-4926
-4729
-4481
-4205
-3857
-3432
-2995
-2532
-2054
-1590
-1083
-550
-15
559
1109
1595
2020
2317
2515
2694
2866
3078
3312
3472
3572
3624
3642
3747
3950
4213
4516
4746
4824
4783
4613
4364
4100
3764
3331
2803
2147
1436
755
124
-411
-886
-1401
-1948
-2547
-3195
-3787
-4302
-4729
-5034
-5273
-5449
-5526
-5533
-5435
-5226
-4967
-4650
-4297
-3941
-3545
-3144
-2764
-2370
-1963
-1505
-937
-302
349
951
1415
1766
2056
2320
2611
2907
3136
3274
3324
3316
3377
3540
3792
4105
4360
4501
4539
4501
4453
4435
4386
4247
3971
3518
2958
2386
1844
1367
899
351
-272
-979
-1728
-2409
-3023
-3559
-4017
-4448
-4826
-5123
-5338
-5424
-5395
-5298
-5137
-4954
-4768
-4544
-4284
-3965
-3554
-3099
-2606
-2088
-1594
-1081
-527
45
648
1199
1613
1909
2100
2251
2467
2721
2962
3169
3270
3310
3385
3524
3773
4093
4377
4577
4650
4599
4508
4397
4265
4121
3886
3532
3077
2497
1853
1193
511
-147
-770
-1393
-1989
-2582
-3185
-3750
-4264
-4691
-4986
-5166
-5252
-5257
-5249
-5229
-5166
-5064
-4886
-4618
-4300
-3928
-3493
-3021
-2496
-1931
-1377
-836
-316
176
676
1175
1641
2067
2418
2667
2852
2980
3092
3225
3366
3521
3680
3831
3990
4150
4297
4417
4486
4502
4484
4434
4342
4165
3839
3332
2679
1969
1301
735
246
-230
-786
-1457
-2195
-2916
-3514
-3943
-4239
-4479
-4734
-5019
-5283
-5456
-5480
-5343
-5097
-4809
-4527
-4273
-4005
-3663
-3219
-2686
-2126
-1616
-1170
-748
-291
235
803
1331
1751
2033
2210
2360
2554
2810
3109
3390
3587
3686
3705
3718
3812
4009
4284
4536
4650
4600
4433
4236
4091
3969
3760
3348
2683
1835
970
242
-312
-763
-1254
-1866
-2553
-3209
-3708
-4025
-4247
-4477
-4770
-5085
-5310
-5373
-5281
-5096
-4902
-4717
-4508
-4222
-3830
-3364
-2868
-2389
-1918
-1434
-916
-373
160
658
1104
1500
1874
2228
2534
2770
2927
3026
3119
3232
3380
3550
3714
3881
4057
4242
4436
4595
4678
4672
4570
4373
4085
3688
3185
2602
1979
1388
843
311
-249
-874
-1548
-2207
-2791
-3285
-3713
-4132
-4563
-4973
-5312
-5524
-5581
-5516
-5360
-5138
-4880
-4576
-4240
-3897
-3534
-3140
-2699
-2198
-1671
-1163
-688
-255
162
611
1097
1603
2073
2431
2647
2751
2795
2870
3038
3292
3602
3882
4069
4167
4210
4278
4425
4610
4769
4813
4665
4346
3916
3417
2916
2405
1859
1274
652
31
-539
-1084
-1641
-2220
-2852
-3480
-4029
-4476
-4787
-4975
-5113
-5216
-5315
-5411
-5426
-5317
-5069
-4690
-4249
-3810
-3387
-2982
-2563
-2098
-1615
-1130
-634
-134
406
973
1489
1907
2179
2330
2470
2686
3000
3383
3707
3882
3905
3830
3800
3931
4218
4570
4832
4878
4705
4387
4047
3777
3546
3264
2851
2259
1565
866
219
-350
-878
-1424
-1979
-2543
-3096
-3607
-4091
-4535
-4897
-5179
-5354
-5408
-5403
-5336
-5172
-4918
-4562
-4157
-3797
-3481
-3181
-2839
-2358
-1778
-1188
-637
-192
185
572
987
1435
1888
2280
2601
2855
3026
3130
3193
3248
3372
3599
3902
4214
4420
4453
4361
4230
4152
4165
4187
4117
3875
3446
2915
2361
1813
1269
687
48
-596
-1213
-1786
-2296
-2803
-3318
-3811
-4251
-4582
-4787
-4907
-4979
-5036
-5069
-5031
-4896
-4671
-4377
-4062
-3736
-3359
-2921
-2440
-1956
-1533
-1167
-794
-355
172
728
1222
1614
1930
2225
2527
2808
3019
3162
3288
3467
3717
3991
4220
4361
4420
4428
4402
4344
4263
4164
4049
3885
3611
3184
2621
1994
1385
838
340
-174
-752
-1382
-2007
-2575
-3070
-3511
-3935
-4339
-4693
-4954
-5088
-5091
-5008
-4877
-4735
-4595
-4439
-4248
-3982
-3621
-3176
-2669
-2160
-1688
-1255
-835
-387
106
624
1109
1520
1839
2103
2355
2604
2847
3054
3226
3370
3515
3669
3819
3953
4063
4146
4208
4231
4197
4101
3932
3705
3433
3100
2706
2248
1732
1180
611
25
-585
-1205
-1810
-2343
-2790
-3168
-3523
-3912
-4319
-4678
-4902
-4945
-4847
-4704
-4606
-4565
-4507
-4336
-4013
-3584
-3141
-2760
-2422
-2057
-1610
-1079
-530
-50
332
661
1010
1417
1872
2318
2679
2939
3116
3255
3404
3569
3744
3890
4017
4133
4230
4287
4275
4183
4036
3880
3737
3589
3376
3054
2606
2061
1461
836
214
-387
-954
-1484
-1994
-2497
-3009
-3518
-3972
-4329
-4573
-4719
-4809
-4864
-4890
-4877
-4808
-4679
-4480
-4206
-3873
-3491
-3080
-2668
-2240
-1791
-1316
-824
-334
134
563
960
1340
1715
2089
2445
2754
3002
3184
3329
3463
3609
3782
3965
4123
4221
4230
4161
4055
3954
3878
3805
3676
3434
3045
2542
2000
1485
1021
593
132
-402
-1008
-1655
-2273
-2813
-3252
-3605
-3905
-4177
-4423
-4626
-4778
-4853
-4853
-4772
-4616
-4404
-4146
-3855
-3540
-3187
-2777
-2325
-1836
-1350
-911
-522
-171
190
630
1148
1681
2122
2385
2493
2564
2730
3037
3411
3715
3872
3899
3889
3920
3990
4045
4043
3975
3872
3756
3600
3371
3058
2667
2224
1753
1280
813
344
-158
-720
-1337
-1964
-2519
-2958
-3291
-3588
-3909
-4248
-4551
-4758
-4835
-4813
-4738
-4630
-4497
-4318
-4073
-3763
-3395
-2984
-2555
-2123
-1689
-1239
-747
-227
264
673
995
1288
1622
2027
2432
2737
2909
2991
3097
3281
3512
3715
3813
3829
3832
3876
3951
3989
3931
3767
3538
3304
3086
2832
2504
2091
1609
1112
623
124
-404
-963
-1525
-2042
-2488
-2877
-3232
-3584
-3923
-4217
-4432
-4552
-4588
-4568
-4500
-4395
-4242
-4036
-3777
-3466
-3115
-2740
-2359
-1969
-1559
-1136
-705
-288
112
507
900
1293
1663
1996
2294
2562
2812
3041
3237
3404
3554
3691
3814
3900
3929
3912
3857
3777
3672
3540
3371
3169
2939
2670
2341
1942
1476
969
464
-20
-482
-949
-1443
-1965
-2485
-2966
-3384
-3730
-4017
-4253
-4425
-4525
-4565
-4552
-4506
-4429
-4281
-4037
-3697
-3301
-2904
-2541
-2201
-1852
-1455
-1004
-521
-39
414
817
1152
1434
1679
1922
2196
2509
2831
3102
3278
3347
3356
3377
3458
3613
3788
3899
3889
3754
3544
3336
3187
3095
2990
2795
2447
1946
1373
818
345
-51
-438
-890
-1438
-2053
-2644
-3136
-3495
-3749
-3940
-4117
-4302
-4459
-4554
-4551
-4443
-4251
-4009
-3746
-3460
-3144
-2785
-2391
-1983
-1586
-1201
-820
-423
2
434
840
1188
1472
1717
1972
2260
2562
2835
3046
3184
3274
3355
3453
3557
3636
3664
3637
3579
3508
3425
3314
3151
2925
2641
2316
1976
1629
1258
836
344
-210
-784
-1319
-1779
-2178
-2553
-2951
-3368
-3760
-4056
-4216
-4255
-4239
-4234
-4249
-4238
-4139
-3918
-3600
-3245
-2910
-2605
-2296
-1945
-1539
-1110
-687
-278
127
538
937
1292
1577
1805
2026
2278
2563
2839
3039
3134
3142
3134
3180
3307
3463
3566
3561
3447
3292
3160
3063
2970
2833
2622
2345
2009
1632
1213
744
242
-260
-717
-1120
-1504
-1912
-2376
-2871
-3334
-3684
-3888
-3973
-3998
-4026
-4072
-4103
-4072
-3933
-3681
-3354
-3001
-2665
-2356
-2051
-1724
-1362
-976
-590
-223
124
461
796
1129
1453
1747
1987
2169
2315
2454
2620
2809
2992
3115
3141
3087
3006
2966
2986
3048
3090
3058
2934
2735
2505
2280
2058
1812
1519
1171
770
338
-101
-544
-998
-1467
-1930
-2360
-2729
-3023
-3264
-3468
-3643
-3804
-3930
-3991
-3962
-3830
-3605
-3325
-3049
-2811
-2609
-2411
-2163
-1822
-1403
-956
-535
-180
121
405
699
1022
1347
1657
1928
2163
2373
2553
2694
2782
2833
2872
2929
3014
3102
3161
3148
3059
2926
2793
2700
2639
2567
2425
2180
1842
1450
1057
691
342
-11
-400
-836
-1297
-1752
-2174
-2552
-2883
-3176
-3422
-3609
-3731
-3782
-3782
-3739
-3646
-3502
-3312
-3100
-2880
-2663
-2426
-2145
-1808
-1408
-984
-588
-252
22
267
540
871
1245
1599
1865
2013
2093
2166
2286
2468
2656
2792
2846
2827
2776
2746
2758
2800
2828
2803
2710
2563
2390
2209
2015
1789
1517
1199
853
505
147
-234
-654
-1112
-1575
-2001
-2335
-2571
-2741
-2887
-3043
-3210
-3360
-3451
-3454
-3377
-3241
-3067
-2880
-2682
-2470
-2238
-1985
-1724
-1460
-1179
-869
-521
-142
233
554
785
940
1063
1223
1469
1792
2137
2413
2552
2549
2469
2405
2431
2556
2720
2821
2784
2610
2365
2159
2073
2095
2152
2127
1943
1604
1195
808
483
208
-77
-428
-846
-1288
-1701
-2039
-2288
-2466
-2615
-2769
-2940
-3107
-3232
-3293
-3272
-3186
-3052
-2887
-2700
-2485
-2235
-1941
-1605
-1251
-908
-610
-356
-127
102
368
669
984
1276
1509
1679
1810
1935
2078
2236
2381
2453
2441
2375
2304
2272
2292
2342
2366
2334
2259
2186
2142
2105
2017
1814
1475
1045
633
326
120
-72
-356
-780
-1297
-1779
-2105
-2252
-2300
-2387
-2603
-2920
-3222
-3386
-3348
-3151
-2907
-2708
-2574
-2456
-2294
-2060
-1774
-1483
-1214
-965
-712
-434
-133
155
418
671
940
1236
1541
1802
1965
2017
1992
1969
2000
2099
2222
2317
2348
2311
2243
2189
2169
2181
2197
2181
2101
1942
1700
1406
1106
845
648
483
297
25
-358
-797
-1207
-1525
-1738
-1900
-2089
-2343
-2642
-2902
-3045
-3041
-2929
-2776
-2652
-2579
-2519
-2413
-2220
-1943
-1618
-1307
-1058
-872
-700
-487
-194
171
547
864
1079
1208
1307
1435
1614
1825
2009
2116
2133
2099
2081
2114
2196
2289
2338
2306
2195
2050
1922
1846
1802
1737
1603
1375
1080
779
522
308
88
-197
-572
-995
-1392
-1693
-1878
-2004
-2153
-2377
-2656
-2908
-3040
-3004
-2841
-2650
-2524
-2492
-2511
-2475
-2296
-1964
-1549
-1151
-837
-614
-434
-227
55
406
779
1118
1377
1544
1631
1678
1726
1807
1938
2080
2193
2224
2166
2058
1963
1940
1991
2075
2124
2080
1947
1769
1603
1477
1376
1255
1069
804
473
119
-225
-545
-842
-1129
-1414
-1688
-1943
-2163
-2345
-2490
-2596
-2665
-2696
-2692
-2664
-2606
-2514
-2375
-2197
-1991
-1778
-1559
-1314
-1032
-716
-395
-105
139
357
588
854
1144
1403
1586
1685
1737
1789
1864
1948
2017
2052
2054
2033
1992
1930
1848
1768
1704
1655
1591
1480
1319
1130
954
816
692
538
319
42
-244
-501
-727
-955
-1210
-1478
-1719
-1894
-2006
-2100
-2223
-2370
-2491
-2520
-2441
-2296
-2142
-2018
-1921
-1799
-1620
-1381
-1108
-834
-573
-326
-89
143
364
567
753
935
1109
1269
1418
1546
1656
1743
1799
1820
1807
1781
1771
1783
1805
1795
1720
1593
1466
1386
1355
1325
1243
1079
866
668
519
388
212
-39
-341
-622
-829
-969
-1093
-1259
-1479
-1712
-1902
-2021
-2075
-2100
-2122
-2137
-2133
-2095
-2009
-1892
-1762
-1619
-1459
-1272
-1050
-798
-530
-265
-22
191
378
555
727
909
1100
1284
1434
1530
1560
1527
1479
1454
1471
1519
1573
1595
1557
1457
1325
1211
1150
1153
1195
1219
1175
1032
800
535
283
87
-44
-144
-257
-434
-676
-961
-1237
-1447
-1575
-1630
-1648
-1663
-1682
-1725
-1785
-1842
-1874
-1842
-1717
-1516
-1292
-1106
-997
-933
-860
-716
-486
-207
66
284
445
578
705
840
982
1120
1241
1343
1414
1455
1465
1457
1448
1430
1395
1338
1267
1207
1172
1160
1145
1092
993
867
744
657
601
530
407
218
1
-177
-300
-389
-508
-700
-949
-1198
-1396
-1522
-1592
-1631
-1653
-1669
-1690
-1731
-1778
-1786
-1697
-1493
-1221
-976
-825
-767
-722
-591
-350
-50
223
404
492
546
616
722
841
951
1036
1098
1145
1179
1203
1221
1226
1212
1170
1118
1085
1087
1122
1136
1086
961
790
627
518
460
420
365
265
120
-56
-244
-415
-554
-645
-703
-761
-850
-978
-1125
-1245
-1303
-1300
-1265
-1240
-1242
-1260
-1257
-1204
-1097
-962
-837
-742
-677
-604
-479
-292
-65
146
291
353
370
410
525
712
918
1052
1070
988
884
844
900
1011
1097
1098
1001
861
754
718
732
745
713
628
516
421
360
309
238
130
-1
-129
-226
-283
-322
-384
-494
-638
-787
-900
-951
-945
-914
-902
-939
-1009
-1074
-1076
-1008
-891
-778
-715
-707
-701
-632
-476
-257
-53
69
105
111
162
298
496
679
779
778
725
693
736
839
931
954
885
778
706
707
762
802
768
655
498
358
285
266
265
230
144
19
-113
-227
-319
-400
-482
-566
-641
-697
-737
-765
-791
-813
-834
-856
-883
-915
-944
-943
-876
-741
-567
-398
-290
-265
-295
-320
-273
-128
93
330
513
601
594
542
501
524
619
753
867
908
867
790
735
736
781
810
772
663
517
406
378
419
465
429
287
77
-115
-201
-168
-73
-17
-75
-252
-478
-646
-696
-641
-554
-521
-588
-726
-870
-956
-954
-889
-813
-758
-731
-691
-617
-517
-429
-395
-405
-399
-301
-77
211
441
513
420
276
224
345
599
844
955
894
735
610
598
700
827
878
819
667
504
390
353
380
416
424
376
263
105
-66
-195
-251
-236
-196
-192
-269
-421
-595
-722
-765
-733
-671
-642
-668
-739
-808
-823
-770
-673
-582
-537
-534
-530
-470
-339
-190
-83
-56
-82
-89
-12
161
379
554
619
576
492
453
511
650
812
928
941
854
722
618
595
645
716
727
640
475
303
199
196
252
282
213
45
-162
-319
-369
-331
-286
-299
-394
-531
-646
-704
-711
-698
-683
-674
-666
-667
-679
-704
-736
-734
-679
-568
-441
-351
-320
-330
-328
-274
-173
-59
40
126
219
319
398
432
416
401
442
556
706
816
848
797
701
619
578
574
592
614
637
636
580
468
320
191
135
149
180
164
73
-57
-163
-205
-206
-242
-350
-505
-625
-644
-561
-465
-466
-598
-799
-950
-970
-858
-690
-555
-500
-529
-600
-651
-648
-568
-412
-213
-23
104
130
87
56
109
269
488
666
736
704
643
629
684
775
834
815
741
667
643
664
673
618
494
357
284
296
343
328
207
13
-159
-222
-165
-66
-31
-126
-322
-529
-646
-635
-543
-458
-450
-522
-631
-716
-743
-726
-679
-631
-595
-570
-547
-513
-467
-404
-316
-225
-144
-95
-68
-33
42
178
345
485
546
532
484
453
468
531
618
706
772
786
721
586
434
349
379
490
583
555
392
180
35
19
94
148
96
-54
-212
-284
-262
-206
-211
-305
-445
-559
-599
-576
-538
-515
-516
-543
-591
-659
-717
-712
-621
-482
-375
-358
-421
-476
-444
-315
-150
-25
37
63
92
147
215
289
379
498
625
695
666
560
466
483
637
842
952
881
682
484
406
468
565
589
506
371
272
233
208
137
-4
-155
-248
-256
-214
-195
-256
-388
-550
-691
-766
-770
-721
-656
-617
-621
-664
-713
-740
-729
-687
-628
-556
-463
-353
-254
-188
-156
-131
-78
12
125
225
300
363
427
493
532
539
520
504
532
605
687
732
713
630
520
439
409
427
456
457
410
325
234
157
103
58
12
-33
-61
-77
-104
-164
-256
-346
-412
-445
-468
-500
-546
-574
-569
-551
-558
-616
-700
-741
-695
-561
-410
-337
-372
-468
-520
-439
-229
15
171
168
54
-40
-3
196
459
648
671
550
399
339
412
576
726
779
731
624
519
458
446
466
494
506
487
430
340
243
167
127
122
132
117
57
-47
-165
-260
-318
-350
-372
-406
-455
-510
-575
-632
-675
-697
-697
-676
-650
-634
-626
-617
-596
-554
-494
-424
-348
-267
-188
-116
-62
-23
15
67
142
232
320
394
440
457
460
471
501
546
589
614
597
557
520
515
537
556
542
475
380
296
257
259
275
255
174
59
-52
-118
-129
-117
-135
-211
-325
-427
-477
-476
-448
-439
-478
-545
-599
-615
-588
-540
-500
-480
-481
-476
-446
-392
-311
-232
-169
-127
-98
-62
1
81
166
236
273
299
333
389
453
494
498
474
456
467
501
525
522
490
454
436
428
416
381
324
268
235
215
188
141
73
4
-49
-89
-137
-199
-263
-316
-347
-364
-392
-441
-498
-537
-537
-514
-497
-499
-511
-507
-475
-431
-407
-409
-405
-357
-246
-118
-50
-64
-111
-102
7
171
297
312
246
191
215
327
454
525
514
453
396
373
390
420
444
447
431
391
336
272
216
179
165
158
136
88
14
-64
-106
-112
-112
-139
-218
-323
-404
-420
-378
-330
-331
-393
-473
-513
-484
-409
-331
-295
-303
-330
-341
-313
-250
-162
-68
6
50
61
63
83
139
226
315
369
385
370
352
359
386
424
460
475
468
444
411
376
343
318
298
275
234
179
132
99
85
71
35
-38
-124
-188
-213
-207
-212
-257
-342
-433
-480
-472
-432
-391
-386
-420
-463
-494
-493
-469
-441
-408
-369
-339
-313
-296
-289
-265
-215
-134
-40
52
124
159
163
157
170
220
304
400
465
480
451
417
415
463
526
561
540
473
399
359
372
407
422
391
305
190
87
24
14
44
80
84
21
-102
-249
-361
-407
-378
-301
-231
-211
-254
-347
-440
-495
-494
-449
-393
-352
-345
-357
-356
-325
-287
-259
-258
-275
-273
-221
-123
-15
65
96
92
86
99
142
212
283
353
415
449
452
420
368
318
306
338
389
426
416
345
242
148
97
101
138
172
169
110
14
-84
-153
-178
-167
-143
-130
-144
-182
-228
-274
-304
-321
-328
-331
-327
-313
-294
-276
-265
-268
-280
-287
-276
-238
-175
-106
-50
-23
-21
-28
-18
24
90
157
202
220
222
226
253
293
334
350
331
293
262
255
277
314
329
300
228
140
81
76
119
164
153
72
-51
-157
-181
-135
-61
-24
-67
-162
-256
-296
-264
-201
-160
-179
-244
-323
-360
-335
-263
-190
-159
-181
-235
-282
-284
-232
-146
-64
-14
-11
-38
-54
-37
21
99
170
205
206
193
184
192
221
265
311
336
327
295
260
241
255
283
303
293
247
190
146
128
126
123
100
47
-15
-68
-101
-112
-122
-138
-165
-192
-221
-259
-297
-327
-341
-325
-289
-255
-245
-272
-306
-327
-308
-241
-161
-97
-71
-90
-110
-106
-62
19
101
152
161
137
112
115
151
205
250
257
224
172
147
163
209
249
248
199
133
88
94
139
186
198
148
58
-24
-48
-6
72
124
106
27
-67
-129
-137
-109
-82
-75
-97
-140
-179
-204
-213
-210
-209
-225
-245
-252
-231
-187
-143
-128
-151
-180
-192
-169
-112
-45
9
48
76
94
106
106
97
95
117
173
243
292
292
244
179
125
104
117
157
205
235
224
149
41
-40
-42
23
105
134
81
-9
-69
-62
-16
9
-17
-72
-116
-119
-89
-60
-69
-117
-171
-196
-176
-134
-104
-122
-182
-248
-261
-198
-101
-27
-25
-89
-165
-192
-148
-49
53
107
104
64
32
34
66
102
122
116
95
87
110
159
210
225
190
116
42
16
48
117
172
184
148
82
25
6
18
43
58
44
13
-18
-38
-43
-45
-57
-81
-101
-108
-101
-98
-107
-127
-150
-157
-149
-135
-124
-117
-109
-84
-57
-37
-32
-39
-51
-52
-28
12
46
67
68
52
40
35
43
50
55
56
67
82
99
102
89
68
49
46
61
79
87
85
75
62
57
56
46
23
-9
-31
-30
-5
26
30
1
-51
-93
-99
-69
-24
-1
-14
-60
-107
-124
-104
-58
-21
-19
-44
-77
-94
-85
-56
-26
-15
-22
-37
-44
-39
-26
-15
-8
-3
3
17
28
28
23
21
29
48
69
81
82
70
59
53
61
84
102
111
97
62
33
18
26
51
73
74
54
16
-22
-38
-29
-14
-6
-14
-43
-76
-97
-97
-83
-63
-50
-49
-65
-88
-95
-91
-68
-39
-21
-27
-49
-67
-65
-38
-2
24
28
8
-9
-10
15
53
72
68
45
23
29
61
90
91
63
29
26
53
87
102
77
28
-14
-23
1
35
48
38
16
-6
-21
-29
-29
-21
-10
-7
-17
-36
-53
-53
-47
-41
-45
-56
-59
-46
-22
-8
-16
-38
-66
-77
-63
-36
-22
-24
-40
-47
-40
-25
-9
-6
-16
-18
0
28
52
55
43
26
21
41
72
98
101
85
68
60
57
54
49
47
52
57
51
33
14
3
0
-1
-11
-31
-45
-47
-32
-19
-17
-32
-70
-102
-100
-60
-7
22
12
-38
-92
-112
-92
-40
11
34
28
-1
-29
-38
-31
-11
5
16
22
28
30
37
39
37
27
11
2
6
24
52
77
87
79
53
21
-3
-12
-2
16
33
38
37
26
7
-7
-16
-20
-22
-19
-13
-9
-10
-17
-31
-43
-52
-50
-38
-23
-5
2
-4
-19
-39
-52
-55
-45
-33
-21
-12
-10
-15
-19
-21
-21
-13
-1
7
11
10
5
3
3
6
11
27
49
68
75
64
42
17
7
14
29
45
53
48
35
22
14
10
5
-3
-8
-13
-17
-20
-23
-28
-30
-30
-25
-20
-18
-17
-21
-29
-34
-30
-22
-10
-2
-6
-20
-30
-25
-9
12
21
13
-8
-27
-26
-7
19
29
16
-9
-26
-25
-2
34
55
54
30
-7
-33
-29
-2
33
60
67
51
25
2
-6
1
14
29
39
36
22
8
1
-2
-1
-3
-10
-19
-25
-24
-18
-10
-5
-6
-14
-22
-34
-40
-34
-24
-17
-21
-30
-41
-45
-39
-27
-13
-2
3
-5
-18
-28
-32
-27
-16
1
13
20
21
26
29
30
26
12
1
0
6
20
35
42
46
43
42
34
28
21
10
5
11
13
15
15
8
3
1
0
-1
-2
3
5
5
0
-13
-28
-41
-44
-35
-16
-2
-3
-18
-35
-42
-27
-7
6
11
5
-5
-13
-15
-13
-13
-8
-8
-1
13
23
28
23
18
9
2
1
1
5
9
8
6
9
12
16
19
14
11
13
18
19
13
-3
-23
-36
-38
-22
0
17
24
14
-1
-12
-12
-8
-6
-13
-24
-26
-20
-12
-6
-5
-11
-17
-23
-23
-18
-8
-1
-4
-12
-17
-19
-13
-6
-1
3
6
11
14
20
21
13
10
7
15
32
42
44
34
18
10
10
19
24
22
21
19
22
26
26
20
9
-4
-16
-17
-11
1
6
1
-13
-29
-36
-34
-22
-15
-17
-18
-19
-20
-16
-12
-11
-16
-18
-17
-20
-21
-21
-17
-9
-3
2
8
7
4
-3
-8
-4
4
15
22
20
14
5
1
8
22
32
31
17
-2
-14
-13
-2
10
17
16
7
-2
-8
-4
6
16
21
14
2
-8
-10
-3
-1
-2
-9
-19
-20
-16
-7
1
-1
1
-2
-9
-15
-19
-22
-19
-16
-13
-2
10
14
7
-6
-13
-7
12
25
28
20
14
12
10
7
-2
-5
2
19
31
29
18
0
-9
-6
6
16
16
7
-5
-9
-8
-7
-9
-10
-8
-1
3
3
-4
-11
-14
-11
-7
-9
-9
-13
-18
-16
-15
-14
-13
-18
-21
-20
-16
-8
-5
-2
2
2
0
0
0
2
2
8
18
28
31
25
19
15
13
13
12
11
14
16
17
12
6
10
10
11
15
12
5
0
1
4
4
2
-6
-11
-19
-19
-14
-7
-3
-7
-19
-29
-29
-17
-6
-1
-5
-20
-34
-35
-24
-4
12
10
-1
-11
-15
-6
7
12
8
0
-8
-5
5
12
18
20
11
2
-9
-7
11
31
43
38
15
-6
-18
-11
10
32
42
35
14
-5
-11
-7
4
12
14
3
-10
-15
-14
-9
-6
-9
-12
-15
-12
-4
-1
-6
-15
-24
-24
-18
-13
-5
-5
-8
-8
-8
-2
3
0
-5
-10
-7
1
3
5
-1
-3
7
16
22
17
3
-7
-7
5
19
23
16
6
4
3
6
12
12
11
8
6
1
3
6
7
8
5
-5
-11
-15
-7
1
2
-2
-13
-20
-22
-22
-14
-12
-11
-13
-19
-20
-18
-11
-2
3
1
-1
-2
-3
-5
-5
-3
-2
3
10
9
12
16
17
19
16
12
8
4
3
5
8
14
17
20
15
3
-1
0
5
13
15
8
1
-5
-5
1
6
3
-5
-10
-8
-4
3
5
0
-10
-18
-21
-18
-15
-15
-16
-19
-18
-9
0
1
-2
-7
-9
-7
-4
-1
-6
-13
-18
-17
-8
8
19
17
6
-5
-9
-7
-1
4
8
10
13
14
9
6
4
9
22
31
34
25
6
-12
-20
-16
-2
12
21
21
17
17
17
14
8
-4
-11
-17
-18
-16
-12
-13
-13
-10
-8
-7
-8
-8
-9
-9
-5
-3
-4
-10
-15
-13
-9
0
8
10
12
6
3
4
2
-1
-9
-16
-20
-15
-1
14
21
16
5
5
15
28
39
32
12
-14
-40
-49
-37
-8
21
39
34
6
-22
-33
-18
12
41
42
8
-42
-79
-78
-34
24
64
63
19
-29
-45
-29
12
43
40
9
-27
-49
-40
-8
21
37
32
17
1
-9
-14
-21
-18
-7
9
21
16
0
-23
-31
-17
15
49
72
71
45
6
-31
-45
-35
-11
9
14
4
-2
-1
4
10
8
3
2
-1
-6
-19
-32
-42
-36
-14
11
31
32
13
-14
-33
-34
-21
0
11
5
-17
-47
-64
-54
-26
8
31
37
26
4
-14
-19
-14
-6
5
19
34
47
46
30
12
7
21
52
76
68
28
-24
-52
-40
3
44
49
17
-22
-37
-15
22
39
23
-19
-52
-61
-51
-42
-33
-21
