SAMPLES:	9584
BITSPERSAMPLE:	16
CHANNELS:	1
SAMPLERATE:	16000
NORMALIZED:	FALSE
15
13
10
4
-3
-15
-27
-22
-7
11
20
8
3
9
12
4
-12
-17
9
33
35
21
-5
-27
-30
-18
-4
7
7
4
0
-7
-11
-11
-7
-6
1
5
5
8
8
4
1
5
8
3
-9
-16
-6
13
20
10
-4
-10
-3
4
3
-1
2
3
4
-3
-11
-13
-8
-1
3
5
1
0
2
-8
-18
-25
-20
-1
19
23
9
-9
-26
-21
3
27
34
18
9
8
10
5
-16
-27
-22
-4
15
17
9
2
0
3
7
11
10
8
-3
-13
-7
2
4
-7
-20
-17
0
19
19
-2
-18
-12
2
12
6
-3
0
2
2
-6
-13
-14
-2
16
26
19
1
-19
-19
3
16
11
-9
-30
-27
-8
9
13
8
9
6
0
-3
4
17
18
5
-8
-16
-23
-23
-20
-12
5
14
9
3
4
10
8
-2
-9
-5
3
3
-9
-10
10
22
11
-11
-22
-10
8
14
2
-13
-21
-22
-15
-8
6
18
26
21
13
9
9
5
2
0
3
11
6
-6
-17
-12
-5
-3
0
-2
2
17
27
22
10
-12
-33
-29
-10
13
30
26
9
-14
-27
-17
-1
7
4
-1
-3
-2
-2
-3
-3
13
21
4
-18
-22
-10
4
17
14
2
-5
-10
-5
-3
-7
-10
-3
21
28
5
-11
-25
-29
-20
-14
-7
-2
-7
-13
-19
-14
1
21
39
42
21
-11
-29
-22
-1
19
20
6
-7
-8
-5
-6
-7
-8
4
17
20
19
16
-1
-8
2
14
19
17
10
2
0
-4
-11
-4
1
-4
-8
-18
-24
-21
-5
12
16
7
-12
-23
-14
6
24
23
8
3
3
-3
-10
-20
-20
-7
5
16
23
17
9
-2
-8
-8
-2
1
-2
0
-1
0
-1
-10
-12
-1
12
13
3
-12
-6
11
12
-2
-25
-32
-15
6
7
0
-2
2
5
-2
-11
-3
14
22
10
-13
-27
-20
1
17
21
15
8
6
-4
-9
-2
17
27
17
2
-4
4
13
9
-9
-23
-21
-6
2
-3
-7
-2
9
8
-16
-37
-33
-15
6
10
3
3
9
20
19
-3
-24
-24
-10
3
12
18
13
8
6
5
10
9
-1
-7
6
23
26
10
-15
-31
-23
-4
1
0
4
7
15
18
0
-21
-23
-18
-5
5
4
-2
1
13
25
28
12
-4
-16
-21
-9
0
5
4
4
4
-2
-13
-14
-10
-10
-3
13
21
9
-11
-12
5
30
29
1
-26
-33
-14
5
13
7
0
-2
-15
-23
-21
-18
-11
-12
-23
-19
1
25
41
33
13
-2
-5
0
4
8
2
-11
-3
15
22
14
-6
-15
-6
5
16
16
8
4
7
9
10
-3
-17
-7
12
14
6
-4
-6
8
18
13
-5
-29
-36
-28
-19
-7
7
15
13
6
-1
-9
1
9
4
-1
0
5
5
1
-2
-8
-13
-12
-7
-1
10
9
-2
-6
-10
-4
6
2
1
-8
-9
1
4
-1
-4
-3
6
17
12
-9
-27
-28
-16
-3
7
7
1
-3
1
10
18
21
10
-6
-11
-4
3
-1
-5
-4
6
23
25
12
2
-3
1
2
-1
0
1
2
9
3
-5
-3
2
1
-2
-4
-4
12
19
6
-13
-25
-23
-11
0
5
9
4
-8
-7
9
25
28
17
-7
-25
-27
-17
-5
-7
-8
-3
8
17
8
-5
-12
-9
-1
-9
-14
-1
20
34
31
5
-17
-19
-13
2
9
5
2
-1
0
5
-2
-18
-26
-31
-23
5
34
46
30
3
-19
-22
-10
4
8
3
-1
-1
-5
-3
-5
-12
-11
-1
9
7
-10
-25
-22
-7
15
28
26
17
11
15
11
2
-9
-19
-8
8
14
2
-17
-22
-5
9
12
-3
-25
-34
-27
0
26
29
17
-3
-12
-4
5
7
4
1
-3
-6
-13
-13
1
21
30
12
-15
-24
-7
18
31
31
20
9
1
-7
-8
-5
4
5
1
-9
-18
-14
-1
9
8
-3
-21
-28
-27
-8
16
16
10
5
-1
1
-1
-10
-9
-2
1
0
-1
11
19
12
5
-10
-16
-6
9
24
26
6
-20
-32
-24
-2
10
7
-9
-18
-9
10
14
-3
-24
-40
-32
0
18
16
1
-13
-7
13
25
29
17
1
-8
-5
-1
-4
-2
1
2
6
13
8
3
-2
-2
2
-3
-5
2
18
26
18
0
-18
-25
-14
1
12
16
7
-1
1
-1
-8
-24
-34
-25
1
24
25
3
-26
-27
-2
25
35
23
1
-9
-9
-11
-16
-16
-6
9
23
22
2
-15
-13
-4
9
16
11
9
15
22
19
-4
-29
-30
-11
5
11
3
-3
-8
-8
-6
-11
-14
-19
-22
-18
-9
2
21
33
23
1
-19
-27
-13
13
29
23
0
-17
-15
-8
-5
-3
2
11
17
15
-1
-15
-11
6
21
29
19
-3
-17
-17
-7
1
-3
-7
-5
-3
-5
-5
-15
-14
-4
3
10
5
-4
-10
4
26
35
35
17
-5
-18
-16
-9
-4
6
8
2
4
6
11
10
3
-3
-7
-6
-1
2
0
-4
-8
-5
1
2
-4
-16
-21
-14
7
18
3
-14
-23
-25
-16
-5
2
12
21
19
19
15
12
7
2
-6
-10
-8
-6
0
4
6
2
-9
-19
-11
8
18
14
1
-7
-6
0
5
5
-1
-8
-15
-19
-14
14
44
42
2
-40
-46
-21
6
21
6
-19
-23
-10
16
33
32
14
-8
-14
-8
-2
0
-7
-13
-10
-9
-10
-7
2
21
29
23
11
7
6
3
-3
-11
-16
0
18
22
15
-4
-14
-6
-3
3
8
2
6
1
-21
-30
-26
-14
-2
10
27
30
19
0
-13
-18
-14
-5
-3
-1
-4
-13
-15
-12
-9
2
15
23
23
9
-9
-20
-20
-5
13
25
22
6
-8
-16
-14
-2
13
16
12
2
-9
-19
-30
-22
2
15
8
-6
-22
-15
7
23
35
31
8
-13
-28
-24
-13
5
17
14
6
-1
0
2
12
13
13
16
6
-10
-26
-28
-9
7
19
19
8
-9
-23
-20
-8
-3
1
-5
-9
-6
-3
-4
-2
1
16
28
23
6
-11
-6
7
14
10
-2
-17
-28
-26
-14
4
13
13
-5
-14
-13
4
28
33
18
-3
-9
-2
14
22
8
-17
-32
-23
1
20
22
10
-8
-25
-28
-19
-5
5
8
6
-1
-2
1
0
-1
5
11
13
7
-17
-43
-47
-24
13
36
31
9
-18
-23
0
29
31
18
3
-4
2
16
26
18
5
-8
-12
-3
0
-5
-16
-12
13
31
25
-7
-40
-49
-34
-10
7
10
2
-3
-8
-7
3
12
11
8
1
-8
-19
-24
-13
2
19
25
22
19
9
-8
-21
-19
3
32
36
21
-1
-18
-19
-3
12
8
-3
-12
-13
-6
-1
1
8
6
-8
-24
-32
-25
-7
9
16
18
17
14
15
5
-16
-20
-10
0
10
4
-7
-5
13
34
33
10
-18
-31
-21
-2
10
18
16
6
-2
-4
-4
-9
-10
-2
6
6
-2
-22
-32
-25
-6
8
8
-3
-13
-6
13
27
28
19
8
-1
-4
-8
-16
-13
-4
-2
-7
-14
-11
6
21
18
5
0
5
17
24
13
-2
-4
2
12
9
0
-6
-13
-12
-7
-9
-14
-18
-21
-26
-19
-7
-3
-2
0
3
14
24
22
17
1
-7
-4
-7
-10
-11
-6
3
8
10
5
1
-2
5
9
13
14
11
9
5
5
3
-3
-14
-21
-21
-18
-19
-11
8
22
22
4
-15
-27
-18
11
23
10
-5
-13
-2
12
12
5
2
14
24
17
-4
-19
-21
-15
-9
-3
12
24
20
6
-8
-14
-8
-4
-3
1
6
15
17
-2
-19
-22
-17
-5
10
12
8
0
-10
-21
-27
-26
-13
2
10
11
6
10
18
22
18
9
5
7
6
-2
-14
-14
-10
-4
1
7
11
5
-1
-1
3
6
4
-5
-10
-8
0
5
14
18
17
15
-4
-23
-30
-20
-3
-5
-13
-32
-39
-21
4
38
58
52
29
-4
-21
-23
-15
-7
-10
-3
-8
10
19
28
35
26
20
-15
-46
-66
-70
-51
-48
-32
3
26
68
86
83
80
62
92
59
8
-36
-114
-106
-170
-164
-160
-137
-39
17
152
225
295
307
207
92
-102
-227
-306
-313
-219
-141
-5
78
162
225
241
249
165
64
-74
-198
-244
-244
-188
-87
11
122
220
266
281
192
125
-15
-158
-216
-298
-252
-242
-128
12
94
228
219
269
209
169
134
24
-23
-171
-229
-308
-386
-370
-329
-198
-121
-19
61
112
178
195
207
146
20
-117
-239
-357
-365
-350
-187
-73
66
183
120
124
-40
-61
-114
-136
-6
-23
118
129
206
246
90
153
-17
7
-118
-133
-13
11
263
440
772
1024
1206
1366
1399
1337
1103
797
426
-62
-540
-973
-1343
-1572
-1667
-1594
-1319
-928
-322
239
780
1153
1309
1148
702
115
-559
-1171
-1553
-1603
-1354
-875
-334
139
355
280
-44
-430
-760
-909
-761
-476
27
403
588
487
170
-87
-431
-239
264
1215
2159
2909
3461
3395
2770
1603
294
-912
-1988
-2547
-2751
-2645
-2453
-2103
-1610
-1121
-548
203
1102
1875
2359
2460
2112
1165
-10
-1180
-2110
-2643
-2502
-1708
-611
482
1441
2010
1975
1287
240
-938
-2066
-2793
-2931
-2443
-1466
-138
1347
2526
3167
3148
2580
1553
258
-950
-1808
-2117
-1899
-1204
-271
649
1379
1741
1720
1301
663
-36
-613
-929
-950
-698
-266
225
628
852
820
594
208
-241
-616
-799
-692
-373
133
664
1042
1160
999
624
97
-439
-818
-921
-784
-462
-99
194
305
178
-69
-400
-688
-861
-813
-531
-130
337
710
922
852
489
-57
-702
-1259
-1610
-1640
-1338
-791
-103
517
946
1062
902
530
58
-332
-527
-492
-257
63
355
516
484
281
-62
-409
-642
-689
-526
-230
165
532
826
929
914
753
564
416
248
276
230
320
297
199
82
-272
-506
-885
-1083
-1126
-1092
-713
-438
-1
323
650
933
1003
1061
884
720
425
122
-166
-515
-736
-892
-861
-727
-546
-55
389
810
1015
955
959
546
120
-240
-583
-452
-614
-158
321
618
1008
725
901
368
-329
-933
-1599
-1533
-1745
-1419
-867
-363
302
460
791
772
592
432
249
174
-33
-196
-345
-471
-685
-674
-579
-349
-32
199
559
549
436
262
-70
-290
-667
-558
-175
482
1300
1979
2630
2958
2940
2343
1247
-129
-1408
-2300
-2995
-3402
-3329
-2640
-1772
-929
-259
246
664
898
1164
1161
957
652
313
-26
-614
-1076
-1359
-1693
-1634
-1315
-838
-148
352
867
778
-1
-593
-1278
-1615
-3010
-2112
2070
5293
7095
7661
8967
9550
6684
1347
-3184
-4934
-6457
-7550
-7006
-6525
-5356
-3283
-1164
-82
323
1993
4732
6499
6740
5564
3808
1594
-1419
-4109
-6099
-7328
-6301
-2547
868
2545
3868
4667
4129
1989
-1393
-4657
-6469
-5916
-4118
-2475
-673
2147
5734
7724
6597
3840
1641
-64
-2534
-4933
-6284
-6112
-4278
-1317
1319
2479
3428
4456
4529
3454
1275
-1265
-2691
-2842
-2810
-2504
-1791
-626
1089
2425
2236
1186
291
-148
-238
-519
-431
239
1380
2597
2882
2174
1307
542
-554
-1535
-2207
-2604
-2009
-805
194
718
988
1015
840
590
-130
-700
-574
48
840
1235
1228
1025
478
-300
-1784
-3021
-3746
-3822
-2905
-1593
-95
1138
2465
3752
3797
2732
1167
-145
-990
-1957
-2564
-2573
-1840
-665
227
573
636
539
425
134
-422
-823
-590
-80
483
1038
1302
1612
1939
1725
986
105
-713
-1050
-1205
-1408
-1228
-534
239
772
1049
1065
952
728
571
642
577
381
531
869
1070
794
172
-217
-431
-742
-1136
-1529
-1632
-1292
-717
-444
-494
-522
-336
90
118
-256
-383
-289
-116
-29
-226
-458
-564
-501
-501
-679
-813
-836
-666
-509
-434
-218
-160
-319
-705
-797
-806
-874
-516
38
1873
4398
5915
6371
6481
6708
5747
2834
-804
-3339
-4609
-5987
-6916
-6522
-5381
-4017
-2466
-858
356
1535
3229
4699
5374
5204
4241
3014
1146
-1397
-3460
-4423
-4471
-3484
-1534
129
1317
2208
2249
1181
-742
-2922
-4548
-4951
-4389
-3179
-1620
488
3352
5544
5915
4708
2986
1502
-452
-2965
-4750
-5067
-4018
-2109
-52
1479
2443
3221
3465
2851
1449
16
20
1200
2370
3017
3400
4135
4454
3263
644
-2027
-3720
-4613
-5027
-5194
-4911
-3825
-1950
94
1214
1663
2508
3926
4839
4404
2884
980
-716
-2380
-4205
-5735
-6197
-5141
-2616
-150
1322
2263
2802
2827
1619
-606
-3070
-4577
-4423
-3803
-2836
-1395
409
2389
3436
3415
2692
1917
1035
-63
-1182
-1915
-1795
-855
-113
1040
3892
6693
8069
7966
7481
6460
3764
-477
-4373
-6229
-7068
-7460
-6229
-4158
-2539
-1338
-116
504
727
1693
3083
4293
5130
5288
4643
3159
449
-2444
-4385
-5891
-6496
-4952
-2352
-44
1829
3161
3241
1894
-286
-2856
-5103
-6119
-5765
-4703
-2945
-119
3031
5370
5890
4770
3230
1405
-1067
-3390
-4537
-4533
-3465
-1230
1068
2505
3242
3353
2695
1439
-26
-580
374
1946
3299
4491
5694
6003
4807
2482
-166
-2515
-4710
-6362
-6780
-6368
-5432
-3823
-1435
915
2718
4425
5974
6666
5966
4115
1752
-760
-3117
-4920
-6125
-6245
-4874
-2391
36
1434
2268
2571
1952
265
-1995
-3906
-4985
-4727
-3718
-2598
-1306
262
2025
3014
3013
2586
2051
1133
-373
-1626
-2326
-2344
-2091
-1000
2413
6621
9249
9914
10077
10030
7954
3115
-2593
-6175
-7701
-8787
-8957
-7864
-6162
-4064
-1717
-31
602
1392
3269
5227
6280
6522
6117
5102
2740
-475
-3176
-5074
-6415
-6226
-3951
-1415
598
2311
3018
2211
-21
-3080
-5886
-7423
-7388
-6234
-4120
-897
3035
6375
7665
6930
4965
2671
131
-3099
-5557
-6345
-5590
-3536
-1335
578
2241
3941
4247
3884
5216
6379
6199
5329
5571
6233
4982
1779
-1654
-3506
-4835
-6682
-7486
-7423
-7266
-6323
-4014
-1713
40
2687
6263
8902
9801
9295
7466
4263
-298
-4905
-8124
-9495
-9160
-6828
-3249
-183
2038
3814
4035
2042
-1025
-3977
-5996
-6334
-5613
-4457
-2451
473
3771
5760
5390
3814
2332
1256
-315
-2666
-4310
-4541
-3247
-1705
-338
765
2007
6067
10325
11867
10919
9550
8913
6598
1510
-4487
-7905
-8037
-7739
-7198
-6130
-5342
-4623
-3104
-1505
-1297
-553
2625
6536
9095
9764
8481
6141
2425
-2309
-6334
-8780
-9710
-8143
-4090
-331
2083
4295
5481
4160
456
-3830
-7322
-9491
-9903
-8910
-6390
-2166
3019
7280
8773
7737
5617
3369
396
-3192
-5908
-6459
-5205
-2996
-714
1186
2584
4375
8630
11762
11864
10285
8844
7995
5006
-632
-6010
-8016
-7625
-7774
-7608
-7175
-6708
-5789
-4269
-2951
-2035
928
6032
10417
12233
11718
9603
6835
2242
-3516
-8318
-10744
-10538
-7655
-3364
-254
2108
4514
4880
1983
-3166
-7810
-10613
-11147
-9619
-6900
-2708
3252
9113
11959
10772
6925
2869
-666
-4447
-7950
-9273
-7582
-3880
428
3887
5585
5982
6506
5752
3869
3779
4406
4711
4832
6130
7453
6411
3410
330
-1433
-3364
-6686
-8676
-9113
-9403
-9397
-7401
-3674
161
4452
9152
12543
13618
12081
8172
2847
-3259
-8458
-11658
-12092
-10062
-6031
-1060
2535
4382
4957
3588
60
-4693
-8553
-10914
-10879
-8659
-5707
-1879
2772
7224
9740
9006
6038
2743
-287
-3393
-5842
-6451
-5085
-2333
341
2509
3929
4611
4465
3150
3747
5910
7069
6709
7086
9005
8881
5409
643
-2563
-4290
-6908
-9242
-9917
-10098
-9538
-7013
-3408
-230
3113
7770
12098
13884
13146
10000
5432
-886
-6809
-9991
-11016
-10518
-8242
-3657
864
3660
5063
4050
946
-3474
-7584
-9945
-10815
-9977
-7878
-4233
885
6092
9389
9490
7142
4174
1583
-1212
-4339
-6526
-6580
-4242
-1010
1542
2651
3420
4398
3754
4587
7000
8016
7161
6487
8032
8415
5389
384
-2938
-3689
-5227
-7348
-8313
-8728
-8692
-6985
-4145
-1796
1093
5651
10429
12722
12734
10681
7020
1614
-4351
-8332
-10715
-11401
-9693
-5276
-411
2261
3914
4485
2673
-1459
-5985
-9334
-11450
-11016
-8417
-4535
174
5070
9014
10116
8052
4279
644
-2743
-6045
-8168
-7898
-5069
-1060
2617
5191
6474
7064
5657
4277
5198
5953
5293
4091
5729
8066
7283
3414
-144
-1411
-3227
-6490
-8781
-9879
-10275
-9401
-6621
-3262
400
5367
11018
14352
14584
12780
9254
3847
-3523
-9667
-13018
-13604
-11759
-7656
-2070
2227
5260
6916
5583
1451
-4282
-8883
-11510
-11681
-10115
-7645
-3046
2991
8414
10765
9418
6315
3077
-615
-4500
-7106
-7620
-5624
-2106
1267
3865
4957
5507
4967
2809
3095
5119
6556
6177
6516
8565
8829
5672
985
-1637
-2705
-5426
-8181
-9419
-10072
-10211
-8784
-5797
-2357
2123
7789
12459
14324
13863
11259
6666
-73
-6500
-10259
-11926
-12150
-10086
-5154
362
3992
6039
5914
2943
-1970
-6806
-10185
-11989
-11347
-8761
-4488
1321
6874
10378
10337
7397
3635
129
-3438
-6688
-8098
-6410
-2855
652
3579
5707
6359
5770
3100
1062
2808
5126
5868
5799
7780
10152
9552
5828
1321
-1636
-4549
-7883
-9604
-10572
-11367
-10621
-7328
-3155
592
4881
9948
13510
14508
13342
9553
3492
-3690
-8936
-11922
-13635
-13143
-9243
-2557
2744
5188
6151
4891
1170
-3948
-8430
-11449
-12036
-9823
-5974
-1103
3801
7882
10001
9158
5858
1771
-1410
-3935
-5790
-6132
-4439
-1673
983
3155
4507
4772
4161
1524
1080
4359
6467
6655
6708
9493
11636
9327
4131
-274
-2321
-5270
-8829
-10585
-11330
-11104
-9382
-5704
-2160
950
5546
11022
13937
13779
11762
7603
1909
-4772
-9879
-12611
-13478
-11647
-6688
-351
3538
5268
6075
4531
405
-4991
-9128
-11293
-11040
-8877
-5878
-1759
3217
7744
9485
8006
4980
1945
-434
-3163
-6030
-6939
-4763
-1588
1043
2900
3754
4161
3713
1945
1843
4660
7162
7970
8692
10714
11551
9110
4666
391
-2877
-6259
-9378
-10702
-11241
-11542
-10401
-6737
-2135
1992
6772
11236
13599
13731
11342
7210
1639
-4684
-9861
-12767
-13168
-11245
-6741
-1380
2507
4774
5407
4145
981
-3615
-8053
-10712
-10766
-8858
-6090
-2561
1722
5833
8043
7668
5826
3487
1043
-1899
-4615
-5696
-4970
-3183
-1037
1192
3113
4254
4812
4405
4932
6774
7789
7838
7614
8543
8987
6882
3302
-247
-2579
-4849
-7587
-9432
-10453
-10590
-9433
-6542
-3179
457
5250
10062
13135
13525
11506
7723
2658
-3599
-9537
-13274
-14088
-11841
-7256
-1915
2305
5056
6236
5083
1371
-3815
-8353
-10781
-10696
-8963
-6444
-2624
2248
6535
8652
8138
6102
3640
699
-2856
-5833
-6769
-5425
-2873
-163
2240
4161
5356
5523
4394
3176
4090
5711
6734
7450
8464
9552
8968
6191
2466
-663
-3508
-6731
-9347
-11255
-12291
-11557
-8460
-4272
-138
4515
9648
13634
14591
12612
8344
2864
-3372
-9160
-12798
-14051
-12684
-8784
-3351
1560
4435
5845
5530
3019
-1419
-6234
-9303
-10309
-9596
-7714
-4590
-243
3875
6489
7176
6244
4272
1867
-737
-3100
-4562
-4501
-3154
-1298
736
2222
3552
4503
4601
4367
4872
6326
7172
7640
8103
8898
8820
6604
3562
327
-2733
-5884
-8766
-10693
-11830
-11395
-8883
-4849
-596
3580
8151
11873
13377
12386
8871
3694
-1903
-7410
-11459
-13350
-12971
-10192
-5696
-577
3195
5274
5623
4036
864
-3216
-6579
-8447
-8630
-7540
-5621
-2481
1112
4086
5549
5481
4391
2707
781
-1402
-3202
-3870
-3130
-1623
-49
1468
3099
4414
5098
4513
3832
5038
6574
7012
6724
7145
8099
7777
5598
2026
-1105
-3614
-6647
-9314
-10949
-11353
-10089
-7138
-3436
528
5097
9553
12372
12943
10936
6937
1720
-4360
-9661
-13143
-14086
-12412
-8373
-2888
1934
5229
7030
6799
4126
-221
-4560
-7834
-9382
-9314
-8169
-5749
-2194
1657
4498
5332
4744
3941
2779
666
-2007
-3738
-3520
-2236
-505
1180
2983
4738
5514
5512
4329
3752
4395
5096
5814
6473
7770
8435
7450
4692
1312
-1668
-4909
-7953
-9961
-10668
-10259
-8408
-5140
-1352
2750
6858
10282
11895
11247
8538
4097
-1525
-7264
-11543
-13850
-13651
-11079
-6335
-800
3504
6349
7374
6465
3411
-1032
-5208
-8315
-9663
-9537
-7977
-5143
-1550
2214
4503
5268
5066
4015
2029
-761
-3009
-3779
-3017
-1421
428
2578
4618
6134
6541
5708
4300
3984
4933
5613
5830
6313
7247
7084
5221
2072
-1196
-3741
-6435
-8769
-10161
-10327
-9122
-6462
-2764
957
5249
9338
11882
12240
10461
6753
1221
-4789
-10010
-13460
-14702
-13422
-9334
-3487
2124
5947
8021
8180
5896
1718
-3126
-7219
-9731
-10128
-8915
-6680
-3285
690
3827
5206
5128
4070
2272
-133
-2414
-3777
-3670
-2176
-142
2299
4324
5686
6410
5896
4330
2363
2031
2755
3464
4345
5764
7557
8158
6853
4068
995
-2092
-5575
-8574
-10309
-10668
-9488
-6460
-2327
1675
5521
8921
11096
11268
8786
4266
-1045
-6208
-10573
-13502
-13949
-11822
-7182
-1166
3995
7355
8819
8482
5953
1326
-3959
-8288
-10520
-10826
-9960
-7820
-4414
-423
2935
4623
4879
4242
3299
1898
-138
-1701
-1864
-394
1448
2873
3871
4619
5037
4263
2421
561
339
1565
3093
4559
6075
7785
8681
7785
5167
1863
-1321
-4443
-6970
-8633
-9503
-9130
-6949
-3472
108
3322
6365
8764
9400
7658
3921
-626
-5190
-9023
-11289
-11580
-9761
-6102
-1179
3602
6691
8002
7561
5376
1489
-3322
-7597
-10452
-11377
-10717
-8667
-5285
-1448
1874
3921
4898
5103
4382
2951
1253
207
110
693
1486
2200
3029
3535
3370
2374
490
-1292
-1527
126
2213
3984
6309
9182
11181
10575
7387
3548
371
-2877
-6427
-9056
-9916
-9188
-7348
-4536
-1522
1573
4740
7227
8337
7148
4116
353
-3406
-7031
-10066
-10886
-9325
-5861
-1303
3235
6618
8091
8108
6076
2031
-3155
-8006
-11097
-12545
-12503
-11103
-7735
-3078
1208
4468
6491
7468
7162
5766
3772
1516
-87
-777
-570
-118
253
821
1615
2295
1826
691
211
1300
2893
4206
5585
7458
9376
9852
8449
5439
2004
-1080
-4063
-6499
-8423
-9474
-9017
-6763
-3823
-1571
992
3876
6328
7010
5722
3101
-134
-3408
-6456
-8323
-8571
-6967
-3437
838
4253
5975
6683
6252
3647
-944
-5847
-9424
-11552
-12359
-11766
-9368
-5420
-760
3720
6815
8272
8336
7580
5682
2684
-324
-2077
-2010
-1350
-761
48
957
1852
1950
1386
111
-420
1193
3414
5577
6900
8517
10435
10712
8458
4344
811
-2249
-5591
-8211
-10221
-10798
-9569
-6814
-3571
-490
2811
5877
7962
8378
6060
2114
-1726
-4933
-7227
-8514
-7894
-5133
-991
3169
5474
6376
6012
3820
213
-4331
-8514
-11633
-12709
-11775
-9786
-6488
-2064
2588
6177
7966
8202
7312
5663
3180
415
-1616
-2173
-1587
-362
803
1461
1985
2321
1722
117
-1337
-801
1165
3567
5845
8072
10621
11847
10863
7833
4118
527
-3385
-6717
-9375
-11100
-11136
-9351
-6101
-2802
423
3888
7098
8591
7001
3690
283
-2839
-5897
-8277
-8585
-6781
-3298
475
3656
5580
6045
5406
3095
-748
-5548
-9664
-11778
-12020
-11040
-9033
-5482
-728
3841
6697
7792
7733
6920
5269
2774
179
-1718
-2277
-1697
-562
566
1318
2099
2694
2311
681
-796
-493
1201
3356
5237
7378
9918
11446
10645
7540
3826
383
-3027
-6287
-9036
-10553
-10245
-8105
-5328
-2639
309
3653
6435
7449
6220
3708
887
-1968
-4996
-7363
-7754
-6556
-3756
-453
2533
4557
5388
5348
3370
-320
-5020
-9107
-11362
-12117
-11579
-9830
-6095
-1160
3380
6414
7748
7813
6865
5245
2987
491
-1423
-2025
-1179
15
642
942
1513
2088
1551
251
-1079
-710
1083
3149
5384
7400
9881
11320
10816
8354
4657
1085
-2596
-5645
-7869
-9463
-9694
-8236
-5611
-3247
-1047
1698
4575
6202
5849
4132
1775
-971
-3911
-6278
-7394
-7126
-4924
-1375
2167
4647
5856
6067
4300
574
-4269
-8795
-11693
-12876
-12355
-10258
-6490
-1620
3252
6815
8445
8582
7886
6488
4006
1025
-1252
-1983
-1392
-653
-148
600
1411
2020
1582
359
-1145
-1824
-406
1893
4151
5963
8293
11097
11889
9861
6121
2718
-255
-3689
-6959
-9389
-10077
-9045
-6869
-4727
-2801
-334
2818
5335
5554
4224
2315
481
-1700
-4271
-6048
-6469
-4693
-1506
1557
3698
4546
4825
3684
512
-4090
-8541
-11160
-12040
-11595
-9950
-6679
-2064
2650
6112
7861
8325
7893
6879
4947
2244
-294
-1589
-1522
-1192
-982
-412
583
1284
943
-158
-1354
-1985
-1266
1018
3769
6497
9391
12305
13939
12697
9352
5397
1538
-2584
-6820
-10008
-11598
-11581
-10202
-8021
-5478
-2460
1128
4516
6287
6148
4969
3144
663
-2319
-4906
-6117
-5613
-3534
-763
1696
3341
4179
3702
1368
-2434
-6600
-9878
-11708
-11878
-10497
-7768
-3748
849
5055
7845
8995
9036
8102
6245
3513
524
-1694
-2558
-2275
-1660
-1169
-460
443
974
525
-639
-1456
-1250
503
2922
5439
7870
10441
12924
13217
11005
7111
3220
-501
-4896
-8936
-11661
-12343
-11486
-9510
-6697
-3541
85
3937
6993
7844
6849
5096
3016
-145
-3808
-6302
-6877
-5616
-3631
-951
1654
3375
4036
2917
260
-3758
-7653
-9999
-10917
-10519
-8996
-5789
-1222
3119
6155
7633
8197
8092
6794
4341
1288
-1446
-2916
-3263
-2824
-2152
-1177
458
1872
2491
1766
631
-44
-42
1296
3047
5232
7561
10150
12468
12346
9903
6096
2277
-1583
-6044
-9941
-12216
-12420
-10959
-8560
-5591
-2155
1557
5212
7583
7840
6522
4309
1678
-1765
-5253
-7315
-7287
-5646
-3356
-701
1768
3478
3828
2594
105
-3294
-6408
-8580
-9434
-9059
-7644
-4773
-1088
2547
5275
6693
7155
6601
5274
3323
974
-1111
-2297
-2359
-1730
-1009
-125
1216
2264
2498
1777
671
-237
-909
-295
1476
3941
6682
9198
11646
12396
10670
7071
2767
-1301
-5433
-8910
-10874
-11266
-10118
-7704
-4698
-1722
1071
3796
6021
6442
5106
2823
410
-1987
-4653
-6404
-6535
-5053
-2519
67
2361
3772
4333
3611
1235
-2169
-5633
-7939
-9075
-9085
-8202
-6346
-3144
452
3606
5425
6121
6278
5945
4826
2448
-261
-1973
-2214
-1711
-1013
-197
1069
2509
2931
2148
273
-1396
-2248
-2173
-531
1708
4692
8011
11305
13480
12794
10066
6311
2338
-2181
-6920
-10063
-11315
-11003
-9580
-6869
-3642
-796
1704
4011
5391
5117
3773
1988
34
-2573
-4733
-5514
-4916
-3486
-1761
740
2853
3870
3624
2083
-276
-3471
-6332
-8517
-9741
-9716
-8416
-5699
-2309
1223
4367
6736
7844
7403
6090
4268
2120
-152
-1829
-2203
-1524
-401
585
1371
1848
1441
286
-1145
-2284
-2849
-2123
542
3955
7341
10290
12872
14068
12628
9118
4653
165
-4141
-8083
-10684
-11820
-11420
-9593
-6857
-3802
-844
2150
4812
6091
5674
4093
2003
-297
-2711
-4510
-5259
-4642
-2797
-397
1837
3245
3800
3416
1632
-1485
-5280
-8347
-10135
-10777
-10133
-8053
-4529
-457
3415
6449
8031
8334
7549
6063
3717
841
-1636
-2744
-2454
-1797
-1068
-121
1127
1704
1018
-390
-1911
-2811
-2941
-1588
1170
4540
8169
11511
14128
14713
12754
9018
4489
-216
-4985
-9054
-11496
-12101
-11282
-9262
-6427
-3258
-139
2802
5162
6064
5406
3900
1992
-387
-3089
-4997
-5161
-4072
-2351
-282
1882
3401
3555
2501
308
-2803
-5956
-8250
-9395
-9614
-8770
-6482
-3141
416
3556
5925
7559
8075
7455
5773
3297
745
-1290
-2333
-2709
-2534
-1709
-359
868
1210
643
-376
-1242
-2035
-2398
-1828
346
3670
7070
10189
12510
13763
12941
10131
6077
1421
-3230
-7635
-10670
-12023
-11792
-10240
-7621
-4168
-760
2218
4411
5482
5346
4187
2454
461
-1655
-3126
-3674
-3225
-2103
-755
962
2144
2582
1873
142
-2103
-4981
-7486
-9284
-9860
-9035
-7070
-3819
-104
3390
6047
7546
7968
7159
5300
2895
414
-1422
-2394
-2558
-2202
-1553
-451
675
1149
549
-682
-1843
-2692
-3214
-3014
-1357
1931
6057
10026
13110
15073
15369
13362
9390
4117
-1299
-6347
-10271
-12259
-12610
-11339
-8854
-5263
-1537
1189
3053
4265
4850
4288
2885
1316
-123
-1451
-2257
-2406
-2137
-1535
-480
892
1403
813
-276
-1556
-3350
-5847
-7884
-8627
-8207
-6897
-4882
-2071
924
3632
5723
6752
6651
5544
4136
2561
814
-803
-1897
-2029
-1769
-1358
-994
-760
-776
-1292
-2032
-2763
-3135
-2838
-1343
1293
4872
8460
11659
14096
14846
13811
10574
6174
1267
-3557
-7306
-9909
-10829
-10474
-8899
-6336
-3677
-1291
793
2775
4061
4323
3882
3282
2265
698
-885
-1924
-2295
-2373
-1895
-856
287
784
406
-612
-2261
-4311
-6366
-7754
-8266
-7842
-6416
-4253
-1504
1183
3514
5323
6249
6359
5531
4058
2144
78
-1568
-2613
-3078
-3038
-2395
-1369
-420
-106
-234
-499
-1064
-1411
-1509
-553
1231
3696
7026
9857
11961
12643
12417
10989
7629
3416
-885
-4303
-7159
-9287
-9897
-9304
-7684
-5560
-3044
-564
1386
3007
4270
4818
4413
3384
2156
707
-992
-2369
-3059
-3163
-2994
-2478
-1612
-972
-1041
-1689
-2568
-3663
-5021
-6087
-6348
-5777
-4562
-2767
-353
2170
4230
5520
5986
5518
4074
2059
-125
-2103
-3692
-4470
-4211
-3375
-2243
-1072
156
1161
1497
1445
1054
767
513
676
1785
3606
6129
8473
10498
11676
11518
9964
6862
3014
-1181
-5038
-7969
-9689
-9832
-8779
-6624
-3830
-911
1726
3839
5378
5942
5391
4041
2324
393
-1657
-3406
-4482
-4901
-4644
-3786
-2502
-1438
-887
-682
-943
-1857
-3352
-4685
-5393
-5533
-5024
-3807
-1912
64
1815
3143
3718
3375
2414
1277
6
-1463
-2616
-2866
-2354
-1526
-570
582
1754
2471
2594
2125
1124
-121
-991
-1222
-556
882
3300
6541
9443
11534
12088
11386
9358
5949
1947
-2002
-5097
-6983
-7748
-7312
-6097
-4319
-2145
-50
1577
2591
3032
3170
2697
1536
20
-1557
-2829
-3787
-4261
-4038
-3294
-2222
-1019
-137
331
89
-686
-1852
-3416
-4843
-5843
-6146
-5661
-4715
-3147
-1387
268
1608
2238
2452
2139
1597
1024
295
-123
-250
137
705
1066
1416
1539
1530
1093
145
-898
-1964
-2387
-2219
-1211
651
3129
6338
9301
11752
12905
12648
11152
8218
4704
764
-2662
-5198
-6901
-7448
-7353
-6210
-4409
-2391
-553
832
1880
2499
2389
1630
446
-1000
-2084
-2865
-2966
-2746
-2314
-1501
-790
-196
-277
-819
-1714
-3085
-4539
-5898
-6599
-6775
-6393
-5437
-3934
-1926
80
1883
3008
3437
3297
2800
2194
1258
333
-242
-272
49
251
402
525
537
186
-397
-1001
-1452
-1662
-1481
-483
1173
3554
6458
9633
12369
13897
14155
12946
10258
6070
1374
-2909
-6243
-8400
-9419
-8875
-7463
-5419
-3148
-1180
511
1541
2340
2902
2715
2102
1085
-46
-1225
-2521
-3336
-3706
-3613
-3036
-2241
-1539
-1271
-1428
-1978
-2949
-4304
-5424
-6037
-6101
-5540
-4536
-3005
-1314
385
2045
3231
3769
3751
3316
2519
1270
-126
-1140
-1661
-1690
-1257
-554
223
618
659
388
-100
-558
-753
-153
1059
3047
5553
8325
10920
12431
13023
12317
10439
7452
3602
-140
-3623
-6271
-7922
-8463
-7914
-6632
-4740
-2564
-407
1283
2506
3155
3142
2408
1175
-220
-1662
-3072
-4030
-4336
-4119
-3483
-2694
-1648
-913
-754
-1090
-1981
-3199
-4783
-6100
-6720
-6746
-6073
-4734
-2711
-431
1564
3222
4321
4633
4192
3146
1972
653
-531
-1193
-1320
-833
-186
659
1407
1647
1430
812
79
-613
-1169
-961
100
1945
4528
7225
10114
12139
12985
12548
10633
7909
3990
13
-3439
-6061
-7388
-7922
-7083
-5636
-4073
-2396
-947
368
994
1079
1134
836
259
-439
-1123
-1564
-2323
-2842
-2994
-2980
-2765
-2614
-2160
-1970
-2239
-2727
-3401
-4173
-5100
-5696
-5688
-5125
-4144
-2624
-767
1008
2364
3230
3592
3244
2341
1284
363
-371
-755
-697
-172
480
1082
1578
1822
1815
1360
851
286
-132
-176
208
1519
3295
5643
7976
10091
11540
11736
10844
8840
6100
2909
-335
-2930
-4834
-5931
-6243
-5870
-4918
-3929
-2935
-1898
-1017
-312
124
486
575
228
-283
-1054
-1773
-2756
-3461
-3826
-3964
-3825
-3580
-2910
-2341
-2045
-1950
-2161
-2570
-3451
-4317
-4869
-5101
-4808
-3935
-2397
-564
1124
2616
3680
4039
3753
2960
2136
1284
529
177
117
393
609
800
911
701
413
-33
-229
-115
324
1269
2537
4199
6022
7731
9225
10186
10468
9890
8427
6335
3724
879
-1781
-4008
-5409
-6089
-6084
-5444
-4483
-3298
-2223
-1293
-472
56
353
395
178
-238
-969
-1840
-2713
-3481
-3915
-4045
-3744
-3189
-2565
-2028
-1894
-2065
-2665
-3550
-4560
-5433
-5860
-5791
-5131
-3833
-2051
-50
1930
3643
4883
5381
5148
4290
3011
1554
212
-775
-1275
-1326
-985
-307
418
1172
1719
2103
2293
2304
2407
2481
2874
3439
4359
5539
6639
7803
8489
8689
8047
6609
4603
1998
-583
-2997
-4695
-5651
-5920
-5343
-4477
-3356
-2311
-1448
-728
-366
-146
-93
-329
-808
-1539
-2435
-3357
-4211
-4617
-4627
-4212
-3368
-2469
-1547
-1173
-1184
-1596
-2479
-3372
-4303
-4720
-4719
-4182
-2992
-1509
150
1632
2933
3817
4090
3827
3116
2106
850
-371
-1196
-1480
-1295
-565
563
1845
2936
3584
3849
3523
2758
1779
943
603
693
1528
2857
4558
6300
7579
8514
8479
7778
6261
4184
2035
-290
-1975
-3316
-3923
-3979
-3743
-3124
-2695
-2233
-2121
-2165
-2340
-2594
-2749
-2890
-2860
-2845
-2718
-2668
-2572
-2518
-2503
-2400
-2350
-2143
-2059
-2008
-2078
-2361
-2704
-3191
-3489
-3651
-3576
-3182
-2500
-1500
-463
596
1498
2120
2384
2321
2098
1703
1278
900
758
843
1100
1571
2141
2658
2885
2855
2567
2087
1438
866
610
705
1208
1997
3139
4322
5450
6276
6764
6904
6495
5808
4702
3538
2160
725
-526
-1754
-2626
-3510
-4046
-4357
-4544
-4457
-4359
-3916
-3466
-2999
-2507
-2100
-1754
-1648
-1659
-1782
-1981
-2247
-2368
-2380
-2294
-2161
-2077
-1933
-2054
-2314
-2704
-3135
-3489
-3782
-3719
-3377
-2701
-1803
-680
517
1506
2282
2707
2893
2654
2212
1731
1272
1000
874
1163
1618
2132
2600
2928
3068
2799
2281
1668
1111
673
568
884
1656
2741
3972
5347
6408
7107
7282
6906
6130
4760
3220
1590
-27
-1346
-2534
-3256
-3757
-4185
-4326
-4524
-4517
-4473
-4365
-3901
-3412
-2695
-1973
-1401
-927
-899
-1102
-1530
-2149
-2628
-3066
-3202
-3040
-2802
-2331
-2058
-1898
-1932
-2271
-2526
-2887
-2969
-2806
-2422
-1659
-891
57
891
1580
2143
2352
2497
2470
2432
2459
2489
2651
2755
2790
2732
2505
2157
1680
1109
616
173
-18
72
399
1110
1908
2977
4010
5018
5950
6507
6917
6836
6532
5761
4596
3220
1519
-129
-1900
-3388
-4608
-5504
-5999
-6169
-5856
-5354
-4595
-3776
-2892
-2105
-1570
-1233
-1184
-1301
-1614
-1915
-2130
-2204
-2094
-1869
-1544
-1340
-1318
-1605
-2131
-2868
-3760
-4521
-5071
-5129
-4722
-3807
-2396
-768
983
2497
3722
4549
4866
4826
4379
3757
2977
2189
1603
1196
1087
1071
1193
1319
1308
1249
1018
818
617
544
734
1148
1909
2894
4029
5189
6184
6877
7177
6955
6322
5235
3774
2206
472
-1103
-2621
-3868
-4679
-5325
-5580
-5685
-5459
-5037
-4529
-3731
-2915
-1998
-1225
-565
-111
-53
-293
-771
-1379
-2089
-2661
-3059
-3174
-3228
-3149
-2984
-2984
-2974
-3148
-3166
-3172
-3078
-2609
-1970
-997
2
1123
2210
2978
3474
3589
3412
2909
2215
1529
974
533
357
528
903
1430
1890
2339
2607
2530
2277
1793
1345
1017
910
1287
1890
2804
3883
4923
5914
6410
6569
6266
5409
4262
2697
1150
-418
-1938
-3070
-4036
-4595
-4976
-5165
-4961
-4735
-4255
-3702
-3061
-2308
-1777
-1248
-943
-896
-1113
-1617
-2081
-2563
-2916
-3032
-2918
-2559
-2148
-1697
-1323
-1228
-1438
-1907
-2412
-2814
-3033
-2851
-2267
-1334
-207
925
2017
2794
3164
3159
2872
2485
1967
1517
1286
1279
1442
1681
1979
2225
2273
2088
1793
1451
1102
822
779
1037
1454
2013
2681
3389
3974
4324
4548
4590
4358
3914
3302
2660
1924
1071
341
-430
-1171
-1938
-2690
-3208
-3753
-4104
-4277
-4302
-4057
-3791
-3294
-2774
-2357
-1947
-1750
-1596
-1618
-1781
-1875
-2040
-2089
-2101
-2099
-1994
-2039
-2066
-2166
-2345
-2434
-2534
-2426
-2176
-1777
-1140
-443
359
1061
1676
2191
2450
2574
2516
2360
2147
1871
1726
1694
1748
1876
2014
2199
2270
2182
2003
1729
1462
1211
1113
1180
1311
1551
1818
2098
2268
2338
2428
2514
2635
2754
2957
3161
3223
3061
2582
1863
854
-335
-1554
-2700
-3626
-4318
-4685
-4769
-4623
-4295
-3845
-3268
-2657
-2067
-1523
-1132
-906
-903
-1108
-1403
-1796
-2123
-2443
-2668
-2752
-2768
-2586
-2432
-2166
-1891
-1646
-1318
-1074
-696
-344
51
498
891
1303
1576
1795
1898
1880
1789
1650
1535
1450
1435
1500
1662
1830
1997
2135
2210
2227
2127
1935
1682
1387
1180
1031
989
1065
1221
1575
1922
2367
2753
3036
3256
3178
3066
2693
2265
1759
1140
599
-156
-821
-1603
-2297
-2890
-3466
-3772
-4048
-3998
-3858
-3524
-3052
-2619
-2081
-1752
-1449
-1389
-1507
-1695
-1998
-2146
-2266
-2220
-2067
-1831
-1512
-1251
-1029
-944
-988
-1117
-1252
-1323
-1243
-1032
-642
-111
441
1025
1445
1778
1921
1883
1811
1632
1539
1444
1482
1657
1860
2118
2286
2439
2454
2303
2016
1605
1178
729
389
214
232
455
819
1318
1859
2369
2798
3118
3368
3440
3345
3073
2632
2063
1317
501
-353
-1221
-2068
-2838
-3418
-3801
-3995
-3955
-3716
-3359
-2945
-2532
-2065
-1701
-1473
-1352
-1336
-1325
-1477
-1615
-1702
-1766
-1749
-1750
-1632
-1571
-1578
-1599
-1674
-1669
-1708
-1631
-1383
-1046
-579
-103
433
936
1283
1524
1619
1611
1539
1441
1453
1512
1629
1810
1977
2160
2234
2246
2194
1993
1737
1375
1052
747
487
406
394
554
769
1089
1501
1852
2285
2643
3021
3326
3455
3482
3186
2706
1930
962
-60
-1145
-2033
-2810
-3314
-3577
-3643
-3452
-3196
-2821
-2457
-2113
-1794
-1587
-1434
-1386
-1375
-1394
-1455
-1543
-1714
-1929
-2153
-2328
-2389
-2328
-2135
-1840
-1481
-1134
-857
-652
-523
-432
-335
-237
-112
42
244
496
757
1043
1312
1547
1734
1852
1941
1984
2022
2053
2068
2054
1984
1870
1712
1501
1266
1049
850
702
603
619
710
868
1116
1368
1693
1979
2293
2541
2682
2758
2627
2483
2129
1709
1169
452
-263
-1147
-1869
-2596
-3135
-3426
-3591
-3441
-3271
-2871
-2461
-2074
-1710
-1531
-1361
-1391
-1469
-1588
-1695
-1723
-1744
-1689
-1591
-1475
-1370
-1266
-1214
-1156
-1190
-1182
-1128
-1076
-942
-861
-604
-342
-29
355
674
1045
1227
1389
1451
1432
1395
1281
1286
1275
1387
1594
1862
2159
2338
2443
2401
2223
1874
1428
962
531
166
-74
-134
-13
338
831
1480
2115
2699
3167
3442
3521
3285
2863
2191
1430
604
-216
-865
-1494
-1944
-2370
-2709
-2961
-3212
-3301
-3390
-3340
-3192
-2946
-2529
-2118
-1650
-1235
-942
-746
-750
-879
-1115
-1441
-1727
-1959
-2035
-1951
-1758
-1454
-1189
-929
-747
-648
-550
-542
-502
-456
-380
-179
55
394
766
1160
1592
1973
2360
2671
2924
3106
3148
3082
2861
2514
2046
1473
848
242
-287
-668
-838
-821
-554
-112
462
1118
1752
2331
2748
3043
3205
3260
3224
3070
2819
2421
1877
1184
377
-526
-1460
-2375
-3169
-3749
-4078
-4104
-3872
-3375
-2744
-2052
-1394
-869
-491
-343
-363
-567
-891
-1280
-1680
-2001
-2268
-2416
-2505
-2505
-2419
-2302
-2132
-1959
-1748
-1528
-1297
-1029
-734
-363
42
466
882
1246
1591
1884
2145
2354
2495
2586
2575
2512
2402
2258
2066
1839
1619
1393
1160
895
661
443
279
212
271
469
735
1078
1469
1879
2220
2426
2514
2505
2389
2176
1882
1547
1209
802
380
-72
-541
-1015
-1524
-1950
-2337
-2649
-2882
-3018
-2981
-2852
-2609
-2308
-1989
-1650
-1375
-1159
-1045
-1091
-1237
-1499
-1790
-2066
-2311
-2407
-2431
-2349
-2141
-1836
-1461
-1140
-813
-497
-239
-40
109
302
525
730
957
1207
1477
1759
1996
2194
2265
2233
2168
2079
2006
1865
1751
1676
1603
1547
1411
1259
1055
880
768
676
651
648
783
995
1267
1575
1828
2071
2189
2243
2156
1916
1566
1077
571
-40
-654
-1240
-1740
-2096
-2382
-2491
-2534
-2448
-2311
-2167
-1994
-1881
-1720
-1603
-1452
-1322
-1275
-1289
-1397
-1500
-1684
-1889
-2105
-2278
-2337
-2324
-2172
-1930
-1561
-1132
-681
-217
166
467
657
786
829
833
819
818
887
985
1137
1294
1475
1634
1766
1878
1880
1832
1729
1657
1601
1522
1467
1404
1359
1267
1156
1025
847
689
560
537
566
640
792
979
1180
1307
1401
1423
1340
1180
950
723
444
127
-176
-479
-773
-1087
-1361
-1597
-1851
-2061
-2222
-2300
-2337
-2315
-2212
-2094
-1982
-1904
-1813
-1752
-1743
-1756
-1775
-1758
-1738
-1664
-1508
-1285
-1044
-801
-551
-312
-105
44
175
263
331
381
447
545
654
799
966
1183
1391
1592
1779
1928
2032
2053
2043
1964
1829
1642
1437
1258
1076
919
756
631
517
445
405
361
383
431
589
758
954
1133
1260
1368
1352
1321
1169
980
718
379
90
-276
-574
-908
-1210
-1462
-1740
-1914
-2094
-2199
-2281
-2324
-2281
-2226
-2070
-1874
-1635
-1402
-1253
-1178
-1183
-1248
-1339
-1427
-1465
-1442
-1350
-1142
-880
-620
-411
-294
-198
-119
-27
91
223
406
613
872
1155
1429
1677
1851
1970
2006
1980
1908
1794
1658
1505
1362
1247
1155
1068
982
891
819
732
629
521
425
394
423
581
804
1093
1409
1672
1870
1861
1717
1383
927
401
-170
-637
-1077
-1359
-1567
-1659
-1702
-1770
-1813
-1938
-2006
-2092
-2093
-2012
-1889
-1655
-1440
-1181
-1030
-977
-1003
-1121
-1246
-1409
-1504
-1556
-1516
-1399
-1225
-987
-773
-553
-379
-241
-160
-86
46
237
537
893
1272
1584
1775
1849
1789
1648
1426
1208
1059
990
1024
1106
1232
1332
1396
1388
1286
1124
914
744
617
593
656
787
979
1158
1318
1385
1379
1282
1118
906
671
472
294
164
26
-102
-247
-413
-622
-872
-1116
-1385
-1627
-1861
-2054
-2193
-2260
-2242
-2167
-2015
-1833
-1614
-1399
-1208
-1058
-969
-958
-1045
-1199
-1345
-1405
-1372
-1235
-1030
-776
-519
-270
-52
95
208
259
324
409
543
763
1010
1291
1526
1710
1806
1822
1763
1612
1429
1230
1069
951
907
905
924
961
963
945
892
838
790
775
813
912
1072
1236
1390
1452
1420
1276
1038
764
483
228
-20
-232
-433
-619
-825
-1061
-1300
-1545
-1731
-1867
-1902
-1860
-1749
-1600
-1443
-1292
-1211
-1186
-1259
-1386
-1537
-1656
-1704
-1691
-1599
-1474
-1316
-1179
-1072
-1000
-964
-932
-888
-775
-586
-315
21
381
732
1029
1241
1349
1372
1340
1286
1236
1203
1201
1257
1375
1524
1682
1806
1865
1847
1753
1615
1445
1275
1127
1021
985
1018
1103
1197
1274
1307
1274
1192
1050
848
594
314
44
-187
-367
-509
-624
-726
-806
-887
-972
-1066
-1158
-1248
-1340
-1424
-1522
-1622
-1728
-1827
-1912
-1980
-1998
-1968
-1882
-1770
-1654
-1533
-1413
-1284
-1157
-1038
-920
-799
-677
-553
-437
-335
-232
-143
-68
-8
52
120
210
324
469
645
829
1039
1254
1466
1655
1767
1788
1730
1629
1515
1399
1281
1176
1104
1078
1100
1164
1250
1329
1405
1456
1474
1445
1357
1235
1084
920
744
575
422
287
155
9
-151
-317
-479
-650
-837
-1011
-1136
-1212
-1258
-1289
-1308
-1302
-1287
-1300
-1352
-1443
-1535
-1584
-1584
-1541
-1466
-1373
-1281
-1196
-1107
-1001
-877
-756
-644
-549
-462
-374
-286
-199
-132
-83
-41
-13
31
93
177
286
413
547
691
845
986
1096
1177
1220
1221
1187
1115
1015
903
795
721
681
684
733
799
860
910
937
943
933
901
835
737
622
502
384
274
176
80
-14
-106
-200
-299
-400
-500
-593
-677
-761
-848
-909
-934
-923
-902
-883
-866
-862
-870
-893
-931
-982
-1037
-1087
-1103
-1064
-974
-822
-665
-531
-414
-303
-187
-83
-3
54
108
169
231
288
345
421
513
610
695
769
829
891
954
1003
1032
1033
1017
973
929
889
844
780
689
597
521
479
450
410
367
348
362
373
358
306
224
115
-32
-196
-331
-424
-471
-508
-545
-569
-567
-547
-539
-570
-625
-674
-716
-765
-834
-900
-943
-966
-975
-990
-1000
-999
-979
-942
-908
-854
-771
-671
-569
-479
-385
-294
-195
-97
-12
69
140
214
291
344
389
422
429
442
477
530
608
711
813
923
1039
1137
1222
1270
1271
1253
1214
1168
1108
1027
950
879
831
782
714
640
571
528
480
425
340
218
111
25
-31
-81
-141
-189
-231
-265
-302
-365
-450
-533
-611
-685
-769
-885
-1008
-1120
-1220
-1297
-1366
-1427
-1454
-1442
-1382
-1275
-1166
-1067
-976
-887
-784
-686
-612
-559
-514
-463
-405
-346
-299
-238
-155
-58
49
143
230
323
424
535
638
729
801
848
898
954
1013
1068
1087
1079
1059
1038
1012
977
923
847
769
693
636
603
588
581
558
518
473
443
422
404
375
328
271
221
176
124
57
-24
-94
-140
-183
-238
-315
-391
-451
-500
-543
-598
-664
-730
-778
-810
-825
-819
-809
-790
-772
-760
-760
-763
-761
-742
-712
-689
-672
-651
-616
-548
-464
-375
-288
-207
-124
-44
36
112
176
220
257
306
365
436
501
534
559
584
606
623
619
604
592
586
579
572
567
553
520
463
402
353
309
265
221
174
117
68
24
-19
-43
-55
-61
-55
-50
-50
-43
-51
-69
-80
-90
-110
-135
-163
-195
-233
-280
-317
-329
-330
-329
-324
-318
-298
-272
-250
-228
-207
-183
-153
-130
-114
-100
-97
-103
-104
-102
-97
-95
-95
-91
-73
-43
-5
30
58
87
127
171
206
221
211
200
201
211
222
225
221
216
215
216
211
203
197
194
196
185
158
129
104
93
81
53
18
-7
-20
-29
-47
-74
-102
-127
-136
-140
-148
-158
-189
-217
-230
-225
-203
-190
-193
-202
-208
-206
-198
-176
-150
-120
-96
-90
-86
-79
-63
-42
-33
-33
-30
-14
7
35
63
78
80
71
73
98
125
142
152
157
164
165
164
165
170
179
184
183
173
174
165
140
112
82
64
59
69
72
60
32
1
-9
4
16
15
1
-26
-41
-41
-40
-43
-66
-93
-103
-102
-98
-96
-112
-141
-166
-177
-177
-181
-203
-226
-234
-226
-210
-209
-226
-245
-246
-228
-190
-158
-145
-153
-170
-168
-126
-69
-15
16
27
48
99
162
204
209
199
205
231
272
308
346
371
367
354
347
352
358
344
315
282
253
237
228
203
154
96
52
33
35
34
3
-56
-118
-149
-140
-114
-101
-126
-175
-213
-223
-204
-177
-152
-136
-129
-132
-140
-144
-136
-125
-122
-116
-110
-95
-71
-62
-61
-68
-72
-71
-69
-62
-58
-57
-59
-77
-105
-124
-125
-97
-59
-52
-73
-92
-90
-67
-47
-41
-40
-39
-29
-16
-9
-1
-1
-10
-1
29
65
100
121
126
126
127
137
163
174
171
156
137
125
133
155
174
180
167
141
110
83
73
80
88
90
82
65
39
5
-11
4
27
28
7
-28
-46
-55
-55
-51
-52
-48
-50
-62
-82
-91
-71
-27
-4
-22
-65
-112
-129
-113
-78
-55
-62
-90
-118
-128
-111
-69
-30
-18
-30
-50
-69
-79
-63
-24
12
18
-12
-34
-23
13
46
49
28
-3
-18
-2
23
42
38
18
8
1
11
39
64
79
69
39
17
15
34
57
70
58
30
7
4
14
28
45
55
47
32
13
12
36
53
57
44
25
9
14
28
32
14
-18
-41
-48
-47
-49
-58
-78
-96
-95
-85
-71
-67
-76
-87
-92
-86
-69
-51
-44
-34
-17
-6
1
5
13
27
36
37
24
8
8
29
66
93
86
56
30
37
81
135
161
144
90
35
18
48
97
113
76
14
-26
-34
-22
-14
-21
-39
-53
-53
-43
-32
-29
-34
-50
-68
-69
-51
-34
-36
-55
-79
-90
-74
-45
-28
-38
-64
-79
-72
-41
1
19
12
-10
-34
-42
-33
-5
15
6
-13
-25
-25
-5
19
32
33
26
9
-9
-17
-13
-6
5
17
28
28
35
41
43
50
53
56
60
62
65
63
66
75
73
60
49
41
45
55
56
39
18
23
36
43
31
7
-14
-27
-24
-18
-14
-18
-35
-57
-69
-66
-48
-37
-48
-67
-78
-75
-60
-45
-35
-24
-20
-30
-42
-42
-27
-2
12
4
-18
-31
-27
-12
1
-2
-12
-17
-21
-19
-9
1
4
1
-11
-14
2
32
55
62
46
16
0
3
13
18
14
10
-1
-15
-18
-2
31
55
37
-1
-19
-8
36
78
84
63
30
13
20
36
41
30
16
12
9
6
9
13
16
9
-8
-31
-43
-35
-17
-3
-9
-23
-40
-48
-49
-46
-41
-30
-33
-52
-66
-67
-54
-35
-31
-46
-56
-44
-26
-14
-16
-29
-32
-20
5
26
34
30
15
8
17
36
57
72
75
70
54
42
43
50
59
60
59
47
32
18
-4
-3
8
13
15
7
-3
-5
3
10
8
-6
-16
-22
-12
5
4
0
-20
-33
-17
1
23
19
-17
-32
-32
-14
9
4
-6
-13
-2
29
34
20
-2
-28
-29
-30
-38
-38
-50
-52
-56
-74
-73
-80
-77
-69
-81
-64
-41
-32
-20
-30
-26
-2
13
20
19
25
48
55
51
41
25
41
49
56
66
52
45
31
15
24
40
56
65
50
40
39
37
41
33
19
18
15
13
5
-4
6
7
-6
-11
-26
-21
-19
-22
-10
-15
-9
-5
-16
-23
-25
-11
7
-2
-29
-44
-46
-20
-21
-31
-36
-40
-18
-6
-3
-9
-19
-28
-18
-14
2
-7
-14
-12
-31
-30
-27
-2
11
3
0
2
-21
-36
-22
10
29
15
22
35
35
12
-4
8
30
30
22
31
40
38
22
22
16
0
-9
-2
10
-2
-8
17
42
28
-4
-24
-17
-4
2
8
20
26
17
1
-18
-30
-32
-24
-3
4
-5
-6
-6
-11
-27
-36
-21
0
9
3
-5
-12
-19
-22
-12
4
6
-5
-14
-16
-7
3
16
14
-1
-15
-21
-8
12
21
23
18
8
0
-7
-3
10
21
29
28
18
6
-1
-10
-19
-7
18
38
45
25
4
6
4
-6
-16
-24
-14
3
8
4
-6
-8
-2
3
1
-11
-26
-22
-12
-12
-17
-20
-17
-15
-8
0
-4
-7
-10
-17
-23
-27
-21
-8
1
16
22
17
16
9
8
8
5
7
3
3
1
-7
-17
-30
-35
-28
-22
-1
26
47
58
44
19
-2
-18
-14
-4
5
15
7
-6
-11
-3
15
25
32
33
30
31
31
29
20
2
-6
-10
-9
0
-5
-11
-7
-4
9
16
12
1
-10
-8
-7
-19
-44
-52
-33
-8
5
2
-14
-33
-34
-20
-8
-9
-14
-15
-13
-13
-10
-7
-3
4
13
23
14
-24
-50
-39
-8
27
42
26
8
-3
2
14
11
9
23
25
10
4
5
2
7
12
6
-9
-19
-17
2
15
19
26
21
9
4
-4
-6
0
6
15
11
1
4
13
11
9
16
17
12
4
-8
-18
-19
2
26
31
19
3
-17
-21
-12
-8
-8
-7
-11
-17
-21
-24
-22
-18
-25
-27
-16
-4
5
4
-5
-9
-6
-3
-3
-13
-18
-13
-8
-3
3
9
8
6
4
1
-2
2
10
17
26
28
23
19
6
-1
7
23
25
12
-11
-27
-19
-4
6
9
-3
-13
-15
-12
-8
-6
-5
7
19
24
16
0
-18
-19
-8
7
14
12
4
-2
-7
-7
0
11
28
33
11
-17
-26
-10
16
24
16
-7
-24
-16
-8
-1
-3
-13
-10
1
3
-8
-25
-30
-15
10
16
-2
-28
-39
-26
-1
22
30
34
33
18
-8
-28
-23
-5
5
8
5
-2
-1
8
21
25
20
1
-25
-31
-11
12
20
3
-18
-17
-2
5
11
17
18
10
-7
-24
-27
-10
12
17
10
6
3
2
-9
-15
-7
14
36
34
9
-16
-28
-25
-12
2
9
16
13
10
-3
-12
-10
-1
10
16
6
-14
-27
-31
-20
-5
-3
-4
-5
6
15
13
7
-7
-22
-24
-19
-11
2
4
3
13
20
23
19
6
0
-5
3
19
32
30
14
-14
-31
-22
-1
21
27
15
-4
-14
-7
10
16
14
8
2
0
-8
-24
-33
-22
3
27
26
3
-29
-48
-34
-6
16
24
9
-19
-34
-24
0
16
10
-2
-7
-8
-4
2
6
6
1
-12
-18
-17
-10
6
16
21
25
24
16
-1
-19
-23
-12
4
10
7
2
-2
-5
0
6
10
11
9
1
-2
2
1
3
4
2
-1
0
12
30
43
41
24
4
-15
-17
-11
-10
-12
-18
-18
-12
-6
-6
-11
-1
12
20
13
-7
-17
-17
-14
-9
-4
1
3
-3
-16
-27
-24
-6
4
10
8
-7
-14
-11
-3
-1
-6
-7
4
22
31
24
13
2
-3
-1
-5
-9
-8
-8
-8
-15
-15
0
12
16
8
0
4
9
12
10
4
-4
-2
9
14
8
-7
-12
-1
19
28
23
4
-15
-19
-10
0
8
3
-1
-2
-1
1
-2
-4
8
19
12
-4
-22
-31
-24
-9
-8
-20
-21
-5
10
5
-18
-40
-34
0
27
26
10
-11
-22
-14
4
23
40
33
9
-8
-7
16
35
23
-10
-25
-13
6
11
0
-5
-1
5
4
12
31
39
17
-18
-35
-21
12
26
15
-10
-21
-15
2
16
16
9
-3
-12
-11
0
11
14
3
-9
-15
-20
-25
-17
3
13
10
-2
-20
-21
-4
13
19
-2
-37
-58
-51
-6
35
30
-8
-45
-46
-12
22
26
5
-20
-30
-17
6
21
21
21
16
6
-2
-5
-3
8
21
28
20
10
12
12
11
12
6
0
3
5
15
31
35
30
9
-13
-25
-28
-17
1
6
8
4
-5
-5
7
14
5
-16
-30
-30
-21
-6
6
8
7
1
-4
4
20
20
-3
-23
-22
-2
25
33
8
-21
-38
-30
-11
8
22
14
-1
-9
-18
-14
-8
-11
-13
-7
-5
-6
-1
2
2
1
-2
4
12
9
-3
-16
-17
-5
7
6
-1
-10
-5
6
18
21
14
10
13
17
17
9
-13
-21
-10
14
32
24
6
-8
-7
11
21
14
-9
-36
-33
-15
-5
-3
-7
-5
4
5
-3
-7
-8
6
22
29
24
6
-23
-39
-32
-13
1
8
10
13
13
14
17
10
-5
-15
-11
2
7
-7
-16
-17
-7
4
1
-6
-8
-5
3
3
-10
-17
-16
-17
-14
-9
-1
11
23
27
18
8
6
5
9
5
-9
-14
-6
11
18
17
14
3
-7
4
19
25
22
3
-15
-26
-16
-2
-2
-9
-10
0
11
13
4
-5
-6
-12
-19
-21
-19
-8
1
4
1
-3
-7
-5
8
21
23
15
-3
-18
-16
-10
-2
5
8
17
18
9
-4
-9
-2
1
-1
2
11
14
-3
-24
-32
-22
-4
11
13
7
-10
-25
-23
-19
-8
-2
-4
-8
-9
-1
13
24
25
17
10
7
12
13
12
13
20
32
29
7
-14
-16
-7
14
26
17
-4
-20
-15
2
8
0
-8
-6
5
-2
-19
-31
-26
-7
5
4
4
0
-15
-23
-24
-19
-8
-9
-19
-21
-8
13
25
24
14
5
8
18
14
1
-14
-25
-18
4
20
22
10
-3
-8
-3
9
13
12
6
1
6
14
9
-12
-23
-24
-23
-15
-4
6
18
23
17
12
3
-11
-22
-23
-13
8
29
42
33
12
-5
-14
-18
-9
0
7
18
25
16
-12
-39
-45
-24
4
20
14
-2
-8
-4
10
10
-10
-29
-30
-9
19
19
-2
-17
-22
-12
9
15
9
3
-3
3
11
11
7
-6
-16
-9
4
14
23
29
25
7
-19
-44
-46
-16
18
33
21
-1
-14
-17
0
