SAMPLES:	14130
BITSPERSAMPLE:	16
CHANNELS:	1
SAMPLERATE:	16000
NORMALIZED:	FALSE
-6
1
1
7
1
-8
-13
-13
-5
0
1
4
6
4
1
-1
-8
-10
-8
-10
-5
5
7
6
3
1
-5
-5
-3
-1
2
-3
-4
0
1
5
10
1
-5
-4
4
9
7
2
0
1
3
0
4
4
3
-1
-5
-1
-2
-1
2
-5
-7
-8
-10
-10
-7
-6
-5
-1
-3
-5
-4
-7
-5
-2
2
0
-3
-1
1
4
8
8
7
2
0
3
9
10
9
6
1
-2
-4
0
7
10
10
7
-4
-8
-5
-2
4
5
5
1
0
5
7
6
4
-5
-11
-10
-2
4
4
3
0
-6
-12
-13
-13
-12
-8
-3
3
6
5
6
2
-4
-4
-2
4
5
0
1
6
11
10
2
-8
-12
-9
1
5
6
6
1
0
0
2
4
2
-6
-13
-9
-1
9
16
14
8
3
-2
-4
-4
-1
2
11
15
5
-5
-11
-14
-13
-6
0
2
-3
-9
-9
-10
-6
-4
-1
2
-2
-5
-12
-11
-10
-6
2
8
10
8
3
2
10
10
5
1
-4
-5
-3
5
9
5
3
2
-1
-2
3
11
18
13
2
1
-4
-7
-7
-3
6
7
4
-3
-7
-5
-4
0
12
9
1
-5
-13
-9
-3
-4
-9
-9
-8
-4
3
1
1
-1
-3
-2
5
10
4
0
-7
-7
-4
-4
-5
-12
-13
-4
-2
1
7
5
2
2
4
7
10
13
15
15
5
-1
-3
-1
1
-3
-6
-2
-1
-3
-6
0
7
10
13
5
-9
-19
-23
-12
3
12
12
2
-3
-1
5
9
1
-4
0
-3
-1
1
-1
0
-4
-4
1
0
0
4
9
17
14
7
3
-6
-10
-14
-10
-4
-2
-3
-6
-3
0
3
2
-1
-4
-11
-14
-8
-5
-1
5
6
3
-1
-3
0
7
7
4
6
3
-4
-7
-11
-7
-5
-5
3
5
8
10
4
-6
-4
-2
0
6
8
8
3
-3
-6
-2
0
5
13
11
6
3
0
0
-6
-8
-3
2
7
12
11
9
8
3
2
2
0
1
-5
-11
-8
-3
0
1
-1
-1
-2
4
8
5
-3
-13
-21
-22
-10
4
15
17
13
9
-3
-12
-12
-10
-5
-3
-4
-3
-4
-5
-6
-7
-5
-1
3
4
2
1
1
1
-4
-9
-5
-3
-1
2
3
4
7
10
13
16
16
11
0
-4
-4
-2
-4
-10
-9
0
8
11
5
3
-1
-11
-10
-6
1
6
9
3
1
-1
-4
2
10
13
7
-5
-10
-11
-13
-6
2
4
7
8
2
-5
-6
-2
6
6
1
3
0
-9
-12
-10
-8
-1
0
-3
-9
-10
-7
1
6
2
-3
-5
3
6
7
10
6
4
7
8
11
6
0
2
-8
-10
-4
-2
3
3
-4
-7
-3
2
8
15
10
6
0
-5
-6
-3
5
8
5
0
-6
-7
-2
2
4
2
-2
-10
-11
-5
0
0
3
2
-2
1
0
0
6
11
5
-3
-7
-7
-9
-9
-9
-12
-12
-6
0
-1
-3
-1
0
0
-2
-4
-2
2
6
10
10
7
3
-3
-7
-10
-4
6
11
13
10
1
-3
-7
-7
-5
0
10
11
6
2
0
3
8
11
10
2
0
0
1
7
10
8
9
4
3
6
2
-6
-7
-6
-2
-2
-6
-10
-16
-15
-11
-4
-1
-9
-17
-16
-10
-5
-1
3
4
0
-1
-1
-11
-14
-12
-3
5
9
12
8
5
6
7
9
10
4
1
1
1
2
3
2
-4
0
4
2
4
9
17
18
11
6
2
4
2
-2
-4
-6
-10
-11
-5
1
3
2
-8
-15
-13
-9
0
4
6
6
-2
-7
-7
-9
-7
1
-2
-1
-2
-4
1
-1
-1
-2
-5
1
9
12
13
13
5
-1
-2
-5
-3
0
2
0
0
2
3
4
3
0
0
2
1
-1
0
4
2
-2
-8
-12
-9
-1
4
4
0
-5
-10
-8
-2
-7
-14
-10
-11
-7
1
5
5
3
2
6
7
9
6
2
4
6
3
1
-2
-4
-6
-2
9
11
10
4
-3
-6
-1
2
0
-2
3
11
16
19
18
12
4
-3
-5
6
12
10
-1
-15
-21
-18
-5
2
0
-4
-10
-15
-15
-11
-5
-5
-5
-6
-8
-7
-5
-6
-1
7
15
15
4
-10
-20
-17
-4
6
7
6
-1
-9
-8
-2
11
19
25
21
9
2
-4
-10
-7
6
8
9
11
2
-6
-6
2
9
12
11
4
-1
-5
-2
1
-1
-8
-7
-2
0
-3
-6
-10
-16
-22
-19
-13
-6
2
-2
-8
-8
-8
-2
3
1
-1
-2
2
8
6
3
3
4
4
3
5
11
12
0
-4
2
5
9
8
6
5
2
7
15
8
-1
0
5
6
5
8
13
5
2
-3
-10
-12
-13
-11
-4
6
12
11
6
-6
-26
-29
-21
-7
7
14
12
5
-3
-3
1
3
10
8
1
-5
-13
-18
-17
-7
5
8
9
2
-13
-13
-9
-4
-3
2
7
8
18
28
33
27
17
9
3
5
8
12
3
-13
-26
-35
-38
-38
-36
-39
-43
-38
-36
-39
-34
-29
-23
-11
3
16
27
38
55
74
86
95
102
91
81
74
49
28
3
-28
-65
-89
-90
-95
-95
-80
-60
-45
-27
-14
-26
-34
-31
-36
-36
-22
-11
2
36
68
95
136
166
165
146
126
90
38
-5
-43
-78
-85
-81
-79
-68
-53
-47
-55
-64
-72
-76
-68
-53
-43
-31
-11
9
27
45
51
54
59
55
59
65
64
56
52
50
37
20
-3
-28
-42
-42
-37
-41
-45
-47
-52
-59
-55
-51
-42
-25
-10
6
28
45
46
45
39
28
19
8
-7
-18
-12
6
25
43
45
48
49
39
31
13
-16
-43
-72
-94
-100
-93
-74
-49
-31
-15
0
12
18
15
8
8
7
3
8
17
20
24
30
38
44
36
30
23
16
18
13
9
3
-4
-5
1
4
4
7
3
0
2
-1
-5
-11
-13
-7
5
14
10
5
-3
-10
-7
1
9
12
7
-1
-6
1
-2
-9
-14
-18
-15
-16
-19
-22
-27
-24
-18
-4
6
8
4
4
1
1
6
11
10
11
16
15
10
4
1
0
2
4
5
0
-11
-12
-11
-10
-14
-19
-18
-15
-5
1
-2
-2
-2
0
6
7
12
15
8
3
1
-4
-8
-9
-10
-10
-8
-5
-2
2
13
13
12
11
5
0
-2
0
-2
-1
-3
-5
-1
2
6
13
20
24
30
31
22
10
-1
-8
-8
-7
-4
-3
4
1
-5
-3
-3
5
11
9
7
2
-6
-9
-12
-11
-9
-7
-10
-15
-11
-10
-19
-24
-26
-28
-24
-17
-8
0
-4
-10
-7
1
16
22
19
15
7
14
18
18
21
17
11
6
2
4
4
-6
-12
-12
-7
-2
0
2
-2
-2
-1
0
0
3
5
7
7
8
5
-4
0
6
3
6
9
4
0
-6
-2
0
-3
-4
-8
-5
-9
-20
-16
-6
-1
3
3
1
2
-6
-9
-9
-9
-6
-8
-11
-5
3
1
-3
-6
-7
2
14
13
9
1
-7
-5
3
12
25
17
-2
-7
-14
-9
9
21
26
15
-3
-8
-4
-6
1
8
4
1
-4
-4
-1
-6
-2
-1
0
0
-10
-17
-11
-2
5
13
18
19
24
15
3
0
-5
-8
-9
-2
5
4
2
-2
-8
-7
-8
-8
-6
-6
-6
-12
-18
-14
-13
-8
2
4
3
1
-3
0
8
9
5
8
8
3
-1
-1
-7
-12
-12
-11
-4
8
11
6
2
-6
-12
-9
-6
4
9
8
2
-2
4
8
8
7
5
1
-3
-4
-4
-5
-5
-2
2
3
1
3
6
9
9
5
8
9
3
-4
-1
-5
-1
5
7
7
-4
-7
-1
8
15
14
4
-8
-12
-11
-8
-5
3
11
8
0
-10
-22
-25
-12
-1
-2
0
-1
-7
-12
-11
5
17
18
9
-4
-10
-12
-9
-1
3
6
4
-1
1
4
6
5
7
12
6
2
0
0
-2
-2
-1
-2
3
1
-7
-9
-6
0
4
8
6
-2
-6
-13
-18
-12
3
10
8
4
-5
-1
4
8
17
19
6
-9
-20
-21
-9
0
3
3
0
0
-1
1
4
-1
3
8
2
-2
-2
3
4
1
-3
-5
-9
-12
-6
-3
2
6
8
-1
-9
-12
-6
10
21
18
13
12
8
-4
-9
-1
4
-3
-10
-7
0
6
3
1
-5
-5
-5
-6
-7
-6
1
2
-1
-2
-2
6
9
8
6
-2
-4
-3
-5
-4
-4
-8
-7
-9
-4
7
18
17
8
-3
-9
4
22
28
23
8
-4
-19
-32
-26
-4
12
12
10
3
-6
-7
-9
-8
2
8
-2
-13
-16
-14
-6
6
16
15
7
-3
-15
-15
-13
-3
0
-11
-18
-16
-9
0
9
15
16
7
-2
-1
0
2
5
11
20
14
5
-6
-14
-9
8
28
33
30
15
-2
-9
-11
-4
-4
-6
-2
-7
-13
-15
-9
2
9
19
23
17
-3
-11
-16
-23
-18
-33
-31
-34
-33
-18
-13
-14
-27
-37
-36
-19
13
31
57
66
63
49
21
23
13
8
11
-7
-5
-21
-43
-60
-75
-70
-41
9
33
56
64
36
17
-28
-47
-16
9
54
78
79
97
75
36
9
22
65
77
87
109
126
100
32
-8
-15
-7
-39
-60
-17
-28
-99
-180
-238
-242
-281
-339
-283
-164
-77
-28
24
100
173
147
103
176
220
232
217
181
219
174
63
-22
-56
-83
-173
-264
-348
-356
-435
-567
-595
-599
-543
-522
-463
-293
-155
-12
70
200
355
422
525
633
856
1057
1234
1458
1583
1712
1639
1451
1194
710
214
-368
-902
-1338
-1731
-1911
-1937
-1780
-1543
-1222
-793
-463
-200
-56
-55
-102
-234
-402
-472
-465
-374
-117
179
539
935
1264
1527
1625
1637
1505
1212
865
362
-67
-449
-914
-1185
-1389
-1507
-1452
-1391
-1203
-913
-650
-374
-99
156
367
551
667
690
700
675
578
493
422
388
414
405
435
506
551
572
535
490
403
290
131
-111
-310
-567
-830
-1001
-1173
-1226
-1139
-991
-751
-418
-69
262
553
756
883
950
927
821
688
510
295
104
-108
-266
-336
-377
-366
-307
-211
-106
-62
-86
-137
-231
-369
-504
-614
-659
-643
-579
-470
-294
-89
74
236
380
503
622
705
752
768
764
656
476
330
133
-33
-150
-256
-268
-267
-286
-298
-263
-204
-177
-126
-106
-111
-125
-217
-305
-357
-378
-377
-328
-196
-37
143
296
416
533
602
613
586
542
480
393
308
215
114
11
-121
-274
-398
-497
-553
-530
-463
-339
-182
-41
65
110
121
69
-19
-117
-226
-279
-281
-232
-140
-15
143
272
384
434
416
366
265
154
33
-66
-143
-214
-254
-297
-306
-293
-281
-254
-233
-202
-144
-47
63
169
273
327
361
370
321
246
144
47
-12
-45
-53
-62
-54
-30
-6
36
51
51
44
-13
-46
-76
-117
-124
-130
-135
-131
-143
-150
-119
-87
-33
19
70
160
224
285
302
294
292
228
156
65
-16
-59
-90
-94
-95
-32
16
77
177
185
257
267
202
184
16
-108
-249
-453
-554
-723
-806
-846
-874
-788
-734
-624
-518
-377
-195
-34
134
196
337
352
274
248
41
10
-42
-115
43
247
607
1004
1404
1751
2178
2464
2465
2528
2161
1810
1343
449
-131
-949
-1662
-2107
-2706
-2854
-2823
-2673
-2215
-1742
-1225
-573
-108
128
350
149
-33
-296
-808
-924
-1135
-1065
-673
-328
310
939
1517
2020
2351
2455
2389
2098
1483
932
228
-579
-1199
-1827
-2197
-2350
-2423
-2204
-1731
-1270
-661
27
559
1186
1543
1742
1927
1767
1593
1377
959
655
308
-18
-88
-267
-283
-106
-8
229
416
481
542
412
182
-75
-437
-859
-1126
-1412
-1657
-1631
-1584
-1346
-1164
-854
-234
251
637
969
1473
1991
2203
2315
2378
2507
2584
2343
2137
1902
1609
1314
703
45
-616
-1477
-2138
-2879
-3610
-3850
-4010
-3794
-3339
-3007
-2350
-1658
-1271
-803
-688
-808
-645
-806
-788
-540
-425
256
943
1525
2406
2962
3401
3703
3536
3251
2756
1886
1097
282
-695
-1374
-2047
-2523
-2658
-2797
-2594
-2209
-1818
-1170
-426
197
818
1351
1755
2204
2327
2287
2261
1996
1800
1504
1089
792
548
366
218
154
81
157
173
41
51
-156
-371
-659
-1129
-1475
-1832
-2109
-2308
-2345
-2216
-1865
-1346
-884
-314
210
734
1256
1469
1603
1796
1981
2039
1970
1877
1928
2048
1915
1814
1668
1401
1151
584
-145
-918
-1836
-2613
-3350
-4109
-4469
-4484
-4217
-3599
-2996
-2213
-1252
-630
-71
244
194
334
254
80
165
129
480
1076
1479
2107
2706
3057
3483
3502
3191
2817
1947
1062
205
-1007
-1963
-2752
-3406
-3578
-3764
-3681
-3157
-2587
-1862
-999
-315
512
1228
1635
2044
2151
2077
2032
1701
1336
1072
816
776
815
1087
1661
2310
2963
3717
4369
4860
5021
4841
4335
3391
2122
611
-1073
-2784
-4332
-5490
-6227
-6577
-6369
-5666
-4509
-3168
-1872
-620
409
1006
1240
1007
468
-246
-1056
-1735
-2195
-2372
-2121
-1475
-657
380
1467
2440
3266
3601
3499
3076
2184
1124
-201
-1674
-2981
-4023
-4707
-5066
-5063
-4709
-3831
-2674
-1486
-202
854
1930
2800
3174
3253
2966
2673
2293
1828
1448
1452
1849
2368
3036
3701
4661
5500
5869
5869
5429
4836
3691
2035
10
-2081
-3841
-5535
-6723
-7443
-7494
-6619
-5453
-3995
-2440
-1050
307
1239
1423
1339
986
466
104
-509
-865
-690
-396
240
872
1369
2120
2616
2791
2739
2169
1422
523
-721
-1956
-3140
-4311
-5027
-5339
-5394
-4938
-4268
-3301
-1895
-704
378
1428
2210
2938
3329
3283
3285
3234
3132
3161
3093
3202
3590
4015
4522
4935
5192
5338
5167
4547
3413
1856
83
-1803
-3659
-5391
-6724
-7406
-7513
-7117
-6380
-5304
-3965
-2652
-1444
-529
110
627
894
939
836
656
558
606
730
863
1153
1543
1832
2095
2057
1746
1337
565
-335
-1307
-2395
-3277
-3997
-4508
-4705
-4678
-4347
-3738
-2988
-2067
-1065
15
1242
2422
3458
4434
5284
5981
6475
6618
6613
6570
6413
6144
5734
5168
4614
3861
2719
1344
-201
-1683
-3107
-4625
-5805
-6541
-6853
-6714
-6462
-5874
-5020
-4114
-3202
-2502
-1917
-1285
-727
-297
0
329
802
1336
1786
2181
2636
2991
3240
3146
2742
2165
1344
356
-884
-2165
-3219
-4059
-4734
-5225
-5341
-5133
-4641
-3946
-3207
-2193
-1115
37
1263
2276
3446
4601
5611
6445
6978
7475
7827
7878
7631
7162
6557
5766
4696
3229
1584
-85
-1857
-3558
-5269
-6596
-7299
-7634
-7482
-6994
-6162
-4955
-3788
-2822
-2007
-1410
-947
-634
-528
-386
-113
179
699
1390
2163
3002
3582
4000
4258
4076
3423
2358
1021
-323
-1749
-3279
-4557
-5456
-5998
-6179
-6162
-5754
-4894
-3870
-2690
-1357
1
1426
2820
4030
5178
6101
6809
7434
7839
8002
7986
7715
7328
6739
5807
4581
3131
1508
-254
-2122
-3972
-5581
-6829
-7647
-8014
-7861
-7310
-6435
-5401
-4364
-3325
-2445
-1806
-1264
-848
-439
8
463
1034
1697
2344
2965
3528
3900
4114
4033
3621
2944
1962
779
-512
-1863
-3105
-4145
-4897
-5329
-5436
-5279
-4899
-4292
-3545
-2686
-1727
-713
353
1525
2715
3907
5032
6010
6938
7721
8283
8627
8679
8524
8053
7108
5796
4149
2283
336
-1750
-3725
-5358
-6685
-7583
-8115
-8232
-7772
-6987
-6085
-5121
-4284
-3483
-2811
-2453
-2149
-1839
-1471
-881
-272
423
1390
2339
3231
3939
4234
4351
4256
3684
2836
1703
365
-854
-2128
-3289
-4062
-4592
-4725
-4529
-4258
-3726
-3099
-2402
-1460
-505
469
1532
2646
3893
5085
6014
6854
7673
8430
8977
9135
8995
8700
8101
6988
5270
3166
951
-1343
-3646
-5853
-7628
-8748
-9259
-9282
-8924
-8162
-7024
-5780
-4658
-3723
-2989
-2425
-1952
-1707
-1524
-1206
-760
-86
627
1420
2392
3277
3981
4448
4430
4172
3652
2659
1422
-2
-1478
-2752
-4003
-5003
-5565
-5808
-5524
-4912
-4155
-3149
-1955
-656
728
1972
3098
4258
5380
6414
7216
7699
8179
8614
8821
8748
8436
7981
7388
6477
4995
3218
1188
-1030
-3218
-5440
-7346
-8688
-9497
-9645
-9279
-8601
-7485
-6083
-4865
-3764
-2967
-2466
-1939
-1708
-1576
-1314
-946
-235
599
1348
2277
3269
3961
4391
4435
4059
3450
2314
878
-587
-2123
-3389
-4469
-5395
-5813
-5820
-5458
-4716
-3859
-2839
-1518
-170
1211
2494
3528
4651
5724
6600
7316
7699
8059
8521
8730
8706
8431
7954
7458
6659
5324
3685
1765
-265
-2263
-4431
-6486
-8049
-9139
-9589
-9509
-9136
-8226
-6947
-5608
-4320
-3320
-2597
-1893
-1422
-1204
-1001
-794
-306
408
1036
1746
2472
3104
3682
3847
3562
3030
2203
1173
-49
-1580
-3004
-4158
-5127
-5739
-6110
-6106
-5495
-4576
-3490
-2175
-829
665
2137
3314
4408
5381
6227
7069
7679
8070
8434
8635
8758
8699
8283
7706
7061
6165
4964
3291
1314
-645
-2732
-4933
-6959
-8506
-9334
-9499
-9304
-8588
-7359
-5905
-4512
-3413
-2533
-1774
-1288
-1068
-981
-908
-699
-384
65
626
1291
1971
2603
3089
3314
3140
2678
1948
908
-391
-1877
-3279
-4419
-5380
-6076
-6365
-6198
-5487
-4543
-3448
-2099
-553
1017
2520
3758
4883
5903
6727
7331
7722
7934
8100
8223
8234
8139
7871
7418
6859
6092
4820
3267
1431
-572
-2702
-4898
-6964
-8487
-9498
-9885
-9665
-8963
-7636
-5970
-4330
-2852
-1663
-801
-218
-56
-213
-463
-530
-422
-190
86
694
1476
2275
2827
3051
3112
2896
2284
1224
-175
-1682
-3091
-4487
-5708
-6516
-6866
-6651
-5954
-5004
-3688
-2191
-580
1034
2530
3875
5114
6105
6853
7473
7826
8031
8104
8123
8108
8013
7796
7450
6973
6229
5078
3548
1679
-331
-2473
-4562
-6460
-7859
-8742
-9090
-8830
-8187
-7149
-5870
-4487
-3289
-2352
-1761
-1388
-1205
-1265
-1430
-1470
-1246
-713
-66
667
1468
2298
2937
3192
3074
2541
1723
560
-781
-2181
-3480
-4607
-5486
-5999
-6058
-5693
-5010
-4042
-2807
-1418
1
1341
2584
3728
4715
5540
6266
6947
7519
7936
8148
8306
8389
8364
8126
7738
7274
6646
5743
4422
2742
792
-1321
-3477
-5554
-7287
-8540
-9169
-9205
-8769
-7890
-6833
-5609
-4493
-3559
-2869
-2416
-2026
-1815
-1685
-1563
-1260
-691
6
729
1401
2116
2747
3115
3140
2675
1991
1017
-204
-1508
-2885
-4038
-4952
-5557
-5785
-5600
-5086
-4304
-3219
-2053
-765
501
1648
2857
3898
4827
5569
6123
6655
7080
7392
7548
7767
7988
8226
8336
8169
7828
7232
6299
4880
2983
824
-1418
-3589
-5678
-7471
-8738
-9318
-9262
-8827
-8017
-6898
-5543
-4288
-3381
-2816
-2386
-2097
-1978
-1989
-1998
-1675
-978
-195
624
1417
2223
2956
3285
3113
2616
1832
855
-288
-1716
-3001
-4047
-4883
-5446
-5757
-5670
-5037
-4118
-3052
-1819
-574
801
2197
3316
4334
5198
5915
6637
7164
7516
7773
7897
8026
8182
8116
7917
7615
7123
6494
5490
4000
2238
283
-1818
-3938
-6050
-7824
-8931
-9450
-9493
-9072
-8274
-7067
-5655
-4512
-3610
-2891
-2343
-1871
-1703
-1709
-1442
-936
-257
483
1157
1953
2809
3302
3392
3091
2482
1766
722
-614
-1892
-3029
-3918
-4579
-5137
-5355
-5141
-4682
-3950
-3081
-2112
-853
408
1605
2799
3801
4761
5665
6341
6967
7462
7757
8095
8340
8439
8471
8272
7970
7540
6745
5595
4090
2281
286
-1930
-4210
-6293
-7994
-9213
-9884
-9989
-9523
-8554
-7293
-5971
-4741
-3670
-2758
-2058
-1650
-1419
-1188
-851
-363
204
740
1353
1962
2456
2761
2678
2312
1845
1167
338
-632
-1726
-2671
-3434
-4131
-4615
-4888
-4887
-4448
-3815
-3083
-2107
-1057
96
1349
2448
3523
4574
5452
6333
7092
7581
8015
8266
8394
8556
8506
8270
7989
7451
6784
5761
4222
2452
424
-1796
-4001
-6187
-7960
-9174
-9852
-9904
-9474
-8571
-7311
-6008
-4791
-3674
-2792
-2080
-1653
-1435
-1184
-919
-536
-48
431
1041
1658
2184
2567
2632
2481
2174
1580
775
-212
-1326
-2312
-3255
-4123
-4663
-4938
-4873
-4489
-3946
-3127
-2113
-1079
17
1084
2189
3369
4394
5350
6290
7121
7868
8352
8586
8766
8788
8644
8318
7756
7077
6225
5027
3494
1573
-531
-2650
-4827
-6844
-8510
-9625
-10028
-9889
-9237
-8097
-6696
-5190
-3879
-2846
-2009
-1449
-1141
-954
-852
-645
-288
144
712
1275
1771
2260
2585
2690
2533
2069
1477
689
-343
-1453
-2561
-3611
-4478
-5160
-5493
-5418
-5016
-4284
-3264
-2057
-738
578
1865
3157
4320
5328
6201
6966
7623
8080
8292
8413
8437
8385
8235
7934
7460
6801
5872
4627
2944
876
-1385
-3648
-5826
-7773
-9249
-10053
-10196
-9808
-8925
-7682
-6180
-4720
-3425
-2406
-1614
-1100
-788
-673
-554
-359
-43
352
829
1356
1863
2296
2575
2641
2407
1956
1276
435
-637
-1808
-2947
-3880
-4644
-5166
-5415
-5265
-4771
-4000
-2989
-1794
-528
769
2109
3425
4599
5534
6379
7182
7858
8285
8445
8499
8582
8548
8303
7831
7184
6455
5454
4006
2126
-51
-2241
-4372
-6496
-8393
-9715
-10286
-10113
-9566
-8650
-7308
-5659
-4048
-2758
-1841
-1066
-490
-263
-245
-356
-326
-144
116
457
944
1473
2098
2555
2706
2542
2133
1519
650
-595
-1957
-3107
-4069
-4828
-5460
-5716
-5467
-4815
-3981
-2909
-1678
-239
1256
2669
3953
5042
5972
6907
7730
8274
8558
8682
8864
8923
8654
8130
7548
6910
6065
4718
3000
1071
-1024
-3200
-5407
-7483
-9003
-9910
-10144
-9865
-9187
-7997
-6459
-4941
-3686
-2749
-1974
-1279
-949
-905
-947
-807
-454
-76
259
797
1469
2214
2773
3028
3044
2803
2266
1402
201
-1193
-2481
-3597
-4498
-5228
-5644
-5568
-5036
-4311
-3412
-2311
-955
507
1892
3164
4369
5465
6444
7274
7864
8240
8473
8724
8906
8809
8454
8031
7523
6747
5466
3836
2034
79
-2090
-4325
-6429
-8136
-9354
-10033
-10132
-9727
-8817
-7463
-5890
-4384
-3099
-2077
-1253
-776
-662
-742
-772
-668
-447
-131
434
1194
1974
2577
2923
3065
2933
2416
1550
438
-774
-1972
-3147
-4204
-5034
-5561
-5676
-5361
-4732
-3806
-2645
-1282
210
1601
2860
4054
5058
5918
6655
7253
7772
8098
8241
8427
8514
8394
8089
7576
6985
6212
4950
3317
1420
-720
-2921
-5184
-7287
-8923
-10010
-10382
-10031
-9217
-8005
-6500
-4882
-3333
-2168
-1434
-966
-769
-781
-906
-1047
-1009
-786
-370
301
1099
1881
2508
2898
3069
2928
2358
1467
350
-894
-2124
-3312
-4324
-5014
-5422
-5427
-4980
-4244
-3224
-2021
-718
710
2116
3361
4495
5420
6167
6882
7445
7839
8061
8160
8261
8306
8100
7698
7149
6496
5617
4338
2640
685
-1420
-3590
-5755
-7757
-9300
-10169
-10303
-9867
-8927
-7571
-5889
-4221
-2820
-1836
-1155
-767
-648
-781
-981
-1073
-946
-625
-141
490
1240
2031
2674
3059
3079
2776
2130
1169
-102
-1503
-2884
-4037
-4927
-5511
-5732
-5487
-4803
-3801
-2620
-1319
66
1456
2767
3929
4918
5730
6420
6996
7433
7666
7724
7746
7791
7780
7591
7283
6936
6466
5673
4429
2793
896
-1209
-3474
-5732
-7739
-9229
-10066
-10237
-9834
-8919
-7582
-5945
-4322
-2964
-1951
-1194
-678
-495
-648
-902
-982
-852
-604
-252
299
1032
1761
2313
2626
2646
2340
1699
804
-301
-1538
-2730
-3715
-4464
-4976
-5179
-4945
-4315
-3462
-2417
-1172
185
1485
2660
3762
4758
5539
6142
6714
7252
7634
7850
8039
8275
8379
8208
7836
7346
6633
5530
3990
2153
114
-2093
-4355
-6505
-8321
-9572
-10142
-10067
-9472
-8428
-6962
-5254
-3701
-2561
-1789
-1241
-927
-970
-1280
-1520
-1476
-1181
-757
-214
527
1411
2224
2785
3000
2901
2552
1927
972
-270
-1617
-2831
-3839
-4658
-5250
-5445
-5126
-4408
-3445
-2302
-947
555
2005
3290
4422
5379
6137
6667
7091
7407
7581
7616
7636
7688
7663
7436
7114
6704
6125
5148
3718
1989
22
-2139
-4384
-6573
-8424
-9756
-10463
-10468
-9902
-8799
-7249
-5466
-3798
-2464
-1530
-883
-568
-594
-831
-1024
-1040
-823
-471
38
712
1450
2168
2738
3016
2979
2611
1933
973
-296
-1693
-2985
-4060
-4864
-5313
-5339
-4837
-3971
-2929
-1773
-518
788
2081
3247
4296
5221
5964
6575
7059
7359
7501
7552
7645
7771
7763
7591
7317
6882
6166
4999
3402
1516
-569
-2784
-5009
-7108
-8786
-9904
-10402
-10294
-9644
-8487
-6931
-5241
-3678
-2413
-1525
-928
-673
-699
-868
-986
-930
-656
-280
239
881
1599
2293
2807
3030
2954
2511
1711
594
-765
-2113
-3298
-4240
-4894
-5223
-5149
-4662
-3914
-2959
-1782
-418
1009
2360
3557
4631
5538
6222
6730
7129
7417
7603
7689
7755
7775
7687
7464
7131
6592
5778
4595
3077
1235
-890
-3174
-5398
-7408
-9028
-10086
-10455
-10132
-9294
-8008
-6421
-4751
-3253
-2065
-1232
-676
-467
-520
-702
-854
-862
-692
-355
211
938
1731
2445
2910
3048
2797
2163
1208
-14
-1384
-2715
-3868
-4748
-5314
-5523
-5294
-4649
-3702
-2522
-1196
231
1654
2964
4137
5149
5964
6619
7129
7499
7719
7783
7795
7827
7776
7563
7228
6803
6230
5318
3979
2289
324
-1852
-4130
-6369
-8322
-9750
-10508
-10583
-10072
-9034
-7531
-5735
-3996
-2555
-1485
-728
-317
-282
-545
-820
-920
-815
-529
-48
658
1519
2353
2980
3290
3239
2862
2128
1045
-306
-1738
-3054
-4150
-5034
-5630
-5792
-5426
-4626
-3577
-2338
-897
657
2153
3427
4454
5312
5994
6508
6888
7150
7332
7458
7574
7680
7688
7553
7301
6883
6211
5170
3726
1936
-160
-2471
-4794
-6976
-8820
-10117
-10716
-10548
-9769
-8518
-6886
-5073
-3377
-1997
-1024
-412
-194
-331
-631
-915
-1051
-967
-610
8
786
1601
2382
2970
3219
3052
2531
1700
560
-830
-2280
-3553
-4546
-5233
-5573
-5453
-4864
-3922
-2799
-1581
-309
996
2272
3434
4437
5277
6030
6737
7359
7780
7995
8112
8226
8265
8079
7680
7151
6512
5595
4248
2481
434
-1746
-3968
-6168
-8155
-9630
-10398
-10451
-9977
-9020
-7605
-5827
-4040
-2547
-1445
-661
-175
-81
-330
-716
-918
-846
-564
-158
430
1235
2138
2842
3174
3113
2731
2051
1038
-290
-1803
-3235
-4387
-5210
-5788
-6025
-5775
-4985
-3843
-2524
-1120
361
1831
3174
4292
5169
5850
6415
6948
7390
7702
7893
8104
8298
8344
8116
7701
7152
6392
5242
3687
1823
-228
-2423
-4704
-6914
-8781
-10050
-10633
-10528
-9836
-8564
-6868
-4993
-3293
-1938
-1002
-421
-213
-326
-642
-935
-1027
-854
-476
79
784
1534
2244
2737
2955
2834
2389
1598
517
-793
-2178
-3513
-4646
-5447
-5835
-5778
-5285
-4407
-3223
-1864
-471
869
2137
3334
4426
5362
6124
6783
7350
7813
8131
8316
8429
8478
8402
8126
7627
6903
5908
4547
2785
679
-1642
-4006
-6278
-8261
-9729
-10532
-10605
-10021
-8891
-7351
-5601
-3889
-2424
-1356
-700
-424
-455
-693
-995
-1197
-1162
-877
-350
384
1242
2115
2834
3250
3288
2927
2180
1097
-249
-1726
-3169
-4395
-5294
-5793
-5903
-5575
-4830
-3735
-2447
-1075
314
1711
3027
4156
5046
5737
6352
6893
7289
7534
7709
7904
8115
8172
8018
7695
7214
6530
5464
3928
2043
-81
-2330
-4620
-6846
-8716
-9980
-10567
-10457
-9770
-8558
-6919
-5126
-3450
-2071
-1106
-498
-250
-331
-613
-922
-1072
-965
-641
-122
587
1380
2160
2735
2997
2934
2557
1844
820
-491
-1888
-3197
-4300
-5125
-5623
-5689
-5233
-4343
-3160
-1817
-418
1043
2426
3637
4613
5410
6120
6770
7271
7638
7847
8014
8145
8123
7932
7571
7074
6470
5541
4199
2524
527
-1593
-3810
-6049
-8003
-9465
-10302
-10426
-10055
-9121
-7685
-6006
-4297
-2828
-1753
-937
-513
-454
-620
-913
-1002
-821
-496
13
673
1434
2284
2864
3094
3022
2654
2028
1083
-231
-1593
-2846
-3895
-4692
-5268
-5468
-5109
-4334
-3271
-2093
-888
429
1753
2920
3900
4694
5468
6313
7031
7606
8016
8326
8648
8804
8662
8339
7790
7100
6122
4661
2881
857
-1357
-3599
-5911
-8003
-9526
-10456
-10664
-10265
-9376
-7933
-6208
-4503
-2987
-1917
-1183
-739
-676
-835
-1091
-1268
-1142
-798
-270
446
1229
2047
2732
3092
3131
2838
2221
1308
68
-1342
-2676
-3843
-4739
-5332
-5593
-5350
-4623
-3577
-2344
-1062
273
1684
2981
4088
4981
5700
6418
7046
7480
7794
8022
8309
8608
8664
8518
8146
7553
6736
5422
3623
1544
-770
-3084
-5422
-7666
-9387
-10447
-10776
-10436
-9688
-8430
-6762
-5058
-3469
-2330
-1561
-995
-760
-809
-988
-1211
-1095
-734
-247
424
1185
2023
2806
3213
3228
2938
2291
1408
182
-1259
-2633
-3815
-4755
-5337
-5640
-5450
-4772
-3772
-2515
-1213
71
1407
2656
3751
4708
5430
6192
6924
7501
7919
8120
8231
8410
8364
8175
7828
7303
6709
5723
4238
2412
255
-2033
-4335
-6691
-8613
-9967
-10669
-10670
-10152
-9155
-7623
-5968
-4303
-2862
-1800
-973
-514
-454
-555
-725
-719
-446
-113
391
993
1632
2222
2568
2579
2407
1945
1265
281
-976
-2264
-3417
-4375
-4992
-5295
-5187
-4627
-3805
-2717
-1515
-234
1110
2406
3546
4543
5332
6092
6794
7388
7844
8167
8397
8611
8644
8480
8140
7624
6989
5988
4531
2643
473
-1831
-4135
-6408
-8349
-9780
-10514
-10609
-10122
-9130
-7672
-5971
-4332
-3001
-2082
-1479
-1156
-1083
-1197
-1299
-1247
-940
-480
143
847
1674
2412
2949
3129
2958
2449
1614
507
-751
-2020
-3191
-4192
-4960
-5358
-5349
-4882
-4115
-3052
-1811
-466
877
2153
3296
4365
5277
6082
6803
7396
7854
8162
8314
8442
8528
8395
8126
7599
6954
6119
4865
3238
1256
-961
-3199
-5514
-7628
-9275
-10304
-10609
-10336
-9597
-8383
-6839
-5257
-3778
-2667
-1828
-1211
-939
-888
-964
-1010
-740
-357
158
783
1413
2149
2693
2925
2809
2358
1642
686
-535
-1840
-3038
-4024
-4742
-5134
-5270
-4895
-4213
-3253
-2092
-913
454
1832
3121
4280
5219
6057
6835
7461
7959
8286
8586
8799
8946
8775
8466
7909
7207
6285
4943
3317
1409
-711
-2923
-5258
-7429
-9162
-10351
-10787
-10648
-9896
-8663
-7085
-5527
-4100
-3020
-2193
-1629
-1351
-1215
-1133
-992
-663
-254
297
953
1589
2238
2679
2886
2804
2438
1799
885
-331
-1647
-2916
-4006
-4830
-5359
-5511
-5184
-4478
-3463
-2266
-1004
330
1671
2961
4121
5080
5946
6806
7551
8097
8412
8659
8923
9078
8950
8618
8194
7636
6829
5536
3830
1870
-328
-2629
-4996
-7265
-9071
-10279
-10810
-10752
-10231
-9182
-7676
-6020
-4504
-3254
-2282
-1489
-1029
-916
-955
-1004
-855
-509
-43
577
1283
2018
2676
3018
2948
2525
1831
905
-250
-1611
-2862
-3882
-4682
-5199
-5445
-5214
-4583
-3684
-2566
-1272
127
1538
2864
4022
5027
5885
6701
7482
8063
8456
8784
9076
9310
9189
8836
8345
7689
6772
5421
3739
1830
-305
-2579
-4870
-7015
-8765
-9999
-10590
-10576
-10038
-9041
-7645
-6145
-4721
-3559
-2635
-1890
-1437
-1206
-1086
-955
-671
-281
216
868
1521
2151
2632
2864
2832
2465
1747
796
-374
-1632
-2847
-3956
-4808
-5364
-5578
-5337
-4716
-3796
-2647
-1381
12
1440
2775
4029
5141
6164
7118
7920
8549
8957
9168
9279
9231
8979
8572
8008
7334
6435
5202
3629
1781
-290
-2483
-4738
-6848
-8587
-9827
-10468
-10529
-10025
-9024
-7661
-6173
-4701
-3445
-2425
-1701
-1281
-1094
-1021
-930
-705
-330
202
890
1624
2314
2792
2986
2853
2405
1624
604
-589
-1809
-2972
-3999
-4815
-5333
-5498
-5273
-4696
-3846
-2767
-1506
-127
1261
2561
3705
4731
5642
6481
7223
7859
8363
8786
9081
9245
9158
8846
8360
7715
6873
5731
4229
2430
387
-1863
-4168
-6436
-8354
-9754
-10525
-10638
-10156
-9191
-7778
-6234
-4733
-3440
-2481
-1744
-1295
-1110
-1010
-943
-765
-384
42
619
1248
1855
2440
2772
2782
2513
1874
1013
-73
-1375
-2629
-3792
-4736
-5323
-5637
-5555
-5058
-4296
-3230
-2004
-711
725
2132
3487
4790
5891
6911
7804
8491
9046
9393
9587
9701
9566
9269
8770
8011
7043
5705
4010
2067
-153
-2463
-4732
-6890
-8599
-9844
-10478
-10473
-9967
-8989
-7659
-6242
-4819
-3630
-2737
-2054
-1675
-1440
-1279
-1108
-794
-319
262
975
1659
2296
2794
2996
2893
2419
1614
585
-632
-1919
-3123
-4204
-4987
-5458
-5590
-5313
-4734
-3855
-2733
-1501
-180
1147
2410
3651
4766
5797
6766
7595
8358
8973
9414
9722
9819
9702
9407
8812
8009
6920
5481
3752
1721
-561
-2901
-5223
-7303
-8915
-10057
-10510
-10373
-9713
-8639
-7340
-6029
-4734
-3722
-2900
-2307
-1937
-1630
-1380
-1079
-647
-131
489
1217
1880
2538
2987
3209
3141
2719
1966
957
-294
-1601
-2874
-4003
-4835
-5357
-5529
-5299
-4767
-3919
-2868
-1675
-369
974
2296
3575
4749
5784
6723
7500
8159
8645
8977
9162
9276
9184
8973
8527
7884
6991
5752
4171
2296
130
-2185
-4525
-6723
-8535
-9879
-10583
-10658
-10143
-9201
-7888
-6488
-5100
-3933
-3026
-2347
-1903
-1631
-1414
-1177
-791
-307
310
1046
1782
2473
2953
3188
3098
2670
1919
909
-303
-1601
-2831
-3930
-4753
-5254
-5451
-5209
-4693
-3879
-2817
-1639
-300
1076
2392
3731
4895
5975
6959
7775
8486
9052
9410
9674
9721
9526
9204
8557
7735
6634
5178
3511
1566
-628
-2800
-5035
-7001
-8591
-9754
-10283
-10258
-9761
-8780
-7594
-6306
-5018
-3994
-3114
-2476
-2059
-1685
-1385
-1013
-474
97
838
1588
2247
2826
3130
3147
2895
2253
1370
273
-981
-2205
-3366
-4365
-5029
-5430
-5443
-5086
-4470
-3554
-2476
-1308
-33
1207
2428
3666
4792
5911
6934
7818
8593
9191
9572
9826
9804
9587
9195
8511
7628
6457
4935
3199
1182
-1033
-3223
-5418
-7285
-8742
-9739
-10119
-9983
-9371
-8318
-7123
-5863
-4664
-3721
-2946
-2442
-2140
-1870
-1620
-1244
-661
3
834
1664
2389
2984
3259
3221
2860
2157
1231
135
-1074
-2233
-3321
-4226
-4866
-5251
-5299
-4984
-4370
-3441
-2351
-1159
111
1341
2513
3603
4591
5588
6592
7511
8358
9033
9543
9899
9968
9750
9289
8537
7624
6402
4817
3004
943
-1208
-3363
-5541
-7406
-8803
-9666
-9906
-9721
-9106
-8072
-6873
-5653
-4569
-3760
-3049
-2547
-2225
-1955
-1744
-1335
-732
-76
722
1496
2254
2941
3245
3244
2885
2192
1320
161
-1147
-2380
-3538
-4425
-5066
-5475
-5415
-4997
-4256
-3239
-2183
-986
324
1572
2844
3992
5072
6235
7244
8135
8857
9337
9733
9932
9816
9536
8976
8232
7300
5953
4306
2379
184
-2035
-4279
-6375
-7994
-9163
-9713
-9701
-9294
-8478
-7429
-6376
-5324
-4497
-3831
-3258
-2849
-2474
-2062
-1605
-944
-199
566
1395
2132
2786
3254
3391
3239
2779
1976
947
-370
-1740
-3017
-4111
-4889
-5326
-5444
-5124
-4544
-3723
-2755
-1771
-685
470
1605
2803
3946
5085
6282
7312
8232
8963
9479
9874
10033
9880
9549
8916
8099
6986
5485
3689
1695
-502
-2675
-4861
-6789
-8265
-9245
-9688
-9613
-9144
-8246
-7139
-6045
-5008
-4189
-3493
-2968
-2614
-2341
-2011
-1617
-1001
-335
469
1337
2210
2942
3438
3541
3369
2817
1938
781
-567
-1913
-3140
-4190
-4974
-5426
-5512
-5162
-4561
-3714
-2745
-1638
-438
836
2052
3309
4501
5721
6835
7779
8551
9169
9633
9961
10034
9883
9548
8936
8071
6794
5142
3192
1044
-1232
-3456
-5599
-7367
-8701
-9506
-9801
-9634
-9074
-8153
-7077
-5964
-4965
-4176
-3533
-3061
-2703
-2403
-2068
-1603
-918
-132
776
1667
2500
3182
3579
3552
3172
2394
1353
124
-1237
-2557
-3701
-4631
-5205
-5442
-5313
-4783
-4022
-3036
-1908
-714
529
1743
2840
3947
4996
6064
7059
7899
8623
9247
9686
9950
9901
9628
9191
8494
7551
6205
4523
2607
471
-1793
-4040
-6165
-7814
-8963
-9549
-9613
-9239
-8457
-7401
-6348
-5364
-4570
-3949
-3410
-3057
-2778
-2483
-2086
-1491
-762
-4
856
1684
2453
3030
3251
3131
2713
1949
932
-333
-1690
-2921
-3981
-4785
-5281
-5447
-5204
-4620
-3812
-2837
-1756
-573
683
1912
3135
4324
5498
6625
7633
8482
9191
9729
10091
10206
10074
9723
9117
8256
7039
5488
3644
1564
-675
-2922
-5073
-6887
-8298
-9202
-9591
-9492
-8950
-8049
-7001
-5935
-4980
-4211
-3603
-3207
-2949
-2729
-2419
-1920
-1208
-356
625
1605
2502
3201
3561
3546
3178
2440
1437
213
-1139
-2450
-3613
-4535
-5144
-5434
-5343
-4905
-4190
-3271
-2233
-1117
47
1212
2359
3475
4569
5672
6718
7683
8510
9185
9677
9946
9949
9727
9256
8568
7630
6363
4807
2958
887
-1301
-3496
-5547
-7241
-8508
-9234
-9430
-9159
-8516
-7626
-6645
-5672
-4794
-4072
-3498
-3075
-2749
-2468
-2114
-1650
-1021
-243
645
1563
2418
3064
3418
3430
3044
2327
1302
50
-1280
-2582
-3767
-4654
-5248
-5473
-5282
-4782
-3971
-2947
-1853
-644
571
1736
2942
4042
5144
6236
7204
8104
8887
9456
9912
10088
10008
9707
9069
8179
7001
5474
3698
1660
-561
-2775
-4933
-6790
-8236
-9175
-9501
-9292
-8649
-7661
-6597
-5540
-4648
-4026
-3598
-3368
-3211
-2969
-2637
-2076
-1294
-396
641
1614
2453
3099
3432
3458
3162
2485
1571
395
-915
-2239
-3490
-4514
-5197
-5540
-5458
-5038
-4323
-3354
-2296
-1137
32
1199
2377
3549
4667
5815
6834
7813
8615
9249
9692
9924
9920
9729
9261
8557
7553
6206
4579
2640
523
-1691
-3841
-5795
-7366
-8517
-9090
-9190
-8785
-8077
-7138
-6181
-5276
-4559
-4002
-3643
-3380
-3147
-2870
-2439
-1840
-1038
-106
919
1873
2726
3293
3577
3455
2978
2127
1021
-275
-1612
-2898
-3994
-4808
-5290
-5397
-5142
-4566
-3725
-2715
-1595
-401
756
1925
3073
4165
5248
6281
7221
8071
8747
9251
9583
9676
9591
9305
8765
7985
6887
5458
3729
1728
-435
-2613
-4692
-6441
-7818
-8683
-9012
-8878
-8341
-7507
-6589
-5654
-4837
-4213
-3746
-3446
-3226
-3003
-2681
-2213
-1525
-711
256
1231
2126
2827
3272
3359
3101
2478
1538
359
-963
-2272
-3483
-4446
-5101
-5386
-5326
-4898
-4202
-3252
-2157
-961
281
1517
2742
3938
5090
6181
7200
8074
8832
9391
9763
9895
9818
9500
8955
8139
7065
5688
4019
2105
-14
-2175
-4295
-6142
-7641
-8625
-9091
-9001
-8497
-7644
-6676
-5704
-4885
-4269
-3858
-3595
-3383
-3145
-2787
-2282
-1593
-777
162
1097
1985
2688
3151
3283
3072
2490
1595
449
-824
-2110
-3282
-4236
-4897
-5229
-5202
-4851
-4192
-3309
-2253
-1116
78
1274
2462
3618
4729
5797
6789
7701
8476
9127
9585
9877
9918
9742
9267
8524
7442
6047
4339
2396
294
-1860
-3917
-5751
-7217
-8254
-8783
-8845
-8471
-7794
-6916
-6010
-5173
-4500
-4013
-3695
-3492
-3301
-3035
-2585
-1925
-1063
-67
974
1949
2750
3286
3468
3282
2719
1844
706
-584
-1927
-3175
-4236
-4991
-5412
-5455
-5143
-4497
-3588
-2488
-1279
-15
1259
2515
3734
4900
6006
7008
7908
8654
9250
9643
9843
9788
9540
9048
8361
7372
6124
4561
2782
773
-1327
-3436
-5351
-6949
-8087
-8721
-8852
-8533
-7887
-7037
-6188
-5400
-4797
-4308
-3972
-3672
-3416
-3041
-2560
-1859
-1057
-128
777
1645
2346
2838
3029
2893
2435
1667
671
-522
-1758
-2974
-3987
-4753
-5151
-5211
-4902
-4317
-3502
-2536
-1461
-325
829
2000
3170
4372
5571
6730
7775
8682
9409
9928
10200
10193
9936
9419
8673
7645
6376
4822
3045
1044
-1073
-3212
-5172
-6815
-7989
-8639
-8765
-8421
-7737
-6857
-5973
-5171
-4578
-4173
-3965
-3835
-3702
-3424
-2983
-2322
-1489
-481
575
1599
2448
3057
3361
3332
2943
2179
1104
-192
-1567
-2916
-4109
-5043
-5596
-5744
-5468
-4853
-3974
-2892
-1681
-371
955
2266
3546
4785
5944
6984
7851
8564
9127
9524
9754
9759
9575
9155
8484
7513
6239
4657
2879
887
-1138
-3142
-4959
-6445
-7519
-8137
-8300
-8102
-7559
-6808
-6051
-5302
-4740
-4284
-3951
-3733
-3521
-3219
-2804
-2129
-1343
-419
582
1491
2324
2875
3089
2973
2462
1663
650
-587
-1818
-3011
-4046
-4770
-5286
-5416
-5213
-4701
-3886
-2902
-1785
-494
802
2161
3484
4727
5970
7060
8020
8813
9400
9813
10038
9970
9723
9182
8443
7441
6142
4578
2809
863
-1093
-3059
-4846
-6328
-7407
-8015
-8213
-8013
-7487
-6733
-5931
-5153
-4557
-4076
-3778
-3556
-3422
-3209
-2878
-2281
-1524
-628
308
1247
2085
2703
3013
2961
2570
1817
798
-453
-1754
-3036
-4116
-4948
-5407
-5529
-5271
-4712
-3874
-2852
-1703
-484
779
2056
3323
4555
5755
6883
7856
8646
9258
9692
9924
9899
9630
9142
8419
7421
6112
4531
2740
806
-1209
-3173
-4995
-6468
-7540
-8091
-8203
-7914
-7349
-6553
-5712
-4930
-4355
-3948
-3674
-3477
-3295
-3085
-2709
-2144
-1386
-519
439
1340
2140
2696
3003
2966
2586
1871
907
-260
-1544
-2831
-3965
-4828
-5385
-5584
-5425
-4883
-4060
-3026
-1870
-614
696
2005
3280
4500
5696
6792
7763
8552
9183
9602
9789
9706
9419
8928
8222
7303
6135
4745
3097
1244
-746
-2689
-4519
-6062
-7244
-7926
-8141
-7926
-7404
-6651
-5821
-5039
-4410
-3938
-3606
-3380
-3210
-3034
-2742
-2323
-1723
-990
-124
759
1596
2251
2694
2807
2584
1995
1128
39
-1163
-2411
-3557
-4493
-5138
-5451
-5426
-5055
-4371
-3422
-2299
-1035
302
1679
3036
4347
5574
6718
7713
8570
9242
9722
9969
9963
9697
9190
8418
7394
6146
4680
3026
1216
-659
-2502
-4197
-5650
-6751
-7446
-7700
-7580
-7138
-6473
-5720
-4996
-4387
-3951
-3667
-3507
-3406
-3255
-2999
-2558
-1930
-1127
-201
746
1600
2284
2696
2789
2534
1931
1052
-55
-1282
-2513
-3642
-4574
-5216
-5534
-5479
-5090
-4404
-3467
-2374
-1179
78
1366
2684
3989
5276
6507
7606
8528
9224
9666
9846
9783
9521
9091
8464
7643
6588
5289
3714
1915
-41
-1994
-3833
-5403
-6602
-7346
-7642
-7534
-7118
-6495
-5791
-5120
-4544
-4098
-3773
-3556
-3388
-3216
-2951
-2573
-2027
-1351
-532
338
1212
1952
2488
2699
2570
2062
1246
175
-1025
-2265
-3402
-4349
-5026
-5389
-5426
-5138
-4555
-3708
-2659
-1456
-175
1158
2479
3781
4998
6151
7177
8083
8810
9387
9748
9908
9802
9489
8909
8094
6989
5636
4018
2224
310
-1602
-3420
-5032
-6298
-7169
-7582
-7615
-7275
-6721
-5998
-5296
-4643
-4169
-3823
-3640
-3507
-3414
-3225
-2907
-2394
-1699
-866
50
952
1751
2321
2631
2584
2208
1497
554
-566
-1723
-2852
-3820
-4573
-5034
-5191
-5021
-4557
-3835
-2906
-1822
-608
676
2011
3343
4646
5872
6999
7973
8775
9362
9716
9842
9715
9371
8791
8000
6971
5721
4249
2607
821
-1007
-2798
-4447
-5826
-6857
-7460
-7652
-7447
-6953
-6256
-5524
-4820
-4278
-3889
-3672
-3548
-3457
-3285
-2972
-2457
-1749
-893
55
964
1762
2341
2645
2625
2291
1656
780
-289
-1461
-2630
-3699
-4550
-5112
-5330
-5202
-4732
-3993
-3036
-1959
-791
424
1666
2915
4159
5395
6532
7545
8359
9002
9404
9607
9551
9335
8904
8278
7384
6262
4884
3268
1442
-473
-2341
-4077
-5533
-6656
-7308
-7547
-7385
-6960
-6301
-5589
-4906
-4398
-4018
-3770
-3604
-3487
-3304
-2975
-2475
-1837
-1096
-258
576
1331
1910
2303
2433
2264
1765
1003
27
-1098
-2276
-3367
-4242
-4845
-5136
-5105
-4718
-4042
-3146
-2124
-984
226
1463
2687
3905
5156
6358
7473
8399
9187
9733
10034
10003
9750
9234
8506
7495
6268
4813
3178
1360
-548
-2420
-4151
-5602
-6724
-7387
-7641
-7477
-7070
-6423
-5740
-5055
-4544
-4145
-3921
-3771
-3684
-3531
-3247
-2776
-2123
-1327
-394
551
1444
2124
2583
2711
2524
1978
1174
147
-986
-2149
-3232
-4132
-4775
-5098
-5109
-4792
-4225
-3407
-2438
-1304
-100
1195
2507
3837
5136
6353
7470
8425
9217
9769
10118
10177
10008
9508
8769
7706
6415
4851
3148
1311
-543
-2348
-3989
-5377
-6443
-7102
-7401
-7301
-6948
-6360
-5727
-5074
-4564
-4160
-3928
-3759
-3664
-3491
-3210
-2723
-2038
-1176
-204
762
1633
2288
2667
2692
2383
1738
866
-192
-1296
-2401
-3381
-4191
-4753
-5047
-5061
-4808
-4289
-3539
-2579
-1484
-270
996
2300
3576
4825
5992
7069
8024
8857
9500
9923
10070
9952
9567
8903
7963
6738
5293
3636
1844
-80
-1988
-3823
-5362
-6576
-7313
-7633
-7496
-7056
-6367
-5645
-4951
-4415
-4029
-3789
-3666
-3566
-3441
-3156
-2733
-2089
-1334
-410
509
1395
2062
2516
2651
2492
1985
1201
187
-949
-2115
-3230
-4157
-4847
-5193
-5246
-4961
-4427
-3601
-2591
-1412
-167
1108
2384
3649
4898
6047
7108
8027
8866
9503
9957
10098
10006
9615
8983
8030
6790
5266
3500
1589
-411
-2340
-4153
-5627
-6750
-7366
-7582
-7372
-6914
-6217
-5491
-4799
-4286
-3927
-3734
-3639
-3576
-3475
-3225
-2788
-2110
-1276
-289
697
1641
2365
2862
2989
2765
2135
1203
40
-1223
-2476
-3611
-4502
-5110
-5367
-5335
-4985
-4398
-3574
-2598
-1483
-282
959
2221
3458
4701
5866
6946
7882
8699
9344
9790
9965
9878
9559
8966
8115
6914
5449
3732
1869
-106
-2061
-3889
-5406
-6546
-7257
-7556
-7459
-7005
-6345
-5602
-4916
-4332
-3886
-3581
-3429
-3331
-3219
-2966
-2557
-1967
-1246
-363
560
1450
2157
2600
2749
2575
2066
1239
155
-1054
-2240
-3364
-4280
-4986
-5346
-5357
-5054
-4472
-3647
-2642
-1456
-243
1002
2251
3482
4753
5931
7020
7980
8817
9496
9947
10064
9932
9505
8847
7866
6576
4998
3260
1384
-544
-2450
-4189
-5592
-6617
-7241
-7492
-7337
-6859
-6115
-5366
-4629
-4054
-3587
-3322
-3217
-3244
-3213
-3069
-2715
-2179
-1460
-539
453
1424
2187
2692
2855
2687
2126
1275
158
-1044
-2272
-3408
-4345
-5001
-5329
-5328
-5013
-4433
-3591
-2575
-1410
-196
1069
2352
3632
4877
6036
7088
8018
8802
9384
9764
9875
9759
9350
8672
7709
6488
5035
3406
1616
-252
-2106
-3851
-5312
-6456
-7160
-7443
-7291
-6819
-6115
-5386
-4700
-4185
-3838
-3659
-3608
-3590
-3498
-3240
-2777
-2123
-1342
-440
462
1320
1966
2383
2506
2345
1852
1073
56
-1052
-2166
-3224
-4114
-4785
-5109
-5107
-4795
-4239
-3425
-2424
-1253
-44
1204
2457
3729
5004
6193
7279
8224
9034
9632
9996
10049
9872
9414
8744
7766
6507
4970
3240
1360
-575
-2498
-4244
-5685
-6742
-7347
-7574
-7386
-6898
-6182
-5428
-4725
-4193
-3784
-3562
-3446
-3433
-3367
-3156
-2733
-2111
-1340
-459
479
1365
2047
2456
2534
2339
1828
1031
3
-1125
-2220
-3193
-4034
-4656
-5003
-5026
-4738
-4220
-3479
-2556
-1450
-229
1043
2323
3606
4871
6074
7162
8092
8883
9469
9875
9987
9861
9424
8741
7743
6481
4931
3199
1315
-601
-2472
-4184
-5577
-6619
-7199
-7371
-7126
-6607
-5893
-5193
-4529
-4079
-3759
-3629
-3558
-3500
-3323
-2997
-2476
-1808
-998
-117
745
1526
2071
2404
2423
2166
1607
818
-172
-1217
-2302
-3270
-4100
-4678
-4966
-4968
-4691
-4179
-3439
-2528
-1460
-306
939
2221
3557
4868
6128
7259
8226
9002
9538
9826
9843
9613
9129
8394
7381
6113
4596
2900
1056
-837
-2662
-4300
-5627
-6581
-7121
-7262
-7049
-6575
-5925
-5241
-4590
-4066
-3680
-3434
-3279
-3160
-2996
-2723
-2291
-1704
-969
-119
762
1571
2194
2567
2630
2368
1778
922
-140
-1263
-2384
-3394
-4237
-4828
-5122
-5108
-4799
-4246
-3464
-2515
-1384
-173
1123
2433
3748
5000
6148
7147
7998
8690
9196
9507
9576
9442
9051
8428
7471
6253
4744
3069
1226
-623
-2432
-4021
-5345
-6306
-6901
-7113
-6966
-6541
-5915
-5274
-4640
-4149
-3750
-3535
-3367
-3271
-3091
-2835
-2398
-1833
-1106
-281
578
1371
1974
2349
2406
2167
1598
818
-162
-1196
-2257
-3202
-4007
-4572
-4870
-4890
-4631
-4129
-3387
-2476
-1392
-245
991
2230
3490
4687
5812
6807
7670
8387
8924
9268
9376
9275
8930
8359
7510
6416
5074
3544
1836
45
-1755
-3416
-4836
-5916
-6633
-6962
-6931
-6591
-6042
-5397
-4759
-4191
-3735
-3424
-3236
-3128
-3021
-2826
-2496
-2034
-1414
-669
148
941
1614
2055
2246
2132
1730
1027
133
-915
-1972
-2974
-3825
-4475
-4847
-4945
-4739
-4258
-3555
-2641
-1580
-414
789
2036
3231
4415
5510
6525
7394
8155
8704
9080
9247
9194
8905
8373
7576
6512
5224
3698
2049
309
-1400
-3025
-4397
-5499
-6221
-6592
-6616
-6371
-5891
-5317
-4732
-4213
-3821
-3551
-3382
-3258
-3139
-2932
-2618
-2137
-1522
-771
24
840
1533
2035
2263
2206
1837
1193
290
-777
-1884
-2918
-3767
-4383
-4725
-4806
-4616
-4194
-3547
-2727
-1764
-695
443
1609
2793
3963
5085
6107
7008
7766
8376
8814
9061
9085
8896
8482
7848
6966
5823
4431
2826
1072
-731
-2477
-4034
-5310
-6228
-6745
-6866
-6637
-6149
-5514
-4845
-4234
-3747
-3409
-3235
-3149
-3105
-2994
-2775
-2388
-1856
-1174
-412
367
1070
1623
1975
2070
1880
1408
695
-202
-1203
-2242
-3209
-4028
-4601
-4893
-4863
-4529
-3917
-3070
-2062
-943
215
1393
2568
3714
4806
5809
6718
7501
8161
8648
8965
9054
8958
8624
8065
7219
6117
4779
3257
1599
-134
-1828
-3394
-4696
-5709
-6362
-6677
-6610
-6267
-5707
-5105
-4519
-4048
-3684
-3466
-3359
-3312
-3220
-2992
-2607
-2038
-1347
-530
308
1111
1726
2109
2184
1978
1474
710
-251
-1279
-2268
-3145
-3862
-4367
-4592
-4533
-4221
-3734
-3081
-2279
-1318
-277
814
1928
3084
4257
5366
6342
7159
7850
8388
8726
8825
8727
8460
8010
7321
6375
5193
3842
2340
715
-972
-2583
-3977
-5093
-5886
-6356
-6453
-6231
-5771
-5230
-4690
-4211
-3811
-3522
-3365
-3279
-3184
-2984
-2683
-2250
-1724
-1056
-308
471
1158
1676
1978
2032
1794
1236
409
-577
-1602
-2586
-3457
-4153
-4545
-4627
-4378
-3904
-3225
-2398
-1421
-384
659
1669
2677
3704
4685
5590
6376
7094
7715
8217
8509
8602
8491
8193
7668
6884
5835
4570
3118
1505
-217
-1941
-3517
-4827
-5781
-6374
-6587
-6465
-6053
-5471
-4861
-4330
-3927
-3658
-3513
-3435
-3356
-3192
-2883
-2409
-1793
-1072
-294
475
1155
1657
1945
1990
1783
1327
640
-202
-1117
-2021
-2864
-3568
-4089
-4364
-4379
-4131
-3638
-2911
-1995
-955
132
1223
2304
3361
4397
5355
6217
6961
7616
8127
8471
8596
8522
8237
7747
7003
5997
4770
3375
1856
248
-1359
-2886
-4183
-5215
-5915
-6312
-6387
-6179
-5745
-5228
-4683
-4170
-3724
-3391
-3204
-3118
-3047
-2887
-2612
-2183
-1604
-852
-27
776
1442
1900
2118
2077
1754
1138
280
-739
-1800
-2812
-3671
-4296
-4606
-4597
-4274
-3707
-2960
-2088
-1141
-154
847
1853
2857
3867
4825
5711
6474
7117
7646
8051
8288
8345
8194
7833
7254
6422
5351
4078
2644
1103
-495
-2088
-3544
-4754
-5622
-6109
-6230
-6043
-5638
-5132
-4624
-4192
-3868
-3626
-3444
-3285
-3111
-2907
-2601
-2178
-1638
-976
-231
531
1237
1774
2065
2070
1771
1218
461
-447
-1419
-2363
-3197
-3834
-4247
-4391
-4256
-3866
-3260
-2477
-1583
-632
343
1329
2323
3316
4295
5206
6016
6689
7210
7573
7799
7875
7810
7567
7127
6474
5609
4537
3277
1873
368
-1143
-2585
-3844
-4863
-5565
-5952
-6020
-5821
-5415
-4904
-4371
-3903
-3543
-3291
-3137
-3018
-2890
-2668
-2331
-1842
-1247
-558
159
849
1419
1808
1961
1832
1435
780
-51
-990
-1934
-2811
-3527
-4046
-4307
-4292
-4004
-3476
-2769
-1930
-1023
-67
896
1869
2808
3713
4554
5328
6025
6647
7174
7589
7865
7965
7872
7559
7036
6268
5274
4056
2661
1122
-456
-1991
-3354
-4484
-5311
-5827
-6026
-5945
-5658
-5245
-4796
-4357
-3979
-3663
-3407
-3171
-2937
-2650
-2295
-1835
-1288
-660
-5
638
1204
1632
1865
1854
1582
1052
313
-568
-1486
-2364
-3107
-3663
-3981
-4068
-3916
-3560
-3025
-2343
-1557
-677
254
1230
2217
3219
4178
5089
5905
6609
7181
7596
7860
7940
7861
7589
7133
6435
5522
4355
2997
1469
-125
-1690
-3115
-4293
-5152
-5645
-5807
-5659
-5318
-4863
-4413
-3998
-3697
-3477
-3341
-3236
-3130
-2967
-2701
-2316
-1794
-1172
-468
263
953
1512
1885
2003
1844
1397
701
-187
-1150
-2104
-2961
-3653
-4134
-4360
-4316
-4022
-3503
-2783
-1905
-916
118
1158
2175
3157
4082
4920
5660
6311
6881
7340
7667
7829
7813
7605
7184
6539
5672
4621
3409
2080
647
-803
-2199
-3431
-4461
-5225
-5706
-5870
-5755
-5428
-4994
-4528
-4078
-3700
-3413
-3235
-3085
-2921
-2649
-2286
-1780
-1176
-449
287
971
1485
1808
1889
1715
1285
630
-171
-1046
-1894
-2682
-3316
-3773
-3971
-3926
-3645
-3192
-2574
-1840
-1009
-132
765
1658
2555
3435
4288
5076
5779
6379
6875
7248
7483
7559
7488
7250
6836
6193
5295
4159
2813
1323
-257
-1805
-3222
-4370
-5208
-5693
-5878
-5751
-5424
-4951
-4485
-4054
-3717
-3448
-3257
-3108
-2953
-2741
-2424
-2013
-1499
-953
-340
253
820
1243
1525
1590
1461
1095
530
-215
-1054
-1910
-2710
-3366
-3834
-4026
-3950
-3597
-3033
-2281
-1418
-471
490
1442
2370
3277
4158
4966
5705
6341
6876
7265
7497
7547
7428
7136
6667
6011
5141
4092
2863
1521
71
-1366
-2722
-3853
-4733
-5270
-5498
-5428
-5147
-4739
-4300
-3927
-3632
-3451
-3313
-3233
-3118
-2955
-2668
-2272
-1735
-1095
-379
340
985
1483
1772
1817
1593
1133
467
-336
-1211
-2066
-2828
-3426
-3817
-3970
-3883
-3581
-3086
-2418
-1620
-735
197
1140
2093
3032
3942
4783
5536
6177
6709
7098
7336
7388
7283
6999
6542
5889
5044
4028
2864
1582
225
-1134
-2397
-3463
-4305
-4868
-5179
-5225
-5079
-4779
-4437
-4076
-3767
-3483
-3263
-3073
-2893
-2679
-2398
-2045
-1592
-1061
-445
185
800
1295
1632
1727
1595
1205
612
-147
-984
-1818
-2576
-3203
-3649
-3868
-3859
-3610
-3169
-2546
-1788
-916
12
974
1937
2878
3764
4564
5268
5866
6374
6774
7056
7198
7201
7027
6667
6089
5273
4231
3007
1655
244
-1134
-2401
-3471
-4296
-4817
-5047
-5007
-4785
-4444
-4072
-3730
-3465
-3276
-3165
-3097
-3013
-2879
-2642
-2297
-1823
-1251
-597
56
672
1157
1475
1579
1453
1105
551
-150
-940
-1745
-2484
-3084
-3505
-3698
-3660
-3395
-2934
-2319
-1579
-753
130
1026
1913
2764
3587
4347
5030
5614
6101
6503
6801
6957
6951
6768
6384
5817
5014
4020
2840
1569
250
-1031
-2232
-3219
-3987
-4480
-4720
-4752
-4588
-4319
-4000
-3686
-3410
-3196
-3003
-2890
-2750
-2609
-2383
-2061
-1652
-1172
-606
-34
543
1040
1380
1545
1466
1175
688
5
-782
-1595
-2379
-2992
-3448
-3675
-3665
-3463
-3067
-2511
-1840
-1039
-175
727
1679
2603
3501
4336
5009
5571
5998
6303
6515
6562
6497
6333
6020
5575
4922
4054
3050
1892
657
-606
-1852
-2929
-3783
-4381
-4692
-4786
-4645
-4316
-3926
-3518
-3164
-2903
-2709
-2615
-2562
-2505
-2397
-2167
-1813
-1361
-792
-187
429
958
1322
1501
1461
1199
724
60
-717
-1499
-2254
-2901
-3408
-3687
-3723
-3522
-3118
-2523
-1791
-949
-74
769
1602
2419
3215
3945
4581
5125
5618
6032
6358
6534
6569
6448
6172
5706
5023
4141
3096
1940
715
-512
-1685
-2687
-3489
-4031
-4331
-4418
-4323
-4073
-3749
-3412
-3125
-2929
-2794
-2719
-2671
-2606
-2470
-2242
-1883
-1429
-895
-347
180
638
977
1157
1146
954
589
79
-557
-1251
-1957
-2592
-3096
-3421
-3525
-3402
-3069
-2552
-1886
-1107
-249
635
1531
2432
3305
4120
4857
5471
5949
6290
6474
6502
6373
6112
5730
5218
4559
3743
2773
1691
533
-633
-1727
-2671
-3403
-3886
-4130
-4158
-4013
-3761
-3463
-3182
-2956
-2810
-2728
-2693
-2669
-2616
-2491
-2267
-1946
-1542
-1071
-558
-36
452
842
1090
1145
982
611
61
-619
-1355
-2066
-2676
-3133
-3385
-3406
-3196
-2783
-2221
-1547
-804
-25
763
1540
2294
3042
3777
4461
5073
5580
5968
6212
6308
6256
6067
5740
5271
4654
3886
2985
1977
889
-233
-1314
-2281
-3053
-3600
-3896
-3973
-3874
-3652
-3379
-3103
-2869
-2699
-2607
-2577
-2587
-2586
-2532
-2384
-2138
-1785
-1337
-833
-326
127
471
672
721
592
315
-104
-620
-1192
-1774
-2299
-2709
-2982
-3077
-2985
-2708
-2251
-1653
-946
-173
627
1417
2192
2914
3583
4176
4702
5157
5535
5828
5999
6027
5902
5629
5200
4640
3919
3064
2104
1080
41
-945
-1837
-2568
-3117
-3480
-3646
-3661
-3529
-3319
-3070
-2839
-2651
-2524
-2446
-2428
-2429
-2418
-2347
-2175
-1887
-1495
-1035
-543
-85
305
556
651
569
317
-70
-554
-1087
-1611
-2072
-2444
-2684
-2773
-2699
-2471
-2089
-1593
-991
-327
387
1100
1804
2472
3107
3701
4241
4728
5125
5442
5630
5701
5602
5379
4992
4485
3817
3056
2197
1298
375
-516
-1349
-2073
-2641
-3050
-3275
-3354
-3278
-3131
-2922
-2738
-2563
-2466
-2391
-2379
-2353
-2329
-2232
-2072
-1815
-1479
-1074
-621
-187
201
478
629
591
418
68
-384
-923
-1449
-1948
-2334
-2592
-2691
-2648
-2432
-2085
-1623
-1071
-449
218
877
1544
2170
2742
3248
3716
4088
4393
4613
4785
4851
4855
4785
4641
4366
3989
3492
2850
2084
1232
340
-579
-1417
-2117
-2648
-3033
-3205
-3225
-3111
-2919
-2662
-2440
-2270
-2166
-2094
-2084
-2102
-2096
-2037
-1912
-1709
-1411
-1061
-671
-290
68
295
395
351
176
-153
-566
-1031
-1503
-1934
-2262
-2462
-2519
-2405
-2105
-1661
-1126
-520
116
744
1327
1860
2328
2736
3114
3459
3764
4039
4270
4454
4556
4593
4542
4398
4113
3688
3127
2467
1734
951
136
-651
-1343
-1913
-2344
-2638
-2789
-2809
-2736
-2626
-2492
-2374
-2272
-2210
-2181
-2188
-2197
-2168
-2101
-1989
-1787
-1507
-1176
-829
-494
-212
-3
104
87
-64
-335
-691
-1084
-1480
-1830
-2090
-2223
-2199
-2036
-1743
-1343
-844
-278
321
910
1468
1992
2477
2900
3261
3563
3833
4057
4249
4384
4449
4431
4316
4102
3769
3324
2776
2145
1452
720
-24
-728
-1355
-1855
-2232
-2464
-2571
-2575
-2524
-2456
-2395
-2348
-2329
-2347
-2384
-2417
-2418
-2368
-2238
-2022
-1713
-1337
-918
-514
-157
111
264
279
155
-105
-468
-884
-1311
-1701
-2004
-2180
-2204
-2083
-1839
-1487
-1046
-545
-28
487
974
1438
1876
2292
2672
3027
3355
3639
3883
4078
4218
4287
4276
4179
3989
3691
3292
2787
2197
1541
851
154
-505
-1096
-1608
-2007
-2290
-2446
-2511
-2500
-2445
-2387
-2343
-2331
-2347
-2378
-2405
-2403
-2342
-2229
-2046
-1795
-1485
-1136
-796
-497
-267
-123
-78
-147
-322
-568
-851
-1134
-1387
-1593
-1724
-1752
-1663
-1465
-1168
-802
-384
67
534
999
1432
1822
2181
2514
2807
3053
3256
3434
3595
3732
3834
3875
3844
3732
3532
3233
2823
2313
1724
1085
417
-239
-836
-1341
-1741
-2035
-2209
-2284
-2289
-2253
-2214
-2177
-2144
-2146
-2170
-2197
-2207
-2167
-2070
-1931
-1753
-1530
-1268
-986
-718
-488
-318
-221
-210
-306
-505
-762
-1041
-1316
-1544
-1706
-1773
-1723
-1556
-1275
-910
-482
-18
449
904
1320
1697
2035
2328
2584
2806
3001
3177
3334
3462
3546
3577
3549
3449
3277
3017
2683
2274
1815
1312
774
227
-305
-800
-1222
-1567
-1832
-2008
-2125
-2187
-2230
-2253
-2262
-2261
-2255
-2228
-2197
-2124
-2006
-1837
-1628
-1390
-1154
-924
-719
-557
-447
-417
-443
-533
-674
-846
-1012
-1180
-1301
-1371
-1358
-1270
-1104
-885
-604
-300
35
362
688
1002
1301
1593
1864
2129
2385
2636
2871
3112
3302
3465
3544
3561
3501
3364
3120
2805
2380
1888
1322
692
42
-596
-1175
-1664
-2034
-2270
-2344
-2317
-2181
-2025
-1836
-1664
-1507
-1426
-1415
-1472
-1546
-1616
-1661
-1657
-1602
-1461
-1261
-1015
-792
-579
-411
-281
-234
-269
-381
-544
-760
-1001
-1244
-1426
-1499
-1474
-1349
-1150
-860
-485
-51
389
819
1226
1621
1958
2216
2384
2510
2621
2718
2791
2825
2852
2875
2875
2821
2715
2562
2382
2142
1830
1451
1027
584
138
-314
-752
-1153
-1500
-1784
-2020
-2186
-2284
-2300
-2265
-2192
-2110
-2016
-1927
-1840
-1757
-1676
-1574
-1449
-1292
-1111
-923
-754
-610
-507
-451
-443
-480
-561
-671
-783
-885
-955
-966
-907
-781
-603
-378
-117
166
451
725
972
1196
1387
1541
1655
1746
1827
1911
2013
2141
2293
2463
2632
2770
2858
2875
2812
2641
2362
1986
1524
1002
440
-126
-654
-1118
-1491
-1754
-1920
-1987
-1977
-1915
-1826
-1736
-1665
-1625
-1622
-1641
-1670
-1688
-1679
-1641
-1560
-1439
-1273
-1078
-874
-686
-533
-420
-356
-344
-373
-428
-491
-551
-602
-636
-647
-618
-547
-433
-284
-100
104
323
544
769
991
1201
1385
1540
1667
1778
1891
2011
2140
2271
2404
2529
2620
2666
2647
2535
2318
2002
1595
1123
615
93
-403
-849
-1216
-1486
-1654
-1737
-1750
-1709
-1642
-1574
-1523
-1497
-1504
-1541
-1594
-1637
-1653
-1633
-1559
-1442
-1281
-1076
-852
-622
-415
-253
-147
-111
-140
-229
-364
-523
-687
-822
-906
-923
-872
-758
-586
-366
-117
149
424
689
926
1132
1315
1482
1632
1770
1903
2026
2150
2273
2380
2469
2528
2542
2492
2377
2180
1914
1580
1185
755
298
-164
-597
-988
-1315
-1568
-1738
-1818
-1818
-1758
-1661
-1552
-1447
-1365
-1321
-1303
-1308
-1327
-1343
-1350
-1337
-1295
-1212
-1092
-945
-789
-643
-515
-419
-360
-336
-346
-390
-457
-531
-591
-625
-626
-580
-492
-354
-165
61
307
559
812
1063
1313
1554
1791
2019
2232
2433
2611
2757
2866
2908
2860
2717
2481
2158
1753
1281
759
214
-304
-765
-1141
-1416
-1595
-1687
-1702
-1652
-1561
-1458
-1371
-1318
-1304
-1329
-1378
-1436
-1487
-1511
-1494
-1430
-1311
-1136
-914
-678
-453
-263
-125
-51
-41
-96
-206
-343
-487
-612
-696
-734
-722
-662
-552
-394
-198
22
251
474
691
908
1135
1381
1629
1870
2097
2290
2460
2590
2662
2658
2560
2386
2142
1838
1499
1129
736
325
-77
-449
-771
-1039
-1255
-1415
-1515
-1562
-1564
-1533
-1491
-1440
-1393
-1360
-1316
-1271
-1232
-1195
-1168
-1138
-1091
-1027
-941
-842
-734
-618
-502
-394
-309
-253
-231
-242
-276
-332
-393
-439
-472
-476
-440
-361
-226
-41
183
439
710
975
1234
1468
1680
1867
2019
2160
2274
2362
2422
2432
2399
2312
2150
1922
1619
1243
828
378
-77
-512
-916
-1253
-1512
-1689
-1766
-1771
-1712
-1618
-1521
-1418
-1339
-1279
-1238
-1223
-1205
-1200
-1188
-1151
-1105
-1023
-920
-809
-670
-544
-433
-325
-263
-224
-202
-208
-214
-237
-263
-265
-263
-223
-161
-79
42
179
345
538
729
932
1137
1339
1559
1763
1961
2146
2286
2394
2439
2418
2341
2183
1965
1693
1354
990
597
211
-150
-487
-766
-992
-1168
-1286
-1367
-1408
-1423
-1434
-1432
-1431
-1442
-1447
-1457
-1462
-1445
-1410
-1356
-1298
-1227
-1146
-1054
-928
-798
-673
-552
-456
-372
-325
-318
-324
-351
-381
-390
-389
-373
-324
-247
-134
25
211
422
661
902
1137
1375
1593
1783
1955
2091
2193
2270
2310
2315
2284
2201
2073
1897
1667
1387
1059
695
316
-51
-402
-718
-975
-1182
-1340
-1435
-1477
-1466
-1417
-1355
-1293
-1245
-1219
-1214
-1232
-1259
-1281
-1274
-1237
-1181
-1104
-1005
-895
-775
-661
-555
-463
-398
-358
-352
-373
-399
-420
-429
-414
-370
-288
-173
-19
167
372
595
823
1050
1274
1486
1683
1852
1992
2104
2173
2206
2180
2102
1972
1788
1567
1300
1002
688
381
93
-160
-365
-538
-678
-793
-887
-960
-1019
-1068
-1121
-1181
-1246
-1317
-1377
-1411
-1422
-1402
-1350
-1271
-1170
-1056
-929
-802
-683
-586
-516
-479
-474
-487
-514
-544
-578
-595
-581
-535
-447
-324
-169
16
219
427
628
817
992
1156
1307
1448
1577
1699
1807
1896
1962
2001
1999
1951
1854
1707
1511
1274
1008
726
435
145
-126
-365
-560
-710
-818
-893
-947
-986
-1024
-1070
-1122
-1172
-1221
-1263
-1291
-1303
-1287
-1249
-1185
-1093
-982
-865
-750
-642
-549
-484
-443
-424
-420
-423
-437
-462
-483
-495
-491
-461
-394
-284
-142
30
222
425
635
847
1050
1239
1407
1551
1660
1736
1789
1804
1783
1732
1650
1541
1394
1221
1024
809
595
391
195
11
-154
-297
-415
-517
-603
-676
-744
-814
-890
-962
-1030
-1088
-1128
-1151
-1156
-1139
-1106
-1056
-996
-926
-853
-782
-719
-666
-629
-611
-597
-587
-578
-566
-543
-500
-443
-367
-272
-165
-47
80
207
335
463
603
758
915
1075
1234
1388
1530
1650
1730
1760
1736
1658
1533
1364
1158
929
699
479
278
106
-41
-158
-249
-314
-360
-400
-437
-476
-519
-565
-612
-667
-735
-799
-847
-886
-923
-954
-977
-980
-961
-934
-900
-865
-824
-775
-718
-656
-603
-554
-507
-458
-421
-390
-358
-321
-264
-189
-105
4
146
303
471
643
813
980
1130
1254
1347
1404
1427
1427
1408
1357
1279
1185
1069
944
815
674
521
369
225
100
-11
-110
-194
-263
-315
-341
-359
-371
-383
-400
-429
-470
-524
-588
-650
-717
-778
-830
-878
-912
-928
-932
-920
-906
-892
-869
-840
-803
-771
-733
-690
-638
-572
-500
-422
-329
-216
-84
53
189
328
467
603
731
855
968
1067
1155
1224
1281
1319
1315
1281
1215
1117
1002
869
717
559
402
261
143
49
-16
-61
-90
-102
-105
-106
-112
-131
-160
-194
-237
-291
-348
-411
-467
-515
-547
-571
-598
-627
-665
-704
-746
-794
-845
-899
-943
-971
-971
-939
-867
-759
-632
-490
-333
-173
-20
128
262
382
483
568
642
710
768
819
866
906
935
952
957
954
926
874
802
707
597
489
383
280
183
96
28
-22
-53
-68
-75
-86
-102
-116
-130
-145
-159
-178
-198
-225
-258
-295
-343
-405
-480
-556
-627
-692
-754
-816
-868
-902
-920
-911
-878
-830
-761
-670
-566
-442
-309
-174
-35
98
236
369
486
588
675
740
779
794
795
785
764
731
693
649
606
567
529
493
452
413
374
324
266
213
164
121
83
54
40
32
36
47
59
71
77
70
42
-8
-85
-176
-269
-358
-437
-511
-572
-618
-653
-675
-684
-700
-724
-756
-780
-783
-777
-757
-710
-622
-508
-369
-204
-29
138
290
413
498
543
554
541
508
464
429
408
408
418
439
469
499
519
522
504
451
374
275
168
67
-12
-57
-68
-42
15
89
167
230
271
287
262
208
127
27
-79
-180
-261
-315
-342
-344
-331
-307
-282
-268
-270
-285
-322
-369
-423
-474
-512
-531
-522
-485
-425
-347
-253
-163
-82
-14
38
80
110
132
145
156
169
186
210
249
292
335
360
365
360
338
314
294
270
249
235
224
212
212
207
199
182
158
137
113
93
81
70
67
69
64
60
50
39
20
-15
-62
-120
-183
-244
-304
-363
-403
-422
-417
-390
-365
-335
-307
-276
-244
-225
-216
-218
-228
-236
-235
-229
-207
-162
-104
-37
34
99
160
211
244
269
289
290
282
272
268
269
271
270
255
234
212
185
160
146
136
125
117
107
101
90
81
78
69
61
46
25
5
-16
-32
-42
-56
-73
-88
-100
-110
-122
-139
-169
-202
-237
-269
-286
-294
-288
-275
-254
-212
-169
-135
-103
-78
-57
-37
-15
13
35
52
68
81
90
94
93
90
87
80
65
50
39
26
19
17
27
57
93
130
158
176
189
192
187
176
157
132
102
74
44
26
20
18
17
6
-11
-24
-26
-16
-7
0
1
1
-6
-18
-30
-40
-52
-66
-68
-68
-71
-79
-92
-101
-111
-125
-133
-132
-127
-115
-102
-89
-77
-60
-44
-31
-22
-24
-25
-25
-26
-32
-37
-31
-19
1
20
33
43
48
54
66
78
82
72
62
49
44
39
35
32
28
32
39
43
48
53
59
64
66
68
68
68
65
56
43
29
19
10
7
10
12
4
-7
-20
-30
-34
-41
-45
-54
-68
-79
-89
-98
-102
-100
-98
-93
-80
-72
-60
-45
-28
-10
3
13
23
25
27
24
18
16
11
7
7
15
29
40
48
58
61
65
66
61
55
50
39
29
16
5
3
4
8
16
26
35
42
43
37
29
24
22
19
9
-4
-15
-32
-44
-55
-65
-67
-68
-69
-65
-61
-56
-53
-56
-61
-67
-71
-66
-55
-41
-26
-19
-15
-11
-9
-1
5
7
7
5
15
28
38
41
30
21
18
21
28
31
31
28
25
27
36
45
55
56
54
55
49
47
45
41
40
42
43
39
33
26
20
21
21
10
-10
-34
-49
-54
-44
-37
-32
-30
-44
-49
-45
-42
-34
-27
-20
-21
-29
-40
-48
-50
-42
-24
-4
13
24
28
31
27
19
7
-7
-14
-21
-27
-33
-33
-28
-20
-2
20
31
36
33
25
16
5
-5
-8
-7
-2
-3
-5
-2
0
9
22
32
34
29
22
12
1
-5
-8
-5
-13
-22
-25
-23
-11
7
20
28
26
20
16
11
10
8
3
-4
-9
-13
-12
-5
5
11
10
4
-3
-3
-5
-9
-11
-10
-10
-8
-5
-7
-5
-8
-7
1
3
4
6
9
11
8
1
-8
-12
-16
-11
-4
3
10
11
8
-3
-9
-9
-3
4
1
0
0
0
6
9
11
16
16
21
18
8
-1
-3
-2
-4
-10
-13
-11
-10
-4
-2
3
3
2
2
4
8
3
-5
-13
-23
-18
-10
-8
-6
-7
-12
-11
-6
0
8
7
2
-4
-9
-10
-8
-3
2
2
2
0
-1
-1
-3
2
5
3
5
5
9
11
11
9
-2
-1
0
5
16
17
14
13
12
10
11
10
11
10
2
-2
-2
-5
-5
0
4
7
6
3
-3
0
1
-4
-8
-18
-24
-23
-24
-21
-16
-7
0
6
5
-2
-6
-6
-3
0
6
5
3
-1
-7
-14
-17
-12
-3
9
15
17
15
5
-1
-6
-4
3
6
13
10
4
1
-2
4
11
18
21
12
4
0
-6
-2
4
1
3
2
-8
-13
-13
-11
-5
-4
2
9
6
4
0
-5
-5
-3
-1
-1
-4
-8
-9
-8
-5
-5
-4
-3
-7
-11
-12
-7
-1
0
-1
-2
0
2
3
2
3
4
6
11
8
6
5
4
4
7
9
11
7
9
11
11
15
14
8
-3
-5
2
2
0
-6
-12
-12
-3
6
10
8
-3
-9
-7
-4
0
1
-3
-9
-10
-11
-15
-16
-8
-3
-5
-11
-20
-23
-16
-10
1
12
16
13
7
2
4
11
17
22
15
1
-4
-3
5
9
8
6
0
-3
-6
-2
5
7
9
3
-8
-12
-13
-5
6
10
9
9
7
5
9
11
10
10
2
-10
-15
-13
-8
0
5
2
-3
-7
-6
-1
-2
-6
-11
-14
-15
-12
-7
-5
-3
-12
-14
-11
-13
-9
-6
-2
2
8
10
5
0
-3
-2
3
6
5
8
10
4
0
-3
0
4
7
12
20
20
21
18
10
13
16
17
16
9
8
5
2
0
-3
0
3
-1
-10
-15
-12
-8
-9
-11
-12
-8
-3
-3
-6
-9
-11
-8
-2
-6
-11
-18
-23
-21
-11
-1
5
4
-4
-11
-12
-5
9
20
22
7
-14
-19
-10
8
24
26
15
2
-5
-11
-8
6
13
17
16
9
4
-1
-2
3
8
10
11
12
9
8
7
5
-1
-7
-11
-15
-15
-11
-6
-5
-8
-6
-1
2
7
5
-2
-10
-13
-10
-9
-7
-9
-8
-5
-2
-2
-4
-7
-5
-2
4
6
2
-5
-8
-5
0
6
7
7
10
8
9
3
1
3
4
9
9
7
7
10
12
11
8
4
0
0
4
5
1
-1
1
-4
-7
-6
-7
3
8
8
6
-4
-10
-8
-8
-6
-8
-9
-11
-12
-11
-12
-15
-11
-1
4
1
-4
-6
-5
-3
-7
-11
-8
0
8
12
12
10
8
6
5
7
8
11
14
9
7
5
5
7
5
4
5
6
2
-2
-4
-7
-4
1
2
-1
-3
-7
-4
1
10
15
6
-3
-10
-15
-10
-1
6
6
-1
-8
-12
-12
-15
-13
-13
-12
-11
-8
-3
-7
-6
-5
-4
5
8
7
2
-6
-9
-6
2
9
9
5
-3
-9
-5
9
16
19
17
14
13
12
11
11
12
10
3
-2
-4
-3
4
8
8
3
-1
-4
-2
2
3
0
-9
-13
-5
2
8
11
4
-2
-2
-5
-4
-6
-6
-5
-8
-11
-14
-11
-2
-1
-7
-12
-15
-10
-4
1
2
-5
-11
-11
-7
2
9
11
8
2
-3
0
2
5
6
3
-1
-8
-7
-2
4
9
13
13
13
12
13
11
3
-1
-4
-4
-2
1
7
7
3
2
2
5
5
3
3
4
4
2
-4
-14
-18
-15
-9
-4
-3
-4
-8
-9
-8
-5
-2
-3
-7
-7
-7
-3
0
0
2
5
8
5
-2
-4
-5
-7
-7
-6
-1
2
4
7
5
5
11
11
11
10
7
8
9
5
2
3
4
9
14
19
16
9
-2
-10
-6
0
2
5
5
-4
-9
-10
-10
-11
-7
-5
-4
-4
-5
-4
-5
-6
-4
-2
-5
-12
-15
-13
-9
-1
3
-2
-7
-15
-18
-8
3
7
2
-6
-8
-4
5
9
10
9
8
10
9
6
3
-2
-3
1
7
10
11
9
8
5
11
12
13
14
5
0
1
4
2
3
2
-3
-4
-1
2
3
4
3
-4
-7
-9
-7
-6
-7
-4
-2
-5
-11
-18
-16
-10
-2
-1
-7
-14
-20
-18
-6
6
17
18
10
2
-7
-8
0
8
11
4
-2
-5
-7
0
8
12
17
10
2
-2
-3
0
8
10
5
1
2
4
4
3
3
3
8
11
10
8
5
0
-3
-1
0
0
-7
-17
-15
-11
-4
2
-1
-6
-13
-21
-21
-16
-7
2
7
4
-5
-11
-12
-9
-5
-1
3
0
-3
-5
-5
4
9
8
8
6
7
6
7
8
12
15
14
12
9
11
14
13
10
7
1
2
10
12
12
11
3
-6
-16
-18
-11
-7
-2
3
2
4
4
-3
-14
-22
-23
-21
-14
-6
-7
-12
-11
-10
1
6
6
4
-5
-7
-4
-2
-1
1
-1
-3
1
1
1
1
3
3
1
-1
-1
1
1
1
3
7
10
8
7
7
6
8
9
3
-1
-3
1
5
7
9
4
-3
-2
0
3
6
4
0
-4
-5
-3
1
2
-2
-7
-6
0
6
10
11
4
-4
-12
-20
-19
-15
-12
-9
-5
-4
-6
-7
-7
-4
4
5
1
-1
-6
-12
-11
-6
-2
6
9
7
4
-1
-1
7
16
19
16
5
-4
-7
0
7
14
17
17
10
-1
0
4
8
7
2
2
-3
-4
-4
1
2
2
3
7
7
-1
-6
-11
-11
-9
-5
-3
0
-3
-6
-7
-10
-6
-6
-2
3
0
-6
-14
-22
-21
-12
-6
0
4
8
11
9
6
3
5
8
9
3
-7
-10
-11
-7
-3
6
12
13
9
0
-3
-3
-1
1
2
0
0
6
8
10
8
5
5
3
0
0
0
1
7
12
11
1
-10
-14
-9
-1
5
5
0
-9
-14
-17
-18
-11
-8
0
10
13
12
10
4
-6
-10
-9
-2
8
17
18
10
0
-16
-25
-20
-6
5
14
13
4
1
0
0
2
0
1
4
6
4
0
-4
-3
10
9
3
-3
-5
-1
0
1
1
1
0
4
4
3
4
-1
-4
-8
-10
-4
-2
-4
-9
-11
-8
-6
-1
-1
-2
-3
-6
-1
0
2
8
10
11
9
-1
-10
-10
-5
3
5
4
0
-6
-5
-7
-5
-4
-2
1
2
7
9
8
8
6
1
-3
-4
-2
1
5
6
5
3
2
1
-1
-2
-4
-5
0
6
9
12
15
12
3
-5
-10
-9
-7
-9
-5
3
12
13
3
-12
-21
-17
-12
-6
3
9
8
5
-2
-9
-11
-12
-12
-8
-2
6
9
7
5
1
2
5
6
5
1
2
-1
-3
-4
-1
5
11
12
8
1
-4
1
5
9
11
8
-3
-7
-5
0
9
12
4
-4
-11
-9
-2
3
3
2
-2
-8
-13
-12
-6
-2
-2
-4
-4
-5
-5
-5
-8
-12
-12
-11
-9
-7
-3
3
6
6
1
-5
-1
6
11
10
0
-6
-6
0
7
6
6
5
4
7
10
11
7
2
-1
-2
0
5
5
2
6
5
4
4
4
9
13
14
16
9
2
-6
-13
-10
-4
-3
-4
-4
-5
-7
-3
4
3
-3
-5
-4
-2
-4
-8
-9
-9
-1
2
-5
-6
-8
-12
-12
-10
-7
-4
0
4
8
7
4
2
4
7
4
4
4
0
-1
0
0
-4
-3
3
6
1
1
3
1
7
11
10
9
5
2
-5
-13
-13
-7
-2
3
3
4
6
4
-2
-5
-9
-4
1
1
-2
-9
-13
-16
-6
4
8
10
1
-9
-14
-10
-2
3
4
3
-3
-3
1
4
7
7
7
9
12
13
11
6
1
-1
1
6
12
12
7
4
2
3
3
-3
-6
-11
-8
-1
0
3
4
6
6
3
-3
-13
-15
-9
-6
-6
-6
-9
-7
0
4
1
-3
-3
-4
1
0
-5
-6
-4
0
3
2
3
3
4
-2
-2
-2
-1
1
-4
-4
-3
-6
-5
1
5
8
9
8
8
12
11
2
-1
-5
-4
-3
0
3
3
5
4
-1
-3
-3
0
2
-1
-4
-6
-6
-5
-1
4
5
8
9
3
2
1
0
0
0
-1
-8
-14
-10
1
7
8
2
-6
-9
-13
-6
1
3
3
-3
-7
-9
-11
-8
-2
2
7
13
11
2
-4
-11
-11
0
11
19
16
7
1
-1
1
4
10
13
9
1
-4
-10
-11
-9
-5
-1
1
-2
-2
3
10
10
0
-6
-6
-2
5
9
8
5
0
-1
-1
-3
-1
1
4
7
-1
-5
-8
-13
-12
-12
-5
1
2
4
3
0
-1
-2
-1
0
2
1
0
-4
-7
-8
-7
-2
2
2
-2
-4
-2
0
6
3
-1
-4
-9
-6
1
9
8
7
4
1
-2
-2
0
1
4
6
5
7
11
15
17
14
10
9
3
-4
-5
-9
-9
-5
-7
-4
-6
-10
-3
4
4
4
1
-2
-3
-3
-4
-6
-9
-6
-4
-2
-2
-3
0
-2
-6
-10
-14
-11
-5
-3
-9
-12
-8
-4
3
14
21
20
12
3
0
3
8
8
3
6
7
8
8
9
12
11
8
8
5
2
4
10
11
1
-8
-13
-8
2
5
4
-3
-8
-4
0
-4
-7
-9
-10
-11
-5
4
4
-1
-7
-15
-22
-20
-11
-3
0
-4
-7
-8
-9
-5
0
3
7
8
4
1
-3
-4
-3
-2
0
7
12
12
5
-2
-4
-3
1
3
3
6
8
7
5
2
3
8
12
16
16
15
14
12
10
1
-6
-8
-7
3
11
8
0
-11
-14
-10
-9
-6
-4
-2
-3
-6
-9
-11
-8
-6
-4
-4
-2
0
4
4
-5
-12
-21
-18
-7
-1
6
12
9
5
-3
-4
2
2
5
4
4
7
5
5
2
-1
1
2
4
8
8
5
5
5
1
1
4
3
3
3
-2
-2
-3
-1
-1
-3
-2
-5
-3
2
1
-6
-13
-18
-17
-6
2
4
1
-5
-7
-6
2
4
6
8
7
9
8
3
-1
-6
-5
-4
-1
2
1
-3
-3
-4
-4
0
5
5
3
0
0
4
10
9
0
-2
3
0
3
5
9
11
6
7
5
9
12
9
3
-2
0
-2
-5
-4
-6
-8
-6
-2
1
4
1
-3
-8
-11
-15
-16
-12
-11
-15
-11
-9
-8
0
8
10
0
-3
-2
-7
-9
-8
-1
3
1
1
6
8
6
0
-4
-4
4
11
15
17
9
1
-5
-3
6
10
9
8
2
-3
-5
-4
0
3
7
4
-2
-6
-5
3
11
12
7
1
-4
-14
-15
-12
-5
2
-2
-3
-4
-3
1
0
1
2
-1
-3
-6
-10
-11
-8
-4
1
6
7
5
6
5
6
11
9
4
0
-7
-6
0
5
5
2
-3
-8
-7
-1
4
3
-5
-8
-8
-5
1
5
10
8
6
4
-2
-2
6
14
13
10
1
-5
-10
-11
-6
-2
0
0
0
0
1
0
1
-1
-5
-8
-8
3
10
9
4
-1
-8
-13
-9
2
8
8
-5
-15
-12
-5
3
7
4
1
-3
-8
-7
0
7
9
3
-3
-7
-6
-5
-1
-1
-1
0
-2
-1
0
5
10
8
8
1
-6
-6
0
3
5
10
7
1
-1
-2
1
5
5
1
-1
-3
-6
-1
2
3
5
6
4
2
-4
-10
-2
8
11
9
6
0
-9
-12
-11
-9
-9
-4
0
2
0
-2
-2
-6
-8
-7
-7
-10
-9
-3
8
12
13
14
10
5
1
1
8
13
9
3
-3
-5
-1
-1
-1
-3
-3
1
0
-2
1
5
7
8
2
-4
-8
-6
-3
-1
2
1
-1
-3
-3
-4
-3
-6
-12
-12
-6
1
1
2
-1
-3
1
2
-2
-7
-13
-13
-2
-1
-1
5
6
3
-1
-5
-3
3
4
8
8
7
6
4
3
6
6
9
13
11
3
-5
-8
-6
0
0
1
1
-5
-7
-2
4
6
6
8
10
5
5
-3
-9
-5
-4
0
3
2
-1
-5
-10
-11
-9
-5
0
-1
-3
-8
-12
-14
-13
-3
9
16
17
13
9
8
4
0
0
0
1
-1
-3
-4
0
5
3
-3
-6
-4
5
8
7
2
-4
-10
-11
-3
1
8
3
-4
-7
-8
-8
-6
-1
0
-2
-3
0
2
4
8
4
1
2
-3
-6
-13
-13
-5
-4
-1
1
-4
-7
-10
-6
4
15
17
16
7
-2
-10
-3
10
13
10
0
-5
-2
7
9
10
8
4
-1
-6
-5
-6
-5
2
7
8
7
7
9
11
8
6
2
-1
-2
-3
-8
-8
-9
-11
-11
-5
3
7
7
4
1
-7
-10
-11
-10
-12
-10
-4
3
6
-1
-9
-13
-8
-2
0
-4
-12
-12
-13
-4
4
7
10
7
2
1
6
11
13
13
9
6
6
1
2
6
8
10
8
3
1
-3
-5
-2
4
10
11
11
3
-6
-8
-5
-2
0
1
0
3
2
-2
-9
-9
-3
-1
-4
-9
-11
-10
-6
-2
1
4
6
7
3
0
0
-4
-6
-6
-8
-7
-1
1
-3
0
-4
-7
-9
-7
-1
5
11
11
5
-4
-7
-3
4
11
11
10
0
-6
-6
-7
-5
-1
2
-1
2
6
8
5
3
7
6
5
8
8
3
-2
-1
-4
-2
4
8
5
0
-7
-15
-15
-3
8
11
8
-2
-9
-7
1
9
9
7
1
-10
-14
-13
-14
-14
-4
2
5
2
2
1
3
3
-2
-5
-7
-6
0
3
4
6
-1
2
5
4
3
-3
-6
-4
-3
-3
-2
-1
-3
-6
-9
-5
-2
4
6
3
3
