SAMPLES:	14505
BITSPERSAMPLE:	16
CHANNELS:	1
SAMPLERATE:	16000
NORMALIZED:	FALSE
14
10
7
8
7
-1
-11
-7
0
7
13
8
0
-8
-7
-4
0
1
-2
-2
0
-3
-3
-2
-2
-3
-7
-7
0
6
10
5
-4
-9
-11
-8
0
3
0
-3
-4
-1
-1
-2
5
3
-5
-7
-8
-3
2
2
2
2
0
1
4
-3
-5
3
12
14
9
-1
-14
-19
-18
-12
2
7
4
-4
-12
-10
-4
0
9
11
1
-6
-11
-5
0
2
4
3
3
11
12
8
7
1
0
1
2
9
16
14
10
7
4
2
0
-3
-8
-6
-6
-4
2
4
3
3
-1
-5
-6
-4
0
5
4
3
0
-6
-7
-9
-8
-9
-9
-4
2
2
-1
-6
-10
-11
-7
2
4
2
-6
-13
-11
-5
8
19
18
7
-5
-10
-8
1
12
16
11
2
0
4
3
2
1
-5
-7
-5
-4
-2
0
4
4
2
-1
0
2
-3
-2
-1
-2
10
18
16
7
-5
-9
-6
2
13
16
7
-3
-4
-5
-7
-5
-4
-6
-8
-10
-9
-7
-7
-5
1
3
-1
-2
-3
-4
-9
-14
-13
-5
-3
-1
2
5
5
6
5
8
6
2
1
-4
-3
1
11
12
10
10
3
-1
0
7
13
16
9
2
-2
-8
-3
1
3
5
5
5
3
6
8
0
-14
-22
-19
-13
-6
-1
-4
-4
-4
-7
-4
3
6
0
-4
-6
-9
-10
-11
-12
-16
-16
-7
4
14
17
13
3
-4
0
9
11
12
6
1
0
0
4
3
3
4
-3
-8
-6
-1
2
4
6
5
-4
-3
1
4
10
12
15
12
6
3
1
-3
-7
-11
-6
3
14
15
2
-7
-10
-8
-5
-3
-2
0
-4
-8
-11
-12
-2
8
16
12
3
-5
-4
-4
-4
-2
-9
-12
-16
-12
-4
-5
-3
3
6
8
7
3
1
2
5
5
3
4
6
5
4
-1
-4
-4
-3
-2
0
-2
-3
-3
-3
-11
-13
-5
-3
2
7
3
1
2
-3
-9
-10
-11
0
12
9
6
-1
-4
2
10
17
14
9
2
-7
-2
3
2
1
0
1
0
0
6
15
16
15
11
4
5
4
1
-1
-8
-8
-2
6
2
-3
-6
-11
-11
-7
-4
-9
-12
-12
-13
-9
-8
-3
0
1
-5
-11
-15
-18
-11
-2
2
9
11
5
3
0
-1
-6
-6
3
8
11
17
15
5
-5
-5
0
6
13
12
10
6
-1
-5
-1
3
8
12
13
8
0
-3
-4
2
9
7
2
-4
-11
-8
1
2
-6
-17
-21
-15
-8
3
10
13
7
-2
-5
-9
-15
-11
-4
-3
-3
-6
-6
-1
6
6
5
3
-4
-4
-7
-1
8
9
7
3
0
-3
0
2
6
10
9
5
4
8
11
10
3
-5
-2
3
4
2
-6
-10
-9
-5
-2
-3
-4
-12
-10
2
6
8
2
-9
-16
-14
-5
0
2
7
6
-2
-5
0
3
3
5
7
9
7
4
4
5
3
6
10
8
2
-1
-1
2
5
7
2
-7
-11
-10
-7
-2
-2
0
-1
-1
-2
-8
-12
-14
-10
-3
3
6
5
1
2
2
-2
-5
-6
-8
-8
-4
0
-1
-3
-1
-1
0
5
11
13
7
2
2
5
4
4
1
-2
-2
-2
3
9
15
12
-2
-11
-11
-4
6
6
-1
-2
0
0
0
6
10
12
12
7
3
-5
-12
-8
-1
2
-1
-5
-10
-12
-9
-3
-2
-4
-4
-1
-1
2
0
-4
-7
-7
-2
1
3
-1
-3
-3
-1
-1
0
3
3
1
0
1
-1
1
0
2
8
12
9
7
7
6
3
3
1
-1
-1
-3
-1
0
-1
2
4
5
5
-1
-8
-12
-11
-9
-9
-10
-8
-5
-4
-5
-7
-2
4
8
8
1
-4
-5
-5
-3
6
16
18
16
8
-3
-4
0
5
11
3
-5
-11
-10
-4
2
7
5
2
-3
1
6
4
4
7
2
0
1
-1
-1
-2
-3
-8
-10
-4
-4
-4
-1
0
-4
-5
-4
0
6
3
-4
-9
-14
-12
-8
-4
-3
2
4
6
7
5
6
7
11
11
11
6
4
6
5
4
3
2
-3
-6
-8
-5
5
10
11
9
8
2
-6
-12
-12
-9
-3
2
3
0
-9
-14
-15
-11
-6
-1
4
-1
-5
-8
-6
-3
0
3
1
-6
-10
-9
-6
0
7
6
3
1
1
5
10
10
10
5
-1
0
4
11
12
7
0
-5
-8
-1
7
7
9
5
-1
-4
-1
3
3
8
12
5
-1
-4
-3
5
8
14
9
-3
-11
-15
-10
-8
-6
-1
1
1
2
3
0
-3
-8
-11
-15
-11
-7
-3
2
-4
-9
-9
-7
0
2
5
4
1
0
-5
-5
-3
2
8
5
1
-4
0
2
1
3
4
8
2
-5
-5
1
3
11
11
7
5
0
4
3
3
4
3
3
1
-4
-6
0
8
10
9
2
-6
-13
-15
-10
-5
-1
1
-1
-8
-9
-7
-4
3
12
18
12
2
-8
-10
0
6
10
10
5
1
-1
-5
-1
7
7
-1
-9
-17
-15
-8
-4
-1
4
3
-3
-1
0
-2
-4
1
11
12
5
-2
-9
-7
4
12
10
3
-6
-10
-10
-10
-3
-3
1
2
3
0
-2
-1
-4
-1
3
5
0
-5
-8
-13
-9
-4
1
3
2
2
2
-1
4
10
13
13
8
6
5
3
1
-3
-1
1
3
4
6
8
5
-1
-1
1
4
5
-1
-7
-10
-9
-1
1
0
0
-1
3
5
0
-6
-11
-14
-11
-6
0
7
9
6
-2
-11
-12
-7
-1
0
-4
-12
-16
-15
-8
-3
8
10
8
7
4
4
1
0
-3
-5
-3
-4
-7
-4
6
10
11
11
16
18
15
13
10
9
2
-1
-1
-2
-7
-12
-10
-1
8
15
16
7
-9
-16
-11
-4
3
4
-3
-7
-9
-10
-4
0
2
2
-2
-3
-5
-5
-9
-13
-7
0
2
4
1
-4
-2
-2
-2
-3
-5
-3
-3
0
4
4
1
1
1
1
6
9
12
15
9
7
4
2
3
-3
-4
-5
-5
4
1
-6
-6
-5
0
0
1
-1
-4
-8
-7
0
6
9
8
7
1
-4
-6
-1
0
0
-1
-7
-9
-8
2
9
8
11
12
7
-1
-8
-12
-8
-1
2
-1
-4
-2
2
3
1
-2
-5
2
6
10
8
4
4
-1
-7
-8
-9
-7
-8
-4
3
5
2
2
3
-1
-2
-2
0
-2
-6
-2
-3
-4
-3
-2
2
3
2
-2
-1
-2
0
3
2
-2
-2
0
6
7
2
1
-3
-8
-3
-1
3
0
-6
-6
-4
6
16
20
14
3
-7
-11
-8
-4
1
6
5
-2
-5
1
3
6
7
2
-5
-9
-9
-7
-7
-4
0
0
1
0
-2
-3
1
10
12
9
1
-5
-5
-2
3
7
13
10
8
3
-3
-6
-9
-7
2
7
10
7
2
0
-2
-1
-3
-4
2
10
11
8
0
-8
-15
-17
-10
-5
0
7
10
8
2
-5
-8
-10
-8
-5
-7
-8
-11
-15
-10
0
4
4
3
2
-1
-6
-3
2
3
3
2
0
2
2
3
1
-1
0
1
7
6
2
0
-1
5
8
6
7
5
2
4
6
13
5
-5
-9
-9
-4
1
2
4
1
-4
-1
1
-4
-7
-5
-3
-2
0
-2
-7
-7
-6
-3
6
13
13
6
1
-3
4
4
1
1
1
2
4
6
4
0
-1
0
0
-3
0
2
2
3
1
-3
-8
-4
0
7
8
2
0
-3
1
4
2
-4
-14
-19
-19
-8
-2
-1
1
-3
-2
0
-2
-5
-8
-6
-8
-9
-14
-15
-6
-3
6
15
16
15
11
3
-4
-4
5
13
18
15
7
-3
-12
-10
-2
2
7
7
3
2
3
2
-2
3
5
1
-1
-5
-4
4
7
9
6
0
-5
-8
-6
-3
1
6
0
-3
-3
-3
1
4
5
1
-8
-15
-18
-9
3
8
10
8
0
-4
-2
6
10
5
3
-2
-7
-9
-8
-3
0
5
6
3
-4
-9
-8
-8
-6
-1
1
2
3
5
7
9
9
-1
-7
-6
-1
9
13
10
-5
-17
-13
-4
5
10
6
-8
-16
-14
-5
8
16
11
-1
-14
-19
-16
-2
13
18
15
6
2
2
4
7
6
2
-3
-5
-3
1
9
11
9
7
2
-1
-4
-12
-15
-10
-4
4
9
6
4
3
3
1
-2
-6
-5
-3
-1
-3
-4
-1
-5
-12
-12
-6
0
7
10
5
-3
-5
-9
-8
-6
-1
3
0
0
-4
-5
-3
-4
0
1
-1
-5
-17
-18
-13
-14
-10
-10
-4
7
20
28
38
52
55
50
38
29
23
16
-1
-29
-39
-46
-38
-24
-4
43
100
158
188
211
229
230
218
162
82
-1
-97
-219
-335
-404
-441
-435
-428
-404
-309
-189
-64
35
115
157
155
93
-15
-145
-260
-319
-333
-275
-148
54
298
529
714
839
934
900
781
638
502
432
398
422
514
652
799
894
907
800
583
250
-171
-632
-1070
-1417
-1653
-1746
-1705
-1536
-1270
-959
-642
-398
-261
-234
-301
-433
-596
-733
-816
-821
-731
-513
-178
219
610
958
1260
1438
1474
1321
1013
683
246
-214
-671
-1082
-1288
-1405
-1403
-1265
-1078
-783
-462
-83
259
501
661
727
756
663
505
283
64
-84
81
476
799
1266
1924
2864
3857
4187
4489
4628
4460
4149
2998
1694
363
-1180
-2307
-3560
-4696
-5055
-5098
-4548
-3712
-3013
-1903
-767
-205
347
173
-442
-916
-1954
-2607
-3007
-3442
-2931
-2255
-1266
364
1716
3075
4231
4749
5022
4702
3528
2369
877
-720
-1915
-3202
-3923
-4026
-3946
-3208
-2373
-1494
-259
716
1439
1933
2007
1954
1790
1218
640
62
-462
-537
-569
-486
-49
476
1283
2016
2463
2808
2893
2714
2281
1510
576
-317
-1225
-1895
-2335
-2602
-2437
-2151
-1535
-711
-70
656
1106
1357
1502
1238
812
276
-356
-620
-684
-787
-515
19
879
1994
2549
3163
3672
3745
3702
2813
1654
490
-1097
-2494
-4006
-5458
-6062
-6237
-5830
-4870
-3837
-2325
-692
335
1212
1409
1150
854
-101
-973
-1626
-2189
-2037
-1629
-914
423
1685
2902
4027
4624
4878
4608
3536
2353
892
-843
-2307
-3688
-4587
-4744
-4648
-4078
-3068
-2084
-789
464
1217
1911
2122
2165
2511
2404
2241
2285
2449
3193
3851
4113
4813
5424
5845
6083
5393
4465
3230
1409
-299
-2468
-4577
-5825
-6677
-6912
-6659
-6146
-4943
-3694
-2826
-1840
-1419
-1334
-1224
-1517
-1661
-1821
-1909
-1312
-606
269
1543
2684
3738
4694
5169
5340
4854
3759
2693
1176
-573
-2142
-3658
-4619
-5249
-5597
-5433
-5042
-4351
-3318
-2317
-1376
-354
534
1292
1784
1913
1951
1739
1422
1148
870
777
987
1712
2611
3534
4580
5777
6900
7475
7381
7016
6235
4926
3098
906
-1334
-3435
-5385
-6897
-7955
-8425
-8001
-6891
-5296
-3444
-1606
130
1528
2112
2089
1339
199
-1017
-2349
-3278
-3642
-3405
-2391
-966
879
2872
4555
5767
6431
6391
5579
4002
1784
-501
-2813
-4964
-6591
-7687
-7954
-7404
-6284
-4683
-2800
-831
1041
2536
3360
3809
3774
3228
2472
1501
694
394
372
765
1634
2871
4568
6219
7323
8263
8684
8336
7366
5403
3062
474
-2479
-5085
-7313
-9012
-9597
-9399
-8379
-6577
-4514
-2212
-100
1197
2081
2249
1616
659
-733
-2006
-2830
-3368
-3202
-2422
-1250
514
2361
3967
5325
6069
6113
5490
3933
1969
-283
-2789
-4969
-6714
-7914
-8249
-7992
-7051
-5482
-3689
-1633
355
1952
3262
4075
4289
4089
3427
2622
1967
1474
1337
1659
2374
3626
5092
6431
7628
8514
8865
8561
7311
5331
2864
-98
-3162
-6024
-8481
-9982
-10501
-10088
-8697
-6804
-4535
-2176
-278
1152
1970
1993
1588
782
-194
-1007
-1673
-1900
-1562
-840
302
1669
2982
4196
4995
5208
4877
3844
2288
431
-1688
-3747
-5567
-7083
-7942
-8171
-7850
-6918
-5587
-3910
-2015
-298
1251
2596
3546
4183
4489
4571
4616
4534
4457
4597
4915
5383
5869
6385
6913
7164
6983
6248
4975
3202
874
-1706
-4209
-6480
-8191
-9189
-9385
-8711
-7504
-5942
-4099
-2444
-1136
-194
206
370
223
-197
-379
-404
-221
327
985
1970
3105
3946
4653
5025
4855
4314
3140
1501
-259
-2304
-4175
-5687
-6996
-7697
-7869
-7536
-6602
-5512
-4217
-2632
-1134
338
1556
2535
3465
4210
4831
5289
5644
6039
6473
7010
7383
7604
7799
7722
7391
6492
4869
3011
807
-1711
-4028
-6530
-8326
-9288
-9791
-9254
-8292
-6931
-4840
-3110
-1473
-242
277
632
621
155
-159
-388
-380
387
1116
2214
3581
4633
5721
6289
5997
5413
4009
2129
111
-2316
-4642
-6384
-7952
-8693
-8809
-8706
-7594
-6254
-4764
-2824
-1263
278
1831
2730
3602
4180
4317
4718
4973
5047
5452
5797
6363
7170
7514
7946
8223
7865
7196
5786
3805
1531
-1279
-4053
-6547
-8829
-10302
-10946
-10761
-9756
-8282
-6376
-4138
-2251
-712
382
929
1223
1008
674
481
354
568
1085
1813
2827
3715
4539
5192
5341
4955
4063
2635
905
-1138
-3377
-5268
-6927
-8110
-8571
-8573
-7934
-6802
-5410
-3615
-1837
-211
1436
2917
4097
5189
6009
6666
7221
7489
7849
8172
8202
8190
8145
7900
7445
6457
5000
3279
1022
-1475
-3941
-6384
-8287
-9614
-10236
-10092
-9425
-8271
-6666
-5077
-3730
-2553
-1702
-1012
-669
-625
-441
-156
331
1004
1785
2850
3990
4879
5516
5819
5589
4902
3613
1994
323
-1632
-3479
-5013
-6301
-7062
-7375
-7349
-6789
-5961
-4908
-3444
-1984
-592
899
2158
3541
5044
6009
6846
7542
8195
9020
9182
8898
8848
8406
7869
6817
5021
3245
1141
-1157
-3171
-5617
-7593
-8703
-9260
-9047
-8619
-7888
-6456
-5068
-4129
-3311
-3093
-2740
-2291
-2161
-1765
-1291
-486
837
1916
3026
4217
5151
5814
6110
5717
4965
3814
2115
466
-1557
-3446
-4747
-6009
-6704
-6908
-6785
-6100
-5259
-4382
-3168
-1995
-809
585
1585
2845
4287
5434
6489
7370
8251
9234
9556
9667
9844
9649
9166
8083
6560
4755
2439
-64
-2661
-5364
-7553
-9120
-9946
-10270
-9988
-9089
-7691
-6401
-5331
-4397
-3811
-3242
-2934
-2725
-2382
-1909
-883
274
1490
2829
4111
5385
6231
6604
6376
5724
4579
3067
1256
-880
-2753
-4435
-5823
-6720
-7233
-7169
-6715
-5912
-4872
-3661
-2385
-1142
139
1199
2463
3956
5163
6139
7034
8055
9062
9336
9257
9380
9345
9076
8274
7034
5596
3629
1400
-1013
-3762
-6177
-7969
-9096
-9663
-9759
-9325
-8160
-7040
-6018
-5051
-4441
-3632
-3091
-2720
-2182
-1621
-647
388
1373
2650
3888
4860
5548
5983
5940
5519
4459
3141
1703
-220
-2025
-3668
-5212
-6278
-7048
-7307
-7063
-6580
-5792
-4579
-3343
-2086
-607
674
2340
3942
5406
6953
8100
9120
10056
10371
10429
10088
9357
8861
7697
6094
4259
1870
-238
-2625
-5218
-7001
-8595
-9167
-9047
-8647
-7760
-6678
-5654
-4550
-3945
-4023
-3754
-3844
-3637
-3152
-2820
-1547
-150
1449
3389
4788
6117
7021
7341
7056
6212
4574
2785
842
-1456
-3254
-5173
-6580
-7204
-7715
-7451
-6810
-5987
-4693
-3477
-2284
-920
112
1068
2129
3196
4530
5640
6498
7564
8622
9479
9804
9927
10095
10041
9470
8337
6830
4884
2414
-321
-3048
-5855
-8196
-9814
-10676
-10851
-10580
-9667
-8040
-6522
-5143
-3962
-3037
-2190
-1690
-1571
-1398
-1167
-678
151
885
1957
3209
4316
5290
5885
5814
5377
4340
2923
1316
-823
-2835
-4408
-5968
-7043
-7842
-8132
-7685
-7043
-5953
-4493
-2895
-1119
669
2265
3584
4824
6006
7183
7964
8441
9182
9843
10313
10247
10046
9803
9303
8305
6785
4971
2747
266
-2320
-5084
-7490
-9551
-10788
-11209
-11110
-10326
-9001
-7232
-5525
-4057
-3022
-2178
-1596
-1378
-1221
-1094
-644
150
1009
2082
3190
4271
5141
5645
5585
5032
4020
2501
769
-1398
-3545
-5273
-6839
-7910
-8567
-8657
-8028
-7168
-5959
-4422
-2837
-1198
543
2117
3525
4577
5648
7003
7935
8435
8884
9551
10320
10469
10184
10068
9808
9208
7922
6107
4128
1667
-1102
-3834
-6710
-9075
-10803
-11578
-11517
-10963
-9760
-7849
-5728
-3987
-2569
-1515
-662
-370
-642
-883
-1026
-883
-539
83
1193
2382
3612
4515
5213
5408
4980
4059
2657
1017
-1040
-3216
-5165
-6806
-8045
-8891
-9068
-8525
-7403
-5964
-4243
-2352
-403
1530
3145
4466
5513
6568
7546
8154
8455
8682
9021
9341
9277
9145
9072
8882
8502
7467
5849
3934
1442
-1182
-4029
-7017
-9204
-10745
-11466
-11500
-10983
-9554
-7499
-5557
-3754
-2211
-1045
-129
38
-182
-360
-631
-491
-194
362
1337
2319
3367
4208
4702
4694
4254
3364
2070
408
-1651
-3612
-5395
-7053
-8173
-8868
-8781
-8106
-7051
-5497
-3739
-1987
-235
1515
3080
4446
5444
6511
7623
8309
8771
9174
9621
10058
9884
9706
9542
9113
8373
7059
5421
3486
918
-1830
-4564
-7330
-9520
-11073
-11658
-11449
-10645
-9185
-7066
-5068
-3474
-2098
-1186
-489
-393
-716
-734
-755
-542
-110
522
1512
2577
3495
4274
4764
4610
4201
3254
1829
181
-1936
-3763
-5395
-7003
-7990
-8506
-8336
-7605
-6620
-5208
-3425
-1762
25
1698
3131
4407
5380
6454
7466
8064
8515
9025
9521
9926
9743
9573
9443
9002
8217
6752
4938
2932
305
-2364
-5166
-7775
-9648
-10882
-11216
-10826
-9879
-8343
-6307
-4548
-3006
-1861
-1208
-697
-753
-1000
-1092
-1192
-936
-434
316
1385
2568
3569
4409
4933
4860
4422
3259
1737
28
-2065
-3959
-5681
-7050
-7884
-8286
-8070
-7255
-6086
-4652
-2961
-1296
509
2169
3522
4718
5715
6739
7530
7891
8218
8601
9106
9363
9259
9276
9119
8798
7918
6390
4604
2337
-249
-2838
-5687
-8060
-9791
-10806
-10910
-10589
-9686
-8042
-6239
-4684
-3346
-2436
-1508
-949
-932
-840
-774
-465
80
618
1514
2436
3420
4368
4916
4968
4453
3586
2257
497
-1629
-3647
-5248
-6671
-7651
-8158
-8074
-7414
-6504
-5209
-3605
-2131
-561
1015
2553
3917
4894
6042
7239
8102
8703
9237
9803
10321
10217
10016
9806
9224
8375
6946
5078
3080
424
-2255
-4962
-7660
-9554
-10922
-11367
-11063
-10237
-8763
-6918
-5231
-3741
-2617
-1840
-1247
-1127
-1237
-1195
-1113
-666
-55
755
1929
3063
4081
4815
5185
5018
4431
3312
1788
6
-2027
-3869
-5521
-6984
-7791
-8121
-7865
-7096
-5982
-4363
-2767
-1259
419
2025
3425
4393
5288
6451
7411
7897
8213
8742
9362
9716
9509
9413
9258
8815
7984
6491
4711
2541
-8
-2553
-5381
-7973
-9936
-11060
-11311
-11086
-10250
-8711
-6811
-5056
-3640
-2652
-1790
-1269
-1090
-1094
-1095
-849
-342
314
1272
2294
3209
4076
4735
5103
4785
3870
2744
1357
-424
-2458
-4284
-5756
-6913
-7682
-7832
-7322
-6505
-5374
-3889
-2337
-749
770
2265
3612
4717
5994
7300
8219
8759
9297
9867
10263
9987
9620
9340
8890
8137
6822
5118
3175
799
-1714
-4466
-7232
-9304
-10593
-11106
-11079
-10511
-9182
-7350
-5788
-4429
-3434
-2554
-1827
-1588
-1482
-1303
-949
-264
436
1329
2368
3340
4208
4842
5079
4775
4022
2897
1550
-293
-2351
-4107
-5591
-6804
-7665
-7950
-7487
-6678
-5632
-4215
-2649
-1107
422
1870
3247
4335
5332
6506
7555
8158
8593
9146
9808
10055
9788
9605
9419
8967
7987
6482
4729
2539
-53
-2645
-5444
-7960
-9991
-11063
-11295
-11068
-10254
-8685
-6754
-5080
-3717
-2637
-1640
-1129
-1100
-1098
-1096
-890
-529
-33
909
1920
2971
3825
4438
4704
4423
3571
2336
812
-1075
-2981
-4622
-5917
-6930
-7605
-7577
-6996
-6154
-5051
-3625
-2076
-484
1025
2555
3886
4875
6086
7280
8195
8713
9211
9929
10424
10240
9968
9672
9194
8229
6754
4992
2955
460
-2031
-4602
-7098
-9004
-10290
-10680
-10564
-9899
-8655
-6976
-5518
-4216
-3238
-2444
-1849
-1737
-1714
-1555
-1245
-689
-91
791
1930
3020
3967
4556
4890
4647
3956
2754
1229
-552
-2519
-4241
-5724
-6814
-7609
-7887
-7544
-6800
-5671
-4430
-2886
-1219
422
2028
3424
4592
5735
6829
7824
8527
8988
9638
10251
10471
10274
9979
9580
8886
7579
5897
4029
1740
-747
-3202
-5778
-7905
-9659
-10478
-10522
-10299
-9453
-8076
-6371
-4943
-3954
-3267
-2594
-2219
-2170
-2021
-1717
-1069
-197
698
1887
2948
3914
4599
5009
4963
4390
3306
1922
390
-1548
-3498
-5167
-6405
-7207
-7683
-7624
-6864
-5838
-4581
-3161
-1753
-268
1151
2506
3831
4804
5927
7119
8061
8678
9129
9663
10198
10168
9895
9638
9137
8319
6944
5134
3135
626
-1952
-4435
-6966
-8839
-10205
-10691
-10585
-10035
-8905
-7337
-5848
-4552
-3529
-2833
-2295
-2134
-2083
-1926
-1664
-1017
-181
768
1941
3105
4244
5012
5326
5144
4513
3361
1815
-84
-2145
-3930
-5475
-6689
-7539
-7806
-7373
-6584
-5549
-4211
-2598
-1008
525
1940
3304
4436
5342
6423
7329
8017
8562
9165
9927
10252
10168
10129
9921
9403
8248
6616
4785
2563
-197
-2970
-5851
-8314
-10157
-11424
-11705
-11381
-10368
-8737
-6988
-5375
-3913
-2860
-1991
-1476
-1348
-1212
-1082
-869
-420
-51
652
1609
2571
3546
4249
4796
4920
4402
3289
1824
-79
-2166
-4207
-6002
-7281
-8205
-8519
-8147
-7296
-5988
-4393
-2660
-727
1208
3043
4704
5977
7139
8217
8918
9347
9500
9617
9830
9744
9509
9184
8721
8167
7167
5638
3787
1534
-967
-3517
-6252
-8490
-10145
-10992
-11031
-10548
-9523
-7964
-6319
-4864
-3704
-2986
-2355
-1977
-1848
-1736
-1549
-1069
-223
642
1660
2753
3802
4680
5136
4990
4406
3268
1745
-73
-2252
-4274
-5948
-7157
-7891
-8205
-7878
-6912
-5602
-4099
-2515
-969
578
2020
3333
4402
5189
6169
7201
8056
8574
9101
9868
10490
10642
10567
10373
9917
8926
7364
5406
2991
225
-2487
-5151
-7641
-9653
-10904
-11108
-10784
-9963
-8659
-6988
-5348
-4016
-3137
-2522
-2130
-1993
-1911
-1847
-1545
-981
-272
650
1700
2684
3528
4122
4477
4306
3579
2413
1071
-613
-2477
-4231
-5656
-6690
-7490
-7767
-7442
-6693
-5642
-4287
-2755
-1101
587
2249
3802
4934
5912
7091
8044
8700
9038
9437
10074
10335
10173
9956
9576
9097
8178
6730
4971
2764
193
-2297
-4964
-7397
-9223
-10418
-10682
-10526
-9841
-8580
-7087
-5717
-4445
-3493
-2753
-2328
-2198
-2017
-1790
-1461
-806
58
1123
2275
3226
4015
4466
4547
4153
3302
2009
565
-1157
-2965
-4593
-6024
-6993
-7595
-7671
-7142
-6216
-4967
-3478
-2000
-535
925
2246
3497
4406
5344
6575
7646
8457
9015
9591
10292
10572
10502
10392
10008
9426
8365
6727
4656
2071
-687
-3241
-5972
-8277
-9927
-10742
-10725
-10390
-9515
-8090
-6558
-5103
-3907
-3053
-2351
-2006
-1883
-1847
-1831
-1573
-979
-234
832
1884
2938
3874
4495
4640
4165
3183
1947
371
-1621
-3556
-5179
-6404
-7356
-7894
-7685
-6991
-6111
-4835
-3351
-1732
-190
1352
3067
4525
5728
7045
8242
9107
9643
10074
10644
10852
10636
10467
10122
9485
8345
6712
4817
2525
-150
-2687
-5232
-7479
-9101
-10125
-10353
-10118
-9519
-8340
-6969
-5757
-4659
-3970
-3323
-2858
-2658
-2450
-2158
-1697
-850
93
1171
2387
3434
4399
4976
5006
4577
3568
2123
460
-1582
-3596
-5328
-6669
-7462
-7879
-7783
-7006
-5924
-4613
-3158
-1704
-185
1225
2530
3785
4693
5584
6639
7582
8285
8734
9359
10214
10660
10698
10653
10400
9841
8554
6754
4624
2024
-755
-3441
-6133
-8430
-10161
-10990
-10988
-10577
-9655
-8191
-6556
-5038
-3936
-3195
-2586
-2287
-2211
-2266
-2200
-1778
-1071
-250
844
1972
3076
3907
4429
4553
4127
3160
1956
475
-1317
-3154
-4802
-5997
-6939
-7510
-7475
-6878
-5898
-4593
-3181
-1613
56
1737
3378
4678
5880
7225
8464
9305
9819
10253
10760
10896
10614
10209
9626
8838
7654
6067
4140
1860
-574
-2925
-5327
-7474
-9117
-10008
-10270
-10128
-9534
-8413
-7072
-5869
-4922
-4130
-3419
-2963
-2767
-2594
-2147
-1449
-606
331
1489
2693
3763
4432
4772
4696
4094
2997
1573
-37
-1776
-3562
-5125
-6278
-7015
-7330
-7156
-6488
-5430
-4105
-2732
-1331
61
1404
2670
3748
4695
5821
6966
8004
8840
9595
10394
11023
11126
10974
10578
9908
8862
7277
5369
3116
519
-2106
-4675
-7170
-9172
-10556
-11017
-10835
-10177
-8996
-7426
-5927
-4624
-3743
-3074
-2595
-2431
-2341
-2214
-1847
-1181
-390
505
1641
2718
3723
4325
4568
4424
3765
2613
1159
-606
-2421
-4173
-5695
-6756
-7467
-7655
-7274
-6450
-5236
-3810
-2342
-671
965
2575
3996
5153
6432
7724
8744
9458
9958
10484
10884
10788
10438
9991
9354
8487
7229
5572
3584
1200
-1292
-3763
-6255
-8387
-9917
-10607
-10594
-10162
-9308
-8025
-6601
-5363
-4481
-3843
-3266
-2830
-2548
-2247
-1771
-1070
-223
737
1815
2827
3694
4279
4600
4489
3799
2701
1257
-375
-2153
-3969
-5428
-6476
-7112
-7302
-7028
-6288
-5194
-3995
-2711
-1276
223
1780
3175
4392
5763
7144
8336
9124
9634
10243
10813
11020
10813
10443
9929
9208
7919
6084
3859
1347
-1176
-3727
-6233
-8344
-9799
-10403
-10397
-9998
-9195
-7940
-6571
-5360
-4468
-3807
-3177
-2749
-2457
-2189
-1846
-1256
-540
332
1419
2541
3598
4346
4736
4641
4062
2933
1463
-314
-2150
-3809
-5281
-6406
-7158
-7443
-7177
-6542
-5581
-4312
-2927
-1382
226
1828
3287
4588
5898
7317
8500
9344
10052
10720
11268
11320
10978
10536
9926
8967
7536
5688
3640
1308
-1223
-3819
-6290
-8305
-9684
-10383
-10515
-10114
-9212
-7894
-6565
-5492
-4661
-3940
-3323
-2964
-2828
-2525
-1954
-1210
-433
465
1686
2880
3868
4492
4863
4821
4181
2985
1481
-280
-2203
-4121
-5726
-6880
-7631
-7885
-7584
-6750
-5619
-4266
-2809
-1210
388
1932
3348
4631
5927
7246
8381
9221
9861
10464
10969
11077
10875
10519
10077
9330
8083
6356
4268
1913
-660
-3332
-5965
-8163
-9683
-10461
-10669
-10364
-9520
-8188
-6772
-5531
-4580
-3805
-3166
-2737
-2518
-2342
-1986
-1374
-565
288
1326
2424
3476
4223
4627
4589
4044
3018
1673
51
-1804
-3628
-5153
-6263
-7085
-7538
-7450
-6769
-5742
-4483
-3161
-1689
-112
1490
2997
4262
5501
6863
8187
9166
9854
10460
11051
11285
11066
10631
10035
9167
7880
6207
4259
2031
-444
-2905
-5341
-7516
-9233
-10210
-10441
-10154
-9479
-8333
-6907
-5618
-4636
-3959
-3341
-2930
-2788
-2701
-2383
-1825
-1070
-258
804
1980
3077
3959
4544
4735
4411
3562
2347
842
-1029
-2921
-4652
-5991
-6988
-7630
-7736
-7254
-6296
-4967
-3454
-1857
-116
1534
3004
4123
5137
6390
7701
8731
9526
10249
10991
11371
11130
10680
10088
9469
8519
7118
5238
3019
503
-2047
-4723
-7195
-9018
-10090
-10427
-10335
-9747
-8627
-7207
-5894
-4802
-4070
-3408
-2940
-2725
-2699
-2648
-2328
-1680
-920
68
1266
2490
3578
4298
4668
4552
3844
2677
1216
-562
-2467
-4259
-5679
-6685
-7441
-7726
-7357
-6491
-5274
-3979
-2496
-742
1056
2734
4192
5606
7151
8560
9543
10204
10759
11224
11393
11068
10583
9930
9045
7851
6236
4312
2114
-235
-2566
-4901
-7081
-8780
-9753
-10069
-9915
-9348
-8285
-6913
-5720
-4798
-4143
-3560
-3132
-2938
-2772
-2400
-1779
-921
-9
1025
2115
3181
4051
4550
4590
4208
3380
2090
468
-1446
-3300
-4974
-6293
-7181
-7653
-7625
-7052
-6083
-4840
-3494
-2092
-506
1099
2629
3979
5258
6645
7976
9007
9770
10394
10967
11316
11282
11005
10533
9767
8622
7034
5034
2752
167
-2431
-4997
-7336
-9162
-10298
-10724
-10501
-9817
-8668
-7185
-5748
-4520
-3631
-3033
-2604
-2462
-2470
-2358
-2063
-1418
-639
323
1455
2574
3504
4144
4414
4287
3689
2618
1255
-394
-2254
-4046
-5673
-6832
-7603
-7927
-7648
-6861
-5607
-4196
-2707
-1014
790
2521
4032
5481
7028
8504
9564
10296
10897
11312
11414
11057
10565
9901
9030
7859
6362
4531
2360
-5
-2356
-4672
-6822
-8535
-9530
-9838
-9649
-9091
-8131
-6892
-5729
-4800
-4173
-3627
-3226
-2961
-2753
-2420
-1825
-1071
-204
777
1883
2938
3737
4218
4364
4092
3299
2044
492
-1257
-3095
-4845
-6277
-7220
-7679
-7660
-7150
-6171
-4885
-3488
-2091
-587
1001
2538
3910
5258
6721
8145
9240
10029
10715
11295
11554
11343
10890
10283
9448
8203
6578
4626
2409
-49
-2560
-4990
-7169
-8909
-9977
-10277
-9990
-9261
-8178
-6764
-5359
-4254
-3572
-3093
-2748
-2565
-2556
-2450
-2076
-1415
-588
418
1568
2684
3593
4207
4475
4241
3485
2272
782
-966
-2827
-4616
-6105
-7213
-7875
-8030
-7600
-6692
-5408
-3914
-2268
-523
1191
2767
4130
5401
6717
7991
9013
9746
10367
10955
11319
11211
10739
10132
9394
8331
6775
4857
2708
395
-2017
-4437
-6690
-8526
-9722
-10162
-10016
-9437
-8494
-7164
-5791
-4667
-3935
-3381
-2888
-2545
-2369
-2153
-1682
-987
-205
650
1639
2628
3489
4031
4263
4004
3308
2153
714
-1019
-2883
-4608
-5988
-6943
-7547
-7670
-7256
-6336
-5203
-3960
-2629
-1069
600
2217
3632
5026
6539
8099
9354
10193
10827
11402
11819
11727
11205
10398
9509
8315
6708
4647
2341
-72
-2480
-4851
-7038
-8800
-9880
-10216
-9970
-9271
-8219
-6847
-5477
-4353
-3633
-3154
-2854
-2687
-2651
-2530
-2153
-1488
-641
356
1503
2655
3619
4272
4576
4408
3708
2524
996
-806
-2761
-4626
-6160
-7267
-7962
-8148
-7749
-6799
-5532
-4101
-2557
-871
861
2497
3928
5202
6484
7783
8905
9642
10145
10617
11101
11218
10898
10299
9658
8811
7495
5640
3496
1215
-1170
-3621
-6009
-8002
-9419
-10093
-10151
-9703
-8875
-7634
-6204
-4864
-3900
-3244
-2743
-2407
-2308
-2344
-2191
-1712
-975
-91
942
2034
3040
3753
4115
4049
3473
2445
1099
-435
-2114
-3807
-5309
-6420
-7161
-7520
-7418
-6818
-5811
-4572
-3188
-1614
138
1856
3432
4772
6101
7440
8639
9486
10089
10586
11062
11218
10962
10429
9715
8861
7670
6079
4078
1825
-542
-2814
-5138
-7270
-8948
-9843
-10036
-9781
-9163
-8077
-6702
-5360
-4302
-3608
-3087
-2775
-2648
-2634
-2550
-2203
-1538
-681
370
1490
2587
3489
4069
4257
3984
3210
2093
697
-960
-2742
-4438
-5751
-6693
-7298
-7427
-6956
-6019
-4806
-3492
-2025
-404
1157
2639
4016
5348
6685
7947
9015
9872
10461
10898
11136
11011
10602
9951
9131
8068
6613
4809
2782
484
-1900
-4323
-6557
-8341
-9547
-10047
-9919
-9343
-8364
-7105
-5828
-4739
-4042
-3540
-3171
-2978
-2894
-2762
-2380
-1683
-821
229
1415
2554
3551
4238
4549
4363
3571
2357
895
-820
-2654
-4452
-5911
-6844
-7397
-7511
-7125
-6286
-5028
-3629
-2175
-610
935
2426
3805
4982
6190
7320
8311
9139
9766
10272
10678
10773
10637
10259
9643
8867
7680
6071
4086
1781
-624
-3065
-5547
-7657
-9256
-10064
-10213
-9926
-9165
-7979
-6618
-5325
-4368
-3642
-3034
-2660
-2440
-2307
-2120
-1723
-1171
-419
529
1478
2446
3286
3884
4096
3758
2960
1829
337
-1362
-3136
-4723
-5957
-6826
-7298
-7245
-6713
-5760
-4548
-3182
-1666
-72
1492
2968
4295
5571
6829
7968
8912
9608
10149
10588
10847
10806
10491
9930
9210
8184
6753
4867
2668
312
-2060
-4429
-6643
-8443
-9559
-9974
-9850
-9311
-8381
-7104
-5757
-4627
-3845
-3319
-2995
-2785
-2724
-2643
-2371
-1798
-912
158
1259
2342
3316
4048
4370
4123
3392
2298
907
-753
-2550
-4248
-5612
-6594
-7168
-7311
-6960
-6102
-4881
-3457
-1971
-472
1029
2454
3717
4820
5868
6952
7984
8839
9491
9969
10301
10421
10252
9850
9286
8552
7525
6112
4313
2229
-50
-2451
-4848
-6983
-8592
-9554
-9932
-9774
-9117
-8035
-6736
-5503
-4468
-3677
-3115
-2785
-2635
-2579
-2448
-2114
-1487
-633
361
1399
2422
3303
3883
4014
3683
2943
1874
513
-1078
-2744
-4306
-5593
-6508
-6991
-7048
-6617
-5751
-4500
-3072
-1601
-132
1364
2790
4045
5067
6009
6956
7860
8601
9144
9608
10024
10308
10259
9924
9349
8630
7571
6072
4129
1939
-379
-2730
-5076
-7154
-8733
-9613
-9881
-9656
-9014
-8037
-6807
-5602
-4585
-3871
-3354
-2995
-2736
-2606
-2419
-2058
-1388
-528
454
1461
2486
3353
3898
3967
3602
2848
1749
349
-1224
-2773
-4163
-5295
-6134
-6555
-6548
-6071
-5256
-4134
-2875
-1524
-181
1159
2434
3645
4770
5896
7001
7989
8773
9342
9798
10109
10231
10074
9731
9195
8457
7350
5861
4002
1902
-372
-2728
-5043
-7050
-8543
-9414
-9696
-9485
-8849
-7875
-6721
-5615
-4700
-4014
-3480
-3094
-2826
-2672
-2466
-2068
-1403
-574
329
1239
2150
2965
3515
3642
3332
2661
1678
391
-1162
-2799
-4269
-5414
-6192
-6596
-6577
-6080
-5124
-3874
-2511
-1117
300
1698
2986
4078
5012
5925
6863
7734
8445
9029
9512
9910
10095
10015
9685
9190
8467
7411
5961
4156
2082
-171
-2547
-4917
-7010
-8612
-9577
-9915
-9673
-8978
-7898
-6652
-5472
-4529
-3827
-3353
-3036
-2858
-2745
-2528
-2060
-1367
-512
435
1400
2340
3098
3523
3520
3150
2429
1415
101
-1389
-2919
-4234
-5265
-5998
-6394
-6362
-5862
-4961
-3802
-2569
-1261
111
1485
2734
3838
4830
5820
6810
7680
8353
8884
9363
9749
9978
9913
9618
9140
8504
7523
6166
4427
2437
273
-1994
-4297
-6424
-8125
-9281
-9826
-9821
-9307
-8380
-7165
-5938
-4851
-4027
-3449
-3092
-2862
-2716
-2507
-2145
-1579
-837
54
986
1891
2670
3227
3470
3340
2821
1924
695
-758
-2321
-3821
-5061
-5904
-6282
-6196
-5704
-4858
-3738
-2499
-1256
-39
1187
2390
3519
4511
5472
6431
7359
8082
8613
9028
9448
9767
9849
9675
9352
8862
8029
6707
4916
2850
613
-1738
-4176
-6433
-8238
-9389
-9960
-10016
-9600
-8693
-7454
-6147
-5023
-4137
-3467
-2987
-2701
-2557
-2421
-2149
-1644
-930
-41
917
1883
2740
3364
3631
3498
2975
2111
959
-410
-1881
-3288
-4482
-5388
-5941
-6107
-5856
-5215
-4261
-3127
-1901
-597
761
2106
3332
4410
5368
6307
7165
7890
8450
8915
9328
9646
9769
9675
9381
8917
8175
7056
5521
3659
1551
-755
-3164
-5546
-7598
-9148
-10061
-10401
-10174
-9447
-8302
-6977
-5713
-4686
-3893
-3332
-2938
-2736
-2588
-2367
-1916
-1238
-408
494
1413
2337
3095
3566
3602
3251
2570
1613
376
-1060
-2540
-3818
-4798
-5432
-5772
-5721
-5242
-4380
-3282
-2117
-873
402
1723
2936
4002
4928
5788
6643
7396
8016
8494
8940
9347
9610
9635
9463
9122
8577
7634
6275
4515
2515
261
-2135
-4558
-6745
-8470
-9637
-10212
-10259
-9766
-8815
-7573
-6347
-5304
-4468
-3758
-3213
-2858
-2662
-2392
-1953
-1309
-601
186
1007
1870
2636
3181
3392
3248
2784
2045
1022
-279
-1719
-3071
-4151
-4966
-5488
-5665
-5369
-4693
-3720
-2618
-1396
-159
1082
2256
3376
4378
5293
6143
6957
7658
8191
8599
8944
9221
9360
9346
9147
8754
8048
6994
5511
3632
1380
-1018
-3453
-5724
-7718
-9197
-10044
-10258
-9950
-9201
-8074
-6774
-5520
-4465
-3631
-3063
-2753
-2655
-2589
-2437
-2076
-1498
-671
265
1241
2153
2919
3392
3460
3134
2501
1595
398
-996
-2393
-3579
-4529
-5199
-5532
-5423
-4924
-4134
-3146
-2018
-811
395
1598
2755
3820
4749
5665
6579
7438
8115
8687
9219
9682
9919
9884
9639
9176
8420
7284
5815
4005
1915
-412
-2766
-5060
-7090
-8725
-9735
-10132
-9964
-9362
-8362
-7159
-5949
-4917
-4110
-3520
-3134
-2894
-2722
-2492
-2135
-1554
-790
151
1120
2052
2811
3342
3540
3364
2791
1877
721
-586
-1962
-3266
-4367
-5140
-5575
-5635
-5341
-4691
-3756
-2620
-1367
-85
1187
2409
3552
4577
5515
6378
7188
7924
8563
9070
9477
9742
9870
9789
9464
8881
7988
6735
5037
2957
593
-1876
-4344
-6599
-8452
-9733
-10400
-10480
-10014
-9078
-7873
-6597
-5419
-4392
-3604
-3071
-2762
-2534
-2296
-1993
-1546
-906
-84
784
1627
2371
2962
3237
3146
2707
2028
1069
-96
-1403
-2637
-3746
-4625
-5206
-5399
-5216
-4701
-3891
-2855
-1692
-510
688
1889
3066
4138
5161
6163
7162
8035
8770
9349
9801
10090
10153
9988
9577
8917
7954
6662
4992
2962
649
-1765
-4148
-6361
-8238
-9585
-10270
-10354
-9933
-9125
-7998
-6759
-5580
-4631
-3917
-3431
-3099
-2871
-2659
-2373
-1890
-1147
-208
789
1753
2660
3393
3816
3794
3388
2657
1683
461
-919
-2301
-3524
-4494
-5153
-5486
-5464
-5054
-4287
-3276
-2150
-976
235
1469
2642
3686
4636
5605
6585
7489
8240
8857
9407
9878
10139
10137
9870
9369
8594
7462
5878
3885
1611
-794
-3256
-5675
-7822
-9435
-10341
-10643
-10410
-9689
-8545
-7228
-5981
-4980
-4232
-3703
-3330
-3090
-2900
-2630
-2149
-1401
-485
490
1453
2428
3253
3785
3876
3585
2978
2105
950
-399
-1783
-3016
-4013
-4724
-5137
-5211
-4903
-4243
-3315
-2283
-1185
-48
1159
2313
3369
4336
5334
6352
7309
8111
8777
9350
9810
10080
10087
9856
9385
8674
7587
6091
4178
2006
-345
-2749
-5147
-7295
-8975
-10055
-10548
-10523
-9981
-9019
-7762
-6486
-5330
-4412
-3680
-3174
-2847
-2697
-2550
-2266
-1733
-976
-79
901
1906
2851
3550
3868
3755
3287
2502
1435
117
-1303
-2636
-3738
-4557
-5085
-5284
-5087
-4513
-3651
-2655
-1582
-444
797
2022
3179
4190
5177
6154
7092
7890
8534
9100
9594
9969
10070
9926
9516
8919
7980
6666
4896
2829
523
-1878
-4358
-6681
-8622
-9949
-10607
-10672
-10177
-9251
-7985
-6692
-5521
-4636
-3959
-3528
-3246
-3093
-2879
-2511
-1897
-1108
-171
839
1871
2822
3538
3949
3982
3687
3035
2073
804
-599
-2025
-3281
-4319
-5026
-5367
-5271
-4797
-4020
-3075
-2024
-900
266
1451
2599
3682
4709
5733
6691
7552
8229
8771
9194
9529
9651
9589
9309
8867
8180
7142
5673
3812
1637
-728
-3175
-5594
-7717
-9366
-10369
-10741
-10536
-9857
-8759
-7466
-6160
-5027
-4132
-3484
-3047
-2808
-2632
-2402
-2015
-1381
-560
387
1401
2379
3193
3765
3959
3775
3247
2367
1186
-175
-1617
-2920
-4003
-4807
-5244
-5274
-4936
-4266
-3405
-2405
-1293
-127
1026
2156
3213
4256
5328
6359
7334
8216
9001
9685
10202
10419
10379
10074
9519
8631
7362
5689
3728
1496
-898
-3354
-5712
-7739
-9276
-10209
-10562
-10343
-9659
-8576
-7323
-6094
-5066
-4265
-3702
-3315
-3065
-2845
-2541
-2068
-1376
-502
486
1493
2474
3297
3881
4077
3859
3239
2299
1107
-240
-1645
-2972
-4097
-4931
-5413
-5539
-5295
-4709
-3834
-2774
-1604
-378
892
2151
3357
4476
5527
6493
7375
8137
8784
9302
9704
9952
10024
9867
9442
8708
7615
6142
4272
2084
-330
-2798
-5189
-7282
-8959
-10047
-10559
-10461
-9893
-8923
-7748
-6498
-5344
-4374
-3621
-3092
-2718
-2466
-2208
-1887
-1380
-728
126
1066
2087
2991
3703
4042
3997
3526
2672
1486
86
-1361
-2728
-3872
-4755
-5263
-5404
-5141
-4578
-3739
-2750
-1637
-510
643
1766
2905
4036
5190
6321
7378
8308
9090
9710
10121
10303
10216
9920
9362
8540
7363
5858
3997
1848
-533
-2968
-5311
-7336
-8930
-9964
-10430
-10348
-9798
-8886
-7774
-6640
-5604
-4751
-4079
-3599
-3234
-2919
-2529
-2013
-1336
-500
470
1495
2476
3308
3896
4157
4038
3528
2675
1531
194
-1215
-2537
-3685
-4548
-5086
-5236
-5056
-4566
-3831
-2877
-1778
-592
650
1908
3158
4332
5458
6483
7422
8187
8834
9332
9724
9917
9934
9726
9290
8542
7454
5990
4167
2032
-332
-2745
-5111
-7210
-8943
-10080
-10629
-10578
-10082
-9155
-7997
-6741
-5607
-4637
-3884
-3343
-2992
-2708
-2381
-1929
-1300
-475
508
1521
2493
3315
3916
4138
3960
3405
2557
1399
55
-1350
-2645
-3765
-4629
-5160
-5288
-5067
-4541
-3744
-2711
-1554
-361
837
2031
3182
4267
5325
6385
7392
8272
9020
9642
10078
10246
10143
9820
9262
8394
7180
5664
3846
1724
-624
-3013
-5305
-7333
-8977
-10042
-10519
-10453
-9933
-9034
-7931
-6828
-5829
-4961
-4211
-3624
-3141
-2698
-2172
-1601
-911
-127
765
1640
2485
3195
3747
3969
3829
3285
2413
1230
-139
-1538
-2777
-3776
-4487
-4878
-4961
-4781
-4396
-3760
-2878
-1743
-472
870
2192
3444
4553
5591
6575
7550
8427
9236
9886
10322
10409
10202
9710
9003
8040
6836
5354
3592
1498
-847
-3322
-5706
-7764
-9315
-10242
-10547
-10276
-9583
-8605
-7550
-6514
-5612
-4817
-4163
-3606
-3153
-2697
-2200
-1574
-845
6
935
1905
2799
3483
3868
3918
3623
2975
2020
827
-477
-1776
-2958
-3958
-4684
-5080
-5095
-4776
-4171
-3361
-2401
-1323
-171
993
2159
3326
4544
5790
6981
8059
8995
9776
10346
10646
10640
10363
9805
8947
7727
6175
4322
2255
13
-2292
-4554
-6566
-8181
-9320
-9963
-10116
-9788
-9068
-8107
-7115
-6192
-5381
-4677
-4116
-3662
-3246
-2740
-2101
-1308
-405
604
1648
2641
3478
4057
4306
4185
3693
2829
1642
240
-1219
-2599
-3775
-4679
-5233
-5411
-5229
-4724
-3976
-3043
-1994
-867
297
1474
2666
3849
5029
6167
7229
8167
8985
9622
10071
10262
10250
9981
9479
8657
7522
6036
4239
2149
-137
-2492
-4767
-6765
-8385
-9477
-10064
-10103
-9716
-8955
-8039
-7029
-6092
-5225
-4521
-3939
-3455
-2978
-2449
-1823
-1054
-158
831
1799
2681
3348
3764
3828
3569
2963
2089
971
-264
-1526
-2693
-3688
-4434
-4874
-5000
-4813
-4363
-3659
-2786
-1773
-681
475
1677
2921
4211
5525
6810
7998
9051
9911
10542
10878
10929
10654
10076
9167
7936
6367
4484
2365
92
-2201
-4401
-6319
-7852
-8874
-9425
-9503
-9217
-8629
-7893
-7106
-6359
-5691
-5100
-4581
-4079
-3572
-2989
-2305
-1453
-482
611
1709
2769
3634
4200
4369
4108
3442
2422
1139
-269
-1684
-2968
-4041
-4825
-5274
-5389
-5158
-4628
-3824
-2847
-1738
-567
630
1817
2969
4089
5215
6304
7369
8316
9171
9842
10322
10535
10464
10101
9421
8434
7098
5451
3514
1376
-872
-3112
-5220
-7015
-8406
-9255
-9648
-9526
-9072
-8293
-7443
-6580
-5823
-5178
-4653
-4224
-3802
-3310
-2673
-1886
-950
68
1138
2117
2984
3574
3895
3818
3427
2668
1639
379
-955
-2244
-3376
-4270
-4864
-5097
-4982
-4563
-3935
-3127
-2183
-1122
-17
1118
2283
3533
4855
6169
7406
8499
9454
10200
10694
10829
10666
10226
9540
8529
7164
5473
3553
1463
-751
-2977
-5053
-6764
-8053
-8846
-9227
-9149
-8724
-8020
-7264
-6558
-5965
-5436
-4981
-4577
-4194
-3737
-3098
-2269
-1288
-223
900
1997
2980
3700
4089
4065
3659
2885
1822
516
-883
-2233
-3382
-4285
-4905
-5202
-5147
-4771
-4155
-3334
-2368
-1268
-110
1112
2348
3604
4832
6042
7193
8253
9168
9919
10489
10784
10766
10410
9753
8754
7423
5746
3832
1705
-502
-2701
-4698
-6401
-7691
-8527
-8876
-8812
-8435
-7852
-7183
-6523
-5992
-5573
-5263
-4961
-4657
-4217
-3623
-2768
-1750
-539
736
2005
3084
3877
4289
4276
3822
2955
1801
462
-926
-2289
-3480
-4421
-5028
-5296
-5182
-4733
-3993
-3058
-1996
-877
243
1349
2450
3574
4716
5853
6941
7946
8815
9506
9991
10245
10279
10054
9561
8746
7595
6071
4245
2134
-106
-2360
-4438
-6202
-7549
-8400
-8774
-8717
-8353
-7747
-7081
-6421
-5876
-5410
-5064
-4757
-4450
-4026
-3449
-2673
-1727
-647
496
1600
2587
3316
3756
3807
3494
2790
1777
528
-829
-2163
-3360
-4305
-4958
-5230
-5176
-4774
-4134
-3245
-2223
-1084
95
1318
2550
3776
5001
6152
7244
8185
9028
9658
10141
10360
10388
10107
9577
8683
7472
5878
4007
1885
-334
-2537
-4559
-6257
-7540
-8328
-8665
-8553
-8134
-7480
-6791
-6098
-5546
-5097
-4815
-4588
-4388
-4080
-3633
-2953
-2073
-992
188
1385
2441
3245
3702
3752
3406
2670
1649
401
-910
-2205
-3352
-4296
-4926
-5217
-5161
-4776
-4100
-3191
-2135
-968
210
1404
2572
3752
4905
6037
7102
8076
8928
9598
10065
10262
10233
9911
9345
8430
7232
5689
3908
1885
-228
-2351
-4285
-5908
-7120
-7869
-8182
-8089
-7722
-7147
-6552
-5973
-5525
-5155
-4903
-4655
-4399
-4007
-3474
-2742
-1861
-860
195
1228
2157
2877
3341
3458
3222
2610
1667
464
-881
-2221
-3425
-4377
-4988
-5223
-5091
-4651
-3970
-3114
-2140
-1059
62
1264
2504
3788
5082
6306
7421
8338
9078
9579
9878
9936
9779
9412
8795
7920
6737
5237
3481
1493
-551
-2587
-4382
-5880
-6955
-7593
-7814
-7662
-7280
-6739
-6191
-5679
-5260
-4936
-4677
-4459
-4199
-3839
-3341
-2635
-1792
-757
306
1402
2334
3047
3424
3409
3014
2226
1167
-90
-1400
-2634
-3705
-4499
-4996
-5155
-4999
-4558
-3845
-2933
-1840
-670
576
1827
3067
4257
5379
6405
7311
8105
8750
9244
9560
9677
9582
9240
8623
7704
6467
4946
3165
1226
-773
-2695
-4410
-5816
-6817
-7420
-7601
-7455
-7037
-6492
-5902
-5373
-4943
-4629
-4398
-4216
-4016
-3749
-3322
-2717
-1913
-957
89
1123
2014
2685
3022
3020
2643
1945
984
-142
-1333
-2486
-3496
-4289
-4805
-5011
-4902
-4496
-3839
-2969
-1951
-804
409
1686
2961
4246
5455
6591
7564
8389
9006
9429
9627
9623
9402
8964
8280
7330
6135
4672
3029
1214
-617
-2430
-4020
-5389
-6355
-6988
-7212
-7157
-6839
-6402
-5895
-5424
-5020
-4703
-4461
-4232
-3994
-3654
-3222
-2605
-1870
-968
-37
921
1736
2372
2699
2707
2365
1703
797
-290
-1433
-2560
-3540
-4313
-4798
-4983
-4856
-4434
-3745
-2821
-1746
-550
683
1949
3169
4366
5467
6508
7425
8241
8894
9383
9654
9687
9476
8987
8242
7202
5927
4403
2730
927
-861
-2605
-4124
-5416
-6334
-6913
-7090
-6988
-6618
-6143
-5605
-5119
-4704
-4399
-4189
-4029
-3873
-3619
-3243
-2668
-1947
-1053
-120
827
1616
2219
2499
2475
2092
1421
495
-553
-1665
-2703
-3599
-4262
-4660
-4766
-4585
-4142
-3468
-2614
-1601
-493
698
1917
3165
4398
5600
6725
7734
8589
9256
9705
9910
9863
9546
8953
8088
6951
5570
3979
2237
417
-1382
-3052
-4490
-5611
-6359
-6740
-6786
-6573
-6193
-5747
-5323
-4973
-4718
-4566
-4458
-4339
-4149
-3835
-3353
-2701
-1874
-942
38
960
1734
2263
2500
2405
1995
1299
382
-666
-1760
-2796
-3682
-4349
-4750
-4866
-4697
-4245
-3555
-2650
-1577
-377
897
2210
3516
4783
5982
7079
8037
8824
9411
9771
9879
9729
9315
8647
7713
6539
5138
3554
1841
82
-1630
-3200
-4529
-5563
-6234
-6570
-6580
-6368
-5976
-5539
-5108
-4770
-4516
-4366
-4259
-4145
-3963
-3626
-3129
-2417
-1572
-599
360
1265
1955
2398
2504
2298
1757
951
-63
-1166
-2255
-3223
-3988
-4505
-4736
-4706
-4402
-3885
-3171
-2327
-1349
-286
877
2072
3329
4562
5779
6883
7874
8667
9275
9638
9763
9643
9265
8627
7694
6490
4987
3289
1425
-428
-2222
-3761
-5033
-5902
-6420
-6555
-6428
-6082
-5650
-5206
-4829
-4554
-4364
-4254
-4135
-3995
-3728
-3356
-2787
-2099
-1258
-382
509
1286
1908
2272
2364
2152
1647
904
-37
-1057
-2105
-3045
-3843
-4406
-4720
-4738
-4486
-3973
-3239
-2325
-1257
-97
1154
2417
3708
4943
6137
7208
8163
8928
9499
9818
9875
9649
9118
8312
7203
5870
4297
2623
839
-893
-2554
-3974
-5145
-5950
-6418
-6537
-6388
-6034
-5581
-5125
-4716
-4421
-4212
-4102
-3997
-3878
-3636
-3277
-2728
-2040
-1198
-306
579
1352
1935
2244
2246
1937
1337
506
-478
-1511
-2520
-3400
-4088
-4518
-4683
-4563
-4187
-3567
-2766
-1818
-755
381
1574
2771
3975
5126
6233
7226
8117
8822
9364
9650
9714
9487
8973
8137
7001
5602
3982
2234
423
-1316
-2919
-4255
-5304
-5978
-6333
-6362
-6180
-5822
-5430
-5017
-4684
-4413
-4232
-4089
-3967
-3774
-3489
-3053
-2452
-1700
-825
85
965
1694
2224
2432
2351
1929
1252
321
-694
-1754
-2719
-3555
-4165
-4536
-4649
-4519
-4152
-3559
-2785
-1835
-771
418
1661
2955
4226
5460
6568
7548
8332
8945
9324
9476
9385
9046
8443
7572
6441
5071
3518
1827
109
-1578
-3098
-4392
-5345
-5975
-6244
-6223
-5962
-5574
-5134
-4730
-4410
-4192
-4065
-3975
-3879
-3700
-3411
-2954
-2343
-1569
-711
189
1021
1718
2177
2365
2238
1823
1129
242
-778
-1822
-2834
-3699
-4359
-4750
-4857
-4667
-4213
-3534
-2674
-1672
-563
613
1837
3084
4331
5526
6654
7667
8543
9231
9693
9898
9822
9435
8739
7709
6385
4785
3000
1095
-776
-2536
-4032
-5212
-5965
-6352
-6356
-6117
-5662
-5175
-4691
-4321
-4065
-3937
-3905
-3892
-3854
-3677
-3360
-2812
-2100
-1193
-261
709
1528
2192
2533
2585
2277
1686
815
-216
-1332
-2415
-3372
-4147
-4648
-4907
-4859
-4577
-4043
-3343
-2453
-1442
-290
931
2237
3563
4885
6139
7302
8314
9138
9722
10027
10025
9701
9059
8110
6893
5427
3785
2017
218
-1526
-3094
-4421
-5424
-6081
-6381
-6380
-6123
-5713
-5232
-4773
-4389
-4127
-3964
-3869
-3779
-3617
-3329
-2874
-2251
-1472
-602
290
1114
1777
2210
2355
2193
1735
1028
135
-866
-1897
-2857
-3678
-4304
-4699
-4831
-4705
-4320
-3710
-2893
-1911
-793
420
1703
3015
4315
5569
6740
7801
8692
9398
9843
10037
9919
9505
8755
7723
6382
4817
3048
1191
-682
-2431
-3962
-5178
-6019
-6488
-6581
-6387
-5957
-5441
-4883
-4431
-4062
-3851
-3722
-3677
-3592
-3441
-3110
-2610
-1922
-1092
-201
685
1449
2048
2361
2397
2090
1522
688
-282
-1341
-2352
-3256
-3970
-4453
-4694
-4668
-4417
-3924
-3248
-2377
-1378
-249
944
2204
3455
4684
5842
6903
7827
8582
9148
9490
9604
9443
8999
8231
7157
5776
4169
2386
552
-1258
-2903
-4309
-5385
-6105
-6454
-6473
-6232
-5823
-5337
-4856
-4445
-4126
-3900
-3724
-3564
-3357
-3048
-2586
-1979
-1243
-445
364
1087
1671
2035
2155
2013
1630
1030
251
-652
-1620
-2548
-3376
-4024
-4460
-4662
-4618
-4314
-3766
-3003
-2062
-981
224
1503
2821
4110
5347
6489
7529
8407
9107
9566
9791
9727
9383
8700
7685
6343
4740
2956
1086
-749
-2464
-3920
-5066
-5825
-6249
-6340
-6204
-5866
-5450
-4995
-4604
-4284
-4053
-3869
-3704
-3511
-3240
-2858
-2321
-1650
-855
-30
795
1519
2095
2426
2476
2199
1632
821
-155
-1202
-2227
-3134
-3867
-4371
-4635
-4639
-4416
-3969
-3330
-2510
-1535
-422
796
2072
3379
4653
5876
6978
7934
8683
9214
9480
9493
9227
8687
7853
6746
5375
3798
2080
325
-1377
-2920
-4224
-5216
-5870
-6180
-6197
-5995
-5643
-5263
-4885
-4584
-4327
-4140
-3938
-3721
-3392
-2963
-2378
-1689
-899
-89
684
1352
1849
2138
2173
1979
1534
903
93
-788
-1710
-2566
-3326
-3907
-4288
-4419
-4314
-3964
-3414
-2671
-1777
-754
359
1537
2741
3957
5135
6248
7243
8073
8714
9117
9286
9158
8765
8060
7110
5887
4492
2909
1279
-401
-1969
-3406
-4568
-5452
-5997
-6246
-6214
-5978
-5601
-5157
-4728
-4326
-4019
-3751
-3543
-3278
-2977
-2535
-2009
-1328
-597
201
939
1588
2031
2246
2180
1850
1269
492
-397
-1344
-2240
-3049
-3679
-4127
-4340
-4354
-4137
-3730
-3121
-2357
-1441
-416
702
1885
3098
4303
5456
6527
7460
8235
8790
9132
9204
9019
8529
7766
6706
5418
3906
2261
544
-1128
-2663
-3962
-4968
-5631
-5969
-6017
-5830
-5494
-5074
-4652
-4259
-3952
-3704
-3523
-3330
-3106
-2772
-2328
-1744
-1056
-293
459
1147
1675
2010
2080
1896
1455
799
-10
-899
-1803
-2640
-3362
-3916
-4276
-4420
-4341
-4048
-3556
-2893
-2066
-1102
-7
1167
2412
3650
4869
6003
7044
7913
8594
9026
9210
9107
8743
8091
7179
6001
4609
3044
1386
-273
-1837
-3211
-4329
-5130
-5619
-5798
-5735
-5479
-5139
-4765
-4432
-4148
-3944
-3773
-3615
-3399
-3098
-2656
-2095
-1424
-686
76
798
1410
1862
2101
2093
1824
1319
608
-237
-1152
-2046
-2852
-3505
-3967
-4211
-4248
-4085
-3727
-3180
-2453
-1565
-544
572
1755
2955
4132
5253
6274
7174
7907
8457
8784
8892
8744
8327
7609
6597
5309
3817
2184
495
-1138
-2630
-3865
-4813
-5402
-5689
-5686
-5497
-5162
-4793
-4424
-4129
-3905
-3759
-3652
-3524
-3331
-3011
-2559
-1961
-1253
-445
358
1126
1739
2174
2347
2265
1904
1307
508
-410
-1371
-2293
-3094
-3721
-4131
-4312
-4252
-3973
-3487
-2836
-2040
-1137
-133
931
2054
3187
4320
5401
6415
7303
8030
8533
8800
8800
8535
7989
7169
6095
4774
3279
1645
2
-1585
-2983
-4154
-5000
-5541
-5748
-5704
-5442
-5071
-4659
-4279
-3974
-3753
-3605
-3478
-3325
-3076
-2712
-2190
-1565
-817
-39
745
1418
1943
2227
2250
1987
1477
769
-65
-953
-1833
-2623
-3294
-3788
-4097
-4193
-4083
-3769
-3280
-2623
-1822
-900
133
1235
2387
3539
4660
5687
6606
7383
8000
8429
8650
8639
8354
7806
6952
5847
4481
2957
1313
-307
-1845
-3166
-4246
-4999
-5457
-5604
-5518
-5254
-4898
-4512
-4159
-3880
-3677
-3542
-3417
-3275
-3047
-2731
-2272
-1698
-986
-224
564
1250
1797
2108
2176
1956
1480
756
-128
-1098
-2039
-2874
-3537
-3997
-4226
-4216
-3969
-3519
-2917
-2193
-1382
-491
462
1478
2522
3586
4627
5630
6534
7322
7941
8369
8569
8544
8250
7693
6856
5778
4484
3036
1477
-93
-1598
-2945
-4054
-4870
-5373
-5576
-5520
-5274
-4922
-4541
-4177
-3866
-3628
-3439
-3274
-3090
-2845
-2519
-2084
-1557
-937
-290
341
881
1295
1528
1569
1387
1002
425
-288
-1085
-1902
-2668
-3314
-3785
-4052
-4094
-3922
-3545
-2989
-2281
-1439
-507
517
1578
2681
3763
4817
5784
6663
7395
7980
8367
8558
8526
8241
7692
6855
5774
4447
2974
1374
-203
-1732
-3048
-4143
-4914
-5397
-5568
-5501
-5236
-4867
-4471
-4115
-3851
-3662
-3570
-3496
-3413
-3225
-2921
-2441
-1828
-1078
-274
533
1241
1791
2112
2167
1958
1480
783
-75
-1004
-1931
-2759
-3445
-3917
-4162
-4151
-3910
-3473
-2860
-2128
-1290
-391
569
1556
2576
3588
4581
5512
6373
7117
7720
8139
8348
8329
8069
7559
6774
5739
4460
3007
1418
-173
-1710
-3048
-4150
-4925
-5382
-5519
-5402
-5099
-4709
-4316
-3980
-3749
-3604
-3546
-3494
-3420
-3232
-2921
-2435
-1822
-1077
-287
503
1201
1757
2095
2181
1993
1542
874
58
-823
-1703
-2492
-3150
-3622
-3895
-3932
-3756
-3375
-2825
-2133
-1328
-440
496
1450
2411
3348
4258
5111
5901
6591
7167
7591
7854
7917
7761
7355
6694
5771
4614
3275
1804
295
-1191
-2547
-3718
-4623
-5254
-5572
-5625
-5433
-5093
-4663
-4237
-3849
-3545
-3316
-3156
-3024
-2862
-2639
-2301
-1866
-1294
-645
70
751
1360
1800
2027
1989
1686
1149
420
-422
-1312
-2135
-2849
-3370
-3692
-3782
-3656
-3322
-2818
-2172
-1408
-575
350
1295
2279
3241
4186
5061
5866
6561
7134
7549
7787
7850
7691
7331
6697
5840
4717
3417
1950
439
-1071
-2453
-3656
-4583
-5203
-5516
-5524
-5317
-4941
-4537
-4128
-3819
-3576
-3453
-3368
-3312
-3196
-2986
-2621
-2099
-1439
-678
104
851
1464
1911
2101
2040
1718
1179
462
-366
-1230
-2062
-2786
-3355
-3723
-3874
-3790
-3500
-3020
-2400
-1660
-829
79
1032
2018
3012
3980
4908
5750
6504
7118
7590
7871
7965
7830
7478
6858
6012
4929
3661
2252
777
-682
-2054
-3244
-4202
-4864
-5238
-5324
-5190
-4887
-4526
-4151
-3841
-3608
-3473
-3394
-3346
-3259
-3085
-2780
-2326
-1720
-990
-198
582
1264
1768
2026
2027
1764
1266
570
-256
-1142
-1999
-2748
-3327
-3686
-3814
-3707
-3403
-2914
-2293
-1566
-759
93
983
1874
2779
3653
4519
5312
6054
6673
7197
7546
7744
7715
7463
6937
6153
5130
3904
2537
1069
-369
-1738
-2897
-3851
-4503
-4912
-5042
-4996
-4770
-4491
-4180
-3926
-3724
-3593
-3495
-3404
-3265
-3041
-2699
-2213
-1609
-885
-123
627
1266
1746
1991
1974
1684
1153
414
-450
-1349
-2198
-2907
-3437
-3744
-3818
-3674
-3332
-2845
-2232
-1560
-817
-51
787
1652
2568
3477
4386
5231
6023
6692
7230
7566
7698
7614
7317
6807
6078
5149
4017
2751
1363
-18
-1382
-2589
-3628
-4391
-4914
-5134
-5140
-4935
-4643
-4304
-3990
-3720
-3513
-3375
-3266
-3159
-2970
-2682
-2248
-1704
-1038
-328
399
1044
1563
1868
1948
1760
1345
712
-50
-899
-1730
-2484
-3073
-3456
-3610
-3549
-3303
-2887
-2334
-1652
-889
-85
728
1544
2357
3166
3943
4684
5353
5978
6496
6926
7184
7290
7156
6825
6236
5445
4421
3232
1884
466
-935
-2232
-3307
-4158
-4716
-5030
-5060
-4901
-4558
-4194
-3823
-3554
-3345
-3229
-3148
-3088
-2982
-2774
-2433
-1928
-1300
-568
152
826
1347
1705
1830
1734
1387
838
121
-664
-1452
-2176
-2781
-3222
-3463
-3500
-3319
-2959
-2443
-1831
-1133
-388
403
1217
2046
2866
3654
4397
5083
5701
6224
6625
6865
6945
6840
6557
6070
5387
4513
3474
2315
1083
-155
-1363
-2453
-3380
-4075
-4530
-4746
-4772
-4637
-4415
-4137
-3861
-3617
-3422
-3273
-3140
-2985
-2760
-2453
-2038
-1522
-916
-261
398
988
1448
1714
1753
1560
1155
569
-144
-916
-1665
-2332
-2859
-3211
-3367
-3319
-3069
-2641
-2056
-1366
-614
157
926
1681
2412
3113
3780
4408
4996
5540
6023
6412
6668
6762
6675
6389
5890
5174
4252
3160
1946
658
-617
-1820
-2864
-3699
-4278
-4603
-4702
-4617
-4408
-4139
-3863
-3621
-3439
-3312
-3235
-3157
-3028
-2807
-2467
-2002
-1437
-802
-142
487
1025
1416
1609
1583
1322
861
237
-475
-1214
-1904
-2494
-2925
-3165
-3191
-3027
-2683
-2200
-1600
-937
-221
499
1215
1912
2594
3260
3902
4510
5068
5561
5971
6291
6476
6524
6386
6063
5527
4803
3883
2827
1658
441
-772
-1911
-2900
-3700
-4270
-4611
-4729
-4668
-4470
-4196
-3883
-3581
-3305
-3090
-2912
-2763
-2593
-2376
-2079
-1681
-1207
-662
-106
425
870
1195
1345
1312
1064
637
59
-593
-1268
-1891
-2409
-2767
-2938
-2917
-2717
-2364
-1882
-1323
-698
-51
618
1280
1945
2587
3219
3807
4376
4886
5346
5723
6005
6151
6166
6026
5715
5216
4524
3639
2585
1413
178
-1032
-2161
-3103
-3829
-4283
-4494
-4463
-4281
-3979
-3666
-3368
-3141
-2981
-2897
-2831
-2757
-2623
-2400
-2069
-1633
-1119
-553
2
514
918
1192
1289
1215
943
507
-73
-726
-1406
-2024
-2544
-2899
-3068
-3026
-2790
-2389
-1856
-1234
-555
138
812
1449
2055
2630
3184
3719
4238
4736
5190
5571
5855
6007
6016
5864
5542
5040
4366
3526
2550
1482
370
-732
-1755
-2649
-3371
-3890
-4204
-4317
-4243
-4046
-3769
-3475
-3211
-3013
-2875
-2777
-2687
-2568
-2377
-2092
-1700
-1215
-668
-105
416
839
1107
1188
1057
725
227
-366
-990
-1574
-2078
-2452
-2678
-2730
-2620
-2373
-2001
-1528
-981
-379
249
882
1496
2087
2642
3167
3647
4108
4525
4911
5240
5507
5685
5755
5680
5432
4989
4341
3519
2533
1457
315
-795
-1842
-2728
-3463
-3966
-4280
-4358
-4276
-4042
-3741
-3417
-3123
-2889
-2723
-2621
-2528
-2439
-2270
-2042
-1681
-1242
-708
-180
350
768
1079
1195
1136
871
446
-106
-704
-1304
-1847
-2285
-2587
-2719
-2692
-2494
-2169
-1713
-1175
-554
88
762
1410
2046
2633
3214
3732
4223
4633
5002
5263
5460
5538
5529
5380
5111
4676
4084
3333
2439
1440
360
-710
-1738
-2603
-3304
-3758
-4016
-4042
-3943
-3708
-3457
-3182
-2963
-2764
-2633
-2521
-2426
-2295
-2113
-1867
-1543
-1155
-707
-257
181
523
766
827
747
479
86
-436
-993
-1565
-2058
-2449
-2683
-2742
-2621
-2341
-1939
-1425
-855
-238
377
992
1569
2128
2645
3138
3601
4045
4468
4856
5190
5446
5602
5632
5525
5245
4793
4156
3345
2399
1348
267
-802
-1782
-2627
-3293
-3762
-4009
-4072
-3975
-3779
-3536
-3300
-3097
-2947
-2851
-2785
-2714
-2595
-2399
-2103
-1712
-1244
-732
-215
247
609
819
852
718
425
26
-445
-933
-1391
-1782
-2077
-2235
-2260
-2133
-1879
-1510
-1058
-540
10
577
1140
1698
2253
2768
3268
3698
4100
4459
4784
5040
5237
5322
5317
5171
4887
4420
3790
3005
2090
1072
9
-1032
-1997
-2802
-3443
-3852
-4066
-4076
-3946
-3693
-3400
-3085
-2819
-2594
-2441
-2334
-2249
-2152
-2024
-1837
-1582
-1261
-875
-476
-72
272
539
673
657
473
147
-303
-810
-1337
-1820
-2199
-2433
-2494
-2366
-2074
-1631
-1090
-495
122
709
1250
1747
2214
2655
3091
3503
3915
4299
4668
4977
5216
5339
5327
5161
4830
4329
3661
2849
1914
913
-117
-1099
-2003
-2743
-3312
-3664
-3821
-3789
-3630
-3390
-3140
-2924
-2764
-2674
-2626
-2603
-2538
-2417
-2205
-1903
-1504
-1043
-555
-96
294
576
711
703
536
249
-145
-585
-1047
-1467
-1817
-2054
-2160
-2126
-1943
-1653
-1257
-794
-272
264
813
1341
1858
2338
2794
3216
3613
3982
4318
4611
4833
4977
5019
4964
4778
4467
3987
3365
2595
1726
764
-218
-1191
-2068
-2824
-3417
-3836
-4056
-4080
-3930
-3655
-3327
-2975
-2670
-2418
-2270
-2167
-2116
-2031
-1916
-1717
-1455
-1099
-703
-289
72
351
500
507
358
63
-327
-778
-1215
-1616
-1912
-2097
-2108
-1983
-1696
-1319
-851
-342
199
724
1236
1708
2159
2585
2987
3359
3698
4022
4311
4555
4724
4830
4840
4751
4516
4129
3578
2899
2095
1221
293
-619
-1479
-2223
-2826
-3265
-3535
-3634
-3601
-3470
-3284
-3084
-2901
-2743
-2616
-2503
-2386
-2256
-2079
-1857
-1569
-1230
-843
-458
-99
181
363
409
326
114
-196
-574
-960
-1316
-1594
-1777
-1851
-1814
-1660
-1401
-1041
-607
-118
389
893
1377
1823
2242
2627
2988
3317
3619
3885
4124
4322
4479
4566
4565
4455
4224
3846
3331
2675
1905
1047
132
-782
-1633
-2379
-2962
-3367
-3579
-3607
-3497
-3301
-3056
-2823
-2620
-2473
-2377
-2300
-2229
-2129
-1984
-1776
-1503
-1173
-824
-470
-164
93
247
290
209
26
-259
-586
-930
-1245
-1497
-1670
-1731
-1677
-1507
-1230
-870
-458
-6
458
920
1367
1798
2196
2571
2921
3267
3599
3911
4186
4407
4557
4610
4542
4339
3984
3493
2875
2147
1341
493
-347
-1135
-1827
-2390
-2816
-3088
-3212
-3203
-3099
-2941
-2770
-2605
-2474
-2385
-2315
-2266
-2206
-2119
-1971
-1754
-1464
-1122
-747
-384
-70
157
271
259
130
-110
-422
-773
-1119
-1428
-1663
-1789
-1790
-1667
-1423
-1083
-669
-215
259
731
1189
1605
1978
2327
2643
2965
3269
3583
3883
4153
4369
4504
4528
4437
4204
3826
3306
2663
1907
1100
274
-522
-1246
-1887
-2383
-2762
-2976
-3058
-3023
-2903
-2752
-2595
-2469
-2383
-2344
-2326
-2313
-2286
-2201
-2063
-1838
-1544
-1202
-826
-490
-189
0
82
45
-112
-361
-682
-1008
-1322
-1564
-1709
-1748
-1648
-1446
-1125
-746
-316
136
570
1007
1385
1762
2094
2417
2743
3052
3386
3692
3988
4228
4391
4467
4412
4249
3936
3502
2955
2310
1597
829
73
-661
-1309
-1867
-2309
-2611
-2806
-2871
-2853
-2771
-2657
-2563
-2477
-2436
-2419
-2395
-2353
-2265
-2113
-1892
-1601
-1262
-910
-572
-292
-92
5
-23
-156
-387
-679
-990
-1281
-1517
-1669
-1717
-1655
-1468
-1189
-830
-419
14
463
886
1285
1642
1958
2254
2519
2772
3015
3245
3474
3683
3860
3985
4038
4004
3870
3614
3233
2743
2135
1443
702
-52
-762
-1400
-1931
-2314
-2566
-2688
-2701
-2647
-2545
-2437
-2347
-2278
-2253
-2252
-2254
-2251
-2206
-2108
-1950
-1717
-1432
-1116
-790
-497
-260
-110
-73
-157
-354
-632
-944
-1245
-1481
-1618
-1648
-1552
-1349
-1049
-668
-238
219
668
1088
1465
1784
2050
2283
2492
2698
2916
3129
3351
3560
3739
3868
3918
3868
3709
3435
3042
2547
1967
1330
666
14
-591
-1128
-1582
-1943
-2217
-2392
-2479
-2501
-2479
-2433
-2378
-2326
-2284
-2249
-2212
-2164
-2090
-1979
-1829
-1651
-1450
-1239
-1023
-830
-670
-558
-505
-512
-570
-668
-787
-917
-1036
-1122
-1154
-1123
-1013
-824
-570
-262
78
437
799
1154
1482
1777
2027
2239
2428
2604
2776
2938
3099
3248
3377
3475
3521
3486
3355
3111
2756
2293
1728
1089
412
-262
-889
-1437
-1876
-2196
-2388
-2458
-2439
-2347
-2219
-2096
-1996
-1931
-1909
-1922
-1954
-1979
-1979
-1924
-1802
-1616
-1370
-1089
-806
-553
-357
-238
-209
-264
-390
-577
-786
-993
-1167
-1275
-1296
-1214
-1024
-747
-409
-35
341
705
1044
1353
1631
1886
2117
2328
2530
2723
2915
3101
3269
3388
3437
3409
3287
3065
2742
2326
1840
1321
784
259
-236
-683
-1069
-1383
-1621
-1786
-1888
-1946
-1978
-1991
-2005
-2026
-2052
-2087
-2120
-2134
-2117
-2046
-1916
-1739
-1525
-1298
-1081
-889
-734
-634
-589
-604
-658
-750
-856
-957
-1035
-1062
-1033
-941
-788
-577
-323
-34
269
567
848
1105
1335
1540
1724
1895
2065
2239
2417
2599
2780
2950
3102
3220
3276
3254
3146
2932
2619
2204
1705
1138
539
-61
-638
-1152
-1584
-1912
-2125
-2246
-2289
-2273
-2217
-2135
-2053
-1982
-1925
-1876
-1833
-1783
-1722
-1633
-1509
-1353
-1178
-995
-816
-665
-548
-462
-407
-399
-426
-497
-597
-710
-802
-856
-848
-800
-691
-540
-349
-126
111
363
611
864
1117
1379
1636
1900
2153
2416
2656
2887
3081
3237
3318
3327
3240
3059
2783
2415
1962
1438
872
293
-258
-759
-1175
-1514
-1738
-1875
-1910
-1891
-1825
-1754
-1688
-1651
-1642
-1668
-1713
-1766
-1814
-1833
-1813
-1733
-1605
-1424
-1223
-1005
-809
-637
-520
-456
-455
-500
-595
-703
-806
-885
-927
-913
-842
-710
-520
-285
-7
292
602
906
1197
1468
1720
1939
2143
2316
2468
2592
2698
2771
2814
2816
2771
2676
2513
2288
1996
1652
1266
850
421
2
-398
-748
-1045
-1271
-1437
-1542
-1600
-1613
-1608
-1590
-1578
-1584
-1618
-1683
-1762
-1844
-1902
-1921
-1881
-1788
-1636
-1448
-1232
-1017
-817
-651
-525
-451
-427
-452
-506
-570
-617
-627
-596
-512
-381
-206
5
246
497
754
992
1217
1421
1601
1771
1920
2060
2194
2324
2445
2539
2594
2594
2532
2395
2193
1929
1623
1286
934
582
240
-85
-377
-629
-841
-1021
-1171
-1300
-1420
-1537
-1653
-1762
-1856
-1932
-1986
-2008
-1992
-1932
-1833
-1707
-1558
-1388
-1218
-1056
-913
-798
-703
-640
-603
-584
-570
-558
-537
-502
-443
-360
-249
-114
36
197
363
530
686
828
966
1108
1267
1440
1628
1822
2020
2211
2378
2507
2592
2616
2563
2430
2214
1938
1620
1280
929
579
250
-46
-298
-511
-686
-831
-954
-1060
-1162
-1264
-1369
-1486
-1598
-1700
-1786
-1845
-1864
-1841
-1777
-1677
-1548
-1400
-1244
-1094
-963
-858
-786
-748
-731
-735
-754
-771
-774
-749
-689
-595
-461
-290
-98
106
310
504
671
821
945
1044
1138
1223
1311
1411
1519
1642
1778
1914
2043
2148
2214
2233
2183
2062
1871
1615
1320
1000
674
351
44
-226
-453
-631
-755
-840
-896
-943
-989
-1043
-1097
-1161
-1236
-1314
-1386
-1451
-1505
-1539
-1544
-1514
-1450
-1353
-1238
-1112
-986
-861
-739
-632
-546
-492
-466
-458
-454
-431
-382
-308
-207
-82
63
218
379
537
688
824
936
1027
1088
1136
1182
1237
1302
1376
1452
1526
1594
1651
1691
1699
1665
1580
1432
1231
991
727
463
220
4
-180
-326
-445
-540
-623
-709
-807
-922
-1058
-1207
-1359
-1490
-1583
-1621
-1602
-1528
-1412
-1270
-1115
-958
-815
-699
-624
-593
-600
-634
-674
-695
-685
-639
-558
-453
-337
-211
-78
60
200
333
449
542
607
654
694
735
784
846
915
1003
1101
1204
1315
1422
1515
1583
1613
1595
1532
1430
1287
1119
934
727
514
309
116
-63
-218
-349
-463
-553
-617
-664
-702
-743
-791
-847
-908
-965
-1016
-1060
-1091
-1111
-1107
-1081
-1043
-988
-925
-863
-809
-771
-744
-727
-717
-703
-674
-622
-543
-441
-318
-179
-26
136
295
433
534
582
589
563
521
484
466
480
533
625
748
889
1043
1184
1298
1369
1385
1351
1271
1151
1010
866
724
596
482
381
297
225
152
75
-10
-112
-228
-355
-495
-641
-788
-924
-1041
-1132
-1187
-1207
-1188
-1133
-1051
-951
-845
-742
-655
-598
-561
-547
-549
-560
-574
-585
-581
-549
-488
-405
-299
-180
-63
51
153
231
287
324
345
356
359
373
404
453
526
624
745
877
1017
1154
1279
1383
1460
1497
1488
1433
1329
1184
1000
795
583
375
178
-4
-171
-317
-440
-537
-615
-681
-738
-789
-837
-878
-912
-937
-950
-946
-923
-875
-810
-741
-673
-613
-564
-530
-511
-508
-526
-557
-594
-625
-642
-633
-596
-529
-428
-300
-157
-13
125
240
326
376
393
392
380
372
375
404
468
560
673
794
920
1037
1131
1193
1220
1211
1158
1067
943
791
642
506
388
300
229
175
129
89
43
-14
-83
-179
-296
-415
-525
-622
-707
-775
-810
-813
-786
-740
-692
-653
-629
-625
-641
-669
-702
-724
-726
-710
-667
-609
-533
-443
-353
-265
-187
-120
-71
-33
-3
26
62
96
138
183
232
292
355
419
481
537
590
637
680
718
756
793
823
841
846
833
798
747
677
594
493
384
281
183
95
23
-35
-85
-136
-192
-262
-340
-421
-502
-574
-625
-644
-632
-583
-512
-429
-343
-272
-221
-191
-190
-220
-281
-363
-454
-527
-565
-567
-528
-456
-361
-253
-148
-57
10
51
60
42
14
-18
-36
-37
-17
25
91
182
288
399
504
593
667
714
745
755
739
690
610
517
416
320
235
157
85
23
-30
-80
-125
-170
-212
-252
-281
-291
-271
-224
-163
-96
-35
9
29
20
-15
-84
-184
-291
-392
-471
-515
-514
-466
-384
-278
-170
-75
9
74
116
134
129
98
41
-27
-99
-157
-192
-203
-194
-171
-133
-71
10
110
214
305
377
423
444
451
443
427
398
344
268
180
94
23
-27
-58
-83
-104
-116
-112
-90
-62
-25
10
33
40
32
15
-11
-47
-83
-120
-157
-189
-215
-223
-212
-197
-174
-140
-97
-46
1
46
84
105
111
104
88
65
39
11
-20
-53
-84
-114
-136
-141
-132
-115
-88
-57
-26
7
47
85
118
144
148
148
150
142
128
108
89
66
44
26
0
-29
-48
-58
-65
-71
-73
-80
-84
-77
-60
-39
-18
2
19
32
37
38
38
38
39
38
34
30
21
14
7
1
-3
-9
-12
-13
-8
-9
-9
-2
9
21
34
39
40
40
36
27
7
-22
-47
-66
-78
-82
-78
-66
-53
-39
-20
-2
19
48
78
101
116
117
100
75
44
13
-16
-47
-73
-94
-104
-120
-130
-125
-112
-88
-63
-41
-26
-15
-6
-2
-7
-15
-24
-32
-33
-25
-12
4
20
34
47
63
78
89
94
94
94
92
91
86
72
60
56
45
34
28
20
4
-11
-27
-33
-34
-35
-36
-43
-42
-31
-8
12
30
44
45
39
26
4
-17
-34
-50
-61
-70
-79
-82
-79
-69
-51
-34
-18
-11
-10
-23
-43
-56
-67
-69
-63
-54
-45
-33
-18
-3
13
25
32
37
34
23
17
12
13
21
37
53
65
72
74
70
59
40
28
24
27
33
35
42
51
52
53
52
49
41
30
22
14
11
13
17
24
30
42
51
47
38
22
1
-31
-66
-98
-126
-135
-136
-130
-119
-109
-95
-78
-53
-34
-20
-15
-22
-33
-53
-71
-80
-77
-67
-50
-34
-17
3
21
41
52
56
53
41
25
16
19
28
36
47
53
60
62
61
58
48
35
23
18
25
43
64
84
97
107
117
119
112
96
73
45
16
-6
-21
-29
-27
-20
-18
-15
-10
-7
-9
-16
-38
-73
-109
-141
-156
-160
-153
-130
-104
-82
-62
-48
-42
-46
-61
-76
-87
-89
-82
-68
-49
-21
6
31
49
59
66
67
62
53
44
43
47
51
50
55
71
91
110
122
132
135
131
119
107
92
78
69
60
55
62
72
77
74
66
53
36
17
-10
-37
-67
-96
-120
-133
-139
-139
-133
-129
-127
-123
-122
-117
-117
-126
-132
-132
-121
-110
-103
-93
-79
-52
-23
-5
5
8
5
-6
-17
-21
-17
-2
12
21
24
29
44
56
68
74
76
80
85
91
94
97
105
110
118
128
143
153
151
140
123
103
91
76
55
32
12
-3
-8
-10
-14
-18
-26
-32
-36
-43
-48
-49
-58
-73
-84
-92
-89
-80
-70
-70
-78
-82
-83
-81
-82
-79
-68
-62
-62
-62
-59
-55
-48
-33
-23
-19
-11
1
13
26
31
31
29
28
33
42
52
57
53
48
45
45
52
55
54
51
47
39
36
36
41
45
42
33
19
16
12
11
9
5
3
-2
-11
-19
-21
-17
-14
-13
-24
-36
-41
-46
-46
-45
-42
-40
-36
-30
-30
-31
-33
-33
-25
-21
-26
-30
-20
-6
4
5
3
-4
-9
-8
-4
5
15
23
27
26
20
20
25
25
24
22
28
33
36
39
35
32
34
33
35
35
29
22
17
11
2
-7
-8
-5
3
1
-3
-9
-16
-16
-14
-18
-23
-30
-32
-23
-13
-5
-7
-12
-16
-24
-29
-32
-26
-21
-17
-14
-22
-29
-36
-41
-36
-27
-14
-1
3
-2
-10
-9
1
9
13
14
12
6
7
15
21
27
26
24
20
17
24
27
28
29
26
29
36
40
40
32
27
23
19
14
5
-1
0
4
5
2
-4
-10
-17
-19
-17
-16
-16
-15
-14
-16
-24
-28
-34
-36
-36
-32
-28
-27
-28
-30
-29
-28
-25
-21
-11
-5
0
5
8
7
7
6
5
10
20
29
28
20
13
11
15
15
9
-1
-5
-1
11
20
24
15
8
7
16
29
33
30
21
5
-6
-9
-9
-10
-7
-5
-5
-7
-10
-11
-10
-10
-7
-5
-4
-4
-6
-7
-9
-8
-6
0
4
6
4
-2
-4
-2
3
4
0
-6
-12
-14
-8
2
5
7
-1
-8
-15
-21
-19
-11
-8
-9
-10
-12
-8
-1
10
17
18
20
15
11
7
4
6
6
4
-1
-2
2
5
10
14
14
16
9
1
-7
-8
-4
-4
0
-1
-7
-8
-8
-3
-1
-1
0
-1
-6
-9
-11
-11
-5
0
3
4
0
-6
-10
-8
-6
-3
3
2
-2
-6
-3
3
8
14
15
8
5
6
9
9
8
4
-2
-8
-11
-8
-4
2
10
12
19
20
14
8
6
8
8
2
-5
-11
-17
-18
-14
-7
1
-2
-6
-6
-5
-5
-5
-8
-6
-7
-12
-13
-11
-6
-5
-4
-1
0
5
9
4
-2
-10
-11
-6
-4
-5
-3
3
12
18
15
14
11
5
1
1
4
4
1
-7
-9
-7
-3
5
11
13
11
10
6
3
0
-2
3
6
6
7
9
8
2
0
0
-2
0
3
3
2
2
-7
-16
-20
-21
-16
-8
0
0
-7
-9
-5
-1
4
3
1
-5
-8
-7
-6
-5
-4
-4
-7
-8
-4
1
6
8
5
9
14
19
20
17
12
8
6
4
1
-3
-1
2
4
6
12
9
4
1
-4
-2
1
-1
-3
-7
-10
-12
-12
-12
-11
-9
-6
-2
1
0
-6
-17
-24
-13
-1
9
12
5
-3
-5
-7
-8
-7
-9
-11
-12
-12
-8
-2
-1
-1
2
4
7
13
11
6
6
13
18
16
11
6
4
10
14
16
19
15
9
6
6
7
5
3
4
0
-5
-9
-10
-6
0
3
4
-3
-11
-11
-7
2
4
-3
-10
-18
-19
-6
5
14
11
2
-10
-17
-12
-3
5
4
-4
-17
-20
-18
-5
7
13
13
3
-3
-1
8
13
9
2
-5
-10
-7
-4
0
6
7
6
2
-2
-5
-3
5
7
2
-5
-9
-11
-11
-7
-8
-8
-7
-3
2
12
16
10
2
-3
-6
-6
-3
-3
-9
-9
-4
3
10
9
6
4
6
9
9
12
11
9
5
-2
0
4
3
2
2
0
2
3
5
6
1
-2
2
1
7
13
10
1
-6
-10
-10
-7
-5
-4
-4
-5
-7
-5
-3
-1
0
-1
-2
-4
-8
-12
-9
1
5
7
3
-4
-6
-3
-4
-1
3
3
4
3
-2
-7
-8
-6
-3
2
5
1
-11
-14
-10
-3
7
12
11
4
-3
-6
-4
6
11
8
4
-1
-2
3
3
5
6
8
9
6
2
-3
-3
-2
-1
-4
-11
-11
-7
-4
2
7
6
3
1
5
2
0
-2
-5
-4
1
5
5
2
-3
-2
0
2
0
0
-2
-4
-5
-10
-13
-9
2
8
14
17
16
9
0
-4
-4
-2
1
3
-4
-12
-15
-15
-11
1
8
7
3
-7
-9
-8
-4
0
3
5
6
6
9
12
15
15
13
9
5
-6
-17
-22
-14
0
12
15
13
11
5
1
-2
-2
-2
1
3
0
-6
-13
-11
-6
1
8
8
6
4
-4
-11
-13
-14
-13
-6
-5
-5
-4
-6
-11
-16
-15
-11
-3
-5
-9
-8
-8
-4
1
4
6
0
-3
2
8
15
14
9
11
8
6
3
2
2
4
10
16
24
27
20
12
6
0
0
2
5
9
7
4
3
4
5
5
6
4
1
-4
-7
-13
-17
-15
-12
-10
-10
-6
-4
-7
-6
-9
-11
-10
-12
-11
-9
-11
-7
-7
-10
-9
-9
-4
1
3
7
8
8
1
-9
-10
-7
-3
4
9
11
17
15
8
6
0
-2
-2
-5
-2
1
5
7
6
5
3
4
10
11
6
5
7
11
8
6
6
3
-1
-3
-2
1
4
4
4
0
-2
-4
-9
-9
-8
-8
-6
-9
-8
-7
-7
0
0
-2
-4
-10
-11
-11
-11
-3
-1
-3
-4
-9
-10
-7
1
5
12
13
8
-3
-12
-9
-3
11
19
19
15
4
-2
-2
0
5
8
10
14
11
8
6
8
13
7
1
-3
-8
-5
-2
3
4
-7
-13
-13
-9
0
-1
-3
-7
-11
-8
-2
0
-4
-10
-10
-6
2
8
7
-3
-7
-3
4
13
17
14
5
-7
-12
-13
-10
-3
3
2
0
-2
-1
3
6
6
10
11
7
1
-8
-13
-11
-4
1
6
6
2
-1
-2
-4
-5
-6
-3
-1
-1
0
2
4
-1
-3
-4
-6
-5
-3
2
4
4
2
0
-2
-8
-7
-5
3
13
11
2
-1
-3
-1
8
10
6
1
-4
-2
5
7
12
11
3
-5
-7
-4
5
14
21
24
17
5
-6
-6
-1
-1
0
-3
-10
-16
-14
-9
-8
-9
-9
-8
-5
-5
-4
0
1
1
-2
-5
-7
-10
-6
-5
-4
-1
-4
-6
-2
2
1
0
4
5
5
4
1
-2
-3
0
2
2
5
4
7
12
12
6
-3
-3
0
3
-2
-2
-3
-4
-6
-7
-4
-1
4
8
10
9
3
-1
1
1
0
-2
-7
-8
-4
5
10
10
2
-4
-5
-5
-2
5
9
8
3
-1
-4
-3
4
6
6
3
1
0
-3
-7
-10
-13
-12
-9
-7
-5
0
3
2
2
3
4
3
0
-2
-5
-4
0
1
2
1
3
7
7
2
-3
-2
5
11
7
3
0
-1
1
1
-1
-3
-3
-4
-1
-1
0
2
1
2
3
4
5
6
3
1
-1
2
-2
-11
-14
-16
-7
-2
-2
-8
-15
-11
-6
-2
1
-2
0
-2
-2
1
0
2
3
4
8
7
5
-2
-5
-1
-2
1
-2
-6
-6
-4
1
6
9
6
5
2
3
9
11
10
7
3
1
5
7
6
6
2
-4
-2
3
5
6
6
7
5
9
12
10
3
-7
-13
-14
-10
-2
2
1
-2
-8
-14
-20
-19
-14
-5
4
4
-3
-9
-11
-7
-2
-3
-5
-9
-10
-4
3
5
5
3
0
-2
-1
0
4
9
12
10
5
0
-5
-7
-2
11
19
20
14
2
-2
-4
-5
-1
3
7
6
1
-2
-4
-2
6
12
11
9
2
-6
-12
-10
-3
1
-3
-9
-14
-14
-9
0
9
10
2
-3
-11
-14
-13
-11
-11
-11
-11
-10
-11
-9
-1
10
16
18
16
9
2
-2
-1
3
8
11
11
10
2
-1
3
4
8
9
6
0
-5
-6
-2
3
8
8
7
2
-2
-1
-1
-2
-2
-4
-3
-4
-2
0
-4
-2
-4
-5
-4
-11
-12
-8
-3
2
5
2
-3
-11
-16
-13
-7
0
1
-1
-3
-2
1
4
8
9
8
6
3
0
-3
-1
2
4
3
6
8
7
7
1
-3
4
11
16
11
3
1
1
5
7
5
-1
-2
1
3
7
6
3
1
-3
-9
-15
-16
-13
-8
-6
-5
-9
-12
-13
-11
-11
-10
-11
-11
-10
-8
-5
-6
-4
-1
4
6
4
0
-1
-1
1
4
6
9
4
0
0
0
5
11
14
13
13
14
10
7
9
10
11
14
11
4
1
-4
-5
8
17
20
15
0
-16
-24
-22
-13
-4
5
9
7
2
0
-8
-10
-8
-7
-2
-1
-6
-10
-16
-19
-19
-18
-16
-14
-8
-3
1
-1
-4
-11
-9
-3
-5
1
6
12
14
7
7
5
7
10
13
13
12
7
4
2
2
9
11
14
12
6
0
-8
-10
0
10
17
18
9
-1
-4
-1
0
-4
-4
-2
1
3
-1
-5
-13
-17
-13
-10
-7
-5
-10
-12
-14
-15
-9
-3
2
-1
-7
-8
-10
-10
-8
-6
-8
-10
-6
0
11
18
16
12
5
3
11
12
9
8
5
1
2
4
10
12
10
10
6
5
7
11
11
10
6
1
-3
-8
-9
-5
-3
-2
-2
-5
-6
-6
0
4
5
4
1
2
-2
-2
-3
-3
2
7
6
-1
-7
-12
-10
-7
-7
-9
-12
-14
-10
-2
3
4
-3
-8
-8
-2
4
6
0
-7
-12
-12
-7
-3
-3
-2
-2
4
12
18
14
4
-2
-7
-5
0
4
4
0
-5
-5
1
7
12
13
13
9
5
2
-1
3
7
13
15
7
1
-1
-2
0
3
2
1
0
2
-1
-3
-6
-6
-4
-1
2
-3
-4
-2
-2
-2
-3
-6
-11
-13
-12
-5
2
0
-4
-10
-15
-13
-9
2
7
8
6
-8
-13
-11
-3
5
7
10
9
2
-3
-5
0
7
10
12
15
12
9
2
-6
-5
-3
7
13
12
6
-2
-2
2
6
10
9
0
0
-2
-6
-7
-7
-4
5
11
12
1
-10
-15
-17
-17
-12
-10
-10
-11
-9
-9
-12
-10
-4
0
1
-6
-11
-11
-7
3
7
8
11
12
13
8
10
10
10
9
3
3
5
10
12
8
7
5
6
6
0
-7
-8
-4
7
14
14
8
-3
-9
-6
-2
5
10
9
6
1
-7
-13
-17
-14
-5
-4
-8
-11
-11
-7
-5
-2
-4
-6
-10
-10
-7
-4
-1
-2
-2
-3
-3
-1
4
5
5
5
1
0
-3
-4
-4
0
0
4
3
1
2
7
14
19
12
6
-3
-9
-3
3
5
5
2
1
1
2
7
10
9
7
4
1
-2
-5
-2
1
3
0
-6
-12
-14
-10
-6
-3
-4
-8
-9
-10
-9
-3
2
5
9
8
3
-3
-7
-8
-1
4
6
8
7
7
8
8
7
3
-1
-4
-4
-4
1
3
2
4
1
-4
-4
0
3
8
10
9
6
-1
-5
-8
-6
-3
-5
-4
-6
-8
-2
-1
4
2
-4
-9
-16
-15
-12
-7
-3
-3
-3
-3
-2
2
7
11
11
5
0
-6
-6
-7
-4
-1
-2
-3
-10
-8
-3
6
13
14
16
12
9
5
-2
-8
-5
2
9
12
9
6
1
-1
4
9
12
15
10
0
-5
-6
-3
2
5
0
-1
-2
-4
-4
-9
-11
-9
-10
-9
-6
0
4
8
5
-5
-12
-7
-1
2
-2
-9
-8
-5
1
4
6
5
-2
-7
-9
-7
-4
-1
2
3
1
-2
-3
0
6
12
16
11
5
-6
-12
-9
-9
-7
-7
-3
-1
1
4
5
5
7
9
10
10
13
11
4
-4
-8
-7
2
12
19
14
5
1
-5
-4
-2
1
2
1
-6
-12
-13
-15
-9
2
8
11
8
-4
-14
-15
-6
4
6
4
-3
-12
-16
-12
-4
4
6
2
-6
-10
-6
-3
2
2
1
3
5
6
5
6
2
0
-3
-2
-4
-6
-3
-2
-2
-2
1
4
7
13
10
1
-2
-3
1
6
8
4
-2
0
2
3
4
3
7
11
10
8
3
-5
-9
-9
-6
-1
3
1
-3
-7
-6
-2
5
9
6
4
0
-3
-4
-8
-9
-6
1
6
3
-1
-6
-4
0
1
-5
-16
-19
-17
-6
1
1
-4
-8
-6
1
10
14
11
6
1
2
5
11
16
13
7
-1
-8
-8
-7
0
9
10
7
-3
-8
-12
-12
-4
3
8
7
4
3
-3
-2
-2
-5
-2
-1
3
9
7
-1
-9
-16
-15
-13
-7
-4
-8
-7
-3
1
6
8
3
-1
-2
-1
7
10
9
6
0
-1
7
16
18
11
6
3
1
5
13
12
10
8
1
-1
-4
-5
-6
-7
-7
-4
-3
-3
-4
-6
-8
-5
0
-1
-1
-3
-6
-7
-4
-3
-6
-6
-9
-8
-5
-2
1
2
0
1
1
-6
-12
-8
-5
-2
0
1
-1
-2
-4
-3
-3
-2
6
7
7
5
6
10
13
15
11
8
4
-4
-9
-10
-4
8
16
21
19
5
-6
-12
-12
-5
6
11
12
8
0
-9
-12
-8
-7
-3
0
0
-5
-7
-6
-3
4
11
6
-3
-9
-14
-12
-9
-2
1
-1
-2
-4
-2
0
5
10
11
11
7
2
-1
-1
4
8
6
2
-1
-4
-2
0
0
-2
-2
2
10
12
7
-1
-10
-13
-14
-6
2
6
12
7
5
1
-6
-8
-11
-7
-4
0
6
5
0
-7
-11
-14
-9
-5
-4
-5
-10
-7
1
8
7
7
4
-1
-5
-10
-8
0
9
9
1
-4
-2
1
7
13
9
9
8
6
3
-1
1
9
11
10
12
11
11
12
6
1
2
6
4
-1
-7
-10
-7
-2
1
6
5
1
-8
-11
-13
-12
-10
-14
-18
-17
-15
-12
-11
-11
-3
4
8
9
1
-6
-8
-7
-5
-2
2
