SAMPLES:	14717
BITSPERSAMPLE:	16
CHANNELS:	1
SAMPLERATE:	16000
NORMALIZED:	FALSE
10
16
21
7
0
9
13
18
14
6
-7
-24
-36
-31
-20
-14
-12
-11
-3
-3
-4
-5
-6
0
-1
-8
-11
-10
-11
-7
-2
-2
-8
-8
-12
-14
-17
-16
-6
-6
-5
-10
-13
-12
-10
0
5
6
12
0
-11
-5
-2
5
8
3
8
13
5
2
0
0
7
12
21
22
15
2
1
5
5
6
2
-3
-1
-6
-7
-1
7
21
17
10
4
-4
6
0
-5
-1
-2
3
-4
-9
-13
-13
-10
-12
-8
0
3
2
-1
-7
-2
-11
-7
2
-2
-3
-11
-4
5
4
2
-5
-7
-6
-14
-4
4
2
3
-4
-8
-5
1
13
16
10
14
8
4
8
-2
-1
1
0
7
0
-6
0
0
6
13
4
3
13
11
5
-1
-1
4
6
3
-4
0
4
-6
0
7
4
15
10
6
9
7
9
3
-1
-3
0
-2
-13
-21
-25
-23
-16
-16
-12
2
-2
-5
-12
-19
-10
-11
-9
-6
-13
-6
-9
-14
-8
-7
8
10
5
10
-3
-1
3
-6
-9
-2
1
4
-3
2
9
2
5
4
-3
5
4
3
5
-1
0
-3
3
8
14
23
13
12
13
2
9
11
12
17
7
13
16
6
2
-6
-5
2
2
6
10
6
10
4
-10
-13
-13
-4
-1
-6
-7
-11
-11
-11
-16
2
10
8
1
-6
-2
-14
-14
-14
-7
5
3
2
0
-1
-9
-20
-11
-5
-6
-5
-15
-7
-1
-5
-1
0
5
9
-2
-4
0
-6
10
9
15
18
8
6
-1
6
14
14
7
-3
-7
-10
-15
-10
-2
4
8
-4
-5
-8
-10
-1
5
9
8
7
4
4
-4
-18
-7
9
13
15
23
19
6
1
-6
0
10
8
1
-4
-8
-14
-17
-14
-4
5
10
8
2
-7
-18
-17
-10
-2
4
5
5
-3
-9
-11
-8
-2
-6
-8
-1
-1
-3
-12
-14
-7
-3
-4
0
16
21
21
20
14
9
7
-5
-1
10
7
18
18
18
17
11
5
0
7
10
8
11
9
-2
-11
-19
-15
6
1
-9
-12
-10
-8
-12
-9
-4
0
-6
-10
-5
4
4
-13
-16
-11
-5
-3
-10
-13
-12
-13
-21
-24
-23
-19
-12
-17
-12
5
7
7
4
-4
-5
2
11
12
16
24
16
6
2
-5
-2
10
10
14
20
18
13
5
2
8
15
16
14
12
18
17
17
17
11
12
9
8
-2
-9
-5
-9
-13
-7
-6
-2
1
-7
-12
-8
-8
-8
-11
-6
-8
-14
-7
-14
-17
-9
-12
-11
-6
1
5
0
1
-1
-13
0
-2
-10
1
-3
1
-6
-13
-4
-9
1
12
-1
1
8
2
2
4
9
9
13
13
0
3
10
8
4
2
2
6
4
-7
-9
-7
3
2
-4
6
9
12
13
5
8
4
-9
-19
-25
-26
-23
-14
-3
11
4
-12
2
5
-8
-7
1
13
14
-1
-8
0
9
3
-4
0
9
13
15
17
21
8
3
-1
-3
0
-1
2
1
2
7
9
17
16
6
8
0
-8
-14
-12
2
4
9
4
-1
-2
-7
-10
-9
-4
-3
-6
-18
-20
-13
-8
-3
-7
-22
-28
-28
-15
-1
-1
4
7
4
-1
-8
-6
8
11
6
7
-5
-5
-1
-14
-7
1
-2
3
5
5
3
1
2
0
4
12
12
4
-1
1
8
13
5
5
3
4
14
20
23
16
16
24
13
9
11
13
18
6
-5
-3
-4
3
8
5
3
-4
-3
-8
-11
-4
-2
-9
-19
-18
-14
-7
-13
-14
-14
-12
4
-2
-13
-20
-26
-15
-17
-18
-20
-19
-11
-17
-17
-8
1
10
11
10
7
2
-1
-2
0
7
7
12
10
2
4
5
9
9
9
11
13
12
10
10
5
4
4
1
3
7
20
16
5
9
9
17
9
-5
2
3
2
0
-3
5
4
2
-3
-10
0
1
-7
-10
-16
-8
-7
-4
2
-7
1
-6
-22
-20
-21
-13
-3
4
5
-1
-12
-14
-12
-10
4
4
7
10
-1
2
1
2
-6
-13
-10
-3
4
-4
6
15
17
17
13
11
10
3
-2
2
3
5
11
3
-2
3
8
12
12
3
2
-4
-2
4
-4
-5
-5
-1
-4
-7
-9
-2
-1
-1
-2
8
14
7
1
-5
5
-2
-12
-19
-19
-11
-9
-2
2
1
-9
-10
-3
-1
1
-6
0
-2
-17
-17
-12
-4
4
-5
-7
8
2
-9
-4
7
4
16
16
7
9
-5
3
9
10
16
9
9
2
-4
-6
-2
5
7
11
19
18
16
7
-5
-7
0
9
15
25
16
14
12
2
-7
-16
-16
-15
-12
-5
0
-6
-12
-22
-16
-1
-1
1
10
4
-4
-12
-14
-18
-16
-7
-3
-1
1
-6
-5
3
2
9
3
-5
-1
-7
-14
-8
-8
-3
-8
-18
-14
-5
2
3
-5
-4
2
-2
-6
-15
0
8
-1
4
3
16
24
17
19
13
18
26
7
-8
-1
2
6
4
0
7
1
7
12
4
11
12
13
12
7
12
9
11
9
-5
6
16
19
17
10
10
8
-3
-6
-6
-7
-2
-7
-12
-14
-19
-15
-18
-14
-5
-6
-6
-18
-13
-3
-15
-19
-24
-19
-13
-24
-22
-17
-14
-17
-19
-13
-9
-17
-20
-18
-13
6
4
0
4
-10
-7
-3
-3
8
12
11
6
8
12
12
17
25
28
28
25
10
16
14
9
12
13
25
19
17
19
15
17
8
9
23
23
25
8
3
15
6
4
4
0
-10
-16
-13
-11
-12
-6
-2
-7
-9
-13
-9
-9
-15
-18
-20
-12
-7
-10
-13
-20
-10
-3
-13
-11
-4
-4
-7
-8
-11
-2
-1
3
-1
-8
-2
-6
-9
-10
-12
-6
-3
-4
1
3
-1
2
0
1
6
1
4
10
4
5
11
7
3
2
-1
-2
1
6
7
8
11
15
15
12
9
4
1
-1
1
4
12
16
5
-1
-10
-6
9
12
10
7
11
15
5
-2
3
5
0
1
0
-7
-7
-14
-20
-10
-8
-10
-2
-4
-9
-13
-13
0
0
-7
-12
-21
-20
-24
-25
-13
-1
5
7
1
2
6
15
25
17
8
2
-6
-8
-1
0
8
12
12
12
15
14
6
5
8
10
8
4
5
4
3
1
-6
-1
7
7
15
8
-11
-2
-3
-3
0
-10
-6
-2
-5
-1
1
7
6
-4
2
-1
-12
-18
-17
-5
-3
-1
5
0
-5
-1
-10
-7
6
7
3
-7
-10
-8
-13
-15
-10
1
11
2
-5
-3
-5
-4
-5
-8
-5
-1
-4
-17
-24
-16
-11
-4
1
8
21
12
2
2
3
7
3
4
14
12
10
4
2
13
15
18
23
26
20
5
-2
4
1
-1
5
7
12
3
-3
-1
-2
5
7
7
13
12
1
-5
-5
-5
-3
2
3
-5
-3
-4
-5
6
6
4
4
-3
-2
-14
-20
-18
-17
-8
-12
-11
2
3
-1
-13
-28
-20
-10
-3
-7
-16
-16
-17
-17
-18
-15
-6
3
-1
-12
-5
0
2
9
6
10
18
9
-1
-3
-4
-7
0
10
18
21
11
3
3
9
7
9
15
16
21
15
12
16
12
8
5
10
9
6
-2
2
10
6
6
-1
0
0
-10
-12
-5
4
5
-1
2
-6
-8
-7
-11
7
7
-5
-11
-13
-17
-18
-13
-10
-1
1
1
-3
-7
-4
5
13
22
19
2
-2
-13
-12
0
1
-2
-7
0
-2
1
4
-3
4
3
-3
-4
-7
-5
-3
-17
-13
-12
-24
-24
-21
-14
-11
-12
3
3
9
8
-2
8
1
-10
-5
-8
-3
5
2
6
14
14
13
16
19
23
14
6
9
12
16
14
15
19
18
25
27
27
21
4
-1
-1
0
-4
-10
-10
-6
-10
-4
0
2
3
-11
-16
-26
-25
-22
-19
-4
-6
-9
-5
-5
-9
-10
-13
-5
-1
-7
-10
-12
-3
4
0
-8
-15
-4
3
-2
-7
0
6
6
-8
-13
-14
-10
-1
-1
5
18
17
9
5
-4
0
6
9
3
2
3
3
7
9
17
28
25
18
18
20
23
19
15
2
-9
-14
-15
-10
-3
6
3
2
0
-3
1
-6
-7
-6
-18
-21
-25
-23
-13
-16
-7
-4
-8
-4
-6
-3
9
1
2
3
0
-6
-8
2
1
1
14
18
15
13
13
13
9
4
3
9
6
1
1
5
3
-2
-7
-9
-4
-7
-5
-4
-6
-2
-6
-10
-14
-11
-5
0
2
-1
-2
-9
-15
-17
-14
-12
-19
-13
4
9
8
10
12
12
15
16
14
8
5
-2
-3
1
5
9
12
18
16
3
0
10
11
4
-1
-3
4
1
-8
-12
-7
-8
-10
-7
-7
-2
6
1
-1
3
-2
2
5
0
-2
3
4
-1
4
4
-1
4
-3
-5
2
-4
-12
-17
-21
-18
-17
-15
-2
6
18
18
0
-3
-6
-3
1
5
17
23
11
4
-2
3
2
-2
13
18
15
10
11
9
10
1
-1
-2
-17
-17
-13
-10
-2
-2
2
3
-8
-10
-13
-6
-10
-13
-6
-17
-15
-15
-13
2
-1
-6
-3
-14
-14
-7
-8
-7
-4
2
3
-1
1
2
3
11
0
-5
-1
4
13
24
29
28
17
7
3
3
10
14
19
20
12
4
1
8
13
6
16
16
15
10
2
13
12
-10
-12
-12
-11
-7
-11
-13
-20
-9
-8
-16
1
7
6
0
-14
-17
-15
-20
-21
-17
-16
-9
-16
-14
-9
-10
-3
-6
-3
-5
-15
-10
-3
-5
10
11
13
12
2
3
12
24
17
1
0
5
4
3
-2
6
12
9
5
15
27
21
14
1
-4
-1
-13
-19
-13
-4
3
6
10
9
4
3
-2
5
6
0
8
2
-2
-8
-15
-13
-5
-3
-8
0
4
2
3
1
-4
-4
-3
-3
-10
-9
-5
-8
-3
-2
-5
-8
-9
-4
1
-4
-7
-7
-4
0
-7
-10
-10
-2
-9
-14
2
14
14
8
7
3
0
-4
-8
-7
5
7
-2
-8
-3
7
12
18
14
23
21
8
11
13
18
18
10
7
3
5
10
17
23
18
6
-4
-8
-7
-6
-4
2
3
13
13
9
6
-3
-5
-10
-15
-18
-12
-16
-13
-1
-6
-5
-2
-2
-3
-14
-20
-19
-20
-10
-11
-20
-31
-27
-23
-28
-17
-9
2
10
-2
-5
-10
-3
3
-6
-1
-1
-4
4
7
2
15
13
5
2
-8
10
18
19
27
20
16
18
13
15
15
20
24
12
8
12
20
22
12
12
9
-3
-5
-6
-10
-13
-8
5
6
-3
-7
-9
-18
-14
-7
-8
-3
-9
-9
-5
-5
-2
-10
-9
-12
-18
-7
-2
-2
4
6
5
-3
-15
-14
-6
-1
-3
-6
1
3
7
-2
-13
-7
-4
-7
-12
-6
3
4
4
6
7
17
21
-1
-5
-5
-5
-3
-16
-5
13
9
-6
-9
2
4
2
15
24
21
14
11
16
16
6
5
11
6
7
5
0
3
-12
-13
-7
-2
15
12
14
13
3
6
-1
-6
-1
3
1
-6
-9
-20
-25
-23
-18
-4
-1
4
3
-6
-14
-18
-14
-10
-9
-5
-1
-1
-10
-18
-16
-9
-4
-4
-9
-9
-11
-15
-17
-15
-8
5
13
-2
-1
7
4
6
12
18
21
9
-8
-4
0
6
16
17
29
31
27
23
20
23
22
23
22
16
11
7
-1
-2
-1
-3
0
8
9
5
1
-4
-7
-13
-9
-3
-2
-7
-17
-21
-19
-13
-13
-6
-13
-14
-10
-15
-13
-6
1
-6
-4
-5
-2
0
-9
-10
-8
2
11
6
-1
-8
-8
-7
-13
-3
1
-2
1
0
4
4
4
4
0
3
5
8
11
7
-2
-4
-2
2
2
-4
-5
0
-1
-3
-8
-7
5
-2
-3
-4
-14
-5
2
7
13
10
18
9
-9
-10
-2
16
17
5
9
15
19
15
1
10
10
4
-1
-11
-7
-5
-6
-6
5
21
22
26
19
8
12
10
4
-8
-7
-1
-2
-7
-9
0
0
-2
-11
-16
-9
-7
-14
-17
-15
-12
-14
-20
-22
-16
-7
-9
-7
-4
-5
-2
-9
-12
-7
-8
-2
-12
-20
-8
-6
-10
1
4
1
11
14
16
16
17
20
13
12
10
7
8
2
7
8
2
2
-2
8
17
7
4
7
5
5
7
10
11
8
9
-4
-5
4
-5
-8
-10
-13
-10
-9
-5
0
-3
1
-4
-10
-2
-6
-15
-20
-18
-7
-7
-13
-12
-6
3
1
14
28
24
20
9
10
10
2
6
13
6
2
3
-8
-6
-7
-10
10
14
14
12
4
-2
-14
-12
-19
-18
-8
1
5
0
1
-3
1
2
-5
-8
-2
-2
-8
-7
0
2
4
2
4
11
17
10
1
1
-7
-4
-3
1
8
-1
-11
-17
-13
-12
-1
7
8
9
-6
-20
-21
-14
-20
-16
-13
-10
-6
-4
-2
-3
-11
2
9
6
6
-6
-7
-3
-2
0
-1
11
16
18
21
20
16
14
13
5
4
5
2
5
7
9
15
18
17
14
14
13
18
21
14
5
5
5
1
-1
-6
-4
5
3
-11
-11
-9
-10
-6
-6
-3
3
7
-1
-19
-17
-14
-10
-4
-8
1
-1
-13
-27
-29
-11
-9
-16
-12
-18
-14
-11
-16
-10
-6
-9
-8
-5
-7
-18
-25
-14
-12
-3
5
2
14
5
-2
3
1
12
13
17
20
4
-8
-13
-9
5
8
2
8
19
21
20
21
26
24
21
18
4
9
14
11
21
15
14
18
12
12
2
9
11
-3
12
14
12
8
1
10
7
-2
8
10
5
-4
-16
-11
-13
-18
-19
-19
-15
-18
-23
-22
-19
-18
-18
-12
-5
-13
-18
-8
-17
-22
-23
-32
-29
-25
-21
-20
-22
-14
-12
-8
3
-4
-1
-1
-1
4
2
8
16
15
5
11
23
23
17
14
14
18
25
29
29
28
16
13
12
12
13
16
24
13
8
12
10
4
-5
-5
-7
-9
-1
3
4
0
-7
-5
-4
-3
-1
-4
-7
-11
-15
-16
-10
-2
3
1
-4
-6
-14
-15
-13
-13
-12
-13
-11
-2
-5
-8
-3
6
7
0
-6
-6
-11
-11
-23
-28
-12
-9
-3
-3
8
20
19
14
3
1
13
9
-7
-3
5
11
5
-1
6
20
28
22
14
11
8
2
-2
4
16
20
19
11
4
2
3
-8
0
14
7
4
0
-9
-11
-12
-10
1
5
-1
-11
-16
-10
-12
-13
-17
-8
-4
-16
-22
-27
-20
-18
-20
-13
-6
-6
-1
0
3
0
-10
-6
-6
-11
-5
1
0
-4
-9
-8
7
2
2
11
11
14
9
4
10
13
12
15
20
24
27
29
25
18
15
12
11
4
3
6
4
-2
-1
6
15
23
15
13
8
2
-1
-9
-4
-1
2
-10
-16
-13
-9
-3
-7
-9
-11
-8
-13
-16
-19
-25
-13
-16
-19
-10
-10
-3
-9
-11
-4
-11
-15
-20
-18
-11
-15
-14
0
-3
-1
2
-1
5
-5
-6
-9
-8
6
5
4
5
4
4
12
18
22
14
5
4
-2
-8
-5
-1
11
21
19
21
17
29
37
32
28
23
20
15
12
9
13
19
18
15
14
18
7
-5
-6
0
4
4
6
-2
-13
-21
-25
-25
-21
-21
-15
-17
-25
-18
-17
-19
-23
-28
-29
-32
-31
-29
-28
-21
-12
-6
-1
-11
-9
-17
-23
-13
-15
-10
-17
-10
6
8
14
6
-1
4
7
4
10
18
29
29
19
19
18
17
12
16
23
22
23
19
20
21
9
16
25
27
15
6
6
5
7
1
5
12
15
6
-8
4
7
-3
-1
0
2
4
5
10
5
-5
-10
-12
-13
-12
-4
-3
-20
-28
-34
-22
-16
-20
-18
-22
-16
-21
-24
-21
-27
-16
-9
-8
-6
-17
-18
-17
-19
-12
-10
3
13
6
9
16
11
-1
1
9
4
-2
-2
3
17
21
21
22
14
8
11
11
7
3
12
20
24
30
11
-1
-7
-11
6
15
22
20
12
15
13
9
8
6
12
18
16
6
-11
-11
-10
-14
-21
-20
-17
-16
-23
-24
-28
-32
-19
-13
0
4
0
4
-5
-18
-16
-12
-12
-29
-25
-2
13
1
-33
-34
6
43
47
43
26
2
12
27
23
3
-22
-5
31
63
47
-12
-25
-24
-10
-12
-10
-19
-25
-23
-23
-6
40
49
35
48
42
29
24
43
107
127
18
-83
-116
-88
-96
-92
-47
15
91
152
156
3
-198
-192
-16
22
14
35
63
16
-84
-202
-235
-174
-125
-55
87
97
22
-71
-110
-136
-44
24
-111
-195
-142
772
1939
1728
126
-739
-325
-57
-251
-556
-885
-747
-188
37
-833
-2138
-2289
-419
1743
1969
1335
862
551
302
637
766
151
-542
-723
-245
30
-354
-624
-220
102
2
-112
-293
-493
-144
524
993
835
379
-146
-153
181
624
1108
1307
1072
658
588
695
790
811
494
110
-244
-563
-646
-423
-275
-500
-651
-797
-1017
-604
-242
-339
-976
-1080
-554
-15
110
-628
-975
-713
-405
-383
-937
-1652
-2170
-575
1598
1144
-1814
-3964
-2679
-530
983
479
-1142
-1785
-537
1297
1285
-283
-824
1010
3388
3055
1575
175
-29
827
2176
2081
140
-1978
-2712
-1161
1044
1566
618
-238
-323
214
533
549
680
2114
3744
4612
4358
3947
3982
4163
4334
4043
2562
12
-2275
-2905
-2684
-2558
-3240
-4613
-5637
-5880
-5271
-4226
-2636
-1000
172
434
-647
-1946
-2514
-2565
-2489
-2679
-3386
-4234
-3864
-2777
-1771
-1386
-1720
-2450
-3103
-3710
-4498
-5039
-2797
7129
20893
25889
17783
7733
4019
6365
10847
11722
7586
4460
4302
1615
-7706
-20670
-27273
-18637
-3042
6331
7579
3309
-3045
-3914
2986
9746
9801
2263
-5755
-6036
-583
2780
4119
5282
4886
1891
-3575
-10605
-15860
-15521
-10221
-3677
-2000
-7164
-14762
-18290
-14250
-4042
6226
9413
4937
-548
-679
4701
10847
13840
13360
10475
6417
2684
1372
2499
4733
6065
5110
1424
-3852
-7951
-9024
-7405
-4909
-2670
-1768
-1763
-875
1450
6360
14249
20633
19945
14586
10245
8587
9131
9350
6396
1493
-2915
-6861
-11608
-16762
-20399
-17797
-10032
-3792
-2060
-2388
-3691
-4775
-3441
-238
2246
1246
-2327
-3857
-841
2698
3916
3792
3113
1573
-881
-4261
-7879
-9772
-9274
-7845
-7438
-9163
-11883
-13172
-11304
-6675
-1507
1732
2423
1484
1066
2782
6438
9658
10924
9829
7334
5967
6388
11543
22341
29454
22838
10014
3349
2456
4328
5452
2080
-2370
-2727
-3148
-8574
-17597
-24136
-17966
-1059
10367
11286
7704
1580
-3253
-544
5162
6671
1827
-6479
-9926
-5116
213
1239
131
-2229
-4365
-5623
-8794
-13765
-14982
-10780
-4473
-1070
-4235
-11417
-15417
-11327
-1325
8239
10514
5739
714
-50
3110
7913
11072
9662
5875
3173
1567
126
-623
407
2177
2682
811
-2164
-4212
-1290
9691
20485
20412
11219
5194
6015
10281
12421
9108
3346
650
845
-1893
-11108
-22204
-24196
-13690
-2795
463
-2479
-7362
-10198
-6890
-156
2566
-1049
-7848
-9226
-3928
1976
3199
2928
3105
3148
2765
968
-2607
-5165
-3285
454
1289
-2722
-9525
-14355
-14230
-9031
-2375
990
-1359
-5470
-5973
-2797
2262
6565
8527
8254
7167
7144
8144
12149
21700
31320
30228
18310
7707
4410
5968
7874
5641
45
-3858
-5773
-9587
-17243
-25082
-25060
-13207
15
5367
4661
1005
-2827
-2539
2033
4723
1928
-4873
-9025
-5596
592
3165
2379
-191
-3156
-5097
-6777
-9793
-11986
-10661
-6980
-3772
-4366
-9009
-13282
-12355
-5037
3713
8161
6457
3024
2220
4344
8266
11019
10381
6754
3030
600
-833
-967
-151
2062
4210
9220
19212
25107
18332
7388
4929
8665
12890
13262
8845
4585
3400
886
-7809
-21038
-29839
-23461
-7273
1505
-113
-4724
-9537
-11657
-7197
-428
1953
-2313
-8319
-8403
-2601
1333
1610
2198
1995
239
-2952
-6894
-10123
-9119
-3366
2165
2845
-2705
-9525
-12548
-9311
-1120
6558
8244
4397
540
8
1747
5367
8327
8748
6205
2910
976
1514
4593
7999
15349
25387
27815
16748
4357
1439
4699
9053
9920
5067
109
-142
-861
-8588
-20683
-27577
-19566
-3732
3602
1087
-3876
-8432
-9732
-4749
-62
-1435
-7586
-11793
-7921
-249
2345
-26
-1359
-939
-432
-1329
-5620
-10470
-9610
-3016
2229
693
-6068
-12478
-12997
-6989
1060
6347
5809
2194
1010
3190
6246
8521
9820
9003
6854
4640
3027
3187
4860
13299
27070
32045
20123
4603
493
4967
11373
12714
6492
-113
-884
135
-5965
-18858
-28617
-22655
-5605
3886
2938
-1913
-7754
-10791
-6506
-835
-1600
-8382
-14214
-10681
-795
3855
1005
-2782
-4943
-5034
-4511
-6576
-10944
-11352
-6451
-1335
-1008
-5772
-10801
-11223
-5461
3150
9752
9359
3802
258
1547
5911
9591
10286
7387
4030
2025
1037
2225
4522
12981
26851
32540
21307
6208
2525
7832
14870
15904
8864
1899
1199
2330
-3514
-16808
-27375
-22198
-6159
2419
864
-4138
-9218
-11150
-6530
-969
-1510
-8345
-14214
-10943
-1264
3683
1773
-1439
-4285
-4819
-4422
-6200
-10515
-11316
-6668
-1244
-114
-4873
-10494
-12804
-9226
-1263
5820
6092
981
-1911
190
5494
9914
11272
9081
6032
4066
3646
4701
5642
12023
24585
31049
21048
5492
-219
4035
11406
13190
7516
2127
3024
5545
516
-12392
-23144
-19046
-3456
6534
5832
-441
-7163
-10851
-7501
-3043
-4535
-12141
-18744
-16613
-7468
-1374
-1566
-2634
-3348
-3226
-3150
-4401
-7624
-7550
-2661
2349
2526
-2941
-9353
-12257
-9484
-2816
3635
4537
50
-3413
-2490
1860
7239
10454
9503
6262
4217
4284
6594
8686
12328
21896
30442
26664
12801
4294
4800
9544
12003
8260
1717
-247
1856
-168
-10333
-22862
-25521
-12654
1450
5483
2543
-2561
-7635
-7926
-4006
-2848
-6763
-12481
-13562
-8306
-2295
-1474
-2664
-4030
-4742
-5226
-6934
-10315
-11504
-7893
-2468
-196
-2977
-8428
-11588
-10191
-4180
3672
7494
5072
495
-349
2830
7939
11624
11468
8293
5607
5149
6216
6859
8081
15843
26328
27660
15860
4552
2906
7935
12949
11821
5594
1319
3031
4423
-2604
-15075
-22237
-14545
-809
5818
4139
-1652
-8139
-10724
-7500
-5167
-7874
-13957
-16585
-12192
-5576
-3405
-4200
-5221
-5969
-5445
-4940
-6625
-9064
-8219
-3887
-104
-268
-4077
-8073
-9939
-7755
-1819
3166
2989
7
-925
455
2837
5590
6954
6088
4898
5465
7127
8633
9434
13608
23159
30583
26686
15728
9382
9370
11911
12924
9239
3073
519
1147
-2255
-12237
-23502
-24937
-13062
-79
4444
2261
-3303
-8413
-7516
-2918
-1382
-4731
-9467
-10683
-7163
-3421
-3371
-4542
-5717
-6810
-7492
-9061
-12437
-13848
-10246
-4732
-1858
-2753
-6448
-10140
-9477
-2941
5272
8476
6294
3687
3897
5663
7512
8094
6528
4268
3658
4854
5173
4521
5304
11130
20812
26247
21054
11839
8675
11477
15713
16103
10417
3563
1662
2156
-1909
-12114
-21878
-21224
-10668
-1196
1139
-2002
-7302
-10742
-9027
-5688
-5266
-8423
-11897
-10769
-5668
-1652
-1188
-2367
-4315
-5692
-6029
-7543
-10207
-11122
-8747
-5360
-3473
-4582
-7847
-10607
-9544
-3601
3762
7465
6746
4756
4372
5896
8273
8990
7144
5027
5158
6195
5702
4795
5786
11232
19421
24392
20764
13480
10642
13198
16488
15321
9520
4550
4565
5306
351
-10525
-20858
-20816
-10603
-1291
-587
-6243
-12210
-14206
-11157
-7277
-6506
-9783
-13636
-12612
-6201
-1055
-1064
-3049
-3800
-3280
-3411
-5591
-8593
-9210
-6859
-3769
-2155
-4194
-8788
-11778
-10269
-4699
1557
4837
4073
2448
3153
5694
7847
7762
7146
7268
7941
7933
6898
6822
7850
13027
22347
26964
19558
9565
8625
12664
15121
12808
6118
2207
4861
6789
-159
-13631
-24108
-20065
-4432
4145
1154
-5460
-10639
-12929
-9863
-5948
-6256
-10436
-14917
-13162
-5911
-2665
-5512
-7045
-5462
-3202
-2837
-6128
-11161
-11688
-6762
-575
1914
-1720
-7953
-10675
-7159
-187
5890
6779
4096
2287
2868
4741
6422
6911
5438
4299
3974
4121
4168
4208
4567
5185
8958
17021
23946
23100
17714
14945
15356
16464
15726
12130
9172
7637
4549
-2812
-12964
-20875
-19430
-11109
-6572
-7110
-9475
-12362
-14082
-11806
-7818
-5810
-7536
-10849
-10745
-7880
-6148
-5355
-3448
-2491
-3367
-5012
-6968
-8696
-8210
-5213
-1694
-54
-2305
-6583
-9098
-7646
-3129
2710
5303
3333
443
-392
983
4059
6895
7131
6093
5456
5491
5734
6366
7334
9626
15982
23986
26852
22020
15946
13905
15406
16377
13334
7746
4235
3783
2578
-3961
-15089
-22228
-18373
-9431
-4636
-5050
-8052
-10322
-10167
-8286
-7200
-7676
-9450
-9945
-7809
-5753
-6157
-7204
-6528
-4606
-2919
-3539
-6998
-10794
-10423
-6006
-1663
-622
-3177
-6535
-7779
-5244
-322
3600
3880
2333
1800
2217
3112
4652
5974
6458
6146
5281
4170
3692
4817
7216
11026
17984
24622
25077
20174
15982
15168
16787
16705
11287
5013
3532
4609
2009
-7214
-19154
-23844
-17145
-8386
-5594
-7824
-11322
-12858
-10991
-8316
-7385
-7794
-9126
-9593
-7978
-6227
-5896
-4975
-3709
-2620
-2463
-4593
-7899
-8712
-6013
-2408
322
-309
-4088
-7624
-7799
-4310
343
3180
3301
2093
1001
1630
4383
6899
7132
5879
4745
5122
6558
7903
8340
7867
9919
17451
25556
25990
19862
14909
13911
14409
13224
9800
6158
4322
3438
-462
-9979
-20236
-22602
-16517
-10221
-7481
-7837
-10459
-13167
-12502
-8528
-4882
-4575
-7249
-8805
-7568
-5715
-4412
-2970
-2200
-2604
-3930
-6191
-8759
-9207
-6899
-3592
-1868
-2532
-4737
-7140
-8313
-6304
-954
3965
5411
3845
1620
1273
3827
7255
8130
6677
5294
5480
6259
6279
5834
6007
10067
18598
26088
26270
20536
15414
14112
15313
14589
10606
6721
5657
5070
269
-10126
-21512
-25159
-18907
-10662
-7601
-9215
-12002
-13752
-12318
-7864
-4327
-4930
-8376
-9789
-8029
-5267
-3731
-2432
-1486
-1232
-2059
-4595
-7848
-9404
-7282
-3387
-222
-243
-3311
-7680
-10260
-8366
-2434
3586
5333
2965
-134
-445
2487
6791
9836
10175
8882
7365
6186
5910
7604
9865
11703
15514
21030
23089
19336
14479
12583
12774
12772
10966
8608
7271
5983
1954
-7213
-18757
-25064
-21193
-13179
-8719
-8574
-10385
-12192
-11828
-8796
-5443
-4270
-6318
-9200
-9105
-6536
-4891
-3697
-1768
-362
-1389
-4249
-7755
-9429
-7250
-2334
1625
1318
-3236
-8316
-10313
-8230
-2963
2216
3518
1542
-550
-646
1758
5733
8816
9550
8478
6811
6092
7044
9071
11249
11346
11122
15758
22782
23498
17753
13424
12162
12296
11904
9821
7469
6029
2989
-3684
-13373
-22975
-25566
-18593
-11533
-9193
-9065
-9848
-11543
-10462
-6404
-2943
-2820
-7150
-10569
-8743
-4789
-3122
-1654
-422
-900
-3205
-6567
-9235
-7976
-3823
-193
1151
-1299
-6210
-9380
-8457
-4836
-240
2730
2755
1799
1438
2122
4693
7989
9455
8483
7261
6305
6246
7057
8180
8456
7502
9768
16519
22520
21029
15535
12489
13198
14413
12569
8624
5209
3088
157
-6300
-15907
-23881
-23410
-16784
-11194
-8992
-8692
-9397
-10646
-9386
-6172
-3346
-4561
-7876
-8994
-6624
-4158
-2592
-894
-306
-637
-1926
-3847
-6096
-5949
-3381
-386
331
-2186
-5896
-8574
-8746
-5533
-235
3271
3606
2520
1271
1160
4011
8381
11174
10769
8549
6744
6629
7085
7609
8008
7672
10276
17455
21969
17849
11849
10393
11471
12086
10325
6704
3824
2326
-1098
-7976
-16958
-23255
-20527
-12536
-8452
-8892
-9607
-10321
-10825
-8900
-6221
-5191
-7238
-10192
-9797
-5285
-2164
-1705
-757
536
519
-870
-2749
-4708
-4254
-1759
511
421
-3174
-8128
-10401
-7645
-2218
2162
3119
1146
-375
574
4235
8683
11165
10297
7579
6016
5737
6134
6359
6686
6559
6304
9841
17368
22082
18620
13394
12177
12958
12126
9263
5652
3182
1991
-1235
-8941
-18383
-23429
-19739
-12658
-9442
-9632
-9606
-10055
-10571
-7990
-4376
-3779
-6796
-9358
-8615
-4825
-1581
-79
681
797
562
151
-1578
-4933
-6360
-4810
-2304
-1230
-3203
-7310
-9585
-7198
-2676
689
1360
1079
2417
4757
6273
6978
7218
7073
6850
6954
6116
5026
4551
5382
6453
6882
10611
17930
22839
19315
12960
10195
10904
11900
10256
6958
3767
1471
-1932
-8328
-16358
-21726
-19762
-13692
-9673
-8791
-9129
-9416
-9628
-7609
-4247
-2433
-4913
-8512
-7699
-2861
499
905
825
1062
760
-980
-3773
-6952
-7907
-5946
-2309
-828
-3342
-7575
-10370
-9375
-4487
1937
5761
5558
3503
1971
2322
4453
7061
8253
6658
3466
1082
1801
4357
6639
6927
5299
7168
15010
22090
20885
15122
11836
12174
13878
12866
8635
4505
1886
-854
-6010
-13697
-21459
-22395
-16814
-11329
-8135
-7592
-9414
-11149
-8912
-3785
418
188
-3609
-5286
-3200
-403
1757
3001
2280
204
-2059
-4930
-8068
-8840
-6921
-4043
-2551
-3974
-7208
-9716
-8715
-3515
2967
5858
4516
2427
1410
1765
3634
5802
6623
4910
1577
-669
91
3437
6561
7692
5794
5535
11833
20569
22503
17221
13505
13902
15190
14082
9238
2961
-769
-1758
-4332
-11434
-20811
-25140
-19663
-11568
-7548
-6966
-7800
-8560
-6361
-1115
2365
1734
-2283
-5013
-2993
430
1345
1017
495
-996
-2694
-4298
-7212
-9688
-9394
-6540
-3022
-1718
-4002
-7165
-7000
-3138
2045
5552
5459
3398
1569
989
1740
3824
5148
4468
2022
-439
-625
2002
5319
6647
6140
5200
8874
17015
22682
20201
14802
12854
13943
14570
11228
4795
49
-1833
-3708
-8860
-16785
-23610
-22474
-15375
-9696
-7535
-7209
-7639
-6975
-2944
1500
3513
916
-3480
-4227
-554
1946
1323
10
-1988
-3960
-5139
-6232
-8413
-9989
-8568
-3740
693
-140
-4838
-7630
-5795
-280
5398
7115
4191
-6
-1421
489
3655
4826
3613
1211
-657
-35
2510
5192
6512
7287
7492
8187
12750
19687
22402
18163
13939
12717
12308
10254
5593
593
-907
-783
-3922
-11663
-20679
-24666
-18693
-9661
-5208
-4574
-4630
-4777
-3458
290
3279
3129
-860
-5044
-5254
-3069
-2812
-3497
-3411
-4359
-6400
-7462
-8211
-8935
-7766
-3783
860
2752
220
-4126
-5876
-3758
1129
5254
4770
302
-3270
-3565
-1588
1167
2464
1762
506
280
1577
4192
7160
8673
9214
8949
9929
15659
22581
23221
17519
12431
9767
9061
8915
5904
1393
-1673
-4098
-7666
-12905
-18947
-20359
-13390
-6501
-4189
-3924
-4203
-4850
-2909
1628
4616
2925
-3577
-8408
-7248
-3632
-2003
-1714
-3131
-6140
-7251
-6310
-6554
-7606
-6052
-2111
1625
1699
-2148
-5444
-5129
-1654
2712
4587
1250
-3632
-5571
-4145
-1078
1839
2602
1529
140
30
2275
6229
9779
11006
10495
8702
9517
15350
21047
20348
14879
10811
8595
7783
6627
3560
420
-1419
-2887
-6382
-11842
-17621
-17942
-11623
-5254
-1829
-1082
-3075
-5304
-2564
2782
4480
271
-6921
-10704
-8442
-4347
-2690
-2697
-4295
-6104
-5686
-4054
-4468
-5704
-4388
-604
3014
2416
-1834
-5756
-6031
-3029
1161
2761
-814
-5908
-7632
-4265
717
3853
4036
2059
290
392
3741
8341
11516
11084
8681
6235
5184
10049
18790
22299
16858
10577
7472
6628
6846
5623
3311
1907
610
-2905
-8547
-15561
-19483
-14308
-6465
-3201
-3319
-3649
-4231
-2992
302
1667
-104
-5351
-9351
-7898
-3838
-2799
-2919
-2524
-3474
-4126
-3747
-4400
-5605
-4552
-1495
1500
1898
-1263
-5371
-7474
-6644
-2965
511
-86
-3505
-5538
-4448
-1636
1835
3856
3657
2592
2101
3993
7360
10043
9652
7568
5209
4528
10099
19161
22438
16194
9254
7169
8280
9761
8652
5061
1643
-635
-3389
-8129
-14166
-18471
-15103
-7644
-3456
-3335
-3990
-4324
-3200
407
2698
789
-4932
-9485
-8242
-3180
-1043
-2109
-3026
-3308
-3478
-3188
-4199
-6509
-6074
-2591
897
1042
-2438
-6572
-7916
-5832
-2496
398
-319
-3728
-5450
-3041
1048
3489
3580
1804
833
1956
5139
8434
9349
7706
5411
4951
5850
9188
15721
20858
18971
12608
8710
7939
8925
9303
6307
1404
-1761
-2878
-5024
-9864
-15920
-17330
-11783
-5834
-2722
-977
-1112
-3051
-2931
-257
798
-1815
-6324
-8687
-7049
-4510
-3145
-2446
-2769
-4241
-5245
-5637
-6976
-7078
-3981
3
1411
-576
-3950
-6234
-6196
-4615
-2273
-913
-1995
-3711
-3621
-2376
-971
1450
3753
4302
4105
4886
6798
8747
9542
8975
8348
8069
9702
14999
20219
19326
12924
8097
7489
8938
8672
5339
1250
-365
-472
-2802
-8388
-14334
-16179
-11849
-5820
-2037
-374
-29
-1742
-3224
-2167
-658
-1959
-6229
-9549
-9185
-6552
-4927
-4610
-5031
-5638
-5656
-5293
-5905
-6284
-4442
-1136
839
40
-2645
-5695
-7256
-6362
-3251
-687
-1155
-3273
-3948
-2811
-1443
24
1832
3005
3767
5195
7486
9231
9422
9109
9183
9583
10306
14229
19463
19854
14582
9849
9112
9497
8589
5524
1559
-340
33
17
-4042
-11220
-16474
-14101
-6461
-507
1099
-983
-4561
-5722
-2410
905
-336
-5950
-11239
-11752
-8247
-5353
-4793
-5007
-5435
-5205
-4473
-4919
-6521
-5964
-2455
909
1499
-1665
-6230
-9016
-7868
-4081
-952
-1175
-3991
-5958
-5491
-2718
1047
4006
4822
4843
5876
7494
8786
9852
10890
11198
10705
9917
10873
14889
17915
15730
10967
8135
7581
8053
7604
4393
1456
828
187
-3001
-8495
-13977
-14106
-7655
-1544
234
-1180
-4570
-7088
-5135
-1286
-262
-3502
-8862
-12111
-10201
-6123
-3542
-2856
-3928
-5466
-5409
-4122
-3968
-4058
-2973
-911
589
-543
-4560
-8303
-8563
-5622
-1959
-801
-3399
-6748
-7116
-3835
1236
5516
6444
4709
4093
5987
9218
11244
11432
9787
8465
8225
8893
12050
15863
16362
12262
8658
7258
7076
7074
5681
4133
3705
3077
-973
-7486
-12826
-13636
-8475
-3213
-2357
-4341
-5742
-6229
-5087
-2827
-2227
-4184
-8039
-11223
-10491
-6259
-3323
-2560
-2657
-3195
-3852
-3597
-3481
-3677
-2688
-841
209
-1250
-4895
-8150
-8507
-6332
-3552
-2062
-3131
-5334
-5533
-2892
1207
4687
6014
5442
5307
6892
9208
11381
11801
10129
8350
8583
9312
10487
13255
14701
12725
9826
8317
7140
6742
6176
4046
2545
2268
402
-4061
-9425
-13244
-12378
-7637
-4627
-3855
-4011
-5199
-6277
-4899
-3132
-3607
-6287
-9654
-10285
-7273
-3997
-2950
-2987
-3771
-4094
-3111
-2544
-4007
-4769
-3117
-863
-332
-2241
-5665
-8097
-7951
-5608
-2763
-1501
-2354
-3193
-2365
-387
2507
5265
6460
6499
7021
8247
9682
10642
10654
10121
9626
8489
7935
10665
15414
17096
13624
9243
6956
6768
6861
5652
3463
1964
842
-2328
-7798
-13309
-15211
-11382
-6074
-3875
-4764
-6414
-7570
-6114
-2723
-1401
-3809
-8453
-11419
-10019
-5611
-3013
-2800
-3476
-3951
-3645
-3260
-4311
-5534
-4462
-2054
-150
-533
-3808
-7921
-9163
-6665
-2828
-694
-1711
-3695
-3688
-1109
2500
5415
6604
6270
6329
7648
9524
10566
10556
10402
10779
10999
10170
11235
15036
17397
14940
10557
7559
6713
7250
6381
3753
1567
-306
-3609
-7966
-12066
-14577
-12426
-7581
-4509
-3701
-3975
-5439
-6308
-4720
-2794
-2543
-5215
-9194
-10158
-7176
-4622
-3919
-3644
-3899
-4309
-4161
-4674
-5776
-5241
-3415
-1618
-1124
-3237
-7036
-9030
-7672
-4292
-607
679
-918
-2867
-2653
116
4312
7462
7706
6700
6267
6937
8475
9827
10070
9766
10051
10035
11107
14290
16605
14992
11573
9023
7729
7459
6648
4450
2533
1207
-1474
-5924
-10876
-14467
-13600
-8662
-4392
-2879
-3398
-4928
-6107
-4987
-3276
-2766
-4570
-7439
-8664
-7045
-5077
-4399
-3915
-3624
-3716
-4212
-5207
-6362
-5799
-3561
-1414
-1076
-3004
-6285
-8367
-7688
-4640
-1355
-61
-1219
-2801
-2884
-1153
1783
4795
6478
6548
6240
6249
7071
8781
10630
11376
11224
10539
10735
13300
16312
16124
12858
9587
7612
6923
6156
4045
1407
-217
-1379
-4180
-8872
-13217
-13245
-8718
-4023
-2209
-2730
-4316
-5896
-5321
-3116
-1817
-3533
-7392
-9696
-8133
-4696
-2578
-2144
-3428
-5124
-5600
-5222
-5561
-5832
-4579
-2300
-623
-1500
-4577
-7735
-8181
-5201
-705
1476
-288
-3441
-4636
-2337
2092
5519
5772
4020
3575
5683
8922
10808
10682
9629
8979
9377
10206
12068
14429
15044
12870
10399
8723
6530
4320
2977
2706
2925
1927
-1907
-7639
-12482
-13827
-10497
-5931
-4165
-4327
-4240
-4194
-4496
-3697
-2600
-2904
-5436
-8327
-8823
-6740
-4518
-3259
-2595
-3194
-4367
-4871
-4873
-4930
-3941
-1818
-103
-475
-3010
-5889
-6922
-5642
-3157
-1136
-1110
-2744
-4039
-3072
-228
2910
4974
5347
5325
6272
8349
9914
10746
10981
10579
9932
9440
10969
13899
15286
12949
9725
7633
6469
6237
5102
2557
606
33
-1744
-5517
-9845
-12774
-11123
-6632
-3656
-2962
-3403
-4869
-5707
-3794
-2165
-2666
-5463
-8498
-9368
-7360
-5194
-4509
-4451
-5128
-5470
-4848
-4405
-4975
-4428
-2566
-920
-580
-1844
-4403
-6274
-6000
-3849
-1138
-35
-1391
-3103
-3194
-1509
1625
4735
5744
5129
5482
7219
9605
11180
11279
10332
9726
9517
9429
11296
14158
14868
12463
9842
7934
6463
5196
3305
1675
1441
1280
-1195
-5762
-11193
-14124
-11359
-6013
-2913
-2463
-3450
-5425
-5934
-3923
-2281
-2994
-6477
-10021
-10367
-7128
-4502
-4209
-4881
-5459
-4905
-3877
-3885
-4878
-4156
-1835
104
57
-2614
-6227
-7966
-6327
-3130
-804
-1291
-3737
-5132
-3743
-168
3449
5275
5138
5387
7048
8912
10244
11096
11098
10452
10417
10607
11130
13078
15036
14325
11355
8317
5928
4979
4570
3326
1923
929
-1427
-4954
-8353
-11085
-10897
-6791
-2738
-1450
-2251
-4133
-5631
-4693
-3066
-2681
-4123
-7415
-10162
-9480
-6788
-5042
-4025
-4184
-5156
-5242
-4725
-4994
-5026
-3863
-2315
-1264
-2132
-4973
-7089
-6741
-4657
-2273
-1065
-1804
-3225
-3663
-2390
607
3907
5751
6215
6517
7018
7967
9492
10917
11829
12035
10892
9143
9866
13240
15234
13823
10821
7807
5793
5025
4134
2822
2422
1465
-1343
-5299
-9235
-11278
-8953
-4643
-2008
-1505
-3032
-5828
-6711
-5110
-3648
-3747
-6010
-9271
-10175
-8209
-6004
-4540
-4088
-4945
-5542
-4922
-4462
-4411
-3940
-2951
-2089
-1842
-3204
-5871
-7601
-6760
-4050
-1649
-1380
-3171
-4663
-3784
-683
3026
5544
6343
6546
7112
7992
9246
10683
11367
11256
10913
10124
9677
11507
14508
15333
12957
9342
6756
5797
5279
3843
2431
1593
364
-2415
-6664
-10759
-11255
-7359
-3167
-1825
-3159
-5283
-6198
-5071
-3396
-2928
-4637
-8220
-10910
-10137
-7186
-4951
-4520
-5165
-5541
-4917
-4246
-4617
-5438
-5171
-3264
-1205
-998
-3636
-7017
-8019
-5717
-2228
-231
-1261
-3862
-4543
-1906
2328
5467
6433
6110
6305
7819
9799
10972
11015
10652
10699
10720
9944
9645
11535
13891
13744
11268
8219
5676
4195
3949
4290
4454
2768
-893
-4934
-7955
-9501
-8444
-6039
-4800
-4750
-4712
-4844
-5293
-5270
-5031
-5180
-6678
-9160
-10490
-9277
-7139
-5352
-4524
-4883
-5544
-5160
-4504
-4289
-4030
-3383
-2284
-1171
-1657
-4240
-6555
-6791
-4741
-2003
-907
-2293
-3961
-3623
-838
3266
6209
6672
5950
6508
8565
10841
11871
11666
11398
11663
11235
9809
10019
13002
15627
14408
10294
6384
4567
4515
4472
3825
2690
684
-2084
-5371
-8854
-11000
-9238
-5621
-3725
-3911
-4647
-5404
-6144
-6309
-6102
-6135
-7615
-9970
-10467
-8383
-5997
-4940
-4852
-5307
-5456
-5059
-4891
-4905
-4261
-2656
-1298
-1071
-2988
-5676
-6759
-5478
-3121
-1453
-1383
-2728
-3395
-2156
621
3760
5985
6721
6966
8273
10406
12161
12528
12056
11623
11536
10897
9874
10554
12793
13665
11431
8434
6290
4954
4870
5287
4921
2840
-108
-3265
-6139
-8256
-8847
-6916
-4946
-5056
-6221
-6495
-6705
-7191
-6684
-5703
-6082
-8304
-10368
-10535
-8484
-6146
-5018
-5063
-5572
-5621
-4896
-4243
-4492
-4288
-2672
-1335
-1821
-3943
-6078
-6755
-5228
-2818
-1512
-2057
-3551
-3600
-1226
2374
5154
6854
7426
7556
8787
10909
12435
12605
12304
11813
11228
9893
8537
9751
13156
14873
13009
9394
5829
4004
4494
5177
4245
1936
-871
-3248
-4952
-6758
-8670
-8628
-7336
-6187
-5154
-4428
-5434
-6996
-7425
-6884
-6501
-7783
-10287
-10702
-7824
-4947
-3854
-4072
-5097
-5771
-4996
-4044
-3697
-3558
-3658
-3730
-3446
-4001
-5664
-6639
-5809
-3728
-1593
-972
-1691
-1836
-316
2646
5992
7806
7690
7757
9081
10764
11897
12029
11596
11006
10157
8411
6989
8267
11763
13671
11872
8265
5258
4612
5667
5785
4043
1746
-348
-1994
-3774
-6997
-9860
-9395
-7244
-5636
-5163
-5976
-8083
-8907
-7825
-6072
-5534
-7597
-10509
-10658
-7748
-5312
-4123
-3753
-3559
-3255
-2868
-3311
-4025
-4040
-3336
-2237
-1646
-2973
-5255
-6378
-5775
-4036
-1753
-601
-908
-812
671
3341
6163
7989
8470
9043
10160
11022
11298
11347
11206
10482
9212
7606
6839
8521
11654
12657
10360
7173
5168
4855
5299
4641
2692
991
-323
-2200
-4761
-8023
-10234
-9719
-7883
-7066
-6664
-6551
-7331
-7722
-7156
-6867
-7637
-9124
-10287
-9208
-6315
-4361
-3916
-3862
-3719
-3281
-2701
-2866
-3637
-3771
-3108
-2207
-1810
-2983
-5002
-5593
-4104
-2040
-699
-532
-877
-261
1864
4737
7057
7998
7794
8328
10168
11783
11810
11186
10644
9902
9195
8530
7733
8122
10557
12154
10356
6956
4446
3903
4799
5040
3366
1089
-863
-2876
-4860
-7312
-10105
-10654
-8954
-7729
-7636
-7623
-8358
-9205
-8542
-7047
-6599
-7661
-9651
-9917
-7185
-4139
-3002
-3032
-3350
-3765
-3307
-2839
-3198
-3611
-3351
-2979
-2584
-3107
-4675
-5789
-4920
-2987
-903
554
812
837
2310
4980
7401
8976
9540
9815
10765
11767
11798
11511
11229
10476
9302
7911
6528
7128
9995
11800
10211
6848
4242
4036
5390
5417
3013
576
-729
-1550
-3304
-6891
-10994
-12042
-9748
-7154
-6289
-7380
-9425
-10337
-9040
-7328
-6686
-7797
-9689
-9811
-6670
-3178
-2264
-3525
-4676
-4250
-2615
-2150
-3389
-4437
-3979
-2703
-1702
-2182
-4465
-6303
-5542
-2451
492
1532
831
527
2097
4935
7460
8542
8496
8775
10335
11904
11875
10586
9547
9171
8766
7784
6420
6250
8256
10378
10083
7811
5526
4205
4114
4347
3446
1743
-55
-1950
-4248
-7059
-10002
-11255
-10210
-8738
-7594
-6888
-7519
-8935
-8601
-6596
-5155
-5646
-7556
-8604
-7300
-4808
-2888
-1804
-1851
-2588
-2834
-2849
-3401
-3910
-3685
-3151
-2507
-2410
-3530
-4938
-5060
-3245
-401
1793
2218
1877
2306
3976
6435
8612
9733
10054
10199
10027
9331
8768
8615
8587
8162
7346
6020
5254
6590
9060
9959
8335
5700
3689
3570
4284
3963
2267
-84
-2649
-4757
-6860
-9756
-11604
-10783
-8877
-7528
-6934
-7766
-9467
-9727
-7979
-5779
-4898
-6022
-7272
-6189
-3665
-2086
-1542
-1680
-2257
-2572
-2594
-3078
-3496
-3169
-2585
-2062
-1944
-2784
-4095
-4650
-3622
-881
2401
4021
3490
2450
2880
5260
8236
10045
10415
9988
9377
8854
8645
8598
8233
7045
5396
3836
3150
4616
7729
9609
8787
6544
4442
3758
4291
4304
3014
1450
-582
-3090
-6009
-9629
-12699
-12380
-9987
-8224
-7730
-8112
-8962
-8399
-6328
-4568
-4214
-5322
-6602
-6077
-3963
-2380
-1620
-1442
-1798
-2226
-2312
-2835
-3614
-3808
-3064
-2098
-1851
-2873
-4239
-4373
-2665
-121
1872
2491
2008
1928
3390
5779
7832
8955
9076
8742
8539
7977
7371
7545
8080
7668
6521
5363
4487
5041
7303
9570
9490
7347
5052
4028
4020
3741
2391
201
-2050
-3866
-5422
-7541
-10392
-11887
-11082
-9077
-7560
-6978
-7373
-8177
-7836
-6163
-4237
-3840
-4729
-5289
-4175
-2276
-953
-805
-1396
-2082
-2669
-3225
-3879
-4574
-4864
-4077
-2578
-1761
-2537
-3838
-3551
-1150
1897
3883
4320
3877
3744
4969
7037
8550
8654
8205
8155
8130
7546
6880
6562
6244
5570
4613
3440
2849
4478
7973
10052
8698
5781
3803
3497
3811
3298
1560
-274
-1959
-4173
-7224
-10803
-13342
-12551
-9593
-7633
-7366
-7626
-8135
-7721
-5660
-3436
-2647
-3461
-4772
-4686
-2676
-900
-349
-411
-954
-1861
-2345
-2890
-3866
-4198
-2927
-1125
-394
-1597
-3317
-3413
-1309
1461
3508
4026
3143
2505
3443
5349
6805
7588
8049
8248
7812
6804
5938
5563
5600
5807
5751
4811
3745
4755
7691
9362
7563
4861
3807
4005
3759
2731
892
-1479
-3399
-4599
-6517
-9740
-12262
-11760
-9375
-7534
-7254
-7522
-7668
-7122
-5330
-2959
-2005
-3309
-4563
-3794
-1818
-779
-859
-1446
-2053
-2784
-3426
-4078
-4686
-5058
-4144
-2117
-1043
-2048
-3107
-2258
181
2748
4166
3998
3272
3357
4654
6408
7240
6972
6789
7014
6733
6049
5702
5868
6192
6210
5457
3931
2610
3368
6809
9993
9732
7015
4816
4203
4345
3810
1870
-646
-2391
-3608
-5308
-8392
-11963
-13345
-11337
-8476
-7067
-6917
-7227
-7094
-5411
-2698
-1325
-2278
-4157
-4501
-2738
-659
-253
-1250
-2150
-2643
-3026
-3554
-4309
-4793
-4016
-2181
-1165
-1753
-2910
-3115
-1736
473
2331
3141
3037
2764
3435
5344
6775
6941
6770
6733
6250
5408
5105
5249
5627
5523
4781
4013
3516
4111
6493
9222
9205
7281
5783
5031
4320
3203
1855
90
-2083
-4584
-6458
-8021
-10126
-11265
-10319
-8168
-6663
-5972
-5969
-6056
-5385
-3667
-1402
-999
-2345
-3191
-2198
-1211
-1165
-1526
-1951
-2531
-3588
-4408
-4601
-4404
-3950
-2752
-1589
-1690
-2390
-2159
-692
1098
2278
2882
3149
3390
3879
4770
5301
5444
5943
6632
6546
5604
4811
4692
5220
5527
5047
4158
3131
3180
5615
9068
10086
8138
5647
4190
3761
3122
1457
-628
-2151
-3516
-5325
-7814
-10874
-12613
-11323
-8458
-6359
-5378
-5009
-5121
-4803
-3718
-2347
-1586
-2175
-3160
-2678
-1267
-1315
-2184
-2431
-2396
-2726
-3241
-4043
-4647
-4126
-2640
-1161
-449
-1029
-1741
-1098
689
2335
3365
3771
3524
3526
4120
4826
5071
5310
5801
6100
5723
4738
4112
4493
5432
5840
5391
4538
4068
5031
7223
8661
7913
6052
4232
2914
2320
1702
-117
-2264
-4049
-5764
-7360
-8708
-10240
-10603
-9109
-7397
-6234
-5302
-5008
-4771
-3290
-1771
-1548
-2135
-2773
-2908
-1895
-1073
-1326
-1893
-2542
-3731
-4298
-3925
-3756
-3487
-2406
-1398
-1203
-1287
-1116
-178
1415
2577
3021
3348
3348
3136
3670
4596
5015
5340
5738
5241
4282
4017
4742
5671
5912
5214
4439
4069
3980
5055
7244
8507
7328
5018
3313
2963
3062
2248
162
-1962
-3612
-4753
-5987
-7989
-10119
-10198
-8134
-6192
-5492
-5427
-5395
-4905
-3679
-2330
-1554
-1936
-3143
-3567
-2242
-1189
-1589
-2361
-2682
-3126
-3590
-3852
-3960
-3686
-2706
-1349
-506
-850
-1812
-1678
26
2068
3171
3266
2632
2283
3277
5168
6095
5566
4686
4467
4805
5121
5058
4807
4737
4690
4683
4593
4395
4837
6684
8431
8162
6165
4284
3273
2986
2469
1035
-1247
-3548
-5365
-6358
-7266
-8581
-9441
-8674
-7013
-5686
-4879
-4520
-4495
-4023
-2617
-1302
-1309
-2687
-3732
-3296
-2071
-1524
-1659
-2048
-2600
-3351
-3773
-3839
-3694
-3200
-2208
-1371
-1248
-1519
-1312
-311
964
2110
2860
2884
2367
2456
3656
4999
5464
5302
5124
4963
4756
4571
4596
4789
4863
4787
4553
4066
3888
5153
7281
8235
7221
5492
3982
2824
1628
187
-1273
-2357
-3304
-4586
-6476
-8756
-10098
-9422
-7477
-5847
-4500
-3289
-2858
-3289
-3303
-2469
-1681
-1926
-2724
-2939
-2342
-1743
-1468
-1253
-1576
-2694
-3662
-3702
-3337
-2767
-1880
-897
-358
-296
-368
-42
727
1553
2295
2875
3087
3020
3277
3694
3858
3896
4281
4641
4406
3686
3303
3602
4081
4124
3744
3448
3496
4201
5664
6935
6389
4511
3079
2621
2259
1477
44
-1797
-3396
-4560
-5721
-7129
-8508
-8839
-7445
-5486
-4436
-4152
-3889
-3497
-2692
-1630
-1045
-1387
-1998
-2164
-1646
-917
-612
-1049
-1844
-2605
-3070
-3134
-2850
-2477
-2085
-1545
-1054
-764
-485
-11
493
1067
1658
2041
2161
2286
2579
3189
3823
4119
4351
4636
4413
3711
3431
3886
4615
5052
4804
3986
3369
3887
5641
7073
6555
4670
3238
2706
2290
1374
49
-1350
-2502
-3585
-4988
-6989
-8991
-9540
-7960
-5554
-4037
-3705
-3948
-4015
-3382
-2057
-1037
-1039
-1781
-2030
-1582
-1057
-1161
-1650
-2259
-2753
-2995
-3081
-3194
-3140
-2330
-1003
75
123
-507
-1105
-888
174
1712
2751
2868
2442
2383
2852
3261
3412
3729
4283
4525
4420
4137
3784
3430
3636
4353
4687
4061
3626
4743
6525
6787
5300
3777
2977
2479
1830
488
-1634
-3536
-4213
-4472
-5770
-7962
-9176
-8270
-6425
-4987
-3978
-3254
-3209
-3144
-2180
-1060
-919
-1626
-2263
-2367
-1792
-1149
-1077
-1561
-2341
-3009
-3160
-3024
-3055
-2595
-1395
-360
-37
-161
-386
-238
700
1956
2810
2934
2454
2187
2657
3448
4118
4758
5119
4872
4460
4228
4261
4466
4750
4754
4447
3831
3611
4715
6333
6652
5173
3347
2328
2152
1536
-251
-2335
-3584
-3800
-3999
-5457
-8116
-9694
-8661
-6403
-4725
-4068
-3666
-3201
-2805
-2636
-2352
-2020
-2162
-2294
-2012
-1570
-1732
-2128
-2427
-2399
-2170
-2205
-2568
-2817
-2503
-1739
-749
-152
-160
-354
-153
598
1593
2176
2126
1991
2470
3285
3863
3951
3989
4312
4642
4645
4377
4131
3844
3640
3644
3868
4086
4462
5271
6016
5815
4629
3379
2659
2340
1961
908
-1005
-3088
-4467
-4955
-5341
-6357
-7274
-7009
-5843
-4698
-3914
-3469
-2982
-2288
-1616
-1351
-1652
-2302
-2669
-2392
-1811
-1385
-1338
-1553
-1832
-2020
-2240
-2576
-2763
-2312
-1405
-627
-451
-790
-893
-231
765
1384
1360
1040
1140
1743
2461
3049
3408
3489
3505
3598
3850
4088
4185
4165
4136
4098
4109
4043
4186
5100
6301
6247
4585
2979
2502
2402
1568
37
-1682
-2831
-3289
-3717
-4898
-6633
-7942
-7474
-5559
-3864
-2995
-2486
-2599
-3110
-2774
-1500
-528
-616
-1136
-1456
-1688
-2126
-2238
-1722
-1265
-1496
-2109
-2722
-3288
-3284
-2379
-1146
-582
-837
-1290
-1103
-106
1109
1870
1948
1603
1432
1819
2410
3039
3825
4425
4372
4066
3859
3663
3427
3498
3827
3972
3667
3458
4233
5520
5496
4083
3076
2857
2487
1783
818
-532
-1643
-2253
-3200
-5131
-7155
-7760
-6257
-4288
-3567
-3405
-2921
-2951
-3250
-2318
-813
-499
-1293
-1866
-1903
-1713
-1566
-1152
-535
-415
-1205
-2229
-3003
-3304
-2514
-932
-83
-712
-1665
-1933
-1383
-381
572
1109
1198
1123
1246
1616
2120
3082
4359
4941
4222
3172
2898
3533
4382
4910
4791
4043
3071
2952
3951
4977
4901
4102
3286
2603
1926
1125
42
-1091
-1887
-2578
-3608
-4981
-6176
-6634
-6165
-5285
-4144
-2832
-2028
-2378
-2919
-2671
-1844
-1276
-1110
-1212
-1398
-1475
-1519
-1498
-1466
-1468
-1583
-1881
-2492
-2897
-2566
-1737
-1122
-826
-776
-882
-669
178
1058
1338
1295
1428
1818
2240
2771
3462
4124
4308
4116
3919
3663
3274
3299
3958
4419
4074
3491
3809
4889
5331
4438
3087
2388
2219
1963
1259
280
-887
-2114
-3478
-4940
-6263
-6745
-6274
-5422
-4720
-3913
-3034
-2464
-2430
-2601
-2314
-1680
-1559
-1996
-1991
-1539
-1196
-1062
-972
-1109
-1341
-1720
-2375
-2757
-2362
-1560
-984
-787
-965
-1110
-879
-364
209
856
1210
1207
1338
1806
2304
3037
4068
4743
4619
4191
4027
4338
4912
5132
4626
3714
3111
3059
3484
4013
4325
4141
3580
2843
2128
1519
1038
233
-932
-2080
-2944
-3952
-5198
-6414
-6829
-6234
-5253
-4736
-4404
-3725
-2869
-2316
-1960
-1643
-1447
-1467
-1668
-1935
-2069
-1867
-1415
-1074
-1225
-1667
-1999
-2150
-2242
-1900
-1239
-958
-1210
-1315
-1043
-581
40
779
1244
1275
1202
1530
2288
3056
3769
4395
4465
4042
3886
4085
4229
4343
4492
4262
3531
2929
3237
4343
4833
3949
2873
2728
2852
2410
1350
-63
-1273
-1745
-2006
-3067
-4978
-6555
-6530
-5055
-3792
-3529
-3397
-2941
-2470
-1941
-1324
-1315
-1839
-1980
-1278
-471
-494
-1288
-1835
-1575
-1210
-1201
-1593
-2283
-2936
-2769
-1851
-1140
-1229
-1745
-1832
-1217
-289
328
417
254
377
1128
2059
2689
3096
3566
4045
4311
4267
4028
3891
3862
3925
3862
3537
3247
3631
4503
4590
3613
2444
1734
1430
1488
1423
709
-512
-1750
-2931
-4297
-5787
-6618
-5871
-4117
-2931
-2678
-2690
-2715
-2552
-1793
-947
-877
-1395
-1770
-1671
-1047
-381
-423
-1128
-1764
-1849
-1439
-1190
-1541
-1853
-1421
-768
-685
-1311
-2069
-2142
-1006
654
1578
1353
520
107
740
1917
2916
3697
4234
4323
4246
4265
4111
3784
3597
3584
3484
3063
2338
2052
2797
3618
3326
2149
1104
692
1017
1418
710
-925
-2226
-2809
-3464
-4405
-5234
-5229
-4522
-4086
-4167
-3810
-2758
-1851
-1355
-1125
-1307
-1665
-1743
-1483
-1135
-752
-646
-885
-1227
-1321
-1036
-626
-585
-1147
-1716
-1797
-1484
-1087
-769
-577
-335
127
464
438
371
570
1072
1879
2986
3867
4215
4173
4158
4164
4031
3784
3727
3921
3803
3206
2698
2783
3025
3005
2478
1642
1044
1092
1344
956
-132
-1313
-2067
-2550
-3323
-4137
-4563
-4607
-4580
-4236
-3484
-2785
-2443
-2555
-2557
-2088
-1314
-894
-871
-963
-857
-492
-304
-679
-1361
-1691
-1587
-1485
-1697
-2186
-2441
-2120
-1341
-612
-332
-511
-746
-509
138
772
1078
1192
1247
1502
2119
2972
3648
3921
4029
4074
4038
3769
3550
3417
3073
2524
2468
3151
3619
3233
2585
2431
2432
2126
1642
1079
295
-600
-1472
-2526
-3874
-4806
-4719
-4060
-3793
-3785
-3325
-2553
-2140
-1843
-1241
-814
-1064
-1694
-2192
-2444
-2224
-1527
-744
-588
-1107
-1756
-2051
-2024
-1906
-1601
-1197
-1028
-1109
-1236
-1370
-1464
-1239
-678
-67
388
569
643
1079
2114
3316
4307
4775
4644
4169
3817
3879
4320
4838
4773
3842
2487
1663
2046
3221
3747
2882
1660
1316
1741
1857
1107
-51
-808
-1109
-1755
-3094
-4521
-4995
-4119
-2690
-1902
-2239
-3036
-3534
-3144
-1867
-672
-630
-1889
-3330
-3821
-3091
-2157
-2020
-2364
-2457
-2223
-2089
-2237
-2559
-2718
-2417
-1767
-1210
-1271
-1808
-1984
-1109
359
1305
1379
964
861
1578
2951
4159
4582
4423
4211
4186
4121
4020
4061
4265
4384
4173
3597
2894
2656
3251
4128
4356
3737
2839
2161
1814
1655
1212
-10
-1600
-2554
-2546
-2345
-2663
-3117
-3027
-2423
-2112
-2439
-3097
-3618
-3485
-2484
-1507
-1891
-3382
-4303
-3853
-2938
-2512
-2600
-2760
-2768
-2607
-2369
-2426
-3043
-3711
-3537
-2601
-1866
-1816
-1974
-1780
-1055
14
906
1300
1537
2132
3135
4176
4814
4857
4521
4267
4299
4489
4510
4201
3785
3278
2654
2431
3221
4288
4540
3992
3386
2936
2596
2414
2322
1951
1047
-153
-1340
-2496
-3573
-3700
-2632
-1545
-1513
-1973
-2309
-2770
-3287
-3051
-2189
-1903
-2890
-4141
-4393
-3786
-3457
-3575
-3579
-3313
-2928
-2452
-2349
-2787
-2964
-2187
-1233
-1361
-2444
-3294
-3020
-1956
-714
390
1253
1648
1902
2335
2994
3655
4345
5039
5423
5291
4741
3908
3057
2746
3151
3689
3556
3046
2831
3144
3573
3539
2939
2410
2434
2637
2279
1162
-84
-745
-814
-1147
-2101
-3105
-3494
-3191
-2480
-2075
-2371
-2941
-3099
-2845
-2592
-2551
-2798
-3098
-3048
-2625
-2455
-2948
-3667
-3706
-2910
-2182
-2355
-2994
-3157
-2675
-1857
-997
-559
-851
-1379
-1348
-503
768
1820
2355
2562
2739
2997
3422
3911
4191
4433
4812
4883
4302
3452
2867
2678
2765
2913
2870
2673
2552
2659
2860
2802
2354
1910
1739
1555
1143
540
-259
-1112
-1747
-2401
-3413
-4171
-3916
-3059
-2643
-2997
-3494
-3524
-3360
-3423
-3478
-3205
-2876
-2762
-2767
-2873
-3141
-3344
-3264
-3019
-2708
-2346
-2013
-1882
-1940
-1846
-1380
-857
-644
-527
12
924
1737
2335
2874
3374
3757
4045
4382
4690
4779
4731
4750
4638
4047
3329
3223
3581
3597
3006
2392
2315
2541
2485
2066
1695
1774
2114
2094
1309
195
-420
-453
-637
-1453
-2514
-3183
-3387
-3555
-3904
-4132
-3905
-3506
-3484
-3865
-4114
-3874
-3324
-2827
-2636
-2859
-3429
-3927
-3880
-3301
-2650
-2284
-2214
-2251
-2298
-2258
-2053
-1690
-1210
-510
441
1260
1558
1559
1782
2345
3108
3910
4583
4974
5144
5321
5439
5165
4524
3947
3768
3981
4420
4634
4028
2670
1559
1471
1852
1732
1231
1152
1577
1742
1081
-231
-1487
-1931
-1452
-978
-1553
-2966
-3954
-3874
-3429
-3448
-3890
-4349
-4645
-4664
-4246
-3569
-3053
-2863
-2846
-2889
-3096
-3422
-3568
-3310
-2726
-2180
-1998
-2165
-2328
-2040
-1122
165
1294
1844
1895
1847
2024
2468
3047
3649
4137
4347
4311
4165
4007
3864
3749
3721
3654
3460
3258
3068
2700
2055
1466
1310
1475
1547
1385
1224
1176
980
465
-74
-206
26
75
-522
-1626
-2699
-3312
-3327
-2960
-2607
-2532
-2721
-3024
-3396
-3734
-3670
-2991
-1936
-1085
-861
-1256
-2018
-2595
-2357
-1327
-364
-387
-1292
-2143
-2351
-2060
-1612
-1047
-388
71
178
241
648
1322
2012
2665
3202
3231
2634
2054
2086
2570
2925
2897
2574
1973
1365
1352
2034
2658
2506
1818
1242
926
709
553
523
555
546
518
346
-173
-783
-931
-416
229
284
-333
-1180
-1764
-1900
-1862
-1942
-2094
-1980
-1405
-793
-761
-1385
-1995
-1852
-1011
-197
-72
-610
-1247
-1582
-1647
-1690
-1740
-1648
-1377
-1038
-823
-804
-802
-536
40
659
1008
1047
993
1035
1248
1623
1997
2087
1770
1285
971
925
1005
1080
1056
865
654
606
682
596
257
10
92
383
620
657
548
306
9
-265
-532
-700
-643
-286
147
227
-110
-579
-792
-682
-527
-358
-35
436
690
414
-79
-265
-28
335
495
434
246
42
-50
-136
-408
-809
-1004
-848
-650
-684
-809
-737
-439
-136
51
131
113
112
336
767
1066
967
555
175
-18
-139
-293
-433
-482
-525
-718
-1059
-1374
-1446
-1208
-717
-160
179
203
-10
-244
-380
-436
-338
-97
156
194
-102
-530
-782
-643
-154
413
788
899
920
1040
1175
1030
600
315
539
1098
1423
1247
930
922
1215
1356
1034
433
-28
-85
138
286
146
-174
-421
-524
-545
-482
-198
317
791
954
778
409
-16
-380
-587
-654
-722
-903
-1173
-1339
-1310
-1175
-1073
-1097
-1221
-1349
-1341
-1156
-865
-632
-589
-700
-797
-783
-700
-591
-424
-163
100
236
244
242
371
633
855
909
830
769
845
985
1092
1164
1244
1356
1351
1104
715
461
523
758
838
594
157
-160
-158
70
255
239
124
133
365
645
770
709
599
543
464
259
-42
-254
-271
-241
-334
-564
-774
-810
-740
-737
-874
-1072
-1198
-1238
-1196
-1092
-937
-795
-819
-1012
-1264
-1401
-1320
-1092
-822
-611
-521
-526
-605
-723
-785
-687
-378
27
381
622
770
890
982
974
893
852
975
1223
1385
1282
931
616
548
625
653
580
558
715
935
968
776
614
700
959
1104
993
743
584
620
694
708
664
556
359
34
-335
-548
-505
-369
-398
-681
-1091
-1459
-1658
-1676
-1563
-1323
-1082
-980
-1056
-1248
-1335
-1201
-985
-832
-885
-1104
-1346
-1526
-1547
-1369
-1031
-587
-174
119
291
385
475
607
788
1027
1288
1464
1453
1243
934
695
616
688
846
1022
1170
1309
1442
1508
1487
1360
1154
963
905
1024
1189
1228
1119
939
816
740
570
288
16
-146
-180
-181
-254
-466
-849
-1333
-1766
-1972
-1939
-1813
-1729
-1677
-1570
-1454
-1479
-1712
-2007
-2045
-1740
-1361
-1224
-1425
-1743
-1872
-1694
-1337
-958
-608
-308
-55
159
341
568
889
1203
1393
1422
1384
1379
1437
1506
1531
1538
1516
1460
1385
1312
1334
1446
1589
1707
1721
1639
1482
1319
1271
1336
1379
1296
1069
804
590
369
64
-313
-647
-784
-755
-693
-717
-829
-940
-1069
-1284
-1604
-1909
-1989
-1809
-1569
-1485
-1626
-1820
-1864
-1753
-1604
-1521
-1462
-1332
-1160
-981
-809
-625
-403
-197
-57
22
113
284
509
752
979
1189
1380
1496
1471
1359
1185
1009
898
835
844
921
1016
1085
1018
829
627
525
584
714
807
843
838
804
697
485
214
-44
-206
-275
-303
-307
-333
-386
-483
-609
-701
-773
-831
-868
-856
-726
-551
-457
-491
-672
-854
-912
-845
-683
-558
-501
-498
-553
-602
-637
-611
-417
-101
200
310
182
8
-20
164
430
603
647
587
504
408
307
272
313
410
485
458
349
219
149
228
390
510
514
425
370
415
498
531
487
423
389
348
274
155
25
-51
-68
-51
-77
-142
-188
-180
-148
-150
-208
-295
-333
-324
-319
-377
-496
-615
-685
-699
-688
-658
-625
-612
-598
-569
-489
-382
-316
-263
-168
-29
100
149
119
102
143
240
338
391
386
359
348
348
326
266
209
203
240
279
298
293
298
319
351
379
394
391
360
333
319
295
246
145
25
-47
-69
-63
-92
-159
-230
-280
-276
-258
-242
-249
-261
-250
-244
-264
-307
-326
-294
-266
-248
-269
-336
-399
-423
-379
-305
-241
-204
-180
-151
-131
-90
-26
59
150
229
295
313
288
273
286
305
308
297
286
277
294
314
299
266
233
237
291
352
404
434
409
326
230
153
124
143
179
202
154
35
-107
-212
-254
-237
-178
-115
-84
-110
-186
-272
-338
-363
-368
-350
-334
-369
-401
-417
-433
-464
-544
-630
-676
-642
-526
-413
-347
-316
-295
-243
-167
-114
-70
3
159
374
529
550
471
392
382
439
500
521
522
531
545
543
510
438
406
445
534
633
669
645
569
476
403
337
280
229
192
159
113
5
-149
-280
-352
-349
-336
-372
-444
-532
-602
-652
-710
-763
-811
-820
-786
-754
-758
-820
-908
-970
-985
-938
-837
-718
-619
-539
-460
-387
-306
-187
-29
186
417
603
707
739
729
722
742
776
832
874
928
973
979
991
997
1024
1072
1094
1107
1076
1003
897
776
692
618
548
479
383
287
180
70
-8
-72
-140
-231
-368
-513
-656
-781
-878
-970
-1032
-1068
-1072
-1067
-1104
-1175
-1248
-1296
-1294
-1268
-1254
-1241
-1231
-1192
-1119
-1031
-918
-794
-640
-455
-263
-87
37
122
210
325
454
552
621
680
759
859
945
998
1033
1085
1161
1221
1219
1208
1217
1251
1296
1254
1155
1058
1014
1018
970
835
671
570
532
464
303
104
-22
-42
-67
-204
-389
-507
-512
-485
-566
-732
-858
-868
-819
-861
-1024
-1168
-1176
-1113
-1136
-1272
-1366
-1309
-1186
-1153
-1211
-1215
-1066
-853
-735
-719
-658
-470
-246
-111
-75
-13
153
340
450
483
533
658
792
856
856
877
963
1053
1077
1056
1063
1112
1155
1143
1110
1093
1086
1062
998
930
869
796
705
616
539
464
360
225
103
6
-78
-186
-333
-451
-516
-579
-681
-823
-933
-968
-990
-1055
-1147
-1202
-1194
-1165
-1173
-1205
-1191
-1120
-1039
-981
-956
-898
-788
-677
-585
-510
-425
-300
-188
-101
-3
104
223
335
423
497
584
690
775
825
868
916
986
1041
1044
1030
1009
1016
1047
1024
958
897
853
837
793
689
577
495
442
371
278
172
64
-26
-122
-203
-287
-390
-483
-578
-653
-711
-805
-901
-955
-956
-937
-962
-1021
-1053
-1020
-927
-846
-836
-845
-807
-695
-554
-461
-414
-352
-235
-81
31
87
150
267
413
524
575
604
652
734
805
834
850
866
894
919
921
899
854
806
783
755
707
630
529
459
413
364
289
178
76
-12
-77
-117
-171
-242
-325
-410
-493
-584
-683
-744
-755
-736
-734
-775
-844
-920
-978
-1008
-998
-936
-852
-795
-755
-738
-717
-694
-680
-627
-512
-333
-167
-38
39
57
73
122
201
323
489
658
793
851
836
776
746
773
865
993
1097
1156
1149
1081
970
854
794
779
817
865
878
837
706
523
339
186
109
94
104
100
31
-100
-265
-441
-590
-689
-743
-768
-783
-815
-874
-971
-1080
-1169
-1240
-1263
-1242
-1185
-1105
-1038
-983
-947
-910
-857
-786
-690
-577
-460
-341
-222
-109
5
97
181
255
340
424
513
611
703
787
839
869
883
896
915
941
987
1037
1070
1086
1061
1024
978
930
891
863
829
783
713
620
519
414
312
227
138
35
-76
-195
-296
-394
-489
-570
-647
-732
-831
-925
-987
-1045
-1080
-1107
-1138
-1155
-1199
-1231
-1231
-1215
-1174
-1117
-1044
-955
-877
-777
-682
-594
-500
-403
-293
-170
-38
92
213
303
396
482
571
670
769
864
950
1028
1093
1131
1155
1186
1195
1187
1171
1149
1144
1120
1075
1027
954
876
792
704
625
542
452
338
215
97
-22
-133
-244
-342
-433
-535
-638
-742
-838
-899
-960
-1010
-1054
-1103
-1129
-1154
-1160
-1138
-1109
-1068
-1019
-974
-913
-834
-744
-648
-554
-450
-347
-247
-152
-64
41
141
229
312
385
456
517
571
628
678
716
741
762
789
800
798
801
781
747
719
684
650
596
532
485
415
354
295
229
183
118
56
4
-58
-107
-159
-224
-278
-325
-369
-411
-453
-473
-479
-486
-510
-527
-532
-533
-517
-504
-494
-466
-423
-377
-327
-278
-231
-185
-141
-89
-38
8
61
105
141
184
224
241
255
261
267
295
309
327
337
334
336
315
297
270
240
230
232
234
217
195
168
130
95
74
64
55
39
11
-18
-50
-78
-116
-144
-154
-162
-165
-163
-156
-165
-189
-210
-229
-247
-259
-253
-242
-233
-232
-229
-220
-223
-223
-213
-191
-159
-120
-93
-75
-62
-56
-47
-28
9
54
105
145
165
169
168
172
188
225
249
258
269
270
259
240
233
236
230
243
246
239
233
211
179
155
147
137
125
120
117
98
79
56
13
-35
-86
-129
-159
-173
-181
-184
-177
-192
-244
-309
-369
-409
-424
-410
-364
-314
-273
-275
-316
-348
-381
-402
-405
-363
-275
-174
-90
-34
-7
1
-6
-14
-6
39
120
203
269
331
370
388
385
361
360
376
409
460
498
528
545
534
518
484
440
410
378
369
355
327
306
257
206
147
79
26
-31
-73
-109
-145
-181
-230
-286
-339
-393
-431
-456
-493
-536
-573
-601
-623
-638
-644
-641
-623
-594
-566
-549
-531
-496
-459
-419
-369
-303
-230
-154
-86
-35
25
79
128
178
241
310
374
424
454
475
491
510
511
516
537
554
553
542
534
515
509
484
452
444
406
378
350
302
284
253
224
197
140
89
41
-21
-51
-90
-147
-175
-232
-275
-308
-377
-401
-433
-457
-447
-483
-497
-512
-553
-535
-531
-515
-466
-466
-428
-377
-364
-312
-281
-259
-187
-157
-120
-66
-53
-6
23
37
92
121
162
228
243
274
312
324
368
388
396
420
412
420
425
396
400
387
375
363
325
310
292
263
241
216
195
169
119
76
35
-17
-58
-80
-111
-132
-165
-212
-240
-274
-293
-310
-332
-332
-343
-363
-359
-339
-326
-303
-295
-272
-225
-205
-186
-168
-133
-94
-67
-39
-18
6
35
57
83
106
125
141
152
166
178
196
214
214
223
229
224
215
201
198
196
184
178
159
128
111
87
65
51
26
7
-9
-25
-48
-74
-84
-98
-129
-146
-153
-161
-159
-165
-170
-167
-174
-169
-164
-157
-143
-125
-109
-104
-107
-109
-86
-61
-41
-33
-26
-11
-2
7
25
44
64
85
102
122
135
138
130
115
124
142
154
159
163
183
180
158
134
101
96
100
102
109
99
97
90
66
39
4
-21
-28
-34
-34
-34
-51
-69
-104
-142
-164
-172
-158
-142
-128
-118
-133
-157
-181
-209
-215
-202
-181
-146
-122
-113
-113
-121
-125
-118
-95
-55
-12
15
19
14
22
30
41
64
92
127
150
162
170
171
187
200
190
185
188
198
214
212
205
192
187
178
147
125
117
109
110
89
54
33
-2
-29
-52
-68
-79
-91
-99
-121
-143
-165
-183
-188
-203
-220
-214
-197
-192
-197
-209
-197
-173
-164
-156
-150
-128
-109
-120
-123
-120
-116
-84
-50
-21
12
40
61
76
84
87
95
111
113
121
132
135
141
144
145
160
184
216
235
241
236
218
218
199
171
145
109
86
65
39
12
4
17
31
23
17
17
5
-15
-40
-69
-98
-117
-140
-165
-188
-198
-197
-204
-203
-205
-209
-185
-160
-138
-136
-148
-161
-171
-183
-199
-195
-173
-147
-125
-105
-77
-47
-27
-4
19
47
83
102
118
126
124
130
128
132
131
130
149
174
202
218
222
229
230
226
222
212
212
201
173
147
123
94
74
76
70
71
66
58
46
27
14
-1
-22
-48
-69
-92
-121
-144
-157
-163
-165
-165
-164
-169
-172
-171
-167
-167
-180
-183
-187
-185
-179
-179
-173
-165
-159
-139
-122
-107
-92
-76
-47
-22
-4
2
10
31
44
53
71
78
83
103
106
105
112
112
115
115
120
146
149
147
153
148
151
143
127
110
98
101
103
101
88
68
62
52
35
33
28
20
13
-6
-19
-36
-61
-86
-105
-104
-95
-88
-87
-98
-102
-118
-132
-121
-114
-111
-108
-101
-80
-77
-86
-78
-60
-38
-25
-22
-15
-13
-17
-5
20
47
63
61
65
66
60
65
69
75
86
84
83
71
60
41
23
28
26
35
32
24
32
29
22
16
-4
-9
-12
-19
-18
-24
-29
-39
-49
-64
-58
-39
-39
-46
-46
-33
-29
-23
-18
-18
-12
-16
-21
-16
-8
-7
-8
-2
13
19
19
18
18
19
10
11
14
10
19
21
18
19
16
32
32
29
42
34
27
19
25
27
17
15
11
9
-2
-17
-28
-25
-26
-33
-33
-31
-26
-37
-40
-39
-43
-44
-38
-35
-36
-32
-37
-43
-40
-28
-28
-35
-43
-36
-29
-17
-9
7
27
32
42
34
32
38
40
41
38
47
46
34
25
27
36
38
47
63
65
67
67
69
69
51
39
33
33
24
7
-8
-15
-16
-23
-19
-9
-10
-3
-7
-18
-22
-40
-45
-46
-44
-43
-45
-40
-39
-35
-36
-40
-38
-35
-39
-44
-37
-30
-25
-29
-38
-36
-27
-32
-46
-43
-26
-5
10
10
4
4
0
-5
-13
-2
17
16
26
26
11
16
12
9
20
31
40
45
49
52
51
47
38
35
38
42
32
35
31
26
24
14
21
22
12
11
14
16
10
0
2
3
-2
-16
-33
-29
-22
-35
-39
-33
-15
-4
-11
-11
-12
-12
-14
-21
-19
-21
-29
-29
-25
-29
-26
-28
-25
-25
-24
-9
-7
-3
-4
-11
-9
-7
-9
-5
0
5
3
2
6
-1
2
11
2
3
5
9
10
-1
6
16
34
35
20
23
19
17
16
7
19
26
21
12
8
18
16
20
29
17
14
20
18
13
0
-1
0
-9
-9
-15
-11
0
-1
2
6
-7
-18
-22
-23
-24
-37
-29
-13
-16
-18
-17
-7
-6
-14
-8
0
7
20
13
-2
-7
-14
-13
-17
-21
-11
8
11
1
-9
-12
4
2
4
6
0
4
-7
-6
0
-4
-6
-10
-7
-2
-2
-7
3
5
5
6
3
2
3
2
5
12
6
-3
1
9
16
15
11
12
7
5
11
14
11
16
14
9
2
-2
11
18
21
10
6
3
-1
-1
-5
0
3
13
10
-7
-1
7
-1
-9
-6
3
10
5
-7
-12
-18
-22
-28
-30
-22
-20
-18
-13
-8
-5
-3
-8
-1
-3
-11
2
-5
-14
-20
-18
-10
-11
-4
-3
1
6
0
8
15
8
11
6
1
-5
-7
-1
-1
-6
2
14
15
16
14
9
14
22
26
17
17
19
7
-3
0
-2
4
13
5
16
17
1
3
-4
-9
-10
-8
0
-7
-9
-2
-10
-5
3
0
1
-5
-7
-11
-16
-10
-19
-13
-1
-21
-23
-13
-10
-5
-8
-16
-18
-14
-14
-15
-10
-1
-2
-1
1
-9
-1
1
6
19
15
15
15
14
14
7
5
7
7
15
16
15
22
16
20
18
23
41
34
37
33
23
22
3
0
-3
-3
8
4
13
17
11
13
2
-4
-7
-19
-18
-17
-13
-16
-33
-40
-40
-33
-28
-30
-27
-22
-32
-32
-38
-37
-23
-25
-28
-33
-34
-36
-41
-34
-17
-9
1
-11
-15
-13
-10
3
3
15
26
30
38
36
36
37
33
32
40
40
35
38
30
37
44
39
49
41
38
35
8
1
4
16
26
16
16
13
-1
-12
-16
-11
-4
0
2
-5
-10
-12
-17
-29
-37
-37
-33
-19
-21
-24
-21
-33
-29
-31
-29
-29
-31
-22
-20
-18
-20
-27
-20
-1
7
3
-5
-12
-11
-15
-7
3
7
10
-6
-6
-1
0
0
1
17
21
25
14
17
28
19
18
14
20
25
30
30
21
22
15
21
31
22
18
9
12
20
14
8
-3
1
2
7
14
9
1
-14
-19
-21
-20
-7
0
0
-1
-14
-22
-24
-35
-33
-14
-2
-2
-8
-12
-8
-11
-19
-22
-21
-9
-13
-18
-15
-15
-11
-13
-14
4
0
-13
-12
-12
-3
6
-1
7
12
10
11
2
-1
8
18
18
19
21
13
9
10
8
12
16
12
14
14
8
11
12
23
27
14
10
-2
-9
-7
-15
-11
3
1
4
1
6
11
3
5
-6
0
1
-9
-14
-13
-11
-19
-16
-15
-4
-7
-15
-10
-11
-2
-9
-14
-10
-3
1
-11
-17
-13
-4
-1
-9
-1
9
4
-12
-17
-4
10
13
10
16
20
17
1
0
11
8
3
1
3
5
3
9
12
7
3
-3
-5
-3
-7
-12
-11
-17
-9
1
9
14
6
12
19
16
22
14
9
-8
-20
-2
-4
0
4
8
20
17
10
13
9
3
1
-2
6
2
-8
-8
-21
-20
-10
-7
3
6
7
8
-7
-9
-10
-14
-12
-19
-19
-17
-25
-25
-17
-12
-5
-7
-7
-2
-2
-1
-9
-18
-5
-4
-5
-4
-3
-2
-7
0
11
1
3
9
11
12
-2
-6
-9
2
3
3
13
15
24
27
25
18
8
11
16
12
8
5
0
10
16
18
21
25
24
10
2
4
11
17
16
8
4
-2
-3
-13
-20
-5
9
7
12
6
-4
-21
-36
-31
-22
-17
-19
-20
-22
-22
-27
-22
-19
-10
-12
-21
-20
-22
-20
-21
-17
-13
-5
-2
-7
-1
-1
4
9
4
15
20
15
18
12
13
13
6
11
17
22
21
23
22
19
20
15
9
16
17
11
9
4
9
10
11
16
13
4
-6
-4
-1
-3
-2
5
-6
-6
2
-3
-1
-12
-23
-22
-19
-17
-19
-14
-17
-22
-22
-22
-16
-11
-14
-8
-1
0
-8
-19
-23
-22
-17
-17
-18
-17
-1
6
-11
-10
-9
2
8
3
7
16
23
14
12
15
18
16
7
10
16
22
28
34
28
16
11
4
8
15
15
26
23
18
21
11
14
9
3
9
-4
3
2
-11
-14
-18
-9
-6
-10
-8
-3
-4
-6
-10
-3
-6
-15
-18
-27
-22
-20
-12
1
0
5
4
-5
0
-2
-4
-9
-10
-9
-9
-11
-5
6
7
9
5
2
5
0
-6
-15
-25
-14
-8
-23
-26
-17
-9
-3
-8
-7
-3
0
2
-2
3
2
-3
-5
-13
-8
-10
-4
4
7
14
16
18
20
11
9
10
7
10
6
14
28
31
24
18
20
16
10
6
16
27
20
14
1
-5
-1
-11
-5
4
10
17
7
8
2
-3
-11
-28
-24
-17
-12
-11
-5
-1
2
-1
-7
-4
-7
-11
-15
-8
7
2
-12
-11
-6
-9
-12
-17
-11
1
2
-3
-4
-5
-5
0
0
1
-12
-13
-4
5
10
1
6
5
5
-9
-13
-9
-3
5
3
0
6
11
8
10
14
21
23
11
0
0
1
-8
-6
-2
1
0
-10
-7
-8
-4
5
-3
-2
1
-6
-3
-11
-13
-10
-7
5
3
-1
-1
-14
-18
-13
-11
3
20
24
12
-4
-11
-6
2
3
10
16
18
3
-16
-9
0
6
19
15
9
-5
-4
0
0
12
9
5
1
-9
-6
2
5
11
2
3
10
6
7
-5
-1
5
5
5
7
6
11
4
-9
-10
-13
-4
3
8
17
17
20
12
0
0
-7
0
-1
-16
-9
-14
-14
-10
-24
-20
-13
-8
-4
-10
-7
-12
-17
-11
-5
-3
0
7
8
10
8
1
-4
-6
3
0
4
2
-2
-4
-13
-9
-13
-16
-9
-4
1
-1
-5
7
8
-2
-4
-11
-7
-6
-4
9
9
6
4
3
8
7
1
6
8
10
12
7
6
5
12
4
-6
0
4
7
5
8
13
9
-2
2
0
-6
-3
3
5
7
8
7
2
10
11
3
5
-2
1
2
5
4
-1
-8
-10
5
15
8
3
11
15
5
-1
10
7
5
8
11
7
-5
-12
-19
-9
-2
-11
-19
-30
-24
-18
-20
-16
-13
-2
-3
-18
-18
-14
-12
-8
-8
0
1
-2
-3
-7
-3
-4
5
12
1
-12
-11
3
6
2
-1
-4
3
0
4
12
13
19
10
-6
-14
-11
-2
-2
-2
2
5
8
4
11
24
27
29
21
15
11
6
5
0
2
6
6
2
-8
-13
-2
4
11
23
14
2
0
-2
-2
-11
-7
5
-2
-2
-2
-6
-5
-22
-12
-8
-17
-3
-2
-3
-10
-15
-10
-9
-17
-18
-8
4
11
0
-10
-11
-10
-9
-9
1
7
-2
-5
-6
-1
-1
-2
13
19
13
7
0
8
12
5
2
9
14
20
10
8
11
13
20
14
12
8
0
-6
-5
-5
7
2
-7
-2
-6
-6
0
2
8
8
4
-2
-13
-13
-8
3
10
0
-12
-9
-1
-10
-20
-21
-2
-4
-11
-19
-20
-5
-12
-8
-4
-4
-4
-11
-14
-12
-10
-12
-15
-8
-4
-4
1
-2
-1
4
-1
0
8
11
17
18
16
22
18
16
23
14
16
14
5
12
7
2
-1
-5
4
7
-3
-8
3
17
17
20
16
3
9
2
-12
-10
-4
4
11
1
2
-5
-8
2
-4
2
13
11
7
3
0
-9
-12
-15
-17
-6
-1
-8
-16
-15
-16
-21
-23
-19
-16
-15
-7
-8
-6
2
-6
1
1
-3
3
-3
-3
0
-3
3
-1
-2
10
12
8
2
-3
1
15
7
3
3
2
11
3
-4
6
8
0
1
1
-1
-1
0
7
5
6
5
8
10
-7
-14
-11
-7
-3
7
10
8
9
2
-6
-12
-4
1
-2
-6
0
9
11
9
5
5
12
15
9
13
14
10
-4
-13
-7
-2
2
4
8
10
4
-2
-1
-2
0
-10
-12
1
0
-11
-17
-8
-10
-21
-23
-14
-3
1
-3
-14
-16
-15
-12
-16
-17
-8
-9
-6
-3
-3
1
4
11
18
13
7
2
-3
1
-2
1
8
15
16
10
13
17
12
18
23
18
22
16
13
13
13
10
4
5
15
15
16
21
14
13
1
-14
-9
-17
-22
-12
-12
-8
-9
-22
-20
-20
-18
-16
-18
-16
-15
-6
-7
-14
-12
-22
-14
-3
-5
-7
-13
-12
-4
-14
-12
-8
-4
-4
-8
0
7
7
14
19
19
19
14
17
14
5
2
-1
6
2
1
7
9
23
22
9
13
17
20
15
-6
-12
-5
-5
-5
-7
-9
1
-4
-3
2
-5
0
2
0
0
-6
-5
2
5
6
10
10
0
-9
-9
-13
-12
-7
-6
-4
4
7
6
-1
-6
-8
-7
0
2
-2
-7
-7
-5
-2
2
5
2
1
10
15
13
7
9
13
-1
1
8
-1
-2
-10
-5
6
-8
-9
-11
-4
7
3
1
-2
7
-8
-16
-16
-16
-6
-6
-3
-2
0
1
-4
-4
-4
-3
-3
-9
-7
-10
-11
-5
-13
-10
-6
3
16
13
11
6
3
1
6
7
7
9
13
15
6
0
-9
-10
-3
-3
-9
-10
-5
4
3
1
11
18
17
8
12
12
5
4
0
4
4
5
8
6
3
1
4
9
18
22
21
9
-1
5
-2
-9
-4
-9
1
5
-12
-11
-11
-11
-14
-16
-3
5
1
-15
-26
-24
-20
-23
-21
-15
-15
-16
-17
-15
-13
-5
6
9
5
5
1
-6
-9
-10
0
11
15
18
25
29
17
15
19
12
14
13
8
7
1
5
9
10
6
2
4
14
16
14
6
3
3
-17
-21
-13
-7
-6
-14
-14
-9
-9
-10
-12
-18
-3
1
-4
-3
-2
3
-13
-19
-14
-6
-6
-15
-13
-7
-5
1
3
-7
0
-5
-10
-5
2
12
10
13
14
11
18
12
-1
3
2
10
23
12
20
18
11
15
7
20
20
11
16
12
15
8
2
10
2
-1
-7
-13
-7
-13
-15
-13
-16
-17
-15
-20
-18
-16
-28
-21
-13
-9
-8
-11
-8
-10
-23
-29
-19
-12
-5
3
8
10
1
-2
-1
8
10
4
12
8
10
16
14
13
15
14
15
22
25
26
28
24
18
17
11
6
5
2
1
2
6
5
6
6
3
-6
-3
-1
-9
-10
-20
-24
-12
-14
-7
-8
-10
-9
-16
-19
-27
-27
-20
-26
-29
-26
-21
-22
-30
-20
-14
-17
-10
0
7
16
18
10
20
24
10
-3
-4
8
15
11
11
15
11
10
15
18
23
20
17
11
6
3
10
20
22
17
11
10
7
9
2
6
16
22
18
10
6
6
-7
-10
-2
0
-2
-11
-10
-9
-7
-16
-23
-10
-3
-9
-14
-18
-15
-12
-8
-8
-9
0
-4
-21
-17
-16
-11
-13
-15
-8
-12
-13
-10
-10
-3
5
-7
-6
-3
-11
-8
-7
-7
7
14
14
3
-2
7
4
0
0
9
19
14
14
13
21
27
16
14
20
17
12
11
9
13
9
9
5
0
-3
-1
4
-2
-6
0
1
2
1
-5
-1
3
-5
-6
-5
-5
0
0
2
4
-2
0
-5
-12
-10
-5
-4
-6
-15
-17
-13
-17
-20
-20
-11
-10
-17
-16
-10
-3
-1
-10
-6
-7
-7
-7
-15
-6
4
4
10
6
5
7
-2
8
19
28
27
17
20
16
7
7
0
3
5
-1
2
3
3
6
-2
7
10
1
15
14
12
15
9
22
19
9
10
5
2
4
-6
-8
-2
-2
-2
-6
-3
0
-4
-6
-5
1
-2
-12
-14
-18
-21
-34
-32
-17
-18
-21
-30
-30
-16
-10
-7
-6
-6
-3
0
-1
1
-2
-10
-4
6
1
-1
-6
-13
-7
-9
-2
8
19
25
20
14
1
-2
5
0
3
15
17
15
12
8
9
21
30
27
16
13
5
7
8
8
19
15
9
6
0
4
6
8
13
7
1
-7
-20
-25
-27
-18
-13
-8
-6
-12
-8
-4
-1
4
2
4
15
15
2
-2
-6
-8
-7
-1
5
-3
-5
-4
-6
-9
-10
-13
-11
-7
-5
-11
-15
-9
-11
-7
-6
-7
-5
-13
-25
-23
-14
-11
-5
3
15
12
0
-8
-9
-2
9
9
6
5
2
1
1
3
9
17
17
18
20
12
4
13
17
16
25
18
10
8
5
10
14
15
13
5
11
8
8
11
11
15
16
-3
-8
-2
2
9
-5
-17
-32
-38
-37
-26
-19
-13
-4
-13
-18
-23
-26
-31
-24
-17
-21
-13
-2
2
8
6
5
8
3
-11
-22
-10
-2
6
16
18
17
14
13
12
18
18
13
10
6
11
11
10
3
5
7
3
13
12
12
19
15
13
21
15
5
-8
-17
-13
-10
-8
-10
-14
-8
-5
-1
-3
-2
2
-10
-19
-20
-22
-21
-13
-7
0
-5
-12
-8
-10
-3
2
4
12
9
7
5
6
7
0
0
12
15
21
20
8
14
17
9
2
-4
-5
-11
-11
-6
-9
-5
-3
-7
-2
-5
-11
-3
3
2
-4
-7
-6
-6
-16
-15
-14
-17
-16
-16
-18
-19
-15
-4
-1
-7
-12
-5
7
8
11
11
7
7
8
20
22
22
28
21
16
6
14
23
25
31
20
23
22
12
16
12
17
17
3
3
3
0
-4
-10
-16
-19
-14
-13
-19
-21
-16
-10
-8
-14
-19
-9
-4
-11
-16
-21
-19
-20
-16
-7
-9
-4
-9
-25
-22
-16
-8
3
-2
4
-1
-15
-18
-16
1
17
26
25
20
6
-5
1
8
21
21
16
21
9
0
-5
-2
14
16
18
17
15
13
9
1
5
21
20
21
14
0
-3
-10
-14
-13
-5
-1
-5
-6
-13
-16
2
6
-4
1
2
-3
-10
-20
-22
-22
-14
-11
-10
2
0
0
-5
-12
-7
-2
-5
1
6
-4
-12
-14
-16
-15
-7
-4
-3
3
3
-1
1
-2
7
16
4
5
2
3
7
-2
4
15
14
12
8
14
11
6
9
4
11
12
9
17
19
12
14
14
12
18
9
11
2
0
4
0
5
2
-3
1
-3
-11
-16
-20
-17
-15
-11
-8
-11
-5
-13
-17
-18
-10
2
-3
-10
-12
-17
-19
-19
-30
-24
-15
-16
-7
0
4
4
1
-7
-9
-11
-19
-12
-2
1
7
11
6
8
10
14
29
36
31
21
15
7
-4
5
21
17
19
30
27
21
13
8
13
7
-7
-7
0
3
-4
-5
2
4
10
5
0
2
-5
-3
-5
-10
-13
-21
-17
-22
-18
-10
-11
-3
0
-5
-8
-13
-22
-23
-12
-3
-4
6
3
-12
-14
-9
-15
-24
-20
-8
3
-1
-12
0
11
6
0
-3
14
15
2
-8
-14
-2
2
1
2
9
22
22
10
-1
-2
-1
-4
0
14
29
21
13
12
10
10
8
16
24
