SAMPLES:	13932
BITSPERSAMPLE:	16
CHANNELS:	1
SAMPLERATE:	16000
NORMALIZED:	FALSE
61
40
11
-21
-50
-47
18
108
176
199
179
120
21
-86
-128
-85
-7
42
31
1
-25
-42
-52
-53
-40
-26
-19
-11
-4
-19
-75
-139
-150
-74
42
97
46
-72
-178
-206
-156
-55
37
78
54
-23
-103
-165
-201
-194
-148
-83
-29
-24
-67
-114
-138
-137
-111
-60
4
39
17
-49
-121
-172
-179
-121
-4
130
241
296
271
178
70
17
20
59
125
190
221
217
194
167
130
104
123
158
164
149
140
128
107
105
136
148
99
14
-38
-43
-9
50
91
90
64
55
41
-21
-114
-189
-236
-271
-244
-126
5
69
71
47
11
-49
-93
-87
-52
-14
-12
-86
-210
-289
-263
-169
-90
-55
-59
-123
-225
-264
-193
-67
27
40
-5
-80
-159
-196
-166
-88
3
67
67
19
-32
-67
-81
-81
-40
53
149
212
223
195
175
170
177
173
150
131
132
153
180
195
191
175
127
60
17
1
-16
-41
-51
-43
-36
-43
-32
-8
-17
-64
-104
-107
-66
-17
17
30
-1
-46
-54
-44
-56
-91
-116
-96
-42
18
83
118
74
-12
-53
-10
81
147
145
95
9
-77
-104
-70
1
86
148
180
168
70
-74
-202
-280
-277
-197
-82
20
39
-12
-63
-72
-41
14
41
22
-36
-105
-124
-75
1
58
63
7
-67
-114
-99
-17
89
155
145
70
-44
-149
-205
-198
-120
5
137
229
232
155
36
-65
-100
-58
44
132
159
135
101
73
58
38
0
-17
7
49
77
58
-17
-98
-126
-86
-9
45
36
-28
-109
-153
-122
-49
5
13
-6
-18
-11
17
29
0
-47
-59
-5
99
192
192
82
-75
-202
-227
-144
-23
67
104
94
76
77
85
87
90
96
99
74
6
-86
-165
-195
-158
-72
37
128
164
136
63
-12
-49
-47
-20
1
-2
-27
-54
-69
-56
-25
9
17
-6
-39
-69
-90
-109
-117
-102
-62
-10
21
13
-14
-39
-57
-59
-44
-18
22
67
100
117
109
92
85
88
97
91
48
-23
-96
-143
-136
-93
-21
54
105
122
100
57
22
13
42
106
177
224
213
144
43
-51
-104
-121
-119
-117
-106
-85
-61
-49
-72
-108
-132
-120
-64
6
59
77
55
3
-60
-104
-107
-74
-31
-7
-24
-76
-141
-181
-165
-81
38
134
165
129
61
-5
-21
37
135
215
221
136
-3
-131
-170
-104
7
78
63
-7
-81
-106
-53
47
130
142
75
-17
-81
-83
-29
43
82
79
70
91
127
135
91
11
-57
-83
-62
-10
31
37
-2
-48
-68
-39
21
85
120
95
42
-19
-59
-75
-66
-34
-15
-47
-124
-191
-193
-114
-11
56
67
35
0
-27
-37
-30
-17
-10
-15
-34
-50
-35
-7
9
-3
-40
-61
-33
25
79
83
16
-75
-136
-131
-55
43
114
148
163
188
208
172
67
-53
-115
-87
-7
37
16
-38
-75
-58
-18
-10
-28
-54
-60
-36
-8
3
-1
-1
33
107
167
154
48
-114
-209
-176
-48
96
167
141
57
-53
-140
-149
-77
42
138
124
19
-108
-194
-172
-72
26
88
82
36
15
18
23
8
-32
-51
-10
66
137
163
131
85
67
75
101
111
78
19
-37
-78
-84
-61
-28
16
61
87
70
3
-75
-119
-108
-54
3
16
-23
-78
-118
-130
-118
-98
-81
-70
-65
-75
-102
-132
-146
-128
-78
-13
27
21
-12
-45
-38
5
55
98
119
109
80
37
-13
-39
-26
30
110
164
162
110
32
-35
-61
-42
10
71
123
145
117
55
3
-4
43
112
135
93
20
-28
-24
1
-2
-45
-91
-99
-65
-32
-36
-77
-121
-121
-60
23
85
96
64
13
-22
-24
-9
10
18
17
14
12
14
6
-14
-36
-54
-66
-75
-93
-116
-116
-77
-18
22
18
-19
-48
-29
36
98
121
98
45
0
-23
-28
-44
-76
-111
-140
-146
-122
-71
4
84
134
134
99
75
99
164
225
226
154
60
-10
-28
-20
-30
-52
-68
-52
-29
-32
-75
-134
-147
-96
11
110
149
113
27
-61
-122
-134
-102
-41
23
56
61
37
13
-3
-18
-38
-67
-71
-36
6
17
-15
-43
-35
21
95
142
147
104
46
0
-25
-63
-132
-200
-218
-164
-84
-35
-27
-29
3
68
145
194
170
84
-3
-15
47
118
121
52
-18
-38
-11
9
-3
-48
-89
-91
-46
47
137
183
161
99
46
10
-16
-45
-59
-50
-44
-66
-114
-126
-89
-40
-15
-44
-92
-117
-84
-18
40
73
82
96
123
131
95
21
-59
-109
-109
-68
-16
-5
-32
-53
-30
25
68
71
26
-28
-72
-110
-117
-68
17
84
83
1
-116
-172
-138
-49
42
99
111
100
87
49
-12
-53
-54
-31
2
25
28
35
43
24
-27
-58
-33
66
210
322
330
246
129
27
-12
27
78
89
61
17
-10
15
72
94
71
22
-43
-106
-143
-152
-131
-75
-40
-75
-166
-251
-286
-252
-188
-157
-170
-202
-201
-125
-18
56
62
10
-41
-46
-28
-17
-15
-10
7
30
15
-39
-52
2
75
107
44
-81
-161
-131
-11
120
177
141
94
84
96
126
147
135
130
161
194
214
222
208
199
194
149
93
63
30
-3
-3
-8
-29
-25
1
29
87
148
160
115
1
-151
-241
-245
-191
-116
-70
-89
-118
-98
-64
-62
-97
-125
-121
-68
-26
-62
-161
-250
-269
-217
-136
-76
-42
-17
-7
-29
-67
-86
-51
36
101
90
14
-60
-75
-21
51
99
112
91
49
-1
-34
-5
103
232
290
238
113
-5
-58
-51
-16
20
47
62
63
54
45
64
117
177
202
173
112
49
-11
-54
-66
-52
-30
-19
-36
-67
-89
-84
-59
-36
-29
-47
-78
-102
-111
-78
-6
59
69
19
-53
-101
-108
-97
-104
-147
-202
-214
-154
-44
59
112
100
45
0
-1
27
52
84
121
147
138
68
-21
-71
-42
47
145
198
187
133
57
-19
-52
-28
20
43
20
-23
-52
-62
-51
-22
18
50
29
-65
-197
-286
-264
-143
3
92
106
76
33
-4
-17
11
79
170
237
214
101
-44
-149
-162
-94
-1
75
121
111
41
-46
-126
-167
-146
-84
-12
42
54
5
-76
-121
-90
8
108
146
107
22
-65
-124
-138
-109
-46
26
66
63
37
12
-4
-30
-77
-116
-101
-45
-3
-4
-41
-81
-86
-52
12
85
166
220
200
114
-3
-92
-102
-32
60
112
95
34
-19
-21
20
60
74
77
80
61
21
-16
-29
-5
33
30
-30
-76
-48
24
89
114
94
54
38
32
-13
-80
-119
-109
-70
-30
-13
-32
-52
-46
-14
24
62
82
43
-40
-108
-115
-62
3
21
-41
-120
-138
-100
-38
33
85
107
100
62
-1
-55
-74
-90
-115
-107
-53
17
64
55
1
-30
-12
14
8
-29
-62
-65
-52
-41
-30
10
77
134
135
84
27
1
19
67
117
141
134
85
20
-26
-35
-20
-12
-5
9
37
58
42
4
-5
32
90
107
64
-6
-49
-45
-38
-59
-106
-155
-196
-234
-262
-253
-190
-97
-18
17
25
31
51
83
113
139
150
134
72
-16
-91
-128
-138
-141
-129
-82
8
102
152
156
148
151
151
133
107
100
127
143
116
60
28
52
100
111
60
-14
-63
-64
-46
-21
22
85
145
161
110
14
-97
-165
-154
-81
13
68
49
-35
-142
-227
-273
-264
-190
-57
62
86
15
-113
-244
-334
-348
-253
-91
35
51
-22
-95
-122
-106
-62
10
72
45
-66
-169
-168
-86
-3
41
87
160
212
208
165
117
69
33
37
90
163
199
173
124
101
113
143
176
208
206
141
51
5
43
122
157
119
66
45
30
-11
-61
-99
-101
-71
-34
-11
-6
-28
-72
-108
-105
-72
-36
-17
11
52
76
47
-35
-98
-86
-3
75
101
67
-13
-110
-189
-221
-200
-157
-137
-158
-188
-199
-172
-103
-5
81
115
81
-7
-90
-126
-111
-62
-4
30
30
5
-19
-18
-6
-1
-17
-57
-85
-79
-51
-25
-20
-57
-104
-104
-44
48
130
164
157
129
92
63
66
107
166
197
180
130
76
52
73
136
201
215
149
35
-52
-67
-33
16
54
85
121
153
152
94
5
-67
-89
-49
15
61
62
27
-37
-131
-208
-201
-125
-46
-26
-61
-107
-115
-73
-16
35
92
135
106
4
-83
-105
-85
-60
-60
-99
-150
-184
-191
-180
-149
-90
-23
26
47
49
38
24
13
-15
-68
-106
-89
-34
6
-12
-84
-164
-185
-118
-4
87
126
120
87
44
-3
-48
-69
-25
85
226
354
421
378
237
81
-12
-14
42
91
70
-6
-72
-76
-40
8
63
108
122
83
-1
-104
-171
-145
-53
30
48
-8
-110
-211
-264
-238
-149
-37
64
114
88
18
-44
-74
-61
-6
66
111
110
55
-36
-114
-113
-24
102
203
229
174
70
-14
-50
-45
-19
4
7
-17
-39
-31
13
71
112
107
55
-23
-93
-140
-161
-135
-71
11
72
82
51
2
-42
-88
-133
-151
-117
-51
28
83
75
12
-65
-99
-87
-79
-100
-137
-152
-133
-102
-69
-19
54
106
88
3
-71
-63
38
164
203
128
4
-71
-55
17
96
153
190
199
177
135
99
81
78
85
104
152
208
223
158
17
-121
-177
-158
-115
-79
-33
39
88
60
-25
-106
-126
-98
-67
-52
-48
-50
-55
-68
-78
-59
-30
-43
-115
-197
-215
-147
-57
-11
-8
-3
24
54
60
46
28
12
-9
-35
-54
-66
-75
-66
-30
14
26
7
-3
34
100
124
84
22
-12
-18
-19
-25
-30
-4
63
125
138
88
0
-51
-35
4
22
8
-18
-4
45
106
147
136
79
19
-6
-4
15
28
39
62
67
36
-27
-104
-148
-132
-61
30
103
124
92
37
-35
-83
-88
-46
37
107
120
60
-48
-160
-228
-224
-157
-62
31
84
85
39
-30
-58
-40
-9
-8
-56
-123
-143
-77
43
144
173
115
16
-61
-89
-84
-67
-37
5
35
28
-6
-25
11
111
219
261
201
68
-64
-128
-108
-49
6
38
44
26
-9
-35
-41
-33
-30
-51
-85
-96
-65
-28
-11
-29
-61
-66
-47
-42
-92
-152
-159
-89
18
97
123
102
66
35
10
-8
-2
33
88
160
219
205
112
-7
-93
-120
-91
-27
57
155
227
218
109
-47
-157
-161
-64
74
171
194
159
100
26
-59
-141
-194
-178
-94
-4
30
-9
-78
-107
-87
-64
-84
-138
-186
-192
-155
-83
16
133
225
226
126
-16
-104
-89
-7
85
140
151
118
35
-80
-187
-224
-174
-65
45
132
174
154
83
-22
-114
-135
-81
25
131
169
121
11
-114
-187
-164
-68
46
107
91
30
-22
-28
-4
23
36
27
1
-34
-54
-38
18
85
114
102
60
5
-46
-80
-78
-31
44
107
128
102
38
-32
-89
-130
-138
-118
-70
-8
28
33
8
-24
-55
-100
-143
-148
-96
-17
21
2
-42
-58
-30
7
32
56
96
136
142
118
87
81
81
73
68
75
101
122
119
111
124
163
185
137
20
-125
-227
-244
-168
-41
47
57
-8
-94
-142
-148
-100
-23
30
23
-45
-113
-149
-162
-162
-151
-110
-52
-22
-25
-34
-9
38
68
67
36
2
-23
-49
-46
-12
36
66
70
76
96
105
90
60
44
54
75
88
73
46
37
57
102
132
117
61
-2
-34
-40
-53
-85
-116
-115
-95
-71
-62
-71
-73
-61
-39
-23
-37
-73
-109
-106
-52
20
74
97
105
99
63
4
-57
-86
-82
-60
-25
6
25
34
44
73
108
152
186
200
181
121
41
-20
-16
32
62
28
-42
-75
-46
1
15
-14
-52
-79
-88
-54
7
53
53
17
-24
-38
-39
-74
-153
-240
-291
-252
-114
66
191
170
1
-199
-290
-243
-124
-3
76
129
160
145
84
4
-63
-93
-80
-59
-35
-21
-29
-27
20
90
136
125
87
88
126
164
192
206
198
150
61
-27
-45
-4
32
42
43
60
93
73
-29
-149
-217
-186
-68
51
107
112
79
40
11
-20
-53
-80
-104
-108
-72
-35
-48
-104
-145
-113
-37
-12
-62
-94
-62
1
21
-13
-40
-1
50
47
0
-53
-94
-100
-75
-15
78
123
72
-20
-72
-109
-150
-201
-159
-6
167
244
243
175
104
52
40
87
150
158
121
98
106
135
116
89
47
-17
-93
-72
7
102
115
54
-23
-51
-70
-107
-156
-134
-33
61
95
71
1
-104
-169
-187
-152
-151
-162
-143
-77
-76
-81
-44
27
1
-80
-112
-27
26
-9
-99
-151
-128
-98
-55
-29
13
24
59
72
67
-5
-30
-19
48
3
-44
-10
158
320
334
251
202
256
262
159
15
1
79
165
179
207
172
132
81
72
7
-48
-61
-73
-144
-189
-89
72
83
-84
-260
-328
-265
-203
-155
-249
-297
-269
-135
-162
-288
-280
-90
86
61
-19
-14
79
132
66
-45
36
257
469
367
212
100
63
-63
-139
18
224
310
221
171
145
94
28
22
-31
-100
-157
-119
-146
-181
-160
-107
-161
-290
-259
-155
-108
-154
-114
-66
-107
-206
-197
-102
-26
-23
-66
-128
-123
7
182
274
282
323
331
260
142
77
74
94
131
190
198
131
82
79
89
70
51
84
189
320
374
287
86
-53
-83
-121
-203
-257
-229
-130
-13
54
55
-34
-144
-172
-177
-239
-281
-232
-101
12
-15
-137
-234
-279
-253
-182
-157
-142
-112
-65
-2
2
-59
-77
-42
3
49
42
14
51
124
178
180
129
105
92
36
24
109
202
220
156
61
12
30
68
77
29
-31
-32
-4
31
79
89
40
-5
-7
4
5
-14
-11
28
69
120
154
122
36
-49
-99
-101
-52
20
66
46
-20
-76
-129
-172
-157
-73
44
142
167
106
-9
-125
-169
-143
-102
-69
-50
-31
-3
34
30
-61
-178
-220
-172
-104
-68
-63
-53
-21
27
73
107
106
61
4
-50
-76
-46
24
88
148
185
153
37
-131
-228
-176
-46
69
180
286
310
183
-18
-139
-108
59
211
209
78
3
33
59
4
-101
-134
-49
61
11
-145
-194
-15
114
-25
-242
-154
102
135
-119
-281
-102
217
321
130
10
169
364
201
-107
-137
178
369
246
13
-38
49
110
54
-45
-24
104
212
144
-53
-249
-333
-390
-402
-342
-219
-196
-243
-293
-301
-335
-394
-354
-189
-76
-153
-236
-226
-179
-226
-274
-253
-177
-114
-29
42
80
141
177
149
147
218
231
157
27
-1
130
347
417
268
122
367
782
727
270
10
345
795
761
305
82
375
800
764
303
131
507
872
753
314
166
327
274
-17
-325
-454
-452
-380
-320
-428
-752
-1017
-982
-810
-714
-725
-825
-875
-883
-879
-823
-877
-898
-716
-511
-513
-697
-772
-599
-428
-458
-470
-267
65
398
436
240
116
190
523
730
702
628
632
709
743
751
687
716
851
985
1091
942
850
789
833
1028
795
501
369
599
656
262
7
-44
116
121
-113
-359
-472
-247
-321
-626
-912
-1019
-835
-881
-863
-976
-883
-576
-729
-1045
-870
-238
-131
-806
-1055
-597
16
46
-263
-372
127
985
944
394
226
851
1580
1305
767
937
1356
1360
835
443
238
132
76
209
158
-196
-322
-315
-217
-352
-757
-837
-803
-886
-871
-938
-1155
-1322
-1147
-816
-771
-1047
-983
-637
-452
-481
-667
-670
-370
-93
111
89
-5
238
594
723
594
518
730
992
1064
1018
936
861
977
1162
1157
1127
1091
1180
1317
1294
1054
635
405
360
460
645
219
-379
-188
677
545
-569
-875
-165
422
-133
-1005
-1234
-703
-125
-744
-1728
-1780
-1029
-577
-1440
-2094
-1650
-778
-633
-1293
-1815
-1746
-943
-434
-633
-1082
-944
58
675
604
106
33
1071
1742
1534
1240
1647
2344
2380
2003
1786
1868
1763
1624
1623
1311
898
543
551
681
327
-123
-534
-594
-282
-304
-766
-1255
-1350
-1288
-1358
-1649
-1969
-1913
-1670
-1398
-1567
-1952
-1765
-1347
-1141
-1261
-1327
-1135
-857
-597
-543
-537
-528
-239
265
587
690
557
595
905
1076
1341
1308
1603
1753
1714
1966
2020
2062
1548
1598
2001
1979
1719
1111
913
1079
941
549
-416
-249
61
332
-294
-1288
-1066
-887
-783
-1634
-2078
-1457
-940
-1195
-1987
-1565
-609
-541
-796
-1093
-284
157
324
44
-398
434
1136
1212
671
681
1515
1701
1151
471
764
1004
543
348
159
288
41
-369
-479
-658
-608
-613
-737
-913
-1191
-1206
-1294
-1481
-1789
-1634
-1404
-1572
-1293
-1402
-1652
-1298
-875
-688
-1060
-1020
-375
-125
-4
-299
-306
-78
360
583
428
734
784
1030
901
394
602
782
1120
1818
2183
839
-114
1912
3312
2037
-21
247
2447
3013
1809
218
571
2429
2896
1615
525
1084
2292
2762
1478
312
927
1339
1009
247
-636
-703
-979
-1061
-645
-1105
-2192
-2364
-1684
-1436
-2095
-2741
-2483
-2606
-2965
-2272
-2086
-3213
-3217
-2041
-1214
-1880
-3310
-2714
-1032
-720
-1359
-2215
-2250
-943
65
-412
-1546
-1597
-105
1309
562
97
590
456
1008
2112
2412
1432
695
1933
3575
3472
2196
1705
2613
4047
4442
2944
1991
2607
4085
4618
2770
1291
1918
2753
2363
1121
-24
-370
-21
296
-76
-1338
-2422
-1547
-368
-1096
-2769
-3369
-2166
-1556
-2381
-2832
-3044
-3028
-2383
-2165
-2883
-3425
-2848
-1739
-1394
-2357
-2786
-2063
-1624
-1305
-1383
-1692
-1770
-1395
-388
441
81
-1029
-542
1567
2491
1185
90
1238
2906
3330
2666
1776
2261
3821
4611
3707
2627
3077
4269
4502
3376
2750
3013
2753
2102
1736
1235
440
-42
151
275
-325
-1143
-1468
-1385
-1494
-1841
-2162
-2078
-2300
-2775
-2587
-2284
-3243
-3873
-3064
-2255
-2563
-3307
-3103
-2364
-2286
-2795
-3236
-3105
-2175
-1403
-1868
-2677
-2236
-835
569
-881
-2512
-141
2971
2174
-315
81
2865
4276
3222
1750
2068
4075
5534
4587
2836
3499
5149
5835
4198
2585
3544
4402
2846
1320
1432
1580
778
154
280
245
-505
-1114
-1152
-1494
-1603
-1920
-2166
-2330
-2893
-2691
-2054
-2829
-4075
-3718
-2453
-2466
-3746
-4028
-2797
-2116
-2869
-3359
-3405
-2685
-1868
-2148
-2737
-2715
-1487
244
-196
-1755
-640
1870
2027
590
591
2227
3611
3329
2631
2725
3871
4887
4352
3492
4014
4970
5160
4194
3425
3891
4058
2713
1398
1448
1728
1372
373
-125
-2
-613
-1124
-1259
-1591
-1988
-2298
-2269
-2511
-3162
-3437
-3266
-3607
-3931
-3534
-3342
-3517
-3790
-3456
-2516
-2899
-3727
-3536
-2600
-2141
-2422
-2881
-2621
-1460
-285
59
-1200
-1291
1472
3136
1664
274
1655
4134
4591
3418
2636
3623
5050
5566
4695
3930
4743
5961
5909
4179
3116
3739
3901
2440
1328
1195
823
44
-192
-28
-970
-2454
-2417
-1493
-1921
-3296
-3861
-3503
-3096
-3486
-4230
-4558
-4511
-3612
-2942
-3765
-4631
-4168
-2666
-2427
-3431
-4084
-3312
-2290
-2031
-1829
-2230
-2161
-882
822
812
-812
95
3255
3960
1989
1487
3600
5181
4967
3802
3570
5017
6062
5799
4605
4543
5548
5927
4951
3455
3619
4280
3306
1609
906
919
144
-642
-725
-1135
-1909
-2628
-2307
-2622
-3547
-3725
-3514
-3702
-4663
-4906
-4384
-4455
-4923
-4821
-4032
-4174
-4600
-4216
-3701
-3223
-3539
-3595
-3358
-3080
-2220
-1720
-2031
-1958
-125
1252
94
-145
2175
3935
2621
1634
3272
4991
5347
4564
3884
4628
6283
6855
5541
4721
5302
6498
6806
4803
3530
4003
4385
3334
1686
877
313
-247
-87
-174
-1553
-2958
-2514
-1565
-2423
-4240
-4863
-3955
-3901
-4915
-5171
-5186
-5306
-4741
-3813
-4190
-5461
-5089
-3291
-2746
-4118
-4981
-3759
-2693
-2527
-2972
-3051
-1766
388
867
-1034
-347
3497
4801
2510
1362
3227
5371
6019
5157
3308
3917
6545
7770
5765
4076
5399
7241
6850
4416
3586
4685
4001
2157
1991
2200
496
-1281
-548
91
-1477
-3258
-2848
-2490
-3493
-4177
-4208
-4897
-5875
-4738
-3200
-4814
-7023
-5600
-2993
-4068
-6225
-5186
-3196
-3384
-4332
-3936
-3605
-3749
-2900
-1641
-1993
-2431
250
2307
308
-548
2834
5129
3025
1676
3933
6226
5677
4282
4593
5630
6279
6394
5645
5367
6123
7029
6194
4411
4079
5335
4915
1846
342
1254
1489
180
-1289
-1522
-1704
-2386
-1829
-3037
-5241
-5020
-3397
-3876
-6304
-6965
-4732
-3422
-5314
-6660
-5209
-4358
-4323
-4571
-4290
-3479
-3910
-3651
-3265
-3467
-3201
-2276
-1709
-1430
352
1171
33
339
3124
5234
3108
1787
4050
6607
6840
4529
3216
4798
7150
7254
5029
4201
5399
7560
7189
4334
3267
3992
4474
2814
1033
736
634
-46
-784
-1097
-1877
-2836
-2740
-2766
-3574
-4624
-4511
-4482
-5375
-5586
-5139
-5192
-5900
-5636
-4305
-4343
-5654
-5488
-3761
-3012
-3966
-4802
-4115
-2695
-2369
-2768
-2515
-1705
764
2585
583
-562
2785
5981
4495
1950
3024
6296
7404
5452
3790
4762
6897
7705
5843
4702
5762
7369
7150
4726
3758
4858
4952
2674
920
855
1036
122
-1421
-1590
-1399
-2307
-2918
-3506
-4046
-4317
-4614
-5164
-6158
-6487
-5607
-5100
-6613
-6885
-4585
-3838
-5587
-6549
-4497
-2471
-3399
-5029
-4422
-2798
-2411
-2938
-2866
-2114
70
2350
1401
-369
1860
5890
5360
2374
2669
5800
7532
6218
4006
4267
6642
8011
6397
4897
5715
7683
7944
5314
3779
4592
5173
3324
1039
563
1182
428
-1189
-1353
-1261
-2563
-3487
-3364
-3540
-4402
-4864
-4753
-5287
-6211
-5820
-5043
-6162
-6714
-4951
-3844
-5497
-6448
-4338
-2498
-3471
-5423
-4806
-2861
-2377
-2975
-2959
-2084
-739
2052
2372
-303
481
5258
6861
3250
1348
4490
7839
7386
4400
3591
5659
7740
7325
5163
5011
6472
7951
6784
4073
3568
4922
4290
1600
328
1108
881
-1240
-2106
-1166
-1829
-4044
-4234
-3395
-3825
-5057
-5714
-5784
-6001
-6117
-5419
-6115
-7333
-6009
-3557
-4477
-6907
-5569
-2854
-2481
-4614
-5250
-3106
-2060
-2511
-2733
-1711
-765
1384
3329
1204
185
4017
7647
5450
1872
3793
7668
8366
5774
3799
5419
7861
8111
5575
4751
6401
8091
7040
3907
3673
5457
4673
1118
-465
869
1429
-1062
-3320
-2248
-1072
-2896
-5143
-5312
-4469
-4420
-5345
-6746
-7350
-6722
-5551
-5878
-7870
-7390
-4308
-3489
-6084
-6727
-4191
-2494
-3148
-5008
-4525
-2622
-1506
-1572
-2029
-1799
545
4121
3008
101
2576
7361
7144
3330
3011
6541
8734
7572
4648
4478
6901
8958
7216
4217
4573
7143
8426
5696
3008
3735
5070
3308
384
-309
472
-74
-1538
-2088
-2052
-3509
-4417
-4015
-4333
-5404
-5924
-5781
-6233
-6951
-6596
-5932
-6900
-7495
-5396
-3863
-5615
-6541
-4535
-2672
-3113
-4754
-4594
-2962
-2018
-2057
-1979
-1343
-208
2785
3565
1249
1519
5625
7612
4655
2584
4893
7775
8046
5754
4491
5863
7961
7908
5449
4848
6103
7779
6815
4167
3576
4519
3889
1429
-45
319
112
-1627
-2683
-1829
-2453
-4404
-4680
-4575
-5051
-5716
-5938
-6301
-6883
-6796
-5865
-6258
-7638
-6323
-3807
-4542
-6618
-5753
-3039
-2585
-4514
-5040
-3287
-1972
-1982
-1990
-1232
-272
2239
3639
1797
1269
5042
7950
5541
2759
4423
7629
8206
5922
4356
5596
7772
8105
5840
4912
6038
7821
7103
4321
3196
4061
4098
1812
-251
-132
301
-985
-2401
-2232
-2609
-4329
-4665
-4310
-4778
-5841
-6294
-6257
-6434
-6604
-6255
-6368
-7333
-6461
-4259
-4572
-6476
-5733
-3041
-2101
-3887
-5217
-3568
-1670
-1568
-2167
-1599
-417
1743
3821
2523
940
3422
7496
6965
3284
3262
6481
8461
7090
4436
4424
6571
8289
6692
4866
5255
6776
7451
5281
3494
3667
3965
2492
400
-170
139
-740
-2369
-2508
-2109
-3538
-4611
-4571
-4676
-5240
-5846
-6161
-6372
-6519
-6271
-5983
-6984
-7186
-4986
-3779
-5404
-6121
-3979
-1993
-2873
-5029
-4478
-2211
-1416
-2005
-1718
-528
907
3176
3072
1227
2247
6301
7488
4242
2893
5595
8148
7398
4662
4309
6302
7910
6966
5034
5183
6585
7487
5659
3565
3528
4208
3229
751
-446
76
-313
-2073
-2864
-2229
-3075
-4708
-4849
-4644
-5050
-5941
-6511
-6542
-6351
-6197
-6071
-6845
-7051
-4948
-3345
-5182
-6630
-4410
-1863
-2311
-4882
-5000
-2290
-822
-1478
-2038
-1006
806
3553
4044
1498
1372
5366
8048
5379
2467
4486
8083
8540
5594
3711
5239
7523
7589
5252
4549
5795
7367
6404
3605
2841
3808
3540
1419
-529
-599
-265
-1606
-3004
-2682
-2905
-4270
-4565
-4704
-5225
-5649
-5956
-6298
-6498
-6389
-5762
-5976
-7103
-6153
-3848
-4172
-6017
-5293
-2564
-1678
-3603
-4872
-3162
-1342
-1475
-1767
-1062
96
2571
3828
2056
1481
4727
7406
5564
2961
4297
7478
8213
5871
3958
5094
7394
7686
5523
4587
5837
7537
6535
3691
2751
3808
3889
1725
-291
-524
-384
-1295
-2511
-2527
-3164
-4364
-4270
-4411
-5273
-5920
-5927
-6045
-6437
-6485
-6051
-6097
-7060
-6116
-3874
-4514
-6179
-5197
-2550
-2027
-4063
-4975
-3220
-1301
-1574
-1867
-970
398
3347
4072
1822
1556
5330
7761
5223
2944
4792
8050
8185
5133
3876
5409
7510
7230
5087
4832
6108
7540
6203
3566
3048
4128
3714
946
-683
-190
-398
-1826
-2981
-2387
-3089
-4806
-4707
-4427
-5038
-5909
-6058
-6441
-6986
-6492
-5841
-6128
-7052
-5894
-3367
-4230
-6218
-5139
-2320
-1739
-3735
-4572
-3200
-1246
-1125
-1553
-897
390
3357
3907
1754
1913
5573
7475
4936
3193
5105
7945
7981
4910
3974
5574
7354
6896
4799
4838
6449
7716
5779
3035
2761
4030
3545
640
-606
134
-278
-2011
-3308
-2474
-3139
-4855
-4851
-4387
-5080
-6318
-6344
-6555
-6747
-6237
-5977
-6417
-7158
-5459
-3307
-4609
-6261
-4745
-1847
-1790
-3808
-4585
-3097
-942
-1009
-1443
-854
1267
4089
3532
1823
3049
6444
6910
4628
4142
6011
7912
7097
4615
4697
6690
7853
6026
4185
5065
7183
7272
4407
2560
3228
4256
2547
-579
-1472
-386
-438
-2387
-3764
-3462
-3735
-4495
-4965
-5287
-5831
-5932
-5726
-6457
-7318
-6754
-5587
-6043
-6744
-5248
-3528
-4100
-5147
-4108
-2314
-2221
-3174
-3558
-2571
-1084
-478
-692
-277
2315
3734
2482
2260
5051
7179
5343
3629
5254
7583
7781
5399
3888
5325
7857
7845
4937
3872
5764
8111
6619
2982
2023
3587
4156
1546
-1305
-1546
-813
-1185
-2843
-3317
-3779
-4683
-4842
-5052
-5446
-6370
-6494
-6080
-6346
-6608
-6448
-6178
-6562
-5711
-3853
-4272
-5250
-4585
-2487
-1965
-3526
-3718
-2453
-1041
-733
-605
-300
847
3721
3587
1925
3083
6730
7684
4274
3070
6056
8702
7498
4169
3949
6398
8540
6906
3978
4210
6443
7809
5185
2082
2328
4163
3520
173
-1835
-1272
-763
-2058
-3699
-3584
-4139
-5029
-5027
-5269
-5994
-6597
-6599
-6513
-6504
-6580
-6282
-6237
-6295
-4956
-3844
-4904
-5361
-3442
-1827
-2525
-3927
-3499
-1620
-812
-1152
-701
456
2595
3999
2766
2150
4963
7678
6298
3686
4449
7790
8978
6109
3441
4729
7683
8335
5526
3819
5449
7616
6827
3658
2081
3359
4166
1938
-883
-1534
-1188
-1778
-2982
-3559
-3889
-4848
-5160
-4907
-5719
-6758
-6602
-6603
-7045
-6818
-6259
-6585
-6992
-5706
-3866
-4306
-5972
-4706
-1879
-1800
-3587
-4181
-2576
-704
-627
-1047
-397
1862
4123
3715
2243
3582
7003
7287
4884
4115
6120
8681
7961
4822
4042
6364
8341
6748
4263
4601
7064
7435
4672
2511
2779
3915
2729
-128
-1332
-967
-1730
-3073
-3387
-3814
-5164
-5904
-5072
-4837
-6570
-7492
-6744
-6468
-7136
-7142
-6865
-7196
-6043
-3945
-3806
-5895
-5876
-2579
-1006
-2905
-4460
-3033
-772
70
-411
-1038
322
3684
4883
2988
2444
5679
7977
6234
4225
5552
8174
8617
6172
4375
5700
8008
7702
5199
4428
6242
7919
5934
2648
2177
3968
3762
535
-1853
-1426
-873
-2173
-3598
-4062
-4908
-5460
-5100
-5163
-6702
-7983
-7150
-6170
-6971
-8272
-7439
-6443
-6395
-5377
-4546
-5276
-5923
-3907
-1753
-2625
-4002
-3220
-1214
-621
-505
36
498
2692
4369
3672
3015
5177
7710
6452
4293
5167
8123
8702
6032
4777
6238
8108
7730
5397
4696
6124
7749
6554
3746
2387
3277
4013
1501
-1637
-1909
-1245
-1756
-3038
-3863
-4957
-5949
-5674
-5266
-6091
-7552
-7566
-6663
-6729
-7406
-7781
-7606
-6947
-5412
-4074
-4962
-5940
-4395
-1871
-1946
-3903
-3856
-1616
-349
-741
-415
670
2280
3828
3595
3404
5130
7301
6961
4922
4903
7622
9334
7006
4293
5622
8456
8688
5731
4183
5903
8002
7110
3893
2253
3131
4194
2632
-574
-1944
-1600
-1480
-2293
-3758
-5295
-6140
-5372
-5171
-6678
-8294
-7989
-6532
-6660
-7955
-7997
-7234
-6911
-6317
-5224
-5374
-5732
-4479
-2671
-2476
-3818
-3762
-2071
-922
-1175
-772
716
2489
3691
3200
3306
5495
7489
6922
5066
5310
7780
9413
7673
4894
5256
7773
8910
6777
4723
5555
7863
7896
4971
2883
3121
3961
2951
380
-1456
-1908
-1964
-2400
-3263
-5139
-6714
-5809
-4759
-5858
-8064
-8620
-7215
-6521
-7496
-8231
-7472
-6707
-6177
-5505
-6046
-6429
-4792
-2669
-2521
-3928
-3847
-1974
-592
-997
-1238
55
2248
4244
3793
2780
4452
7429
7628
5081
4409
6982
9382
8287
5369
5138
7178
8639
7425
5241
5152
7074
8110
5864
3206
2977
3918
3272
674
-1258
-1586
-1698
-2389
-3460
-4537
-5759
-5906
-5351
-5911
-7517
-8193
-7434
-7076
-7759
-8165
-7511
-6890
-6519
-5739
-5459
-5952
-5334
-3284
-2332
-3372
-3953
-2833
-1280
-902
-915
-173
1387
3562
4237
3202
3572
6410
8032
6183
4636
6237
8969
9133
6290
4860
6504
8539
7975
5702
4990
6581
8125
6699
3844
2818
3646
3898
1678
-1021
-1839
-1538
-1606
-2761
-4632
-6216
-5972
-4776
-5378
-7609
-8796
-7679
-6668
-7676
-8881
-8378
-7165
-6417
-5868
-5852
-6363
-5517
-3508
-2759
-3808
-4290
-2735
-1002
-812
-1136
-225
1339
2993
3718
3396
4065
6342
7653
6437
5028
6191
8479
8871
6621
5231
6722
8593
8348
6146
5188
6630
8330
7105
4165
3093
3919
3998
1943
-682
-1806
-1836
-1971
-2682
-4135
-5959
-6306
-5120
-5325
-7554
-9011
-8097
-6777
-7381
-8875
-8768
-7547
-6739
-6143
-5918
-6297
-5850
-3855
-2809
-3778
-4471
-3304
-1469
-987
-1232
-211
1460
3025
3670
3421
3947
6086
7658
6508
5268
6448
8765
9280
7028
5405
6670
8455
8462
6664
5598
6457
8195
7657
4837
3172
3653
4175
2433
-299
-1657
-1814
-2135
-2732
-3740
-5538
-6414
-5442
-4992
-6895
-8934
-8333
-6766
-7136
-8934
-9126
-7645
-6686
-6350
-6366
-6457
-6068
-4377
-3395
-4265
-4638
-3288
-1401
-1072
-1624
-821
1150
3049
3575
2909
3281
5895
8021
6748
4755
5393
8177
9540
7601
5328
6071
8438
8911
7013
5492
6154
7978
7990
5740
3946
3802
4104
3144
732
-1051
-1448
-1776
-2509
-3433
-4908
-6277
-6089
-5257
-5979
-7985
-8700
-7574
-6979
-8008
-8778
-8062
-6972
-6376
-6340
-6927
-6870
-4986
-3316
-3716
-4712
-4071
-2130
-1052
-1468
-1327
364
2514
3731
3227
3075
5167
7621
7250
5231
5195
7694
9712
8511
5592
5356
7825
9232
7568
5620
6212
8240
8419
5895
3841
3658
4147
3228
895
-811
-1115
-1212
-2112
-3694
-5156
-5857
-5417
-5214
-6507
-8012
-8094
-7344
-7472
-8509
-8935
-8003
-7195
-6992
-6655
-6606
-6592
-5195
-3669
-3781
-4664
-4294
-2563
-1405
-1537
-1233
365
2238
3514
3488
3491
5136
7172
7252
5840
5480
7126
8835
8454
6340
5658
7277
8738
7885
6041
5915
7580
8349
6502
4279
3676
3967
3307
1191
-707
-1397
-1650
-1949
-2876
-4554
-5791
-5473
-4767
-5723
-7792
-8362
-7219
-6845
-8143
-9180
-8495
-7232
-6635
-6609
-6812
-6671
-5378
-3768
-3840
-4888
-4485
-2606
-1422
-1674
-1587
-85
2031
3362
3189
3073
4715
7125
7292
5584
5283
6990
8642
8284
6559
5795
7079
8601
8079
6306
5728
7095
8261
7025
4805
3812
4292
4016
2036
-27
-978
-1117
-1692
-2730
-4159
-5519
-5580
-5086
-5685
-7417
-8267
-7448
-7098
-7982
-9079
-8509
-7438
-7198
-6834
-6655
-6421
-5760
-4673
-3962
-4430
-4555
-3519
-2217
-1770
-1481
-142
1384
2869
3154
2905
4184
6376
7139
5745
5225
6924
8771
8686
6751
5899
6966
8364
8247
6425
5709
6980
8351
7479
5199
3904
4031
4145
2351
-25
-1031
-1119
-1104
-2318
-4177
-5378
-5588
-5024
-5607
-7227
-8164
-7314
-6509
-7684
-8883
-8544
-7236
-6764
-7284
-7030
-6437
-5503
-4641
-4530
-4602
-4263
-3031
-2281
-2089
-1679
-349
1593
2692
3169
3308
4298
6308
6892
5960
5369
6521
8250
8577
7203
5864
6616
7905
8066
6962
5835
6539
7728
7251
5438
4163
3969
3740
2674
643
-768
-1140
-1545
-2236
-3730
-5093
-5393
-5018
-5201
-6608
-7830
-7867
-7101
-7506
-8876
-8783
-7642
-6751
-6738
-7073
-6768
-5926
-4843
-4523
-4696
-4452
-3315
-1970
-1830
-1953
-1068
832
2599
3059
2856
3628
5866
7289
6209
4957
5849
7994
8791
7510
6021
6135
7673
8499
7324
5902
6376
8094
8148
5962
4154
4012
4395
3270
1114
-314
-668
-998
-2107
-3351
-4634
-5397
-5247
-5170
-6186
-7762
-7954
-7219
-7271
-8285
-8910
-8116
-7263
-6811
-6742
-6788
-6298
-5178
-4238
-4478
-4669
-3912
-2625
-1742
-1791
-1442
-150
1573
3027
3349
3290
4512
6758
7255
5870
5372
6860
8702
8440
6613
5840
6789
8187
8020
6359
5657
7075
8291
7031
4719
3515
3927
3973
1984
-86
-812
-834
-1511
-2823
-4084
-5134
-5429
-5208
-5427
-6931
-8042
-7260
-6782
-7733
-8804
-8383
-7188
-6934
-6945
-6882
-6449
-5749
-4832
-4273
-4528
-4183
-3125
-2260
-1960
-1701
-435
998
2320
3077
3264
4093
5630
6762
6230
5434
6040
7729
8717
7469
6108
6508
7646
7916
6754
5930
6439
7555
7312
5681
4295
3739
3978
3201
910
-831
-1309
-1278
-1892
-3030
-4324
-4916
-4816
-5215
-6279
-7606
-7820
-7046
-7207
-8043
-8263
-7626
-7126
-6865
-6746
-6746
-6115
-5211
-4405
-4224
-4291
-3647
-2673
-2057
-1647
-861
193
1503
3004
3427
3353
4323
6187
6992
5991
5242
6427
8401
8353
6490
5719
6840
8269
7904
6173
5555
6707
7812
6870
4745
3407
3749
4119
2293
-72
-1146
-1214
-1386
-2342
-3719
-5052
-5241
-4799
-5408
-7044
-8066
-7245
-6617
-7530
-8520
-8309
-7417
-7118
-6975
-6779
-6523
-5730
-4799
-4169
-4171
-4194
-3370
-2319
-1709
-1243
-404
800
2304
3455
3436
3653
5181
6653
6651
5545
5566
7227
8397
7569
6019
6074
7483
8281
7348
5992
6178
7211
7435
5990
4090
3517
3881
3230
1029
-720
-1283
-1471
-1964
-3117
-4426
-5148
-4983
-5031
-6255
-7516
-7473
-6905
-7428
-8143
-7925
-7465
-7462
-7228
-6489
-6071
-5929
-5319
-4225
-3659
-3688
-3493
-2930
-2122
-1353
-747
-104
1275
3165
3834
3446
3995
5852
6866
6026
5246
6135
7912
8403
7092
5973
6399
7621
7685
6318
5539
6344
7424
6794
4814
3321
3388
3855
2424
138
-1115
-1266
-1438
-2509
-3858
-4932
-5023
-4720
-5339
-6709
-7661
-7366
-7234
-7769
-7963
-7715
-7534
-7357
-6612
-6179
-6354
-6124
-5008
-3763
-3543
-3752
-3436
-2497
-1515
-1013
-770
62
2084
3714
3636
3335
4610
6461
6644
5589
5446
6828
8204
7931
6447
5857
7039
8038
7259
5874
5870
7173
7484
5880
3995
3482
3999
3515
1403
-566
-1040
-937
-1610
-2973
-4310
-4799
-4634
-5007
-6167
-7218
-7200
-6770
-7230
-7953
-7849
-7442
-7431
-7162
-6461
-6047
-5898
-5458
-4545
-3910
-3970
-3892
-3184
-2259
-1375
-631
-146
743
2395
3622
3604
3644
4910
6306
6466
5833
5848
6942
7918
7470
6274
6117
7070
7654
6857
5754
5864
6598
6459
5124
3747
3437
3681
2773
714
-613
-870
-1132
-1940
-3221
-4452
-5025
-5044
-5406
-6392
-7204
-7209
-6948
-7095
-7425
-7568
-7615
-7346
-6480
-5861
-5987
-6044
-5107
-3829
-3527
-3849
-3640
-2530
-1462
-1012
-830
-299
1271
3040
3702
3280
3634
5585
6966
6478
5315
5608
7320
8153
7093
5760
6219
7329
7303
6219
5398
6027
6886
6464
4811
3432
3504
3607
2250
93
-881
-697
-1177
-2424
-3827
-4565
-4593
-4729
-5511
-6754
-7141
-6790
-6662
-7088
-7793
-7640
-7199
-6968
-6722
-6310
-5681
-5334
-4866
-4390
-3941
-3560
-3262
-2376
-1517
-862
-422
33
1295
2851
3726
3396
3759
5561
6691
6180
5299
5889
7218
7642
6758
5778
6236
7076
7126
6313
5577
5968
6610
6198
4594
3516
3584
3331
1816
-62
-748
-916
-1594
-2461
-3448
-4379
-4756
-4755
-5388
-6640
-7125
-6614
-6399
-7112
-7695
-7377
-6993
-6937
-6554
-6042
-5768
-5365
-4586
-3973
-3861
-3625
-2996
-2128
-1376
-800
-169
535
1726
3105
3587
3278
3950
5769
6592
6012
5476
6099
7225
7365
6527
5869
6163
6778
6908
6220
5443
5659
6143
5796
4507
3509
3332
2865
1590
140
-635
-1252
-1931
-2429
-3373
-4566
-5131
-4986
-5423
-6717
-7389
-7013
-6502
-6892
-7548
-7516
-7110
-6607
-6206
-5968
-5786
-5188
-4187
-3661
-3627
-3431
-2769
-1989
-1377
-802
-217
579
1859
3213
3542
3313
4210
5882
6450
5715
5351
6059
7014
7183
6480
5981
6303
6958
6957
6074
5313
5466
5934
5545
4420
3664
3454
2883
1546
297
-333
-1105
-2023
-2585
-3276
-4308
-4998
-5042
-5466
-6360
-6676
-6587
-6771
-7219
-7170
-6823
-6853
-6822
-6338
-5676
-5547
-5444
-4687
-3827
-3350
-3338
-3039
-2200
-1230
-477
-135
383
1563
3213
3973
3491
3661
5194
6470
6027
5061
5398
6685
7338
6580
5494
5564
6616
7066
6165
5098
5113
5686
5570
4467
3246
2950
2915
1956
425
-655
-1161
-1787
-2428
-3201
-4143
-4724
-5035
-5257
-5871
-6458
-6627
-6771
-6874
-7012
-6831
-6865
-6851
-6061
-5399
-5343
-5657
-4970
-3483
-2730
-2922
-3278
-2408
-1015
-217
-94
1
1412
3350
4110
3362
3261
5163
6807
6570
5240
5025
6533
7533
6685
5139
5146
6454
7047
6245
5019
5125
5925
5701
4461
3164
2735
2665
2018
533
-821
-1278
-1742
-2393
-3356
-4396
-4738
-4758
-5168
-6053
-6441
-6430
-6742
-7050
-7130
-6780
-6615
-6610
-6095
-5513
-5265
-5239
-4662
-3668
-3052
-2938
-2963
-2305
-1241
-370
-27
-22
1059
3162
4285
3519
3212
4981
6664
6295
4874
4925
6528
7465
6725
5319
5120
6170
6905
6045
4696
4902
5835
5765
4321
2917
2660
2803
2200
468
-764
-976
-1278
-1993
-3218
-4181
-4623
-4613
-4860
-5833
-6390
-6458
-6241
-6424
-7100
-7085
-6610
-6142
-5941
-5663
-5342
-5135
-4374
-3618
-3214
-3170
-2974
-1983
-1015
-641
-548
27
1273
2826
3715
3245
3221
4682
6112
5980
4955
4885
6076
7222
6826
5541
5241
6056
6660
5978
4724
4610
5495
5745
4701
3305
2746
2722
2297
953
-560
-1008
-1257
-1902
-3011
-4199
-4717
-4793
-4784
-5581
-6440
-6423
-6186
-6274
-7033
-7066
-6386
-6010
-5810
-5774
-5408
-5070
-4402
-3591
-3264
-2913
-2608
-1810
-1035
-655
-247
143
1133
2402
3370
3288
3200
4635
5933
5797
4848
4826
6050
6935
6651
5569
5290
5920
6417
5975
4767
4563
5332
5448
4318
3012
2677
2735
2298
934
-378
-742
-1190
-1945
-2892
-3952
-4452
-4374
-4525
-5588
-6394
-6182
-5926
-6236
-7006
-6874
-6052
-5935
-6067
-5772
-5064
-4766
-4486
-3758
-3189
-2687
-2410
-1947
-1375
-889
-121
396
825
1771
3226
3717
3174
3740
5289
5996
5224
4707
5491
6432
6633
5902
5166
5264
5927
6020
4998
4383
4853
5342
4711
3269
2629
2699
2448
1342
-106
-915
-1358
-1662
-2379
-3520
-4286
-4536
-4490
-5172
-6021
-6036
-5770
-5834
-6625
-6812
-6219
-5939
-5826
-5488
-4777
-4668
-4533
-3773
-3166
-2789
-2720
-2231
-1561
-843
-10
315
685
1564
3113
3721
3104
3524
5048
5976
5289
4627
5144
6075
6453
5754
5092
5237
5938
6028
4971
4133
4397
5178
4948
3747
2926
2736
2447
1372
-86
-1022
-1395
-1759
-2275
-3186
-4207
-4618
-4568
-4897
-5769
-6126
-5858
-5761
-6265
-6661
-6269
-6003
-5941
-5474
-4814
-4658
-4569
-3756
-3060
-2800
-2733
-2387
-1520
-755
-122
245
475
1323
3004
3847
2979
2995
4857
6286
5620
4431
4841
6071
6625
5905
4965
4939
5700
6266
5413
4245
4294
5088
5049
3706
2617
2596
2648
1727
173
-903
-1373
-1647
-1968
-2922
-4238
-4728
-4380
-4582
-5784
-6396
-5927
-5532
-5937
-6520
-6246
-5852
-5751
-5427
-4953
-4703
-4500
-3594
-2802
-2698
-2609
-2273
-1593
-938
-422
-110
167
1062
2682
3721
3116
2916
4583
6051
5569
4346
4502
5652
6273
5968
5242
4854
5251
5919
5510
4281
4124
5064
5228
3933
2648
2500
2596
1869
485
-569
-1194
-1677
-2052
-2806
-3905
-4607
-4441
-4415
-5484
-6358
-6201
-5678
-5755
-6293
-6252
-5880
-5696
-5526
-5081
-4728
-4503
-3536
-2595
-2503
-2747
-2510
-1463
-671
-465
-198
438
1248
2386
3450
3080
2791
4238
5748
5496
4391
4654
5908
6523
5900
4895
4695
5266
6003
5585
4423
4311
5051
5141
3933
2886
2833
2807
1977
555
-404
-974
-1536
-1991
-2710
-3717
-4500
-4515
-4514
-5365
-6172
-6123
-5737
-5966
-6539
-6530
-6064
-5775
-5572
-5048
-4786
-4749
-4027
-3111
-2838
-2802
-2318
-1589
-1026
-722
-306
412
1033
2166
3442
3308
2861
3959
5611
5620
4743
4962
5926
6535
6142
5272
4854
5214
5964
5687
4559
4140
4760
5108
4134
2881
2503
2561
2072
843
-399
-1186
-1686
-1868
-2354
-3595
-4514
-4375
-4025
-4966
-6278
-6305
-5710
-5662
-6480
-6556
-5759
-5532
-5439
-5181
-4926
-4696
-3894
-2870
-2651
-2543
-2214
-1659
-1229
-986
-220
522
1079
2120
3323
3339
2787
3799
5447
5637
4752
4645
5500
6027
5898
5350
4830
4912
5609
5755
4738
4081
4576
5053
4349
3011
2322
2199
1922
941
-317
-1141
-1731
-1898
-2266
-3564
-4673
-4558
-4019
-4823
-6098
-6223
-5702
-5561
-6210
-6368
-5851
-5523
-5232
-4923
-4684
-4704
-4057
-2920
-2583
-2561
-2175
-1481
-1097
-806
-130
467
1006
2031
3318
3451
3063
3975
5325
5390
4661
4781
5542
6100
6029
5356
4824
4878
5516
5574
4721
4205
4455
4770
4180
3150
2558
2344
1949
790
-405
-1191
-1795
-1998
-2517
-3613
-4549
-4612
-4286
-4983
-5932
-6155
-5862
-5805
-6357
-6358
-5985
-5746
-5426
-4830
-4407
-4653
-4148
-3137
-2653
-2496
-2207
-1428
-855
-478
-173
268
890
1978
3518
3558
3002
4038
5837
6072
4824
4651
5591
6388
6126
5114
4707
5133
5934
5578
4322
3923
4609
5207
4281
2829
2252
2300
1879
519
-577
-1043
-1415
-1926
-2711
-3727
-4644
-4697
-4396
-5025
-6040
-6213
-5718
-5776
-6468
-6449
-5820
-5592
-5540
-4977
-4326
-4351
-4132
-3315
-2724
-2475
-2263
-1689
-1036
-524
-20
413
906
1993
3488
3623
2891
3799
5610
5705
4538
4500
5730
6759
6415
5135
4616
5290
5970
5513
4367
3936
4708
5345
4376
2769
2208
2419
2112
722
-679
-1154
-1307
-1761
-2713
-3796
-4490
-4470
-4313
-5165
-6087
-6087
-5654
-5889
-6718
-6546
-5770
-5443
-5497
-5229
-4659
-4553
-4163
-3366
-2662
-2305
-2212
-1683
-1101
-603
-98
378
1112
2321
3493
3293
2877
4146
5772
5731
4724
4854
5925
6483
5981
5012
4817
5550
6150
5452
4162
4008
4822
5125
3984
2685
2426
2537
2105
659
-643
-1149
-1458
-1978
-3107
-4167
-4585
-4398
-4568
-5697
-6364
-6112
-5688
-5990
-6590
-6204
-5485
-5411
-5616
-5185
-4494
-4151
-3687
-3173
-2816
-2568
-2173
-1499
-864
-395
28
545
1259
2529
3528
3184
3088
4546
5893
5423
4450
4880
6142
6742
5874
4626
4704
5745
6157
5167
3940
3997
4975
5011
3538
2301
2281
2504
1694
63
-1012
-1277
-1424
-2050
-3102
-3961
-4312
-4278
-4726
-5740
-6187
-5881
-5654
-6067
-6411
-5995
-5476
-5530
-5635
-4999
-4296
-4058
-3670
-2996
-2405
-2267
-2088
-1421
-715
-215
249
759
1512
2826
3494
2910
3088
4801
5985
5240
4348
4897
6148
6610
5588
4596
4908
5901
5845
4472
3627
4109
5152
4894
3353
2449
2572
2578
1284
-249
-1011
-1228
-1460
-2403
-3545
-4354
-4288
-4136
-5128
-6220
-6278
-5568
-5678
-6552
-6707
-5949
-5260
-5530
-5657
-5100
-4458
-3912
-3527
-2945
-2427
-2041
-1694
-1293
-671
-108
579
1116
2126
3510
3479
2832
3687
5625
5872
4692
4633
5692
6754
6382
4977
4309
5059
6187
5625
4133
3612
4651
5463
4090
2323
2007
2685
2437
887
-494
-1279
-1450
-1743
-2706
-3982
-4645
-4124
-4064
-5403
-6593
-6177
-5344
-5832
-6766
-6664
-5789
-5382
-5384
-5189
-4910
-4583
-3850
-2925
-2532
-2361
-1841
-1151
-668
-343
179
574
1236
2779
3774
3160
2756
4396
6000
5343
4115
4552
6132
6785
5986
4798
4455
5468
6156
5118
3619
3722
5137
5232
3528
2040
2198
2676
1696
104
-961
-1348
-1577
-2119
-3107
-4398
-4797
-4274
-4531
-5871
-6541
-5740
-5236
-5872
-6466
-6182
-5623
-5540
-5245
-4746
-4685
-4466
-3577
-2665
-2437
-2324
-1915
-1442
-758
24
557
586
1450
3460
4064
3051
3179
5277
6261
4973
4157
5007
6378
6580
5592
4541
4592
5986
6121
4428
3313
4087
5335
4552
2615
1793
2365
2396
919
-373
-1099
-1395
-1546
-2382
-3701
-4701
-4376
-3871
-4774
-6101
-6208
-5263
-5394
-6350
-6319
-5575
-5265
-5459
-4978
-4438
-4445
-4096
-3504
-3009
-2681
-2126
-1687
-1364
-395
718
1088
740
1845
3988
4080
2934
3547
5658
5907
4511
4185
5111
6182
6097
5070
4178
4577
5829
5465
3705
3009
4343
5419
4126
2228
1890
2482
1942
207
-1127
-1586
-1512
-1676
-2688
-3951
-4477
-4144
-4033
-5052
-6123
-5897
-5211
-5490
-6295
-6190
-5533
-5313
-5111
-4465
-4047
-4133
-3763
-2947
-2361
-2042
-1743
-1336
-676
263
792
585
803
2574
4120
3492
2860
4338
5959
5480
4376
4681
5866
6481
5749
4601
4295
5198
5880
4701
3178
3390
4712
4695
3025
1824
2040
2329
1136
-494
-1293
-1547
-1783
-2402
-3248
-4165
-4516
-4334
-4766
-5688
-6034
-5478
-5315
-6038
-6327
-5789
-5484
-5830
-5461
-4265
-3784
-3981
-3785
-2845
-2068
-1761
-1491
-1299
-607
561
1280
1056
1481
3363
4085
3232
3423
5227
6092
5282
4766
5272
6314
6466
5456
4556
4741
5785
5722
4329
3332
4081
5094
4138
2380
1730
2261
2083
645
-767
-1491
-1629
-1993
-2757
-3878
-4698
-4604
-4549
-5189
-6178
-6242
-5680
-5812
-6263
-6124
-5624
-5776
-5855
-5031
-4329
-4340
-4215
-3177
-2240
-2057
-1889
-1560
-950
-151
730
1130
1136
2443
3867
3625
3055
4223
5959
5611
4601
4860
6000
6610
5880
4912
4577
5353
5887
4960
3787
3679
4768
4779
3210
1928
1978
2452
1496
-88
-1033
-1307
-1397
-2031
-2995
-4118
-4543
-4274
-4597
-5630
-6369
-5857
-5388
-5941
-6451
-6021
-5324
-5464
-5440
-4751
-4337
-4236
-3725
-2786
-2354
-2101
-1602
-1114
-599
-28
804
1108
1695
3230
3734
3222
3570
5349
5977
4762
4407
5288
6280
6143
5132
4635
4836
5717
5497
4190
3461
4164
5153
4094
2266
1739
2429
2285
764
-460
-1262
-1620
-2075
-2894
-3707
-4556
-4415
-4298
-5063
-6059
-6137
-5359
-5601
-6294
-6240
-5627
-5462
-5666
-5006
-4267
-4165
-4183
-3494
-2455
-2113
-1700
-1160
-721
-172
568
1143
1186
2506
4066
3857
3113
3976
5770
5554
4359
4587
5883
6701
5824
4657
4276
4941
5780
5059
3672
3377
4804
5253
3339
1710
2062
2711
1579
-187
-1073
-1346
-1512
-2145
-2969
-4028
-4597
-4371
-4569
-5455
-6191
-5715
-5334
-6035
-6557
-6262
-5804
-5832
-5418
-4529
-4265
-4408
-3915
-2677
-2185
-2157
-1708
-1068
-328
255
943
973
1366
3238
4069
3343
3235
5261
6592
5164
4169
5035
6414
6446
5264
4603
4762
5623
5604
4311
3286
3878
5212
4533
2427
1472
2337
2261
311
-927
-1034
-1093
-1863
-2732
-3523
-4428
-4539
-4519
-5039
-5888
-5980
-5292
-5630
-6501
-6472
-5548
-5457
-5949
-5156
-4101
-4080
-4468
-3650
-2310
-2021
-1931
-1490
-767
-145
640
1273
1096
2181
3849
3944
3145
3740
5957
6132
4628
4429
5591
6608
5819
4710
4626
5398
6133
5256
3732
3218
4296
4802
3295
1829
1939
2754
1803
-160
-1216
-1540
-1597
-2174
-2822
-3778
-4648
-4461
-4497
-5315
-6270
-5980
-5269
-5708
-6311
-6134
-5624
-5739
-5460
-4546
-4288
-4338
-3990
-2908
-2305
-2399
-1879
-1036
-250
326
980
1199
1519
3208
4160
3467
3210
4782
5990
4973
4184
4952
6299
6415
5158
4351
4686
5810
5803
4417
3335
3807
5007
4329
2466
1725
2364
2269
695
-604
-1143
-1248
-1788
-2559
-3238
-4040
-4233
-4438
-5037
-5879
-6193
-5623
-5713
-6156
-6072
-5609
-5725
-5982
-5038
-4248
-4358
-4451
-3538
-2312
-1946
-1840
-1615
-957
-165
705
1230
1141
2401
3960
3979
3173
3668
5680
5851
4506
4300
5504
6603
5923
4662
4240
5137
5999
5154
3710
3437
4718
4965
3172
1594
1740
2554
1698
139
-861
-1410
-1493
-2035
-2954
-4210
-4796
-4293
-4247
-5074
-6084
-5997
-5487
-5741
-6058
-5948
-5656
-5688
-5194
-4485
-4605
-4753
-4003
-2599
-2094
-2215
-1792
-1035
-275
313
884
858
1525
3378
3916
3136
3158
4990
6077
5053
4410
5267
6615
6455
5193
4397
4514
5540
5491
4198
3326
4083
5057
4110
2275
1606
2355
2160
602
-600
-1155
-1373
-1963
-2627
-3545
-4339
-4274
-4235
-4790
-5784
-5884
-5550
-5878
-6237
-6023
-5349
-5565
-5675
-4759
-4154
-4253
-4444
-3552
-2569
-2162
-1801
-1443
-737
-116
705
1051
936
2337
3801
3813
3172
4113
5806
5452
4552
4606
5625
6492
5751
4672
4304
5217
5848
4815
3596
3608
4870
4768
3122
1830
1909
2469
1474
41
-817
-1191
-1450
-2144
-2951
-4077
-4533
-4418
-4629
-5235
-5921
-5760
-5593
-5863
-5945
-5693
-5619
-5859
-5240
-4402
-4366
-4625
-4151
-2887
-2231
-2094
-1897
-1295
-284
466
854
759
1658
3390
3757
3094
3483
5361
5851
4594
4221
5222
6385
6129
5114
4558
5052
6098
5424
3792
3262
4318
5082
3796
2230
2032
2549
2108
543
-669
-1106
-1225
-1571
-2247
-3448
-4353
-4337
-4375
-4996
-5810
-5874
-5509
-5644
-6081
-6085
-5763
-5900
-5670
-4797
-4373
-4594
-4380
-3167
-2400
-2303
-2099
-1455
-506
193
808
839
1130
2728
3692
3222
2965
4487
5889
5171
4182
4617
5899
6240
5418
4554
4544
5570
5802
4667
3556
3873
5040
4566
2897
1966
2270
2378
1187
-53
-837
-1337
-1658
-2034
-2895
-4063
-4438
-4311
-4501
-5249
-5808
-5547
-5460
-5727
-5855
-5566
-5514
-5651
-4963
-4360
-4556
-4707
-3804
-2638
-2422
-2393
-1953
-1044
-151
398
710
824
1943
3181
3084
2587
3579
5357
5324
4360
4447
5514
6358
5885
4938
4452
5111
5843
5060
3828
3554
4565
4874
3468
2154
2117
2457
1733
423
-451
-987
-1319
-1720
-2430
-3529
-4174
-4103
-4107
-4711
-5409
-5510
-5430
-5661
-5896
-5704
-5610
-5727
-5181
-4520
-4459
-4699
-4262
-3028
-2434
-2359
-2039
-1351
-577
53
628
617
1334
2971
3457
3020
3152
4835
5634
4662
4273
4956
6095
6052
5142
4445
4544
5671
5340
3981
3339
4149
5138
4107
2490
1813
2395
2375
1031
-120
-906
-1051
-1417
-2192
-3362
-4327
-4014
-3913
-4615
-5746
-6009
-5336
-5322
-5826
-6104
-5690
-5456
-5376
-5055
-4906
-4697
-4356
-3365
-2668
-2627
-2147
-1412
-646
-137
446
825
1300
2730
3477
3121
3083
4470
5595
4846
4039
4511
5783
5999
5126
4447
4370
5432
5721
4681
3686
3838
4953
4525
2904
2027
2220
2496
1598
308
-570
-1104
-1337
-1668
-2660
-3984
-4385
-4079
-4131
-4938
-5566
-5391
-5286
-5548
-5736
-5633
-5660
-5574
-4888
-4375
-4445
-4473
-3663
-2804
-2676
-2611
-2113
-1077
-381
30
401
745
2094
3251
3156
2823
3749
5279
5010
4020
4250
5440
6226
5612
4517
4030
4927
5659
4665
3427
3411
4653
4984
3511
2010
1835
2436
2028
676
-697
-1404
-1207
-1305
-2368
-3778
-4067
-3582
-3784
-4737
-5632
-5487
-5066
-5184
-5530
-5673
-5473
-5228
-4807
-4718
-4863
-4404
-3437
-2614
-2505
-2311
-1803
-1163
-544
-38
530
726
1737
2978
2875
2522
3388
5087
5176
4217
4314
5173
5866
5442
4689
4248
4639
5477
5079
3971
3272
4023
4674
3603
2481
2216
2424
2009
941
-111
-1246
-1609
-1464
-1904
-3139
-4064
-3878
-3848
-4584
-5447
-5468
-4960
-5129
-5495
-5583
-5701
-5676
-5272
-4726
-4671
-4670
-3901
-2925
-2542
-2525
-2146
-1351
-736
-144
494
837
1673
2775
2948
2582
3218
4688
5038
4315
4104
5037
6110
5778
4742
4244
4624
5292
5077
4127
3547
4144
4666
3847
2663
2181
2269
2072
1229
145
-880
-1467
-1561
-1993
-3186
-4114
-3963
-3607
-4251
-5246
-5485
-5243
-5252
-5527
-5446
-5214
-5206
-4917
-4434
-4483
-4707
-4084
-3043
-2641
-2550
-2177
-1507
-850
-303
155
497
1449
2561
2898
2865
3400
4630
4872
4104
3987
4998
6026
5609
4720
4302
4638
5359
5057
4095
3649
4320
4705
3846
2865
2239
2173
1919
1008
106
-715
-1290
-1495
-1823
-2951
-4026
-3899
-3666
-4308
-5220
-5501
-5183
-5239
-5720
-5800
-5454
-5309
-5068
-4500
-4498
-4743
-4053
-2901
-2521
-2670
-2311
-1394
-659
-282
108
638
1591
2579
2725
2541
3331
4711
4910
4112
3940
4816
5777
5609
4716
4235
4585
5184
5011
4233
3786
4298
4770
4108
3008
2383
2240
1788
988
237
-717
-1415
-1490
-1765
-2944
-4059
-4017
-3670
-4062
-4964
-5416
-5086
-4946
-5351
-5559
-5511
-5406
-5084
-4600
-4527
-4765
-4056
-2854
-2547
-2818
-2485
-1345
-632
-380
2
597
1694
2466
2588
2679
3562
4806
4746
4138
4114
4794
5546
5361
4700
4319
4844
5320
4698
3908
3572
4068
4465
3819
2832
2398
2501
2003
1054
160
-721
-1179
-1366
-1851
-2945
-3780
-3761
-3687
-4294
-5360
-5607
-4985
-4727
-5235
-5708
-5531
-5137
-4751
-4475
-4539
-4539
-3842
-2845
-2536
-2644
-2291
-1343
-656
-468
-163
596
1934
2548
2266
2407
3367
4442
4297
3910
4297
5026
5632
5318
4721
4330
4650
5234
4703
3899
3730
4278
4374
3525
2674
2369
2550
2044
958
-1
-677
-892
-1193
-1918
-3033
-3609
-3552
-3762
-4353
-5107
-5252
-4919
-4804
-5121
-5542
-5526
-5188
-4703
-4518
-4743
-4739
-4009
-3003
-2723
-2817
-2369
-1310
-515
-276
-63
562
1844
2535
2233
2325
3602
4751
4358
3855
4239
5032
5438
5046
4730
4576
4887
5240
4769
4101
3918
4415
4241
3383
2848
2606
2484
1728
778
44
-616
-968
-1393
-2015
-2963
-3516
-3462
-3625
-4063
-4742
-5009
-4937
-5057
-5269
-5562
-5636
-5393
-4816
-4437
-4663
-4712
-3964
-2946
-2740
-2882
-2423
-1538
-795
-411
-216
136
1395
2557
2435
2345
3462
4790
4588
3798
4009
4839
5442
5107
4513
4336
4754
5281
4801
3911
3707
4488
4774
3707
2722
2511
2615
2014
925
65
-577
-756
-964
-1731
-2972
-3641
-3418
-3545
-4198
-4820
-4876
-4678
-4810
-5058
-5330
-5412
-5152
-4567
-4327
-4787
-4778
-3842
-2936
-2868
-2970
-2380
-1464
-798
-457
-189
317
1362
2225
2141
2116
3272
4548
4322
3598
3933
4955
5407
4790
4205
4267
4735
5047
4643
4003
3882
4532
4619
3418
2445
2397
2576
2027
905
65
-414
-572
-871
-1725
-2786
-3358
-3271
-3465
-4200
-4793
-4850
-4704
-4917
-5222
-5324
-5413
-5207
-4590
-4222
-4477
-4526
-3681
-2874
-2842
-2962
-2504
-1619
-834
-232
19
434
1506
2247
2188
2134
3196
4441
4314
3761
3939
4807
5257
4868
4391
4232
4708
4973
4527
3917
3741
4325
4377
3575
2791
2530
2583
1984
1033
192
-472
-788
-1024
-1625
-2788
-3396
-3224
-3477
-4271
-4929
-4866
-4686
-4933
-5227
-5306
-5212
-5084
-4617
-4272
-4537
-4616
-3831
-2911
-2825
-2766
-2138
-1374
-801
-474
-196
269
1349
2168
2141
2229
3103
4223
4106
3457
3822
4751
5157
4687
4261
4318
4848
5235
4769
4138
4011
4405
4318
3409
2568
2477
2653
2017
1055
256
-318
-584
-988
-1848
-2938
-3254
-2993
-3145
-3965
-4860
-4865
-4631
-4906
-5300
-5244
-4973
-4864
-4600
-4508
-4681
-4576
-3655
-2607
-2565
-2658
-2180
-1429
-942
-791
-526
19
1217
2097
1938
1866
2735
3958
4043
3433
3643
4602
5223
4922
4264
4039
4620
5122
4696
3903
3753
4360
4453
3776
2874
2468
2689
2245
1204
234
-261
-318
-592
-1360
-2618
-3144
-2874
-3035
-3723
-4638
-4805
-4366
-4356
-4894
-5365
-5259
-4979
-4541
-4358
-4581
-4427
-3659
-2915
-3039
-3160
-2620
-1714
-984
-810
-625
-222
930
1972
1986
2039
2786
3985
3986
3274
3471
4192
4923
4807
4254
3988
4348
5086
4850
4017
3611
4101
4495
3741
2767
2570
2912
2485
1479
488
-282
-365
-585
-1432
-2689
-3245
-2831
-2786
-3516
-4629
-4768
-4247
-4395
-4907
-5228
-4998
-4593
-4170
-4162
-4604
-4451
-3660
-2876
-2913
-3100
-2534
-1609
-902
-754
-539
-68
946
1993
1958
1820
2618
3853
3860
3094
3210
3922
4698
4835
4406
3992
4139
4703
4530
3841
3470
3975
4457
3785
2763
2407
2632
2324
1502
586
-214
-472
-655
-1259
-2382
-3005
-2754
-2686
-3379
-4417
-4591
-4225
-4184
-4625
-5088
-4978
-4656
-4139
-3951
-4269
-4309
-3662
-2720
-2657
-2853
-2474
-1737
-995
-811
-706
-342
699
1830
1836
1612
2204
3492
3958
3424
3288
3848
4699
4789
4187
3627
3823
4723
4868
4208
3583
3831
4249
3640
2757
2361
2505
2289
1528
639
-91
-281
-508
-1107
-2228
-2946
-2715
-2673
-3216
-4159
-4533
-4385
-4386
-4545
-4899
-4840
-4560
-4082
-3819
-4315
-4513
-4036
-3093
-2675
-2814
-2493
-1848
-1103
-871
-907
-590
431
1767
1993
1707
1988
3016
3852
3642
3386
3613
4379
4910
4600
3979
3702
4391
4885
4295
3456
3450
4117
4001
3181
2521
2380
2450
1962
945
-69
-367
-228
-674
-1831
-2779
-2768
-2548
-2951
-3868
-4446
-4253
-3943
-4059
-4584
-4919
-4651
-4084
-3941
-4394
-4483
-3790
-3010
-2838
-2942
-2637
-1921
-1148
-810
-773
-584
245
1437
1731
1419
1820
3099
3708
3141
2878
3217
3912
4370
4149
3705
3564
4161
4492
3911
3283
3487
4071
3687
2764
2377
2474
2342
1677
876
216
-147
-410
-837
-1637
-2414
-2512
-2517
-2923
-3519
-3848
-3764
-3644
-3873
-4372
-4502
-4319
-4048
-3822
-3914
-4055
-3647
-2781
-2500
-2662
-2506
-1896
-1069
-633
-457
-279
388
1343
1572
1451
1724
2807
3653
3392
3086
3184
3759
4247
4126
3742
3503
4075
4574
4151
3406
3214
3686
3599
2885
2373
2255
2042
1404
737
23
-470
-557
-732
-1445
-2349
-2704
-2785
-3084
-3730
-4205
-4113
-3996
-4138
-4425
-4584
-4533
-4218
-3915
-3982
-3997
-3666
-2967
-2476
-2512
-2422
-1848
-1079
-739
-498
-74
567
1447
1667
1530
1910
2856
3480
3310
3176
3287
3827
4187
3881
3630
3599
4043
4353
4035
3517
3458
3901
3571
2826
2411
2212
1992
1394
838
370
-19
-377
-889
-1525
-2183
-2332
-2393
-2834
-3393
-3852
-3904
-3776
-3850
-4108
-4272
-4266
-4160
-3961
-3882
-3857
-3539
-2875
-2473
-2442
-2296
-1902
-1279
-917
-707
-276
429
1220
1472
1559
1856
2532
3084
2906
2921
3234
3646
3850
3620
3537
3625
3981
4050
3673
3457
3453
3622
3305
2640
2317
2272
1982
1231
685
329
-96
-515
-1003
-1587
-2171
-2385
-2559
-2944
-3246
-3535
-3721
-3800
-3905
-3979
-4018
-4004
-3833
-3547
-3449
-3539
-3413
-3007
-2597
-2276
-2052
-1693
-1076
-614
-395
-152
455
1154
1367
1446
1882
2696
3060
2828
2882
3186
3652
3884
3721
3511
3453
3727
3662
3411
3289
3346
3508
3094
2616
2382
2237
1868
1112
590
130
-263
-544
-1035
-1626
-2110
-2300
-2511
-2859
-3196
-3406
-3428
-3630
-3966
-4154
-4144
-3985
-3756
-3527
-3507
-3499
-3166
-2799
-2620
-2261
-1710
-1211
-830
-583
-284
87
721
1302
1422
1667
2297
2852
2740
2518
2899
3361
3558
3526
3453
3451
3568
3740
3615
3344
3214
3302
3236
2767
2408
2213
1888
1327
656
242
-2
-213
-500
-1140
-1810
-2145
-2232
-2415
-2957
-3415
-3476
-3404
-3530
-3819
-3935
-3939
-3814
-3656
-3534
-3313
-3054
-2613
-2333
-2326
-2205
-1861
-1324
-982
-666
-221
270
934
1319
1366
1604
2320
2876
2708
2557
2864
3314
3415
3212
3219
3373
3636
3700
3352
3076
3087
3332
3151
2500
2208
2152
1963
1375
637
213
-49
-261
-740
-1371
-1853
-2038
-2040
-2500
-3095
-3397
-3353
-3359
-3738
-3809
-3616
-3461
-3487
-3572
-3367
-3187
-2907
-2472
-2159
-1969
-1754
-1355
-1140
-1031
-607
-104
373
879
1303
1534
1817
2384
2565
2426
2719
3138
3301
3185
3141
3331
3396
3370
3178
3132
3227
3109
2992
2684
2317
2034
1790
1445
963
731
364
-172
-558
-922
-1307
-1794
-2118
-2299
-2473
-2746
-3159
-3306
-3432
-3624
-3603
-3502
-3520
-3562
-3294
-3103
-3176
-3086
-2707
-2203
-1947
-1756
-1390
-966
-537
-171
201
618
1127
1404
1475
1968
2551
2544
2227
2423
3060
3380
3207
2962
3112
3486
3588
3242
2807
2730
2946
3035
2636
2173
2026
1926
1523
817
261
-61
-260
-570
-1066
-1564
-1980
-2153
-2384
-2835
-3254
-3342
-3188
-3313
-3504
-3458
-3243
-3215
-3348
-3202
-2955
-2782
-2606
-2237
-1874
-1697
-1447
-1179
-855
-452
-7
354
680
1159
1507
1768
2192
2584
2597
2457
2638
2929
3029
2942
2937
3067
3164
3187
3012
2884
2884
2916
2800
2408
2047
1728
1521
1228
717
184
-262
-425
-736
-1231
-1687
-2074
-2187
-2314
-2588
-3018
-3162
-3008
-3232
-3501
-3520
-3329
-3237
-3263
-3086
-2882
-2666
-2504
-2177
-1813
-1682
-1388
-1010
-649
-240
252
617
868
1233
1392
1571
1967
2303
2351
2394
2715
2899
2932
2792
2695
2868
3102
3208
2929
2703
2625
2638
2579
2181
1864
1680
1603
1218
556
69
-297
-493
-873
-1280
-1548
-1779
-1929
-2240
-2559
-2851
-2865
-2805
-3113
-3315
-3193
-2941
-2995
-3115
-2910
-2620
-2374
-2278
-2077
-1769
-1482
-1093
-758
-515
-246
201
535
724
1079
1428
1696
1940
2124
2100
2158
2546
2822
2825
2720
2740
2802
2772
2685
2541
2546
2635
2672
2494
2123
1800
1491
1247
889
507
212
-114
-492
-1001
-1353
-1655
-1963
-2133
-2294
-2453
-2685
-2704
-2671
-2850
-3021
-3033
-2833
-2834
-2922
-2818
-2660
-2501
-2351
-1936
-1480
-1176
-902
-724
-522
-238
233
660
908
1242
1562
1815
1964
2129
2233
2179
2312
2536
2652
2574
2521
2635
2712
2770
2616
2437
2382
2346
2252
1844
1486
1297
1137
761
146
-129
-262
-479
-870
-1304
-1563
-1851
-2016
-2223
-2428
-2503
-2601
-2677
-2894
-2934
-2749
-2597
-2617
-2773
-2518
-2078
-1871
-1907
-1933
-1696
-1364
-937
-550
-223
146
427
609
675
889
1342
1749
1917
1925
2061
2222
2341
2450
2538
2670
2723
2686
2530
2406
2361
2252
2095
1917
1917
1869
1606
1334
1086
728
202
-114
-306
-574
-810
-1103
-1471
-1886
-2088
-2200
-2364
-2476
-2552
-2514
-2565
-2636
-2638
-2666
-2721
-2760
-2550
-2269
-2033
-1760
-1459
-1188
-1042
-818
-521
-246
47
350
642
812
1106
1498
1633
1591
1652
1973
2207
2252
2322
2427
2549
2562
2497
2349
2251
2300
2178
1898
1681
1694
1691
1448
1223
963
660
323
-76
-470
-856
-1069
-1211
-1351
-1563
-1878
-2072
-2216
-2317
-2495
-2625
-2569
-2457
-2302
-2389
-2533
-2491
-2286
-2019
-1895
-1715
-1493
-1230
-943
-722
-524
-288
118
482
710
865
1161
1604
1792
1754
1713
1894
2132
2229
2333
2432
2545
2591
2479
2217
2019
2072
2111
1971
1760
1668
1508
1177
914
644
366
87
-146
-393
-806
-1187
-1517
-1750
-1917
-2080
-2162
-2240
-2275
-2324
-2363
-2467
-2576
-2405
-2171
-2047
-2051
-1956
-1719
-1575
-1409
-1287
-1116
-786
-370
-30
62
219
483
734
942
1144
1442
1614
1710
1750
1780
1860
1952
2177
2346
2374
2221
2042
2036
2003
1904
1776
1743
1706
1520
1254
882
523
267
113
-101
-450
-769
-1050
-1287
-1486
-1658
-1848
-2018
-2058
-2074
-2152
-2224
-2191
-2149
-2182
-2178
-2040
-1815
-1648
-1551
-1435
-1284
-1112
-910
-655
-391
-175
44
304
581
812
1002
1211
1443
1677
1829
1891
1935
1948
1889
1820
1867
2003
2073
2024
1902
1781
1718
1602
1388
1205
1134
1104
926
634
306
39
-170
-504
-928
-1259
-1324
-1295
-1398
-1629
-1944
-2166
-2276
-2288
-2247
-2184
-2002
-1828
-1781
-1844
-1844
-1679
-1479
-1294
-1136
-942
-703
-435
-208
-76
57
236
476
693
859
1040
1253
1439
1529
1603
1710
1798
1836
1830
1837
1881
1893
1793
1601
1495
1522
1506
1337
1098
926
825
696
518
324
122
-100
-356
-644
-911
-1054
-1102
-1187
-1365
-1541
-1607
-1620
-1653
-1723
-1783
-1748
-1619
-1476
-1399
-1371
-1320
-1236
-1167
-1091
-929
-708
-505
-336
-169
24
204
378
553
680
787
907
1048
1163
1201
1225
1278
1348
1420
1465
1501
1519
1452
1310
1164
1099
1121
1140
1093
992
883
729
441
77
-189
-291
-343
-455
-607
-730
-855
-1032
-1229
-1371
-1400
-1365
-1344
-1337
-1316
-1275
-1262
-1293
-1278
-1132
-881
-667
-639
-742
-796
-724
-575
-401
-222
-39
157
323
435
537
690
872
1000
1038
1039
1060
1077
1096
1173
1251
1253
1212
1184
1164
1088
963
907
939
919
767
554
398
339
265
65
-171
-305
-362
-471
-651
-781
-800
-811
-931
-1087
-1132
-1073
-1017
-1066
-1202
-1261
-1164
-1039
-993
-973
-921
-831
-741
-672
-598
-489
-342
-184
-72
-12
88
263
410
494
598
712
772
777
770
816
928
1055
1118
1061
931
874
931
969
920
863
832
808
776
656
460
343
314
269
148
-13
-108
-174
-354
-555
-621
-589
-538
-537
-623
-737
-830
-906
-925
-907
-892
-830
-807
-902
-972
-925
-797
-614
-482
-440
-402
-341
-251
-170
-171
-122
80
267
356
404
428
465
521
550
581
638
718
829
833
658
530
604
738
773
720
661
640
600
484
386
384
422
406
260
69
-5
-11
-96
-243
-360
-409
-414
-402
-397
-401
-423
-480
-563
-644
-669
-631
-611
-648
-688
-683
-637
-571
-503
-442
-395
-344
-302
-300
-314
-273
-158
1
148
224
240
230
190
179
240
350
474
532
511
487
462
468
548
618
613
579
568
590
584
481
364
317
253
150
109
174
261
212
30
-96
-129
-160
-211
-278
-344
-361
-337
-325
-332
-373
-456
-535
-579
-537
-420
-333
-280
-240
-268
-352
-422
-425
-343
-196
-42
70
97
47
-22
-60
-30
101
257
297
230
160
160
205
224
241
287
331
377
402
370
321
287
286
315
320
288
239
144
27
-46
-45
18
101
156
136
28
-132
-269
-344
-350
-299
-249
-234
-236
-263
-331
-422
-469
-427
-329
-242
-217
-236
-262
-271
-251
-207
-121
-13
65
91
101
117
119
91
71
110
175
199
181
165
181
223
251
246
260
327
407
430
387
336
288
206
146
166
245
336
379
321
155
-14
-99
-131
-183
-268
-318
-295
-203
-105
-95
-162
-210
-216
-218
-238
-258
-259
-261
-253
-249
-270
-280
-260
-225
-190
-165
-150
-144
-100
-14
65
123
135
59
-69
-125
-34
97
137
104
77
89
94
49
24
106
273
376
335
229
154
144
201
290
343
312
224
130
52
22
28
22
-16
-74
-103
-86
-50
-50
-125
-187
-137
-50
-29
-88
-173
-245
-305
-336
-323
-250
-131
-29
11
7
7
1
-20
-40
-48
-38
-2
28
-5
-88
-117
-27
99
159
144
116
120
142
142
93
12
-24
10
78
157
241
301
309
250
132
-4
-74
-35
44
95
101
59
-46
-163
-214
-171
-65
45
95
50
-49
-134
-183
-201
-197
-188
-205
-234
-213
-132
-22
62
88
90
120
154
105
-36
-179
-224
-155
-39
37
51
50
50
35
23
34
85
142
163
133
51
-35
-58
11
121
165
119
43
10
37
69
68
48
11
-50
-124
-179
-176
-130
-78
-45
-45
-70
-98
-89
-41
8
19
-27
-90
-113
-49
58
116
109
90
99
128
154
149
127
133
170
197
206
226
232
162
30
-91
-154
-159
-128
-95
-79
-74
-92
-141
-191
-178
-92
10
59
19
-103
-238
-293
-244
-129
-3
71
51
-42
-136
-172
-131
-46
27
40
-11
-89
-155
-169
-96
45
178
240
220
143
64
28
43
76
115
160
179
154
110
77
65
83
128
177
213
220
168
48
-82
-156
-147
-67
43
116
114
53
-25
-72
-66
-32
-19
-24
-23
-27
-48
-83
-112
-113
-80
-42
-46
-95
-140
-147
-138
-134
-123
-99
-76
-63
-52
-32
-6
17
10
-28
-60
-44
20
57
49
9
-39
-58
-26
60
144
176
157
136
134
143
136
94
36
10
28
50
35
-7
-25
-15
0
8
-9
-67
-165
-251
-279
-236
-134
5
114
127
63
-4
-31
-33
-18
15
39
43
54
37
-29
-106
-119
-63
23
122
199
198
122
45
15
14
26
45
45
19
13
59
126
158
139
81
12
-21
0
33
47
36
5
-38
-91
-114
-69
-5
45
55
8
-81
-182
-235
-225
-197
-154
-134
-176
-214
-186
-110
-50
-43
-37
7
59
109
104
-3
-107
-116
-37
72
160
229
234
141
50
29
61
137
208
207
156
126
156
183
134
72
46
-2
-52
-51
0
78
132
143
98
6
-82
-160
-255
-314
-275
-183
-112
-94
-82
-52
-33
-28
-44
-106
-181
-210
-193
-157
-112
-52
-16
-39
-54
-14
28
15
-5
7
18
30
65
101
81
43
61
102
117
126
150
154
138
155
183
173
178
243
273
160
-13
-105
-99
-39
79
203
219
104
-57
-170
-207
-141
3
83
27
-83
-140
-167
-217
-263
-272
-257
-195
-83
-9
-28
-65
-47
-22
-48
-74
-53
-32
-56
-66
-22
28
35
34
79
149
190
174
93
-15
-61
14
150
236
256
216
110
-6
-55
-47
-28
-4
17
-15
-85
-85
-8
50
42
24
30
14
-47
-109
-142
-154
-136
-91
-44
-4
21
17
-26
-63
-63
-71
-97
-107
-88
-65
-36
18
59
46
20
20
17
5
27
84
127
146
154
155
151
142
106
35
-14
-8
2
-6
9
67
114
111
70
-6
-89
-109
-63
15
80
97
49
-48
-129
-160
-135
-50
64
133
120
42
-70
-176
-227
-206
-136
-45
21
23
-36
-121
-202
-243
-219
-141
-61
-15
9
13
1
-4
14
42
69
93
99
95
101
103
98
114
160
183
159
125
87
33
-5
11
78
141
154
121
78
55
58
72
93
111
93
17
-88
-161
-175
-140
-102
-95
-116
-154
-193
-205
-176
-131
-101
-96
-125
-170
-184
-137
-55
-1
-4
-52
-92
-76
-14
56
103
111
79
38
21
35
75
117
148
162
172
190
201
175
119
72
75
119
147
112
30
-23
-31
-40
-62
-55
3
65
66
9
-55
-98
-129
-118
-24
115
195
142
2
-129
-182
-155
-80
1
38
19
-25
-58
-85
-128
-171
-184
-151
-91
-43
-37
-87
-167
-208
-162
-58
33
49
-5
-71
-108
-85
-20
39
45
0
-44
-36
12
59
105
174
230
222
176
162
190
198
158
119
139
196
229
210
169
138
105
63
59
119
175
152
66
-18
-74
-111
-131
-142
-144
-143
-147
-168
-208
-245
-256
-232
-192
-158
-152
-191
-265
-327
-354
-354
-294
-171
-47
28
61
69
34
-5
3
28
30
41
99
171
206
220
227
187
123
138
250
344
341
251
109
-15
-30
74
197
259
259
196
74
-33
-55
-5
52
98
150
172
113
-9
-132
-208
-207
-130
-43
-15
-44
-117
-215
-303
-313
-249
-179
-150
-155
-171
-201
-231
-227
-201
-173
-132
-74
-39
-48
-52
-13
35
43
26
26
46
50
27
26
96
227
336
348
273
165
97
91
136
191
216
209
185
149
72
-20
-36
39
117
125
90
55
27
-6
-62
-126
-157
-137
-114
-132
-171
-189
-178
-181
-199
-207
-204
-213
-214
-187
-156
-146
-153
-144
-112
-74
-30
-1
14
36
69
96
128
169
207
228
235
246
230
166
101
87
140
221
293
341
341
278
154
25
-31
15
121
193
187
118
11
-97
-183
-207
-171
-127
-123
-182
-280
-361
-372
-297
-184
-87
-41
-63
-111
-158
-201
-229
-244
-221
-172
-133
-115
-130
-156
-167
-142
-53
76
185
235
213
155
102
70
77
102
140
175
191
207
219
221
197
127
42
-12
1
83
173
193
117
21
6
101
240
321
290
163
-2
-146
-228
-240
-195
-126
-57
-15
-22
-71
-139
-173
-147
-80
-18
-8
-56
-129
-177
-172
-141
-120
-137
-187
-221
-217
-168
-104
-55
-30
-22
-21
-11
10
31
49
84
158
258
340
364
331
293
285
310
322
284
213
155
126
94
30
-45
-82
-49
15
43
-4
-93
-159
-172
-134
-73
-23
-5
-33
-99
-180
-246
-277
-283
-286
-296
-297
-269
-213
-165
-157
-184
-207
-185
-135
-94
-89
-100
-104
-90
-57
-12
35
76
113
153
200
240
252
224
189
189
237
303
351
365
359
340
310
276
243
213
189
174
168
172
172
132
33
-99
-202
-240
-214
-169
-156
-182
-230
-261
-238
-162
-75
-37
-76
-162
-241
-277
-273
-252
-223
-176
-122
-83
-73
-74
-81
-101
-120
-92
-4
98
146
106
25
-26
-17
35
101
179
251
276
240
197
199
235
244
183
94
31
11
14
11
19
70
146
189
165
111
69
25
-32
-101
-148
-157
-153
-158
-171
-176
-148
-107
-93
-119
-172
-213
-233
-240
-223
-193
-157
-109
-50
4
31
33
27
17
-2
-6
12
34
53
55
45
22
5
30
78
118
145
176
210
224
209
175
99
6
-34
-2
70
124
134
95
21
-12
42
149
249
299
291
213
74
-60
-151
-177
-123
-21
47
19
-102
-236
-309
-281
-160
-24
29
-48
-182
-276
-288
-226
-155
-115
-88
-67
-57
-68
-93
-87
-40
-18
-45
-93
-121
-79
34
155
207
188
138
99
87
93
116
135
130
131
156
198
254
276
227
157
101
69
62
43
22
18
-14
-78
-110
-78
12
98
66
-82
-230
-294
-260
-175
-108
-62
-36
-51
-93
-124
-139
-135
-111
-77
-38
-18
-47
-115
-174
-188
-145
-80
-43
-36
-44
-53
-41
-6
18
26
59
132
224
267
227
169
152
169
185
168
127
96
71
34
13
57
154
221
176
63
-11
-6
41
72
61
44
58
88
87
36
-35
-104
-155
-174
-159
-154
-201
-275
-306
-234
-87
46
80
19
-52
-82
-75
-45
-15
-4
-6
-20
-63
-148
-220
-183
-34
126
223
259
254
184
59
-50
-74
-13
80
152
168
131
68
8
-34
-43
7
109
199
213
125
-31
-164
-195
-120
-26
10
-19
-70
-109
-133
-138
-117
-67
10
54
0
-132
-252
-271
-192
-85
-24
-17
-23
-20
-40
-95
-150
-157
-104
-16
70
109
100
66
23
-6
8
81
161
197
183
149
126
94
50
27
69
185
317
370
284
107
-57
-114
-49
77
181
191
117
29
-7
9
31
33
14
-14
-45
-83
-130
-181
-207
-171
-89
-22
-14
-53
-99
-127
-110
-58
-16
-12
-43
-94
-154
-195
-179
-118
-25
76
141
107
-22
-168
-244
-217
-108
2
38
14
-13
12
69
121
145
141
131
127
128
124
125
128
107
61
34
55
107
131
96
43
17
-12
-85
-144
-153
-134
-96
-51
-33
-68
-117
-131
-135
-76
68
122
-18
-187
-196
-129
-122
-105
-17
1
-104
-105
27
55
-45
-72
26
77
92
161
164
57
6
70
156
238
261
153
31
51
131
72
-29
34
126
133
145
174
124
18
-2
64
84
63
53
20
-39
-73
-120
-229
-292
-213
-66
27
55
7
-152
-286
-262
-186
-151
-76
48
70
-29
-90
-85
-70
0
121
183
144
56
-46
-136
-162
-149
-119
-18
138
194
116
26
-39
-81
-43
57
97
55
34
49
39
9
-21
-59
-76
-61
-25
42
127
137
38
-73
-91
-30
52
136
172
130
58
16
7
9
25
26
-6
-40
-50
-63
-78
-68
-59
-59
-32
18
14
-58
-91
-58
-24
-13
2
6
-24
-27
22
64
75
85
90
78
94
162
192
128
48
-17
-82
-94
-57
-44
-85
-96
-50
7
76
151
171
121
52
-10
-66
-88
-65
-52
-79
-117
-154
-156
-108
-38
-1
-8
-46
-118
-215
-255
-198
-110
-43
-5
-24
-93
-124
-55
49
109
134
139
109
73
73
98
106
99
105
99
62
31
69
138
159
150
122
23
-92
-106
-32
48
103
155
160
96
56
47
0
-53
-46
-11
19
52
53
-13
-109
-154
-124
-44
45
97
64
-54
-171
-198
-135
-49
-12
-20
-63
-114
-94
-30
-13
-50
-59
-22
7
49
87
73
10
-41
-50
-61
-37
41
122
173
183
177
119
27
-44
-97
-140
-171
-172
-188
-210
-187
-138
-56
-1
34
49
17
3
-30
-71
-85
-59
-5
47
101
102
77
39
-6
-4
36
109
151
134
99
50
15
19
52
58
61
79
44
-8
-35
-33
-1
45
97
96
30
-61
-128
-145
-99
13
102
126
114
99
114
143
169
172
132
75
29
-15
-58
-82
-69
-14
58
108
99
27
-80
-160
-172
-108
-9
50
30
-51
-139
-191
-176
-119
-67
-44
-38
-33
-29
-21
-16
-28
-65
-109
-141
-170
-187
-180
-157
-141
-126
-108
-96
-91
-80
-60
-51
-42
-29
-15
4
42
81
99
108
117
125
129
136
130
95
64
67
106
166
245
307
305
232
135
40
-32
-50
-20
31
68
84
71
28
-4
17
81
140
144
67
-64
-177
-219
-186
-100
-13
25
4
-46
-73
-44
20
75
83
37
-32
-98
-148
-177
-180
-165
-148
-125
-78
0
101
185
205
159
80
-3
-85
-145
-162
-141
-107
-74
-25
51
132
186
179
101
-3
-70
-75
-44
-17
-6
-8
-26
-63
-115
-143
-103
-1
108
138
66
-67
-179
-209
-156
-69
3
35
20
-27
-75
-77
-11
89
162
169
128
84
65
60
50
21
0
16
62
100
77
-10
-112
-168
-151
-81
-11
29
40
49
67
82
73
31
-4
-3
43
100
135
151
148
132
87
29
5
26
51
31
-39
-97
-82
-2
74
84
33
-32
-77
-91
-93
-89
-72
-50
-46
-70
-100
-104
-87
-72
-77
-94
-84
-45
-7
-5
-37
-42
-7
50
78
45
1
-21
-10
9
14
19
31
48
44
-6
-79
-127
-107
-18
74
126
111
54
-15
-64
-56
12
100
162
162
111
45
-11
-45
-52
-39
-12
8
19
18
14
36
68
80
63
20
-11
-12
-21
-52
-71
-56
-31
-48
-107
-152
-145
-111
-94
-91
-61
-27
-38
-69
-79
-29
84
203
263
248
173
52
-36
-20
60
115
118
73
-3
-77
-141
-174
-118
21
131
127
37
-78
-151
-138
-58
58
156
158
42
-106
-164
-113
-22
39
29
-17
-41
-32
2
31
32
11
11
38
47
10
-48
-80
-57
25
117
168
176
139
56
-31
-77
-69
-17
31
25
-27
-77
-112
-143
-164
-162
-136
-94
-66
-53
-47
-32
-8
41
97
112
79
41
45
73
71
20
-51
-82
-39
55
139
180
189
172
133
77
21
-18
-16
34
115
166
123
-16
-168
-232
-167
-26
89
109
36
-97
-215
-236
-152
-43
14
-7
-58
-89
-89
-76
-57
-32
-16
-31
-75
-126
-164
-162
-92
32
143
179
133
40
-54
-109
-104
-34
67
153
194
170
101
31
-1
3
27
75
140
181
154
74
16
27
61
73
72
76
61
6
-56
-94
-112
-128
-137
-111
-47
16
44
42
16
-31
-76
-94
-96
-102
-105
-84
-31
9
16
13
21
32
23
6
14
45
88
125
136
104
27
-66
-136
-163
-160
-123
-46
43
113
145
135
84
24
-8
22
101
161
155
76
-35
-113
-126
-65
25
76
78
67
64
46
5
-67
-148
-163
-112
-57
-29
-53
-136
-215
-243
-233
-201
-150
-94
-41
4
18
-15
-70
-106
-90
-17
76
150
167
112
30
-17
-19
30
116
168
166
144
108
66
67
111
159
204
244
217
140
94
79
55
41
30
-14
-56
-53
-46
-61
-51
-3
75
194
297
284
133
-70
-243
-327
-271
-129
-23
-8
-52
-120
-182
-190
-143
-101
-78
-34
11
0
-53
-128
-215
-250
-198
-118
-87
-100
-151
-217
-225
-153
-56
26
84
104
100
99
108
105
91
77
67
57
56
79
122
149
132
63
-27
-72
-36
53
125
145
127
103
106
134
156
152
147
167
210
249
241
152
15
-92
-114
-59
23
78
81
53
10
-49
-108
-145
-141
-103
-64
-51
-60
-74
-82
-77
-68
-50
-26
-12
-25
-63
-88
-72
-33
2
11
-20
-91
-180
-252
-267
-212
-133
-104
-157
-224
-214
-126
-7
81
109
77
14
-48
-83
-80
-45
-4
20
32
46
64
83
120
181
244
275
260
208
134
55
-7
-23
21
104
169
187
180
179
184
158
78
-27
-107
-147
-157
-151
-124
-81
-39
-5
37
113
192
208
126
-1
-93
-118
-108
-114
-133
-131
-93
-53
-65
-115
-147
-114
-55
-25
-18
4
44
43
-41
-163
-223
-155
-10
112
157
143
121
119
120
94
59
41
47
58
52
24
-26
-80
-108
-85
-30
10
-8
-84
-142
-113
11
163
246
216
110
-4
-98
-169
-192
-159
-74
2
18
-15
-55
-83
-101
-115
-110
-65
0
34
16
-15
-11
26
59
65
61
84
126
153
159
146
124
91
35
-13
-15
29
101
155
155
107
27
-48
-77
-54
-24
-46
-124
-187
-166
-57
64
108
74
8
-31
-24
-13
-22
-60
-128
-194
-233
-227
-176
-116
-80
-77
-94
-102
-96
-69
-16
48
108
144
144
127
104
85
83
94
117
140
149
143
112
60
2
-28
-17
24
69
85
62
35
32
63
106
132
123
80
21
-24
-43
-33
-11
-3
-32
-82
-118
-124
-97
-60
-35
-31
-46
-73
