SAMPLES:	17685
BITSPERSAMPLE:	16
CHANNELS:	1
SAMPLERATE:	16000
NORMALIZED:	FALSE
23
10
-7
-21
-23
-9
9
25
34
26
9
-17
-30
-25
-9
9
17
16
3
-16
-28
-26
-10
12
29
29
14
-10
-27
-22
-5
16
27
25
7
-12
-17
-13
1
18
27
26
13
-4
-14
-23
-15
4
12
11
4
-12
-24
-26
-19
-5
9
20
22
17
3
-8
-15
-16
-8
2
14
17
11
0
-14
-21
-17
-4
12
15
5
-9
-19
-19
-7
10
19
18
9
-2
-10
-9
-1
6
12
7
-4
-9
-10
-2
7
14
14
7
1
-6
-12
-14
-8
0
7
15
13
7
-3
-9
-10
-9
-4
0
4
11
18
23
18
6
-9
-19
-28
-24
-12
-2
10
20
20
14
1
-13
-23
-24
-19
-8
0
7
12
10
9
4
1
-2
-3
-7
-14
-11
-4
4
12
20
25
25
17
-7
-27
-30
-22
-1
21
32
29
20
1
-16
-29
-31
-19
0
12
12
4
-11
-15
-5
14
28
17
-7
-38
-57
-47
-13
29
57
60
31
-12
-47
-57
-43
-9
30
48
50
36
12
-15
-34
-34
-21
1
17
16
4
-10
-18
-9
11
26
31
19
0
-14
-19
-13
0
14
22
19
15
7
0
-11
-24
-24
-15
-3
3
-1
-12
-19
-8
24
55
66
43
-12
-65
-85
-62
-9
46
71
52
10
-28
-37
-22
7
20
11
-9
-27
-25
-2
22
34
25
0
-26
-40
-36
-13
17
36
39
23
-5
-29
-36
-30
-7
25
46
49
26
-9
-39
-54
-48
-16
14
31
30
12
-8
-25
-25
-17
-4
13
23
26
16
1
-23
-34
-26
-8
17
28
15
-6
-18
-14
2
21
28
15
-8
-27
-33
-18
8
30
32
22
11
2
4
9
8
5
-7
-17
-15
1
18
28
29
13
-9
-31
-41
-35
-13
20
45
54
34
-5
-43
-58
-44
-13
17
28
23
16
7
1
-4
-8
-16
-26
-27
-25
-16
-7
1
5
9
16
16
12
4
-5
-8
-8
-3
-2
-3
-6
-11
-8
3
20
33
35
22
3
-19
-35
-33
-14
8
23
25
16
3
-7
-6
4
25
38
34
15
-13
-41
-59
-57
-39
-10
22
46
50
34
6
-22
-37
-33
-18
-6
6
11
9
0
-7
-12
-5
6
13
18
12
3
-6
-18
-21
-22
-18
-6
10
24
36
43
35
12
-17
-41
-46
-35
-12
16
38
43
27
0
-27
-32
-15
10
30
33
19
-4
-23
-28
-18
-2
9
13
9
4
6
5
5
0
-4
-4
-5
-2
-3
-3
-5
-6
-4
2
3
4
7
0
-12
-16
-12
0
9
13
8
-7
-20
-23
-12
7
14
12
4
-6
-8
-6
2
7
5
2
0
1
7
8
3
-2
-10
-13
-8
0
5
5
4
3
5
7
9
3
-3
-6
-6
-1
5
5
2
-3
-1
0
-3
-8
-12
-13
-6
4
15
19
17
7
-5
-15
-14
-4
9
19
20
12
4
-4
-6
-2
1
3
3
2
-3
-7
-8
-5
-3
0
-4
-10
-10
-6
2
4
3
0
-1
-1
-1
2
5
6
3
-6
-16
-19
-13
-4
3
0
-9
-14
-13
-4
9
16
16
5
-4
-8
-7
1
12
21
18
13
5
-2
-3
-4
0
-1
0
0
2
7
4
0
-2
-3
0
1
2
1
-1
-5
-1
4
6
10
11
-1
-12
-12
-8
6
17
16
7
-6
-17
-21
-14
-3
3
4
1
3
0
-2
1
1
-2
-7
-10
-7
-1
1
2
-3
-9
-6
-4
-4
-1
5
10
6
3
-2
-8
-8
-4
3
13
18
15
6
-2
-15
-18
-11
4
15
14
7
-1
-7
-3
3
7
3
-2
-4
-6
-3
8
14
17
8
-4
-9
-11
-9
-8
-9
-4
5
19
25
22
8
-10
-24
-24
-14
0
8
6
-5
-11
-8
9
25
28
16
-3
-16
-22
-13
-1
3
8
5
4
4
9
10
0
-12
-21
-18
-6
4
7
2
0
1
2
5
5
4
-7
-17
-16
-13
4
18
19
13
0
-15
-22
-20
-11
0
14
22
19
6
-7
-16
-20
-18
-8
7
13
8
-7
-16
-14
-3
12
20
18
3
-12
-17
-19
-13
-2
10
21
24
20
12
5
5
4
5
4
-2
-13
-13
-3
14
27
32
28
12
-10
-30
-43
-45
-28
-1
29
47
44
18
-13
-38
-43
-29
1
24
30
22
1
-13
-19
-15
-8
-2
1
-2
-6
-13
-12
-4
7
22
29
17
-6
-27
-29
-6
26
46
34
-3
-41
-55
-34
8
50
61
30
-14
-49
-51
-29
0
21
27
21
9
-7
-20
-25
-19
-1
15
26
22
0
-20
-30
-28
-9
6
17
18
9
2
3
3
-1
-11
-16
-12
4
20
24
10
-15
-30
-26
-2
21
29
16
-7
-16
-13
2
15
18
14
5
-1
0
2
4
3
-1
-5
-5
-2
7
10
11
9
5
0
-4
-10
-17
-19
-19
-5
13
21
18
2
-12
-16
-12
-1
6
1
-9
-12
-5
3
6
4
-2
-9
-7
-2
-2
-2
-10
-11
-7
-1
13
19
20
10
-2
-8
-9
-1
4
6
4
1
1
6
8
8
3
-2
-2
-2
2
7
8
2
-5
-15
-17
-7
6
19
20
9
-7
-19
-13
-4
7
14
8
-1
-8
-13
-13
-8
-11
-8
1
11
20
18
0
-17
-19
-9
9
20
17
-1
-16
-19
-6
8
15
14
2
-10
-18
-20
-14
-3
7
14
13
0
-18
-28
-24
-4
14
24
18
2
-13
-23
-20
-6
12
27
36
27
7
-11
-17
-6
12
26
28
15
-1
-17
-18
-7
2
10
9
1
0
4
5
4
-2
-6
-7
-2
6
8
9
3
-3
-4
-5
-8
-9
-6
-2
0
-2
-7
-11
-11
-6
2
9
15
12
7
-2
-11
-14
-9
-4
0
0
-5
-5
-4
-2
-1
-4
-8
-9
-5
4
6
7
6
-4
-10
-9
-6
5
14
13
9
3
-4
-6
-3
4
8
5
-1
-8
-11
-11
-4
4
8
10
6
-3
-11
-9
-1
8
17
22
15
7
-2
-11
-12
-6
0
6
5
2
1
-4
-10
-9
-4
4
11
12
11
8
3
-2
-3
-4
-4
-2
0
0
-2
-1
-1
-3
-4
-5
-3
1
5
5
5
-1
-4
-4
-8
-10
-3
6
7
8
6
0
0
-2
-6
-5
0
8
13
11
0
-10
-19
-23
-21
-11
4
16
18
11
0
-13
-21
-17
-2
13
21
19
11
-2
-13
-14
-7
2
10
13
12
9
1
-5
-6
-6
-4
-2
-4
-7
-4
0
5
8
8
7
3
0
-6
-5
-4
0
5
5
6
3
0
-2
-2
1
3
2
2
2
2
3
8
7
2
-7
-14
-17
-16
-4
7
11
10
1
-12
-17
-15
-6
11
22
20
5
-15
-25
-26
-15
3
22
29
22
5
-14
-29
-30
-13
6
24
27
13
-1
-11
-12
-4
4
1
-6
-11
-6
8
23
31
26
7
-9
-18
-20
-13
0
14
17
8
-5
-11
-11
-4
-2
-2
2
5
7
10
11
6
1
-5
-11
-7
1
9
13
11
6
0
-7
-10
-9
-4
1
1
0
-2
-4
-3
-1
1
2
1
-2
-5
-6
-4
-3
3
4
1
0
-2
-7
-10
-14
-12
-11
-7
1
-1
-2
-5
-9
-9
-4
6
15
17
11
3
-5
-6
-1
6
12
12
6
2
-5
-6
-5
-2
4
7
10
13
14
10
3
3
-1
-3
-5
-3
-3
1
9
11
10
1
-5
-5
-4
-2
0
-1
-4
-6
-5
-5
-6
-4
-2
-2
-1
6
9
8
9
3
-6
-8
-3
4
7
5
-1
-5
-5
-2
0
2
0
-7
-15
-14
-11
-1
8
8
5
0
-1
2
2
1
-2
-6
-9
-4
8
16
13
0
-13
-19
-16
-4
9
11
12
8
0
-6
-11
-16
-15
-8
2
13
16
10
-2
-14
-14
-4
7
13
13
6
-1
-6
-11
-11
-6
4
16
23
13
-7
-27
-31
-19
4
25
27
14
-2
-9
-5
8
16
17
7
-4
-5
3
6
3
-3
-15
-12
-8
-3
1
-2
-2
4
14
17
6
-10
-16
-9
4
15
13
6
2
8
12
9
-5
-21
-22
-7
16
24
5
-24
-41
-29
2
32
38
12
-23
-38
-26
4
29
31
8
-21
-40
-33
-10
13
20
5
-19
-35
-36
-10
27
54
62
36
-13
-57
-71
-48
4
57
78
58
4
-51
-73
-50
1
50
68
49
3
-35
-41
-17
22
40
26
-4
-24
-23
-2
24
33
22
2
-10
-17
-19
-18
-15
0
14
24
20
0
-21
-29
-20
-4
7
9
2
-5
-14
-15
-8
0
11
19
19
12
-1
-19
-30
-29
-16
-1
13
15
9
2
-4
-10
-13
-15
-13
1
18
31
25
8
-14
-31
-22
1
23
35
27
8
-10
-18
-11
-2
5
13
12
8
3
-8
-9
-9
-3
10
18
21
13
-1
-7
-10
-3
4
10
7
-1
-5
-7
-8
-7
-5
2
9
13
10
2
-4
-11
-18
-19
-12
-4
10
19
16
-3
-24
-32
-25
-3
18
25
17
1
-19
-25
-18
0
14
10
-6
-20
-25
-18
-1
11
11
1
-3
1
9
24
27
16
-4
-24
-26
-11
12
30
33
18
-5
-26
-28
-8
16
35
40
25
7
-11
-16
-13
-8
-4
0
2
1
0
0
2
5
4
-2
-8
-6
-3
5
11
6
-6
-18
-22
-14
2
17
21
12
-7
-25
-29
-21
-5
13
20
12
-3
-18
-22
-14
2
12
11
2
-9
-12
-12
-3
8
14
19
16
11
6
1
-6
-7
-2
7
17
14
5
-8
-17
-14
-6
5
11
10
8
1
-8
-12
-10
0
7
12
10
-3
-16
-23
-18
0
15
22
18
7
-9
-18
-19
-7
10
21
17
2
-12
-21
-17
-1
14
19
8
-7
-18
-17
-10
5
16
18
12
-2
-12
-13
-8
-1
8
13
14
8
-4
-15
-17
-11
3
17
16
3
-10
-23
-25
-12
7
20
22
5
-18
-33
-31
-13
11
31
32
17
0
-9
-7
3
14
17
11
-3
-15
-21
-15
2
18
22
16
0
-18
-27
-21
0
23
36
33
12
-16
-39
-39
-17
12
41
51
37
9
-24
-44
-39
-16
11
31
34
15
-13
-30
-35
-25
-8
10
17
13
3
-8
-13
-10
-4
6
13
12
4
-5
-9
-8
-2
2
5
3
-2
-5
-11
-16
-15
-8
-1
10
19
21
6
-10
-18
-19
-1
20
31
26
7
-13
-24
-18
-6
7
17
19
13
7
8
13
13
3
-10
-24
-27
-13
6
24
26
8
-18
-38
-39
-22
7
31
40
29
2
-26
-44
-41
-19
10
30
29
15
-5
-22
-27
-20
0
14
22
19
8
-2
-9
-8
2
13
19
13
-2
-16
-19
-10
2
14
21
20
15
5
-7
-16
-12
-1
13
27
24
5
-20
-34
-32
-16
6
19
12
-6
-23
-23
-8
12
24
15
-4
-16
-17
-2
11
13
9
-3
-10
-9
-3
3
0
-3
-5
-4
3
8
6
-2
-7
-9
-3
6
10
10
-3
-13
-14
-4
12
24
26
13
-4
-17
-21
-9
10
20
19
7
-4
-11
-14
-15
-14
-8
2
9
12
6
-4
-16
-17
-7
4
18
20
2
-15
-25
-21
-8
11
21
21
14
1
-12
-19
-20
-16
-4
7
15
18
20
17
11
0
-13
-15
-8
7
21
25
18
0
-15
-16
-4
12
21
18
7
-5
-11
-10
-3
2
3
3
-2
-7
-11
-8
-1
3
0
-10
-15
-15
-13
-4
3
8
7
3
1
-3
-5
-10
-13
-7
4
14
18
13
0
-10
-13
-10
1
9
10
7
0
-9
-14
-14
-13
-5
4
10
10
2
-4
-8
-7
3
15
28
31
17
-2
-18
-23
-12
6
19
20
8
-7
-13
-14
-8
1
6
5
-4
-4
0
2
3
-4
-10
-8
1
8
8
4
-1
-7
-5
6
10
11
4
-7
-9
-5
3
13
12
5
-5
-15
-13
-6
1
5
4
2
1
1
0
3
8
12
14
9
-2
-7
-6
-7
-7
-7
-7
-5
3
6
-2
-7
-14
-15
-8
2
4
1
-3
-8
-3
2
7
2
-6
-7
3
13
15
7
-8
-14
-9
1
8
4
-6
-14
-11
4
20
22
6
-13
-19
-7
14
25
17
-4
-20
-15
-1
15
26
25
7
-15
-26
-25
-13
11
27
25
4
-20
-29
-18
2
17
20
12
3
-5
-12
-15
-14
-4
11
22
21
5
-19
-34
-30
-10
11
20
12
-3
-14
-15
-5
10
22
24
16
1
-14
-21
-18
-2
18
27
20
-5
-27
-38
-24
1
24
34
21
-1
-14
-15
-4
10
9
0
-4
-5
-1
7
8
9
8
3
-5
-9
-4
1
3
4
0
-2
0
6
12
11
1
-15
-26
-21
0
17
16
2
-13
-15
-4
8
11
2
-12
-20
-18
-6
6
9
4
-7
-17
-13
-1
5
8
6
1
-7
-11
-8
4
20
26
19
3
-13
-21
-15
1
18
29
26
13
0
-13
-19
-20
-13
8
31
37
25
-1
-27
-37
-24
-2
23
34
19
-3
-22
-24
-16
1
12
12
5
-2
-5
-9
-12
-12
-5
9
16
7
-3
-12
-17
-7
9
17
7
-9
-22
-20
-2
13
15
11
3
-3
-8
-5
0
8
17
17
10
-1
-8
-7
-4
-3
-5
-8
-8
-7
0
6
7
5
-4
-14
-20
-16
-2
15
24
22
11
-3
-16
-25
-21
-7
10
29
36
27
9
-13
-30
-30
-15
10
34
41
29
1
-27
-41
-32
-6
15
21
16
2
-12
-14
-4
8
11
3
-6
-9
-5
2
2
-2
-7
-7
-6
-4
-1
-3
-9
-11
-9
-4
4
10
13
11
4
-3
-13
-15
-10
6
28
36
26
1
-26
-38
-26
0
25
34
19
-3
-26
-24
-4
14
22
9
-8
-17
-9
8
18
14
-4
-21
-23
-11
4
15
15
9
-2
-11
-13
-6
5
15
17
11
2
-5
-4
-4
-5
-4
-2
1
9
12
8
-1
-8
-8
-8
-4
2
3
4
1
-1
-1
3
6
1
-6
-12
-13
-8
2
6
2
0
-7
-12
-8
-5
2
10
12
6
-1
-12
-13
-5
5
11
15
13
11
4
-5
-11
-14
-11
-2
7
10
6
-3
-13
-14
-3
7
14
14
8
-1
-7
-11
-13
-9
-8
-7
-1
5
7
9
6
1
3
5
8
12
11
5
-3
-7
-7
-3
-3
-3
2
5
8
9
8
6
-1
-7
-8
-4
2
6
8
3
-3
-4
-6
-1
2
5
8
3
-1
-7
-11
-16
-15
-8
1
9
14
8
-5
-15
-17
-14
-7
0
1
-1
-3
-3
3
6
5
3
-1
1
7
12
7
-5
-14
-15
-7
3
18
23
21
11
-7
-14
-16
-12
1
9
13
8
1
-4
-4
0
1
5
14
17
14
8
1
-1
-5
-6
-7
-6
-1
4
5
-1
-4
-13
-17
-13
-11
-7
-1
2
2
1
0
-6
-8
-8
-6
4
8
8
5
1
-3
-6
-5
1
3
4
2
-3
-3
0
8
14
15
6
-3
-14
-20
-13
-3
6
11
9
4
0
-1
0
2
10
17
20
12
-2
-18
-26
-16
1
15
25
19
1
-16
-28
-23
-5
16
28
24
6
-18
-31
-27
-7
13
23
22
6
-8
-17
-12
3
16
19
12
-3
-18
-23
-11
4
12
13
0
-10
-15
-15
-4
5
11
7
-6
-13
-8
3
20
30
21
2
-21
-32
-28
-12
10
25
24
9
-11
-20
-19
-13
-1
13
17
17
6
-9
-16
-13
-3
7
9
0
-8
-11
-7
6
18
20
9
-9
-23
-16
1
16
22
11
-3
-10
-10
-3
7
11
9
5
4
1
0
1
-1
-5
-4
-4
1
7
7
5
-3
-13
-17
-14
-2
15
22
17
2
-18
-24
-18
-9
3
11
13
9
1
-10
-19
-14
-5
8
15
13
2
-6
-6
3
17
22
14
-4
-17
-16
-1
10
9
-2
-18
-24
-13
12
33
33
11
-20
-37
-31
-5
22
31
21
2
-16
-22
-17
-6
4
11
13
13
11
3
-11
-18
-13
0
5
-2
-17
-27
-19
4
27
24
0
-26
-39
-25
3
29
33
15
-2
-11
-4
10
4
-12
-23
-14
13
38
39
20
-7
-26
-24
-8
9
18
19
18
16
8
-5
-26
-35
-20
10
38
43
20
-19
-42
-35
-7
27
42
29
0
-25
-25
-8
10
17
8
-4
-11
-11
-7
-3
-5
-8
-12
-8
-4
1
5
5
1
-12
-18
-16
-9
7
14
14
3
-8
-19
-22
-10
8
22
23
13
-5
-18
-17
-5
11
20
20
10
-8
-19
-16
0
14
17
9
-6
-12
-2
14
18
11
-6
-17
-12
0
13
17
8
-3
-9
-6
0
2
-1
-6
-9
-6
7
19
20
9
-4
-10
-12
-7
-5
3
12
11
5
-4
-12
-19
-17
-8
2
15
17
7
-12
-31
-32
-10
17
34
29
9
-18
-30
-25
-7
10
21
21
14
7
0
-6
-10
-13
-10
-3
11
25
28
16
-7
-33
-41
-27
-1
23
29
19
4
-6
-15
-19
-19
-12
-4
4
8
8
5
2
0
-3
-5
-7
-6
2
16
23
22
14
0
-8
-14
-11
0
11
22
23
11
-4
-25
-37
-28
-7
18
31
27
15
-2
-12
-10
1
8
7
-1
-9
-10
-3
0
-3
-10
-20
-18
-11
1
7
-1
-10
-8
2
11
10
-2
-15
-18
-5
9
16
15
2
-10
-14
-9
0
2
3
11
20
22
17
1
-13
-19
-13
1
13
15
6
-1
-11
-16
-10
0
13
23
22
8
-9
-18
-9
7
20
16
-1
-16
-19
-6
9
18
13
5
-2
-6
0
1
-3
-13
-15
-12
-8
0
3
-3
-5
-4
-1
4
2
-2
-7
-4
1
4
9
7
-3
-10
-19
-21
-9
12
28
31
19
-10
-31
-35
-16
15
33
25
-6
-35
-40
-19
13
33
24
-5
-25
-24
-4
21
29
16
-9
-27
-20
4
29
37
18
-8
-21
-17
-1
14
17
12
0
-7
-2
3
11
12
9
2
-11
-16
-8
10
21
17
1
-17
-20
-7
11
19
12
-6
-22
-21
-9
4
8
1
-5
-7
-4
-3
-5
-8
-5
2
11
14
7
-8
-17
-13
-6
1
1
1
0
-2
-6
-7
-10
-8
2
10
12
0
-23
-30
-14
16
43
38
2
-39
-50
-22
19
50
48
26
0
-14
-12
-2
15
31
42
40
29
7
-8
-6
13
41
50
39
18
1
1
16
34
36
17
-13
-33
-31
-16
1
5
-13
-39
-72
-94
-90
-77
-61
-53
-58
-69
-87
-109
-119
-111
-70
-10
38
49
22
-15
-36
-15
42
101
139
136
101
73
66
85
116
127
126
115
107
98
85
75
65
50
38
19
1
-13
-20
-27
-28
-27
-42
-67
-109
-145
-146
-113
-71
-53
-81
-136
-187
-210
-189
-158
-132
-122
-134
-144
-147
-133
-94
-57
-24
2
26
56
94
144
199
266
316
319
303
268
253
270
296
321
306
253
176
96
63
92
151
202
186
96
-25
-131
-196
-231
-264
-330
-431
-559
-712
-832
-916
-971
-965
-947
-872
-758
-672
-594
-510
-376
-178
67
312
521
675
791
902
1026
1154
1262
1332
1354
1333
1285
1225
1153
1069
976
882
783
679
548
382
198
18
-128
-251
-376
-549
-784
-1050
-1307
-1506
-1640
-1747
-1852
-1965
-2076
-2153
-2174
-2138
-2045
-1901
-1701
-1439
-1128
-790
-452
-120
239
657
1143
1656
2125
2476
2686
2782
2826
2856
2883
2871
2782
2597
2322
1984
1615
1255
930
654
411
160
-126
-443
-745
-975
-1120
-1217
-1323
-1475
-1653
-1795
-1844
-1804
-1751
-1753
-1828
-1929
-1982
-1960
-1897
-1863
-1903
-1996
-2080
-2090
-2016
-1890
-1752
-1615
-1430
-1123
-657
-78
538
1095
1563
1980
2410
2902
3454
3981
4390
4588
4555
4326
3973
3577
3194
2840
2488
2085
1580
991
376
-175
-581
-838
-990
-1117
-1288
-1534
-1816
-2051
-2184
-2193
-2124
-2073
-2094
-2201
-2328
-2390
-2332
-2181
-2016
-1932
-1959
-2050
-2117
-2083
-1945
-1775
-1668
-1664
-1735
-1770
-1648
-1318
-817
-245
274
699
1054
1421
1886
2460
3096
3694
4158
4444
4547
4523
4411
4225
3960
3609
3197
2752
2321
1901
1467
983
440
-128
-652
-1079
-1385
-1584
-1735
-1882
-2038
-2205
-2333
-2388
-2384
-2337
-2293
-2261
-2239
-2210
-2158
-2089
-2031
-2017
-2060
-2130
-2191
-2212
-2189
-2159
-2144
-2132
-2083
-1930
-1640
-1206
-668
-94
480
1039
1612
2227
2890
3557
4157
4616
4902
5027
5025
4925
4741
4462
4071
3573
2990
2363
1737
1151
610
116
-348
-784
-1191
-1549
-1831
-2026
-2136
-2200
-2259
-2339
-2433
-2500
-2521
-2483
-2427
-2401
-2434
-2530
-2643
-2718
-2736
-2705
-2678
-2693
-2757
-2829
-2838
-2710
-2419
-1995
-1500
-986
-461
103
749
1489
2291
3096
3839
4470
4973
5341
5578
5686
5659
5499
5204
4773
4238
3634
3006
2371
1728
1073
412
-200
-709
-1089
-1366
-1606
-1854
-2105
-2324
-2470
-2531
-2547
-2567
-2620
-2718
-2837
-2948
-3038
-3105
-3154
-3199
-3272
-3376
-3481
-3518
-3445
-3271
-3046
-2821
-2581
-2280
-1861
-1325
-695
5
770
1587
2415
3179
3837
4409
4932
5427
5864
6166
6273
6175
5902
5479
4931
4304
3649
3018
2421
1817
1160
446
-258
-864
-1326
-1651
-1911
-2149
-2394
-2641
-2862
-3031
-3129
-3145
-3106
-3069
-3083
-3172
-3302
-3419
-3495
-3536
-3580
-3644
-3716
-3755
-3725
-3613
-3416
-3144
-2785
-2333
-1787
-1147
-419
369
1189
2023
2835
3621
4354
5019
5592
6045
6374
6572
6638
6569
6346
5954
5382
4672
3898
3141
2443
1791
1141
450
-260
-936
-1520
-1974
-2298
-2515
-2671
-2810
-2958
-3088
-3166
-3186
-3170
-3182
-3271
-3445
-3660
-3844
-3956
-3993
-3989
-3990
-4033
-4095
-4112
-4025
-3785
-3394
-2890
-2315
-1691
-1022
-278
554
1456
2384
3274
4083
4792
5414
5959
6431
6795
7006
7045
6896
6566
6087
5486
4790
4035
3243
2450
1674
923
201
-495
-1136
-1687
-2140
-2498
-2787
-3017
-3191
-3297
-3340
-3346
-3342
-3355
-3397
-3471
-3581
-3719
-3863
-3979
-4050
-4095
-4149
-4228
-4291
-4267
-4081
-3716
-3232
-2706
-2187
-1645
-998
-169
830
1893
2882
3709
4386
4991
5608
6236
6788
7162
7281
7171
6907
6541
6090
5535
4859
4080
3252
2418
1610
847
128
-546
-1168
-1730
-2208
-2586
-2854
-3021
-3129
-3216
-3316
-3426
-3511
-3545
-3552
-3575
-3673
-3866
-4119
-4354
-4502
-4533
-4484
-4429
-4418
-4432
-4395
-4202
-3779
-3139
-2360
-1541
-741
38
852
1741
2714
3721
4691
5544
6239
6769
7152
7409
7549
7569
7460
7213
6795
6185
5401
4489
3543
2669
1912
1229
531
-249
-1102
-1919
-2579
-3020
-3266
-3408
-3531
-3677
-3836
-3961
-4027
-4046
-4048
-4069
-4132
-4235
-4359
-4488
-4602
-4687
-4735
-4752
-4731
-4661
-4506
-4241
-3826
-3246
-2542
-1745
-912
-73
788
1691
2652
3637
4598
5464
6204
6818
7315
7710
7991
8117
8036
7726
7205
6540
5791
5015
4235
3428
2569
1659
744
-117
-864
-1496
-2031
-2511
-2962
-3348
-3648
-3851
-3983
-4087
-4170
-4227
-4232
-4203
-4210
-4312
-4527
-4793
-5019
-5147
-5174
-5150
-5115
-5075
-4962
-4690
-4215
-3565
-2810
-2033
-1269
-497
324
1244
2257
3306
4296
5145
5860
6495
7120
7725
8207
8456
8412
8120
7668
7150
6590
5955
5207
4325
3352
2353
1401
537
-240
-942
-1611
-2248
-2862
-3412
-3835
-4094
-4195
-4242
-4288
-4401
-4553
-4682
-4767
-4799
-4845
-4953
-5134
-5346
-5523
-5605
-5564
-5453
-5244
-4975
-4608
-4104
-3486
-2702
-1855
-912
33
966
1943
2858
3851
4746
5615
6424
7093
7780
8231
8612
8721
8633
8453
8033
7625
6895
6056
5044
3932
3031
2046
1335
486
-319
-1099
-1987
-2589
-3279
-3641
-3957
-4196
-4295
-4630
-4734
-4970
-4936
-4760
-4683
-4474
-4725
-4878
-5250
-5486
-5508
-5599
-5398
-5433
-5259
-5089
-4771
-4141
-3531
-2570
-1746
-799
92
841
1767
2483
3509
4382
5332
6193
6830
7517
7911
8388
8624
8746
8724
8396
8024
7294
6513
5590
4606
3789
2826
2043
1061
130
-766
-1662
-2285
-2995
-3453
-3926
-4266
-4428
-4690
-4747
-5034
-5153
-5272
-5326
-5197
-5306
-5335
-5671
-5940
-6156
-6268
-6108
-6005
-5715
-5486
-5112
-4573
-3890
-2977
-2027
-985
20
999
1945
2838
3711
4590
5428
6256
6960
7571
8049
8417
8735
8921
9009
8870
8519
7939
7204
6380
5476
4536
3542
2551
1566
638
-255
-1100
-1914
-2650
-3287
-3805
-4208
-4577
-4897
-5235
-5466
-5623
-5645
-5626
-5646
-5705
-5862
-5942
-6027
-6029
-6052
-6097
-6069
-5976
-5668
-5247
-4675
-4025
-3293
-2450
-1564
-610
312
1229
2143
3025
3891
4664
5356
5999
6632
7313
7942
8483
8820
8964
8992
8904
8765
8424
7871
7065
6047
4981
3853
2788
1720
652
-368
-1385
-2280
-3118
-3840
-4415
-4856
-5082
-5219
-5309
-5434
-5644
-5804
-5932
-5949
-5937
-5985
-6070
-6260
-6387
-6465
-6418
-6259
-6057
-5718
-5329
-4769
-4097
-3307
-2396
-1478
-501
401
1297
2159
3031
3969
4884
5804
6563
7229
7787
8321
8911
9446
9919
10109
10031
9647
9021
8274
7363
6383
5236
4010
2716
1396
173
-1004
-2017
-2939
-3710
-4345
-4888
-5276
-5616
-5825
-5976
-6049
-6040
-6040
-6007
-6074
-6179
-6341
-6503
-6580
-6634
-6592
-6556
-6434
-6209
-5857
-5318
-4700
-3979
-3234
-2407
-1463
-447
660
1688
2623
3421
4136
4888
5671
6521
7319
7996
8510
8885
9208
9475
9691
9752
9598
9207
8574
7791
6843
5806
4662
3465
2285
1109
23
-1061
-2117
-3160
-4129
-4890
-5446
-5735
-5917
-6032
-6149
-6289
-6370
-6453
-6489
-6596
-6755
-6958
-7173
-7314
-7427
-7400
-7262
-6935
-6406
-5751
-4978
-4243
-3458
-2638
-1713
-665
359
1374
2246
3095
3950
4822
5728
6492
7188
7749
8301
8885
9406
9890
10139
10236
10126
9844
9441
8804
8063
7092
6011
4823
3511
2188
763
-571
-1825
-2878
-3723
-4466
-5049
-5634
-6085
-6454
-6689
-6788
-6905
-6983
-7202
-7417
-7663
-7860
-7939
-8000
-7920
-7862
-7673
-7408
-7005
-6404
-5732
-4872
-4031
-3076
-2113
-1128
-80
882
1916
2822
3752
4626
5456
6334
7097
7892
8532
9089
9534
9825
10105
10221
10299
10217
9970
9574
8913
8124
7096
5960
4745
3443
2169
798
-507
-1798
-2986
-4007
-4950
-5677
-6302
-6679
-6893
-7002
-7039
-7201
-7370
-7681
-7978
-8280
-8543
-8642
-8684
-8528
-8327
-7961
-7480
-6871
-6084
-5281
-4334
-3384
-2300
-1187
-126
865
1649
2443
3156
3947
4732
5460
6225
6875
7593
8206
8791
9350
9805
10269
10528
10698
10653
10445
10107
9488
8694
7542
6201
4739
3231
1842
436
-848
-2104
-3287
-4329
-5325
-6097
-6773
-7199
-7490
-7719
-7911
-8216
-8458
-8705
-8811
-8789
-8722
-8557
-8473
-8320
-8173
-7903
-7428
-6814
-5949
-5050
-4033
-3017
-1992
-908
111
1177
2124
3020
3832
4524
5246
5843
6521
7116
7719
8305
8812
9390
9893
10440
10921
11223
11370
11126
10696
9920
8926
7715
6225
4671
2966
1396
-78
-1372
-2463
-3508
-4403
-5288
-6055
-6661
-7197
-7525
-7915
-8213
-8559
-8849
-8997
-9110
-9034
-9004
-8892
-8794
-8677
-8409
-8115
-7595
-7009
-6242
-5339
-4394
-3275
-2209
-1006
154
1301
2400
3266
4099
4664
5281
5800
6393
7037
7627
8258
8757
9262
9759
10208
10739
11063
11338
11284
11006
10445
9534
8470
7031
5520
3799
2082
451
-1082
-2330
-3426
-4336
-5132
-6000
-6700
-7449
-7884
-8248
-8467
-8665
-8978
-9186
-9425
-9472
-9436
-9372
-9142
-8944
-8516
-8081
-7534
-6899
-6246
-5359
-4466
-3376
-2268
-1129
73
1128
2193
3036
3783
4454
4931
5548
6000
6672
7259
7873
8462
8956
9570
10172
10822
11410
11710
11868
11601
11162
10321
9129
7672
5905
4242
2550
1073
-387
-1810
-3070
-4190
-5019
-5735
-6453
-7131
-7890
-8375
-8790
-8965
-9154
-9368
-9508
-9617
-9464
-9255
-8960
-8705
-8551
-8285
-8010
-7477
-6837
-6031
-5037
-3978
-2686
-1459
-217
873
1800
2764
3582
4485
5159
5687
6077
6328
6791
7236
7914
8555
9174
9842
10374
11008
11467
11785
11834
11403
10706
9469
8079
6419
4697
3058
1409
17
-1349
-2523
-3527
-4446
-5088
-5781
-6374
-7088
-7867
-8496
-9076
-9278
-9390
-9345
-9276
-9274
-9154
-9077
-8834
-8548
-8249
-7843
-7507
-6942
-6327
-5426
-4348
-3155
-1809
-561
683
1753
2647
3476
4065
4668
5029
5344
5636
5909
6458
6991
7725
8375
9013
9691
10304
11006
11543
11866
11858
11315
10439
9003
7362
5458
3572
1879
402
-701
-1655
-2470
-3246
-4074
-4826
-5642
-6411
-7193
-7965
-8581
-9138
-9406
-9560
-9476
-9275
-9024
-8710
-8517
-8333
-8206
-8074
-7776
-7425
-6784
-6057
-5079
-3957
-2723
-1356
-87
1141
2165
3002
3734
4221
4676
4937
5182
5469
5774
6332
6896
7664
8389
9106
9792
10344
10917
11319
11556
11482
10888
9928
8422
6768
4952
3228
1709
323
-775
-1790
-2630
-3387
-4170
-4906
-5790
-6639
-7481
-8233
-8744
-9179
-9332
-9443
-9382
-9242
-9075
-8809
-8596
-8313
-8052
-7751
-7339
-6902
-6231
-5531
-4585
-3530
-2335
-1009
237
1431
2382
3113
3679
4041
4439
4754
5153
5578
5977
6516
6993
7644
8305
9046
9868
10586
11239
11584
11586
11237
10436
9416
8018
6528
4868
3229
1712
309
-824
-1815
-2667
-3429
-4249
-5038
-5927
-6784
-7605
-8360
-8889
-9285
-9398
-9410
-9313
-9189
-9091
-8924
-8757
-8511
-8230
-7945
-7524
-7064
-6328
-5470
-4393
-3217
-2012
-738
456
1602
2576
3297
3852
4172
4519
4824
5171
5552
5878
6357
6860
7588
8405
9271
10136
10820
11362
11621
11564
11204
10368
9269
7741
6074
4314
2633
1243
61
-804
-1570
-2354
-3182
-4199
-5165
-6127
-6955
-7636
-8317
-8836
-9369
-9661
-9777
-9666
-9319
-8963
-8565
-8338
-8189
-8021
-7820
-7323
-6755
-5949
-5122
-4197
-3100
-1926
-546
750
1926
2849
3417
3852
4044
4315
4596
4975
5508
5994
6625
7130
7730
8363
9083
9965
10761
11475
11807
11722
11210
10183
8881
7186
5449
3695
2130
873
-220
-1067
-1908
-2684
-3423
-4223
-4992
-5928
-6879
-7850
-8693
-9190
-9462
-9392
-9294
-9147
-9015
-8897
-8625
-8332
-7953
-7617
-7349
-7008
-6638
-5941
-5035
-3860
-2559
-1320
-137
835
1719
2503
3176
3802
4227
4555
4752
4932
5273
5738
6486
7268
8111
8855
9508
10156
10709
11195
11427
11241
10645
9514
8130
6510
4926
3450
2096
950
-130
-1041
-1884
-2660
-3376
-4157
-4971
-5898
-6881
-7796
-8606
-9098
-9384
-9372
-9257
-9061
-8819
-8590
-8281
-8005
-7734
-7467
-7253
-6884
-6457
-5741
-4825
-3695
-2399
-1132
137
1181
2046
2694
3133
3567
3926
4393
4863
5303
5773
6126
6587
7004
7586
8285
9077
9942
10609
11033
11052
10650
9961
8889
7678
6186
4643
3128
1739
685
-203
-881
-1589
-2399
-3265
-4253
-5175
-6098
-6991
-7777
-8562
-9074
-9445
-9476
-9288
-8970
-8550
-8255
-7987
-7821
-7671
-7420
-7114
-6578
-5959
-5123
-4177
-3123
-1957
-814
377
1406
2318
3020
3510
3891
4134
4398
4633
4952
5387
5917
6606
7281
8020
8708
9400
10088
10626
10948
10835
10262
9276
7994
6656
5284
4034
2792
1622
528
-486
-1322
-2098
-2809
-3571
-4471
-5460
-6570
-7587
-8437
-8962
-9113
-9047
-8806
-8659
-8539
-8464
-8340
-8066
-7767
-7386
-7071
-6751
-6320
-5755
-4865
-3795
-2503
-1190
63
1226
2157
2957
3506
3917
4231
4470
4786
5044
5381
5678
5995
6403
6865
7561
8355
9267
10083
10582
10731
10380
9696
8673
7406
6001
4436
2973
1630
611
-117
-695
-1239
-2003
-2938
-4022
-5124
-6071
-6946
-7656
-8324
-8850
-9200
-9338
-9167
-8851
-8348
-7882
-7493
-7210
-7094
-6924
-6748
-6357
-5790
-5039
-4064
-3052
-1888
-762
362
1410
2296
3114
3726
4245
4591
4794
4963
5058
5320
5630
6109
6665
7240
7889
8474
9093
9624
10016
10233
10059
9567
8591
7292
5758
4115
2622
1237
142
-801
-1587
-2260
-2962
-3613
-4395
-5227
-6123
-7067
-7838
-8521
-8898
-9114
-9143
-9027
-8893
-8606
-8316
-7911
-7474
-7056
-6596
-6215
-5722
-5160
-4385
-3390
-2282
-1042
95
1175
2073
2807
3437
3880
4262
4488
4674
4810
4967
5236
5563
6069
6655
7367
8170
8959
9711
10219
10434
10250
9654
8727
7493
6100
4598
3151
1857
759
-113
-865
-1554
-2283
-3109
-3994
-4971
-5936
-6876
-7690
-8320
-8728
-8878
-8864
-8671
-8430
-8146
-7840
-7556
-7244
-6991
-6720
-6448
-6097
-5602
-4952
-4063
-3049
-1873
-673
497
1583
2469
3225
3783
4252
4630
4928
5161
5235
5283
5309
5505
5926
6562
7388
8188
8940
9499
9857
9980
9778
9281
8396
7224
5789
4201
2620
1122
-105
-1089
-1788
-2310
-2824
-3401
-4180
-5081
-6070
-7044
-7871
-8558
-8983
-9195
-9170
-8961
-8675
-8295
-7915
-7478
-7032
-6610
-6216
-5909
-5546
-5076
-4372
-3414
-2296
-1071
92
1203
2182
3021
3699
4142
4415
4518
4593
4685
4834
5081
5391
5851
6435
7175
8040
8898
9678
10207
10437
10298
9745
8822
7509
5971
4316
2742
1407
318
-497
-1207
-1854
-2538
-3307
-4094
-4957
-5765
-6556
-7262
-7854
-8344
-8618
-8749
-8656
-8446
-8170
-7856
-7595
-7306
-7054
-6762
-6447
-6082
-5614
-5020
-4167
-3102
-1788
-389
929
2051
2838
3399
3755
4061
4360
4621
4842
4945
5042
5184
5514
6058
6751
7559
8342
9091
9714
10108
10213
9897
9196
8124
6804
5347
3838
2419
1086
-42
-995
-1769
-2374
-2986
-3586
-4324
-5169
-6057
-6957
-7693
-8268
-8586
-8750
-8779
-8700
-8571
-8298
-7997
-7626
-7268
-6958
-6609
-6243
-5731
-5074
-4245
-3262
-2173
-992
197
1350
2348
3132
3661
3959
4128
4258
4428
4655
4921
5198
5524
5947
6532
7297
8183
9086
9855
10362
10514
10277
9642
8639
7334
5830
4285
2825
1586
600
-189
-869
-1559
-2328
-3189
-4104
-5020
-5894
-6691
-7397
-7978
-8399
-8654
-8748
-8741
-8660
-8498
-8266
-7945
-7586
-7253
-6978
-6747
-6442
-5959
-5204
-4160
-2919
-1585
-297
871
1871
2691
3347
3846
4231
4506
4693
4828
4943
5125
5406
5814
6324
6892
7529
8217
8951
9650
10166
10353
10079
9351
8239
6897
5459
4032
2700
1467
370
-623
-1500
-2258
-2929
-3525
-4156
-4879
-5749
-6718
-7632
-8383
-8846
-9059
-9068
-8948
-8761
-8483
-8163
-7792
-7427
-7085
-6738
-6368
-5887
-5261
-4420
-3383
-2197
-949
215
1240
2051
2685
3188
3611
4017
4391
4724
4949
5084
5187
5389
5841
6537
7453
8409
9250
9879
10206
10243
9975
9424
8608
7540
6261
4820
3347
1978
843
-41
-781
-1500
-2336
-3275
-4216
-5068
-5802
-6481
-7171
-7865
-8460
-8834
-8941
-8835
-8630
-8401
-8181
-7960
-7732
-7522
-7287
-6967
-6473
-5758
-4849
-3797
-2668
-1508
-357
723
1672
2432
3015
3453
3818
4140
4411
4627
4799
4991
5273
5708
6303
7021
7794
8542
9214
9741
10072
10133
9849
9179
8121
6778
5325
3934
2717
1689
796
-42
-859
-1662
-2457
-3240
-4056
-4930
-5861
-6810
-7670
-8344
-8749
-8883
-8814
-8630
-8422
-8226
-8033
-7827
-7587
-7292
-6932
-6487
-5925
-5235
-4401
-3427
-2345
-1187
-36
1027
1928
2595
3039
3329
3555
3799
4092
4415
4744
5070
5419
5864
6470
7248
8128
8980
9659
10044
10090
9796
9204
8366
7340
6177
4937
3689
2492
1398
424
-426
-1183
-1890
-2607
-3397
-4280
-5240
-6204
-7087
-7798
-8297
-8575
-8666
-8615
-8471
-8272
-8066
-7890
-7740
-7584
-7346
-6964
-6414
-5700
-4851
-3883
-2836
-1754
-687
297
1173
1922
2541
3043
3439
3728
3938
4110
4309
4612
5058
5650
6336
7064
7794
8511
9198
9790
10173
10229
9882
9147
8109
6880
5567
4258
3027
1928
990
214
-452
-1095
-1813
-2682
-3702
-4819
-5918
-6888
-7655
-8198
-8531
-8693
-8732
-8685
-8578
-8397
-8158
-7873
-7580
-7313
-7040
-6695
-6204
-5531
-4702
-3765
-2758
-1695
-591
500
1492
2303
2909
3343
3682
3990
4310
4629
4925
5206
5505
5901
6420
7058
7765
8460
9086
9594
9928
10020
9784
9165
8175
6903
5487
4083
2803
1698
754
-87
-868
-1633
-2409
-3200
-4028
-4919
-5859
-6816
-7704
-8411
-8868
-9051
-8998
-8796
-8524
-8253
-8008
-7770
-7519
-7224
-6854
-6404
-5847
-5164
-4344
-3393
-2349
-1261
-198
775
1606
2281
2797
3182
3486
3754
4043
4369
4751
5194
5705
6291
6952
7683
8431
9132
9703
10048
10113
9856
9281
8426
7358
6165
4934
3740
2642
1658
770
-66
-890
-1739
-2628
-3552
-4515
-5488
-6434
-7284
-7971
-8474
-8777
-8916
-8921
-8817
-8622
-8347
-8028
-7716
-7450
-7236
-7026
-6712
-6183
-5370
-4305
-3111
-1925
-845
116
1000
1841
2620
3274
3757
4066
4283
4503
4780
5121
5503
5925
6409
6996
7682
8416
9119
9696
10082
10222
10067
9574
8718
7534
6115
4632
3254
2088
1151
366
-366
-1121
-1935
-2803
-3731
-4721
-5766
-6826
-7799
-8606
-9160
-9450
-9506
-9371
-9127
-8805
-8447
-8065
-7670
-7279
-6885
-6483
-6028
-5463
-4733
-3820
-2751
-1600
-477
527
1362
2018
2531
2957
3329
3661
3982
4309
4688
5159
5718
6386
7108
7852
8594
9274
9875
10313
10498
10342
9791
8917
7813
6616
5416
4260
3170
2125
1145
210
-678
-1529
-2404
-3322
-4318
-5347
-6339
-7224
-7938
-8492
-8874
-9104
-9162
-9074
-8878
-8633
-8417
-8215
-8028
-7789
-7441
-6962
-6322
-5546
-4625
-3598
-2500
-1372
-305
682
1550
2306
2952
3470
3881
4195
4496
4824
5229
5712
6221
6765
7311
7907
8551
9208
9817
10243
10408
10230
9696
8848
7739
6479
5154
3877
2717
1696
801
-37
-855
-1688
-2552
-3455
-4424
-5446
-6504
-7515
-8373
-9011
-9378
-9515
-9477
-9335
-9145
-8919
-8658
-8344
-7981
-7571
-7116
-6600
-5994
-5266
-4387
-3369
-2252
-1096
33
1077
1999
2765
3373
3836
4199
4526
4874
5260
5675
6069
6421
6776
7183
7714
8376
9094
9740
10182
10339
10171
9698
8943
7931
6701
5302
3846
2449
1197
130
-791
-1615
-2397
-3175
-3965
-4790
-5666
-6584
-7502
-8342
-9030
-9495
-9716
-9709
-9531
-9243
-8887
-8486
-8057
-7608
-7151
-6686
-6176
-5586
-4868
-4016
-3057
-2024
-956
118
1160
2123
2951
3597
4062
4379
4626
4881
5184
5560
5986
6445
6918
7404
7924
8477
9051
9595
10012
10197
10051
9506
8584
7369
5988
4589
3276
2113
1107
229
-561
-1313
-2078
-2912
-3856
-4905
-6013
-7100
-8053
-8802
-9305
-9571
-9640
-9542
-9316
-8966
-8522
-8028
-7547
-7161
-6870
-6623
-6309
-5803
-5045
-4032
-2845
-1607
-432
612
1511
2284
2953
3518
3975
4341
4645
4927
5225
5559
5937
6372
6856
7408
8015
8643
9247
9715
9954
9896
9516
8849
7927
6822
5605
4357
3181
2121
1185
336
-487
-1321
-2196
-3124
-4100
-5129
-6174
-7197
-8114
-8829
-9296
-9492
-9447
-9239
-8937
-8603
-8271
-7957
-7660
-7346
-6991
-6562
-6023
-5356
-4533
-3564
-2499
-1405
-352
628
1514
2308
2992
3559
4016
4364
4641
4889
5162
5506
5929
6408
6890
7349
7803
8295
8830
9348
9713
9797
9535
8931
8050
6975
5768
4492
3218
2008
925
-16
-850
-1643
-2467
-3364
-4338
-5352
-6342
-7250
-8008
-8583
-8962
-9154
-9188
-9096
-8915
-8661
-8346
-7960
-7510
-7023
-6530
-6060
-5586
-5039
-4344
-3448
-2378
-1228
-110
882
1703
2357
2879
3325
3719
4095
4458
4804
5142
5489
5864
6284
6767
7314
7905
8485
8992
9358
9530
9468
9144
8532
7639
6525
5275
4014
2845
1813
898
33
-845
-1776
-2752
-3739
-4709
-5641
-6511
-7301
-7974
-8490
-8804
-8924
-8874
-8707
-8476
-8211
-7922
-7599
-7234
-6827
-6389
-5925
-5424
-4848
-4152
-3304
-2306
-1209
-100
942
1853
2600
3190
3668
4075
4448
4796
5104
5371
5618
5872
6188
6600
7124
7745
8399
8994
9420
9583
9430
8960
8209
7241
6129
4938
3740
2583
1511
546
-334
-1169
-2012
-2903
-3841
-4808
-5769
-6676
-7498
-8198
-8758
-9134
-9297
-9234
-8960
-8541
-8058
-7596
-7205
-6877
-6567
-6190
-5705
-5099
-4381
-3575
-2699
-1758
-769
223
1165
1983
2633
3128
3516
3857
4197
4555
4915
5261
5606
5987
6447
7008
7638
8272
8841
9260
9477
9454
9166
8616
7820
6830
5707
4524
3359
2269
1279
383
-452
-1273
-2128
-3051
-4040
-5054
-6030
-6913
-7655
-8239
-8668
-8930
-9037
-8969
-8731
-8361
-7921
-7499
-7146
-6879
-6648
-6354
-5917
-5298
-4502
-3593
-2648
-1706
-770
178
1138
2077
2911
3572
4024
4298
4479
4659
4901
5226
5608
6009
6415
6828
7292
7824
8386
8915
9289
9407
9211
8685
7884
6886
5777
4628
3487
2397
1379
442
-431
-1277
-2150
-3088
-4084
-5111
-6098
-6979
-7713
-8269
-8650
-8856
-8878
-8739
-8485
-8156
-7816
-7497
-7203
-6930
-6636
-6290
-5848
-5267
-4566
-3738
-2798
-1775
-684
401
1411
2294
3016
3597
4062
4448
4762
5005
5188
5348
5554
5859
6283
6793
7321
7814
8257
8640
8944
9106
9043
8689
8006
7030
5852
4589
3357
2224
1189
220
-728
-1675
-2615
-3528
-4402
-5244
-6060
-6865
-7625
-8286
-8785
-9061
-9121
-8979
-8683
-8298
-7882
-7507
-7205
-6939
-6639
-6221
-5654
-4969
-4212
-3420
-2570
-1615
-542
582
1623
2450
3017
3398
3746
4165
4670
5163
5520
5712
5814
5973
6320
6873
7529
8149
8618
8910
9044
9036
8855
8420
7695
6715
5596
4474
3440
2483
1533
531
-531
-1584
-2554
-3434
-4253
-5087
-5958
-6831
-7633
-8272
-8718
-8962
-9017
-8907
-8667
-8343
-7997
-7664
-7346
-6998
-6575
-6080
-5537
-4971
-4362
-3663
-2819
-1815
-709
406
1430
2305
3005
3544
3954
4275
4552
4834
5137
5445
5741
6005
6272
6605
7046
7577
8123
8597
8901
8991
8849
8472
7856
6990
5905
4684
3454
2335
1365
490
-387
-1333
-2334
-3318
-4223
-5048
-5851
-6664
-7459
-8141
-8605
-8802
-8771
-8620
-8422
-8195
-7905
-7524
-7087
-6667
-6323
-6031
-5686
-5172
-4441
-3506
-2461
-1422
-431
499
1384
2231
3000
3632
4082
4366
4544
4687
4857
5077
5339
5639
5975
6368
6836
7387
7980
8519
8897
9023
8859
8428
7757
6884
5836
4666
3454
2285
1238
336
-462
-1250
-2118
-3095
-4147
-5195
-6158
-6997
-7687
-8219
-8580
-8747
-8733
-8549
-8237
-7849
-7445
-7093
-6812
-6575
-6327
-5997
-5557
-5010
-4356
-3591
-2698
-1665
-529
640
1736
2647
3307
3724
3985
4202
4468
4791
5097
5309
5384
5387
5460
5734
6292
7061
7868
8526
8885
8927
8703
8272
7656
6819
5754
4505
3184
1940
871
-12
-782
-1539
-2350
-3225
-4126
-5015
-5859
-6647
-7365
-7981
-8437
-8678
-8676
-8454
-8079
-7634
-7202
-6812
-6464
-6147
-5819
-5477
-5093
-4620
-4022
-3266
-2340
-1301
-215
833
1772
2562
3173
3606
3888
4051
4155
4265
4427
4663
4961
5290
5634
6004
6434
6950
7553
8175
8682
8938
8840
8356
7542
6513
5390
4266
3176
2123
1084
55
-954
-1919
-2823
-3671
-4464
-5229
-5966
-6661
-7283
-7795
-8168
-8369
-8381
-8211
-7906
-7524
-7133
-6781
-6468
-6172
-5855
-5488
-5065
-4568
-3958
-3209
-2295
-1240
-119
970
1946
2764
3403
3877
4207
4415
4523
4568
4590
4642
4774
4999
5319
5714
6165
6662
7200
7744
8227
8546
8600
8332
7736
6851
5750
4510
3220
1982
863
-99
-931
-1705
-2470
-3280
-4141
-5028
-5908
-6724
-7428
-7987
-8365
-8554
-8555
-8377
-8054
-7632
-7155
-6687
-6267
-5919
-5629
-5339
-4993
-4520
-3870
-3048
-2085
-1052
-31
913
1731
2415
2980
3444
3808
4068
4236
4329
4390
4471
4617
4878
5268
5803
6438
7104
7707
8163
8423
8458
8282
7908
7333
6556
5582
4458
3268
2135
1144
299
-474
-1284
-2205
-3225
-4240
-5141
-5870
-6444
-6947
-7435
-7885
-8215
-8313
-8145
-7768
-7310
-6899
-6595
-6389
-6207
-5966
-5636
-5198
-4660
-4040
-3323
-2504
-1590
-596
427
1426
2346
3117
3696
4064
4268
4374
4459
4575
4706
4854
5024
5250
5579
6004
6507
7032
7511
7904
8172
8285
8193
7822
7131
6114
4852
3484
2166
1019
72
-719
-1448
-2197
-3017
-3897
-4782
-5622
-6375
-7024
-7565
-7974
-8223
-8301
-8207
-7974
-7645
-7261
-6874
-6499
-6145
-5802
-5438
-5033
-4566
-3997
-3300
-2452
-1466
-408
640
1597
2406
3046
3515
3831
4012
4092
4112
4123
4202
4396
4728
5168
5666
6204
6749
7291
7804
8219
8470
8478
8198
7624
6805
5825
4771
3708
2669
1658
662
-322
-1291
-2226
-3097
-3905
-4644
-5350
-6049
-6734
-7366
-7870
-8166
-8216
-8044
-7721
-7345
-7000
-6712
-6454
-6197
-5907
-5568
-5173
-4717
-4171
-3499
-2709
-1810
-865
61
917
1672
2345
2945
3487
3949
4294
4507
4605
4634
4667
4778
5009
5365
5807
6274
6724
7131
7479
7745
7903
7899
7683
7213
6490
5554
4488
3370
2258
1177
112
-935
-1947
-2874
-3671
-4332
-4912
-5503
-6157
-6850
-7486
-7937
-8137
-8099
-7919
-7708
-7514
-7304
-6996
-6552
-5987
-5383
-4830
-4363
-3956
-3521
-2960
-2243
-1384
-432
540
1478
2319
3008
3507
3823
3990
4078
4152
4244
4363
4493
4646
4873
5232
5750
6386
7023
7559
7923
8103
8111
7926
7499
6783
5784
4580
3304
2098
1055
186
-568
-1303
-2080
-2899
-3723
-4500
-5219
-5893
-6535
-7124
-7584
-7839
-7854
-7655
-7333
-6985
-6684
-6437
-6208
-5955
-5636
-5262
-4855
-4417
-3929
-3343
-2612
-1727
-724
314
1291
2140
2836
3372
3749
3967
4041
4010
3937
3900
3952
4116
4382
4750
5190
5686
6236
6795
7340
7802
8065
8055
7698
7008
6069
4978
3858
2767
1735
771
-120
-931
-1668
-2346
-3020
-3739
-4535
-5390
-6224
-6937
-7445
-7706
-7739
-7612
-7391
-7127
-6823
-6458
-6058
-5642
-5271
-4988
-4754
-4509
-4160
-3629
-2899
-1989
-983
34
974
1777
2431
2940
3315
3565
3688
3702
3633
3554
3537
3658
3962
4422
4984
5571
6120
6625
7062
7402
7602
7592
7344
6853
6142
5281
4323
3313
2312
1339
427
-411
-1185
-1919
-2637
-3368
-4117
-4875
-5608
-6269
-6819
-7212
-7429
-7458
-7320
-7064
-6733
-6383
-6045
-5735
-5448
-5161
-4857
-4502
-4067
-3534
-2882
-2115
-1266
-370
505
1312
2004
2549
2947
3196
3324
3368
3377
3410
3509
3688
3947
4279
4652
5067
5518
5999
6504
6980
7363
7572
7533
7211
6619
5801
4843
3819
2785
1773
808
-95
-924
-1684
-2409
-3132
-3876
-4633
-5352
-5983
-6474
-6821
-7043
-7166
-7207
-7155
-6985
-6693
-6305
-5880
-5486
-5151
-4859
-4550
-4156
-3626
-2966
-2215
-1427
-655
84
784
1436
2031
2546
2954
3241
3414
3505
3556
3607
3685
3810
3996
4263
4621
5076
5604
6164
6687
7106
7368
7422
7250
6845
6205
5354
4341
3232
2113
1067
146
-650
-1355
-2018
-2688
-3368
-4051
-4713
-5332
-5887
-6368
-6770
-7068
-7227
-7209
-7004
-6644
-6205
-5775
-5415
-5146
-4920
-4665
-4333
-3907
-3406
-2840
-2215
-1510
-719
122
954
1704
2320
2803
3170
3468
3705
3864
3933
3909
3848
3819
3896
4138
4557
5129
5792
6463
7044
7443
7598
7484
7122
6542
5781
4856
3791
2626
1432
305
-670
-1457
-2084
-2627
-3187
-3821
-4515
-5199
-5786
-6230
-6546
-6772
-6948
-7065
-7081
-6949
-6654
-6247
-5796
-5358
-4956
-4577
-4196
-3772
-3294
-2760
-2158
-1488
-739
67
887
1670
2342
2864
3220
3416
3509
3526
3503
3479
3473
3543
3721
4034
4497
5088
5760
6457
7078
7526
7717
7613
7235
6625
5835
4906
3863
2751
1638
594
-327
-1119
-1821
-2485
-3143
-3779
-4372
-4919
-5454
-6004
-6542
-6984
-7215
-7178
-6917
-6563
-6238
-5994
-5780
-5508
-5134
-4673
-4213
-3800
-3420
-2993
-2425
-1703
-870
-10
791
1499
2103
2596
2962
3187
3274
3262
3229
3245
3351
3566
3872
4263
4742
5311
5936
6549
7064
7402
7523
7411
7070
6503
5717
4746
3654
2542
1509
602
-169
-853
-1495
-2135
-2783
-3444
-4118
-4786
-5444
-6047
-6546
-6899
-7072
-7082
-6952
-6717
-6415
-6077
-5725
-5381
-5061
-4756
-4442
-4067
-3583
-2972
-2251
-1463
-685
59
748
1375
1960
2472
2887
3168
3296
3291
3227
3217
3346
3653
4103
4615
5110
5546
5936
6311
6704
7085
7365
7427
7178
6605
5781
4834
3874
2944
2032
1100
142
-809
-1679
-2425
-3059
-3622
-4185
-4781
-5384
-5958
-6446
-6801
-7001
-7037
-6936
-6751
-6528
-6277
-5987
-5641
-5240
-4816
-4403
-4018
-3634
-3180
-2588
-1842
-985
-111
690
1382
1966
2474
2916
3265
3478
3548
3519
3492
3556
3763
4084
4451
4804
5127
5445
5794
6181
6583
6931
7157
7184
6933
6363
5470
4329
3065
1831
738
-172
-921
-1563
-2161
-2755
-3361
-3985
-4625
-5278
-5906
-6456
-6863
-7081
-7123
-7031
-6861
-6652
-6389
-6046
-5611
-5094
-4548
-4026
-3567
-3154
-2741
-2276
-1712
-1037
-259
565
1362
2054
2569
2913
3124
3273
3417
3560
3691
3788
3869
3984
4195
4546
5028
5596
6157
6640
6999
7211
7266
7138
6794
6202
5361
4318
3155
1970
842
-180
-1083
-1866
-2538
-3141
-3718
-4319
-4961
-5605
-6174
-6591
-6836
-6960
-7022
-7059
-7038
-6880
-6548
-6068
-5534
-5045
-4641
-4285
-3894
-3418
-2860
-2264
-1662
-1043
-361
409
1234
2034
2704
3183
3478
3624
3689
3723
3752
3806
3921
4130
4439
4824
5223
5593
5923
6247
6600
6971
7280
7392
7173
6549
5559
4339
3057
1860
811
-105
-950
-1761
-2530
-3225
-3814
-4315
-4800
-5336
-5949
-6582
-7119
-7438
-7478
-7271
-6915
-6542
-6224
-5958
-5666
-5269
-4748
-4154
-3580
-3099
-2701
-2300
-1783
-1079
-211
704
1532
2190
2649
2966
3199
3392
3560
3677
3749
3804
3892
4067
4357
4753
5212
5710
6210
6672
7058
7307
7349
7133
6632
5872
4926
3888
2845
1851
927
58
-773
-1572
-2344
-3079
-3776
-4428
-5038
-5588
-6073
-6479
-6798
-7008
-7082
-7013
-6814
-6522
-6195
-5880
-5585
-5277
-4913
-4479
-3978
-3437
-2879
-2306
-1700
-1052
-350
383
1107
1787
2379
2850
3195
3420
3551
3637
3717
3835
4022
4282
4610
4983
5364
5739
6106
6479
6863
7203
7403
7344
6943
6219
5286
4277
3287
2326
1346
316
-743
-1751
-2611
-3295
-3847
-4361
-4924
-5547
-6162
-6672
-7011
-7176
-7206
-7146
-7022
-6842
-6604
-6304
-5930
-5482
-4965
-4409
-3852
-3318
-2798
-2249
-1627
-908
-124
643
1334
1915
2391
2805
3164
3461
3685
3842
3956
4059
4189
4364
4604
4928
5339
5835
6369
6856
7223
7405
7375
7132
6701
6094
5300
4333
3231
2056
900
-159
-1080
-1857
-2517
-3117
-3705
-4309
-4931
-5547
-6127
-6643
-7067
-7371
-7516
-7485
-7279
-6935
-6515
-6084
-5684
-5309
-4945
-4568
-4149
-3663
-3097
-2447
-1713
-923
-120
653
1369
2020
2579
3032
3362
3565
3673
3735
3809
3937
4127
4374
4668
4994
5368
5790
6241
6680
7032
7251
7307
7180
6865
6336
5576
4597
3452
2237
1061
12
-879
-1638
-2325
-3000
-3682
-4358
-5002
-5596
-6149
-6663
-7112
-7444
-7587
-7520
-7269
-6906
-6513
-6122
-5723
-5309
-4869
-4421
-4002
-3592
-3147
-2612
-1950
-1178
-337
517
1316
2014
2567
2979
3292
3550
3780
3969
4099
4163
4219
4336
4561
4897
5295
5713
6135
6560
6987
7350
7552
7496
7132
6483
5607
4558
3393
2158
928
-189
-1112
-1830
-2392
-2907
-3465
-4102
-4800
-5502
-6135
-6663
-7059
-7312
-7436
-7429
-7307
-7069
-6737
-6321
-5851
-5389
-4977
-4642
-4335
-3978
-3501
-2872
-2116
-1288
-434
397
1165
1843
2416
2888
3285
3617
3868
4016
4060
4061
4116
4298
4621
5029
5442
5818
6158
6492
6851
7182
7382
7350
7022
6410
5590
4663
3697
2734
1775
814
-141
-1098
-2021
-2875
-3628
-4262
-4826
-5377
-5949
-6524
-7027
-7356
-7453
-7330
-7059
-6751
-6474
-6245
-6020
-5735
-5348
-4865
-4330
-3789
-3273
-2763
-2217
-1584
-848
-26
806
1569
2210
2706
3070
3329
3524
3699
3882
4081
4271
4433
4572
4717
4923
5212
5591
6036
6487
6877
7123
7157
6961
6544
5935
5160
4247
3228
2154
1086
78
-855
-1715
-2514
-3264
-3970
-4619
-5214
-5743
-6193
-6554
-6814
-6978
-7051
-7029
-6912
-6704
-6400
-6027
-5624
-5201
-4782
-4351
-3868
-3340
-2765
-2165
-1562
-957
-340
314
1005
1709
2377
2943
3362
3625
3768
3855
3920
4005
4111
4239
4375
4505
4670
4926
5328
5873
6452
6896
7076
6966
6630
6145
5536
4777
3821
2693
1486
317
-709
-1551
-2244
-2855
-3444
-4027
-4602
-5146
-5656
-6138
-6577
-6938
-7170
-7211
-7037
-6673
-6191
-5687
-5236
-4862
-4540
-4212
-3833
-3399
-2928
-2436
-1918
-1341
-679
68
842
1560
2144
2572
2875
3103
3296
3449
3544
3593
3628
3708
3873
4135
4496
4937
5433
5945
6399
6716
6850
6791
6565
6184
5621
4864
3925
2872
1821
862
24
-732
-1466
-2193
-2889
-3530
-4120
-4710
-5322
-5929
-6451
-6797
-6925
-6858
-6659
-6391
-6088
-5761
-5415
-5053
-4690
-4341
-4017
-3712
-3393
-3001
-2483
-1820
-1049
-238
529
1210
1788
2284
2710
3063
3330
3476
3511
3482
3460
3515
3674
3903
4152
4409
4710
5107
5613
6161
6620
6861
6812
6475
5907
5169
4325
3424
2495
1572
681
-146
-892
-1562
-2187
-2810
-3479
-4220
-4999
-5754
-6398
-6845
-7044
-7010
-6805
-6516
-6206
-5897
-5556
-5154
-4693
-4221
-3804
-3481
-3232
-2980
-2632
-2131
-1494
-760
7
761
1456
2036
2471
2765
2946
3092
3254
3451
3644
3794
3894
3963
4052
4206
4442
4769
5181
5646
6099
6440
6594
6529
6256
5816
5209
4409
3409
2246
1050
-53
-971
-1703
-2316
-2873
-3428
-3980
-4534
-5081
-5614
-6105
-6489
-6716
-6769
-6661
-6451
-6183
-5875
-5541
-5170
-4779
-4397
-4031
-3673
-3286
-2833
-2307
-1711
-1069
-403
282
973
1651
2271
2788
3163
3376
3462
3465
3447
3443
3466
3533
3656
3872
4189
4589
5057
5555
6030
6441
6706
6761
6579
6142
5495
4685
3767
2796
1809
832
-103
-967
-1741
-2419
-3030
-3617
-4207
-4810
-5393
-5908
-6301
-6541
-6621
-6564
-6389
-6131
-5821
-5475
-5131
-4808
-4515
-4241
-3950
-3617
-3218
-2735
-2170
-1544
-873
-186
499
1158
1770
2313
2752
3068
3253
3336
3371
3423
3535
3710
3920
4135
4347
4576
4851
5186
5552
5892
6146
6271
6231
6015
5597
4969
4157
3218
2232
1266
363
-470
-1235
-1941
-2582
-3179
-3768
-4361
-4959
-5534
-6029
-6403
-6631
-6702
-6622
-6401
-6080
-5703
-5312
-4941
-4587
-4241
-3888
-3513
-3114
-2674
-2182
-1629
-999
-300
446
1178
1845
2381
2740
2916
2935
2879
2823
2842
2954
3144
3371
3604
3843
4126
4483
4929
5440
5936
6334
6565
6584
6378
5940
5282
4444
3492
2519
1596
760
-2
-731
-1457
-2187
-2910
-3591
-4208
-4753
-5232
-5645
-5988
-6245
-6376
-6366
-6206
-5906
-5508
-5065
-4644
-4302
-4032
-3802
-3562
-3261
-2895
-2466
-1980
-1446
-853
-211
450
1080
1630
2075
2420
2684
2883
3037
3147
3209
3241
3282
3374
3557
3830
4169
4543
4903
5250
5583
5896
6152
6265
6144
5722
5000
4055
2995
1936
970
131
-586
-1216
-1793
-2353
-2908
-3456
-4005
-4545
-5071
-5563
-5981
-6268
-6375
-6285
-6031
-5687
-5324
-4982
-4648
-4294
-3906
-3492
-3079
-2689
-2321
-1952
-1557
-1114
-600
2
676
1370
2004
2478
2744
2816
2772
2712
2716
2789
2914
3056
3200
3370
3589
3890
4294
4801
5385
5964
6413
6612
6499
6069
5381
4529
3566
2534
1489
505
-333
-971
-1460
-1904
-2416
-3043
-3721
-4350
-4853
-5243
-5564
-5857
-6096
-6207
-6122
-5821
-5388
-4913
-4473
-4105
-3783
-3480
-3181
-2886
-2588
-2266
-1892
-1432
-869
-233
426
1058
1601
2041
2372
2591
2699
2705
2642
2576
2576
2688
2917
3235
3602
3989
4403
4849
5315
5750
6068
6197
6096
5788
5307
4680
3925
3052
2115
1193
368
-330
-943
-1548
-2206
-2897
-3570
-4162
-4650
-5072
-5463
-5827
-6101
-6199
-6073
-5760
-5366
-4998
-4704
-4466
-4220
-3905
-3524
-3122
-2737
-2372
-1996
-1560
-1036
-436
201
832
1408
1873
2189
2354
2408
2432
2489
2601
2734
2852
2958
3097
3326
3677
4136
4649
5156
5605
5940
6105
6065
5823
5417
4893
4276
3571
2755
1846
920
58
-683
-1310
-1874
-2438
-3038
-3669
-4293
-4861
-5324
-5648
-5818
-5842
-5758
-5611
-5436
-5239
-4990
-4665
-4272
-3862
-3506
-3227
-2985
-2684
-2259
-1714
-1115
-549
-52
402
856
1336
1803
2190
2447
2567
2593
2582
2599
2671
2821
3051
3337
3647
3960
4286
4645
5046
5449
5768
5919
5868
5641
5268
4761
4092
3240
2223
1136
105
-748
-1385
-1850
-2239
-2661
-3163
-3736
-4331
-4887
-5350
-5689
-5892
-5957
-5909
-5766
-5541
-5233
-4848
-4408
-3952
-3537
-3211
-2973
-2773
-2536
-2170
-1639
-968
-262
370
854
1196
1473
1758
2088
2405
2631
2710
2680
2657
2745
2985
3333
3700
4021
4317
4640
5029
5478
5883
6119
6101
5812
5313
4689
4010
3319
2608
1879
1138
391
-337
-1030
-1674
-2282
-2876
-3477
-4090
-4680
-5221
-5662
-5968
-6116
-6096
-5933
-5658
-5334
-5008
-4695
-4392
-4082
-3745
-3391
-3035
-2678
-2312
-1903
-1400
-806
-170
415
873
1207
1465
1718
2006
2298
2537
2680
2757
2831
2978
3227
3535
3851
4113
4352
4628
4964
5341
5670
5856
5836
5618
5247
4749
4136
3387
2513
1573
647
-174
-866
-1448
-1970
-2484
-3004
-3536
-4062
-4570
-5046
-5451
-5752
-5885
-5833
-5628
-5335
-5050
-4804
-4572
-4303
-3941
-3506
-3067
-2681
-2371
-2091
-1752
-1299
-747
-160
369
805
1182
1552
1946
2325
2615
2758
2762
2696
2668
2756
2979
3309
3664
3998
4290
4562
4837
5117
5378
5570
5629
5515
5206
4690
3999
3178
2283
1385
539
-218
-888
-1474
-2015
-2549
-3094
-3656
-4201
-4696
-5109
-5430
-5646
-5761
-5778
-5690
-5488
-5179
-4783
-4323
-3868
-3459
-3110
-2823
-2556
-2284
-1981
-1623
-1200
-707
-144
443
989
1440
1757
1965
2105
2234
2371
2508
2627
2738
2878
3082
3377
3711
4045
4334
4575
4824
5091
5345
5497
5451
5153
4635
3993
3323
2688
2080
1460
802
102
-604
-1254
-1851
-2402
-2961
-3574
-4215
-4834
-5325
-5621
-5707
-5627
-5454
-5248
-5031
-4778
-4475
-4089
-3667
-3264
-2925
-2685
-2511
-2330
-2068
-1697
-1211
-669
-118
401
855
1259
1605
1890
2110
2266
2365
2448
2526
2615
2740
2899
3137
3455
3847
4263
4642
4933
5129
5241
5275
5240
5066
4714
4173
3473
2726
2012
1369
766
150
-525
-1213
-1884
-2482
-2996
-3501
-4017
-4575
-5097
-5496
-5702
-5698
-5523
-5251
-4944
-4604
-4271
-3939
-3635
-3384
-3144
-2888
-2567
-2170
-1756
-1374
-1016
-667
-233
309
877
1374
1683
1796
1802
1835
1969
2215
2486
2696
2834
2920
3070
3320
3655
4014
4327
4584
4816
5062
5276
5387
5257
4845
4208
3465
2741
2075
1435
764
70
-623
-1236
-1771
-2276
-2830
-3474
-4145
-4753
-5178
-5370
-5372
-5271
-5131
-4978
-4796
-4535
-4204
-3820
-3455
-3152
-2919
-2711
-2480
-2179
-1794
-1348
-864
-396
37
406
717
998
1280
1578
1876
2143
2321
2407
2416
2436
2537
2744
3040
3350
3620
3841
4065
4337
4688
5043
5280
5292
5023
4526
3896
3218
2539
1861
1193
558
-26
-566
-1105
-1704
-2355
-3021
-3639
-4146
-4557
-4890
-5142
-5288
-5278
-5103
-4824
-4509
-4220
-3962
-3695
-3399
-3074
-2755
-2479
-2232
-1969
-1664
-1314
-956
-610
-253
146
588
1023
1385
1644
1828
1999
2175
2358
2498
2580
2641
2729
2895
3135
3405
3685
3981
4302
4651
4952
5113
5076
4820
4413
3935
3431
2909
2317
1620
839
35
-715
-1333
-1878
-2364
-2858
-3397
-3885
-4309
-4629
-4850
-5024
-5159
-5191
-5107
-4852
-4440
-3994
-3526
-3147
-2876
-2639
-2437
-2208
-1927
-1664
-1396
-1099
-812
-420
18
436
857
1173
1432
1683
1898
2102
2282
2358
2422
2498
2606
2855
3127
3432
3762
4036
4311
4573
4766
4911
4949
4803
4528
4059
3453
2791
2065
1374
703
36
-603
-1208
-1777
-2254
-2691
-3125
-3536
-3985
-4382
-4694
-4900
-4963
-4893
-4717
-4440
-4097
-3757
-3426
-3171
-2971
-2796
-2632
-2438
-2216
-1961
-1671
-1313
-880
-362
185
674
1067
1316
1479
1617
1780
1966
2142
2258
2292
2300
2342
2510
2799
3177
3563
3913
4214
4475
4721
4908
4987
4873
4540
4004
3353
2673
2029
1446
892
342
-232
-822
-1430
-2016
-2585
-3122
-3596
-4035
-4393
-4668
-4824
-4842
-4725
-4496
-4211
-3917
-3660
-3423
-3212
-2996
-2775
-2566
-2353
-2134
-1870
-1535
-1130
-689
-256
116
420
677
900
1121
1319
1477
1575
1641
1720
1867
2107
2400
2711
2977
3207
3461
3777
4159
4524
4766
4813
4677
4419
4122
3810
3443
2975
2391
1735
1081
476
-86
-613
-1162
-1745
-2359
-2986
-3550
-4010
-4315
-4443
-4444
-4385
-4319
-4259
-4157
-3955
-3653
-3290
-2979
-2788
-2691
-2630
-2495
-2232
-1870
-1463
-1090
-778
-475
-152
207
590
919
1165
1310
1370
1407
1446
1502
1607
1759
1969
2261
2603
2993
3413
3844
4289
4678
4934
5018
4904
4632
4269
3836
3351
2822
2239
1644
1075
539
29
-493
-1056
-1648
-2246
-2830
-3367
-3848
-4240
-4481
-4546
-4447
-4239
-4018
-3839
-3689
-3545
-3356
-3115
-2879
-2690
-2570
-2494
-2378
-2159
-1822
-1390
-957
-582
-275
-15
270
613
1007
1397
1685
1821
1829
1793
1823
1983
2239
2520
2737
2886
3040
3286
3653
4084
4453
4657
4682
4548
4338
4096
3794
3392
2831
2116
1315
528
-151
-683
-1111
-1519
-1990
-2540
-3103
-3609
-4011
-4285
-4428
-4448
-4344
-4160
-3945
-3740
-3564
-3405
-3241
-3077
-2916
-2767
-2620
-2420
-2130
-1750
-1315
-901
-546
-228
92
461
854
1201
1449
1570
1597
1610
1640
1705
1790
1852
1936
2086
2348
2754
3253
3753
4188
4502
4696
4803
4791
4650
4352
3882
3314
2681
2020
1390
789
223
-294
-822
-1370
-1944
-2550
-3105
-3564
-3912
-4132
-4255
-4317
-4286
-4175
-3978
-3710
-3446
-3212
-3027
-2889
-2758
-2640
-2552
-2463
-2346
-2155
-1837
-1423
-971
-527
-145
212
572
914
1234
1486
1650
1770
1844
1882
1918
1954
2048
2233
2508
2865
3246
3620
3993
4346
4662
4896
4971
4859
4561
4110
3547
2899
2201
1514
871
290
-259
-842
-1452
-2056
-2606
-3039
-3382
-3666
-3922
-4157
-4308
-4328
-4214
-3998
-3750
-3538
-3370
-3236
-3108
-2945
-2771
-2603
-2433
-2253
-2031
-1759
-1447
-1094
-713
-324
68
418
696
903
1073
1247
1440
1627
1775
1868
1933
2027
2199
2473
2840
3251
3672
4073
4425
4691
4843
4864
4773
4586
4292
3866
3294
2600
1863
1169
547
-2
-517
-1040
-1576
-2128
-2663
-3150
-3559
-3862
-4060
-4160
-4187
-4161
-4075
-3910
-3661
-3370
-3108
-2944
-2900
-2913
-2904
-2800
-2590
-2319
-2010
-1671
-1285
-825
-321
163
569
852
1029
1133
1187
1207
1208
1204
1248
1372
1572
1849
2176
2555
3001
3490
3993
4466
4849
5103
5192
5098
4823
4393
3862
3286
2682
2049
1377
680
6
-597
-1106
-1543
-1965
-2426
-2936
-3438
-3838
-4068
-4104
-3994
-3834
-3701
-3614
-3536
-3405
-3197
-2953
-2759
-2680
-2712
-2758
-2699
-2467
-2074
-1615
-1203
-872
-597
-291
91
514
894
1154
1266
1285
1300
1359
1483
1659
1863
2097
2371
2687
3035
3394
3752
4103
4413
4651
4773
4746
4572
4258
3843
3334
2748
2126
1504
910
349
-219
-820
-1435
-2031
-2559
-2994
-3356
-3659
-3900
-4063
-4133
-4112
-4027
-3892
-3696
-3441
-3160
-2933
-2817
-2784
-2739
-2578
-2280
-1925
-1620
-1416
-1257
-1030
-671
-215
229
581
823
990
1115
1196
1241
1261
1313
1440
1639
1873
2109
2379
2725
3195
3753
4305
4729
4955
4998
4912
4748
4502
4129
3611
2963
2245
1516
811
147
-465
-1018
-1512
-1996
-2504
-3034
-3521
-3849
-3972
-3928
-3834
-3794
-3822
-3837
-3739
-3498
-3195
-2952
-2855
-2896
-2978
-2978
-2818
-2491
-2060
-1607
-1191
-821
-475
-120
259
638
977
1225
1352
1366
1317
1268
1289
1411
1639
1954
2320
2716
3124
3519
3885
4213
4504
4756
4949
5022
4927
4631
4154
3563
2927
2277
1616
928
217
-484
-1127
-1677
-2145
-2558
-2945
-3322
-3666
-3939
-4105
-4156
-4105
-3986
-3830
-3676
-3546
-3442
-3355
-3272
-3161
-3016
-2849
-2668
-2470
-2228
-1898
-1458
-925
-366
125
474
676
793
898
1042
1202
1335
1407
1446
1524
1706
2016
2423
2886
3354
3802
4214
4562
4821
4985
5059
5035
4898
4607
4137
3523
2836
2162
1550
981
412
-185
-802
-1392
-1918
-2383
-2809
-3212
-3568
-3851
-4044
-4152
-4189
-4166
-4081
-3936
-3771
-3621
-3515
-3444
-3369
-3233
-3018
-2739
-2427
-2110
-1781
-1430
-1038
-611
-190
194
504
739
917
1055
1165
1264
1350
1441
1560
1720
1959
2281
2680
3137
3615
4069
4446
4727
4921
5040
5072
4987
4725
4269
3656
2975
2309
1689
1101
519
-73
-660
-1204
-1700
-2165
-2622
-3078
-3497
-3833
-4030
-4087
-4046
-3975
-3921
-3881
-3820
-3697
-3515
-3312
-3143
-3037
-2979
-2900
-2713
-2380
-1914
-1398
-921
-519
-188
124
442
746
981
1110
1136
1119
1120
1195
1349
1564
1825
2141
2540
3033
3602
4177
4682
5052
5255
5293
5182
4934
4556
4050
3451
2817
2184
1590
1052
546
43
-492
-1076
-1697
-2320
-2888
-3348
-3680
-3896
-4017
-4069
-4061
-4002
-3906
-3794
-3691
-3601
-3505
-3381
-3222
-3042
-2863
-2686
-2496
-2258
-1933
-1523
-1065
-617
-219
117
415
689
945
1159
1294
1345
1329
1334
1439
1675
2032
2437
2831
3199
3573
3989
4443
4873
5181
5283
5157
4857
4456
4013
3549
3041
2456
1800
1122
465
-141
-706
-1247
-1800
-2369
-2916
-3388
-3744
-3968
-4080
-4129
-4151
-4153
-4115
-4008
-3828
-3618
-3427
-3297
-3238
-3196
-3102
-2910
-2612
-2238
-1819
-1392
-956
-521
-105
261
559
784
943
1064
1166
1260
1356
1475
1632
1838
2102
2417
2775
3172
3600
4032
4418
4736
4957
5075
5088
4974
4707
4272
3696
3045
2390
1778
1202
612
-26
-711
-1390
-2004
-2505
-2902
-3233
-3538
-3842
-4112
-4295
-4337
-4223
-4008
-3787
-3640
-3582
-3571
-3519
-3363
-3107
-2801
-2506
-2252
-2022
-1781
-1477
-1084
-620
-145
256
530
675
748
845
1010
1237
1453
1606
1700
1798
1999
2346
2808
3310
3762
4121
4402
4634
4824
4943
4949
4806
4511
4082
3539
2918
2253
1584
944
346
-211
-754
-1300
-1855
-2411
-2933
-3375
-3696
-3891
-3989
-4035
-4058
-4055
-4005
-3891
-3719
-3535
-3391
-3305
-3243
-3142
-2935
-2609
-2220
-1833
-1493
-1175
-825
-421
8
392
670
846
965
1086
1207
1289
1309
1314
1394
1625
2005
2445
2857
3219
3591
4030
4535
5013
5315
5340
5101
4684
4185
3666
3123
2534
1900
1258
647
87
-415
-898
-1387
-1897
-2432
-2975
-3476
-3872
-4112
-4195
-4171
-4107
-4040
-3944
-3780
-3534
-3262
-3056
-2960
-2943
-2924
-2821
-2599
-2282
-1901
-1486
-1048
-601
-186
156
404
590
757
937
1125
1274
1365
1408
1452
1558
1763
2070
2462
2903
3361
3802
4189
4502
4722
4831
4810
4669
4415
4069
3652
3181
2665
2101
1494
852
191
-459
-1063
-1605
-2089
-2524
-2941
-3340
-3693
-3978
-4152
-4212
-4165
-4046
-3902
-3759
-3638
-3531
-3416
-3259
-3053
-2803
-2533
-2272
-2030
-1794
-1531
-1214
-832
-402
36
430
742
946
1062
1135
1192
1266
1355
1473
1627
1836
2115
2462
2864
3304
3770
4232
4648
4963
5136
5153
5008
4708
4266
3699
3033
2316
1601
933
338
-182
-650
-1104
-1588
-2114
-2654
-3150
-3544
-3822
-3997
-4101
-4149
-4134
-4045
-3886
-3697
-3513
-3346
-3171
-2975
-2764
-2584
-2451
-2325
-2138
-1818
-1374
-883
-466
-164
83
331
625
927
1152
1268
1301
1337
1452
1660
1925
2200
2466
2734
3037
3397
3797
4184
4509
4724
4810
4761
4587
4288
3876
3368
2796
2192
1577
962
344
-270
-873
-1428
-1903
-2319
-2702
-3090
-3471
-3798
-4025
-4118
-4099
-4018
-3922
-3824
-3712
-3566
-3381
-3186
-3003
-2831
-2654
-2439
-2179
-1879
-1556
-1226
-886
-527
-148
214
521
750
888
957
1000
1047
1131
1285
1520
1838
2211
2596
2957
3300
3646
3993
4322
4591
4749
4770
4657
4418
4077
3651
3157
2620
2075
1549
1050
568
58
-500
-1116
-1747
-2330
-2827
-3209
-3492
-3709
-3872
-3974
-3996
-3923
-3767
-3570
-3374
-3219
-3115
-3041
-2970
-2860
-2694
-2488
-2254
-1997
-1711
-1378
-983
-539
-80
331
643
844
960
1041
1116
1206
1319
1440
1579
1752
1976
2262
2589
2933
3281
3612
3919
4189
4398
4515
4506
4356
4067
3669
3189
2653
2082
1474
843
211
-388
-933
-1413
-1838
-2246
-2670
-3118
-3557
-3908
-4099
-4111
-3983
-3795
-3624
-3508
-3434
-3343
-3179
-2934
-2654
-2398
-2207
-2066
-1924
-1715
-1406
-1015
-584
-185
141
393
593
765
924
1071
1196
1310
1429
1576
1773
2018
2283
2559
2835
3111
3403
3719
4041
4314
4482
4501
4366
4081
3689
3246
2778
2308
1819
1296
727
115
-498
-1069
-1575
-2025
-2450
-2875
-3291
-3664
-3928
-4051
-4049
-3965
-3852
-3746
-3649
-3528
-3355
-3115
-2831
-2550
-2305
-2116
-1967
-1809
-1579
-1251
-833
-378
43
364
551
642
700
785
941
1145
1354
1528
1641
1732
1851
2038
2306
2645
3023
3398
3723
3979
4148
4219
4200
4099
3913
3635
3246
2732
2131
1498
911
406
-16
-399
-820
-1328
-1914
-2511
-3029
-3385
-3572
-3645
-3681
-3739
-3796
-3791
-3657
-3373
-3007
-2688
-2511
-2489
-2547
-2548
-2405
-2110
-1731
-1371
-1069
-809
-528
-183
217
597
887
1049
1106
1129
1165
1257
1411
1602
1804
2006
2207
2420
2663
2952
3292
3644
3947
4133
4166
4059
3852
3580
3267
2898
2459
1968
1445
929
419
-98
-630
-1166
-1666
-2112
-2505
-2870
-3229
-3568
-3829
-3957
-3947
-3823
-3646
-3471
-3315
-3164
-3002
-2827
-2650
-2483
-2317
-2125
-1878
-1584
-1257
-915
-564
-214
129
433
676
854
997
1136
1301
1481
1640
1758
1858
1991
2182
2431
2690
2908
3066
3199
3350
3531
3708
3829
3866
3783
3558
3214
2784
2305
1814
1318
812
265
-350
-1001
-1634
-2182
-2612
-2944
-3200
-3412
-3594
-3731
-3801
-3796
-3727
-3613
-3457
-3264
-3046
-2814
-2575
-2334
-2102
-1867
-1629
-1382
-1133
-872
-582
-268
48
322
528
673
795
927
1086
1243
1353
1416
1465
1565
1750
2015
2315
2595
2846
3084
3335
3595
3817
3936
3910
3757
3524
3242
2907
2503
2017
1473
922
394
-98
-577
-1057
-1553
-2047
-2493
-2862
-3160
-3393
-3574
-3709
-3778
-3762
-3635
-3423
-3174
-2947
-2776
-2653
-2522
-2328
-2060
-1751
-1464
-1233
-1051
-867
-619
-291
73
406
657
819
939
1061
1204
1346
1467
1548
1605
1676
1784
1948
2164
2418
2694
2974
3232
3430
3550
3592
3573
3501
3357
3121
2769
2315
1798
1268
757
275
-181
-628
-1085
-1549
-1999
-2420
-2800
-3128
-3378
-3537
-3601
-3598
-3562
-3507
-3425
-3281
-3050
-2739
-2410
-2132
-1936
-1803
-1663
-1471
-1215
-926
-654
-418
-214
-5
246
533
822
1063
1221
1297
1315
1330
1377
1488
1657
1850
2043
2221
2400
2605
2857
3133
3386
3566
3637
3584
3430
3204
2925
2595
2195
1713
1180
640
145
-311
-759
-1228
-1714
-2191
-2610
-2941
-3188
-3374
-3517
-3605
-3594
-3469
-3272
-3059
-2888
-2756
-2615
-2419
-2138
-1813
-1526
-1343
-1251
-1166
-988
-667
-262
120
388
541
640
781
991
1238
1450
1554
1544
1480
1463
1561
1766
2012
2251
2466
2664
2862
3062
3252
3384
3423
3334
3129
2846
2506
2122
1685
1213
725
238
-244
-712
-1152
-1569
-1954
-2305
-2610
-2878
-3118
-3327
-3477
-3522
-3455
-3295
-3091
-2890
-2717
-2563
-2394
-2182
-1911
-1603
-1300
-1040
-833
-664
-486
-268
-2
288
549
744
849
887
911
979
1097
1247
1398
1514
1623
1748
1930
2178
2451
2710
2925
3070
3161
3201
3178
3098
2949
2741
2477
2161
1804
1403
981
543
105
-327
-762
-1199
-1624
-2028
-2389
-2693
-2945
-3122
-3217
-3235
-3193
-3119
-3035
-2948
-2848
-2715
-2532
-2311
-2079
-1870
-1688
-1521
-1315
-1035
-702
-348
-29
222
401
539
667
804
962
1112
1240
1333
1389
1415
1453
1531
1675
1900
2168
2435
2638
2746
2781
2790
2828
2903
2963
2925
2727
2365
1917
1487
1137
855
558
164
-346
-904
-1416
-1806
-2079
-2294
-2515
-2772
-3027
-3199
-3234
-3150
-2992
-2817
-2664
-2534
-2392
-2223
-2027
-1805
-1577
-1337
-1089
-852
-633
-455
-314
-179
-12
215
480
730
907
973
959
943
1003
1187
1451
1702
1856
1883
1845
1868
2045
2361
2694
2896
2900
2753
2582
2488
2485
2468
2315
1970
1475
945
476
105
-204
-529
-896
-1311
-1734
-2118
-2436
-2665
-2805
-2869
-2896
-2914
-2952
-2972
-2922
-2743
-2445
-2120
-1875
-1756
-1706
-1609
-1378
-1021
-637
-340
-173
-90
1
164
404
663
857
954
980
990
1029
1094
1195
1320
1446
1564
1663
1758
1874
2028
2213
2404
2555
2645
2674
2647
2577
2472
2325
2119
1855
1551
1206
808
343
-165
-658
-1069
-1378
-1636
-1929
-2299
-2694
-3004
-3146
-3097
-2931
-2773
-2686
-2668
-2643
-2542
-2347
-2101
-1854
-1635
-1437
-1240
-1033
-816
-613
-428
-236
-33
195
432
659
855
999
1097
1156
1193
1232
1290
1390
1524
1676
1818
1913
1956
1969
2005
2112
2289
2466
2556
2507
2347
2150
1972
1830
1675
1420
1043
599
177
-155
-416
-680
-1020
-1445
-1882
-2229
-2420
-2478
-2481
-2512
-2605
-2724
-2795
-2746
-2575
-2330
-2085
-1886
-1721
-1566
-1387
-1160
-899
-640
-419
-235
-65
106
282
458
608
707
757
780
826
926
1063
1198
1279
1296
1276
1277
1365
1555
1798
2000
2101
2108
2077
2060
2075
2095
2065
1936
1718
1461
1201
950
696
410
66
-325
-709
-1038
-1308
-1544
-1766
-1988
-2188
-2352
-2443
-2443
-2378
-2297
-2223
-2143
-2032
-1877
-1685
-1489
-1325
-1206
-1104
-962
-763
-531
-314
-148
-39
44
152
324
541
730
842
871
869
899
1001
1151
1282
1333
1302
1255
1263
1357
1505
1644
1724
1746
1739
1756
1811
1871
1876
1800
1662
1484
1290
1060
775
428
35
-352
-692
-973
-1225
-1487
-1755
-2004
-2200
-2303
-2300
-2218
-2107
-2004
-1917
-1846
-1780
-1702
-1573
-1382
-1161
-960
-824
-758
-724
-646
-472
-222
35
217
294
303
320
393
528
674
775
805
783
753
745
782
864
977
1093
1206
1318
1429
1543
1654
1761
1858
1929
1968
1964
1886
1728
1500
1242
981
727
465
170
-160
-512
-849
-1130
-1327
-1462
-1572
-1692
-1821
-1908
-1921
-1854
-1744
-1647
-1602
-1591
-1565
-1483
-1332
-1155
-1007
-914
-851
-779
-664
-518
-375
-255
-146
-17
135
267
333
335
320
355
489
676
825
861
787
695
701
865
1132
1384
1507
1486
1414
1406
1512
1685
1826
1841
1724
1534
1341
1182
1035
854
625
364
91
-180
-461
-747
-1012
-1214
-1325
-1372
-1410
-1486
-1572
-1619
-1603
-1524
-1429
-1369
-1349
-1331
-1275
-1176
-1090
-1056
-1043
-991
-853
-635
-395
-215
-136
-116
-65
66
238
366
395
333
241
194
238
353
467
534
561
603
710
907
1164
1413
1589
1669
1689
1697
1727
1759
1760
1691
1540
1325
1074
827
595
380
185
0
-189
-389
-595
-793
-960
-1080
-1157
-1202
-1237
-1281
-1335
-1384
-1416
-1413
-1363
-1265
-1164
-1086
-1060
-1080
-1090
-1041
-906
-714
-547
-473
-490
-544
-538
-418
-208
7
152
192
166
152
201
330
510
687
814
883
919
968
1073
1252
1476
1679
1800
1814
1761
1704
1686
1703
1693
1583
1355
1039
712
447
262
120
-43
-260
-529
-798
-1010
-1130
-1173
-1180
-1203
-1280
-1404
-1536
-1619
-1618
-1533
-1403
-1296
-1254
-1282
-1336
-1344
-1252
-1067
-857
-706
-649
-642
-615
-500
-307
-95
80
187
245
303
376
468
561
651
753
860
972
1065
1131
1197
1288
1423
1592
1755
1865
1890
1836
1738
1638
1560
1490
1392
1240
1012
721
415
147
-61
-229
-376
-531
-703
-876
-1029
-1152
-1252
-1330
-1387
-1430
-1442
-1440
-1445
-1458
-1486
-1514
-1512
-1465
-1384
-1292
-1214
-1152
-1096
-1021
-909
-764
-600
-442
-302
-172
-46
77
190
276
332
373
428
523
663
828
990
1118
1207
1278
1369
1504
1679
1864
2005
2055
1999
1862
1703
1572
1476
1392
1263
1053
765
442
148
-82
-247
-373
-515
-690
-889
-1074
-1202
-1260
-1270
-1266
-1291
-1347
-1422
-1490
-1518
-1501
-1451
-1389
-1336
-1300
-1279
-1262
-1219
-1136
-1015
-866
-708
-566
-457
-376
-304
-217
-98
53
218
380
522
635
718
789
870
976
1123
1310
1506
1678
1791
1819
1783
1720
1674
1668
1699
1731
1702
1574
1337
1029
719
462
285
171
69
-85
-295
-526
-743
-901
-1007
-1084
-1158
-1251
-1366
-1475
-1544
-1557
-1514
-1448
-1410
-1426
-1488
-1541
-1515
-1368
-1130
-890
-752
-763
-883
-997
-969
-756
-424
-112
52
30
-91
-152
-29
279
660
956
1079
1056
1001
1040
1228
1506
1759
1906
1926
1861
1778
1723
1703
1703
1702
1664
1553
1357
1093
827
622
503
437
342
158
-121
-438
-690
-825
-864
-893
-993
-1186
-1412
-1583
-1639
-1583
-1487
-1429
-1455
-1550
-1663
-1726
-1692
-1572
-1408
-1257
-1158
-1114
-1103
-1079
-993
-832
-614
-390
-205
-69
44
184
371
580
771
913
1028
1169
1373
1620
1840
1966
1989
1973
1995
2068
2134
2109
1954
1715
1479
1328
1246
1166
1034
824
557
256
-53
-349
-600
-788
-902
-981
-1058
-1165
-1306
-1441
-1563
-1665
-1753
-1812
-1815
-1752
-1630
-1504
-1433
-1431
-1456
-1444
-1352
-1203
-1042
-903
-777
-627
-435
-229
-82
-35
-46
-8
184
527
902
1154
1213
1139
1092
1197
1449
1731
1916
1952
1893
1838
1836
1885
1923
1887
1754
1546
1310
1087
894
723
543
327
69
-211
-481
-712
-899
-1041
-1163
-1276
-1374
-1459
-1524
-1569
-1593
-1580
-1540
-1483
-1430
-1396
-1371
-1331
-1254
-1143
-1034
-963
-939
-937
-892
-762
-545
-300
-106
-14
-2
5
94
309
614
913
1113
1193
1207
1242
1358
1535
1702
1800
1804
1743
1669
1613
1572
1537
1491
1405
1263
1060
806
531
279
79
-68
-206
-382
-618
-880
-1106
-1248
-1309
-1337
-1392
-1490
-1595
-1652
-1620
-1502
-1344
-1215
-1152
-1143
-1143
-1111
-1017
-868
-697
-536
-408
-316
-251
-199
-156
-90
19
175
355
520
641
708
751
813
919
1075
1231
1361
1446
1485
1508
1527
1544
1556
1551
1519
1450
1342
1197
1018
827
636
442
247
44
-168
-381
-574
-747
-917
-1082
-1231
-1348
-1407
-1414
-1397
-1398
-1433
-1486
-1507
-1463
-1351
-1202
-1068
-992
-971
-952
-887
-757
-579
-399
-265
-197
-178
-160
-99
39
248
468
637
712
701
671
702
833
1049
1279
1438
1474
1409
1314
1265
1298
1387
1466
1469
1368
1194
985
793
649
535
434
318
167
-24
-237
-452
-640
-796
-920
-1016
-1091
-1160
-1242
-1318
-1380
-1413
-1407
-1363
-1290
-1209
-1125
-1040
-957
-871
-781
-681
-569
-454
-344
-253
-181
-118
-48
40
133
212
272
336
419
530
643
726
786
846
935
1055
1178
1262
1291
1290
1293
1324
1356
1355
1290
1147
970
808
683
594
510
395
233
23
-212
-441
-629
-752
-811
-831
-863
-951
-1111
-1305
-1456
-1498
-1414
-1260
-1132
-1092
-1149
-1231
-1246
-1142
-941
-725
-571
-521
-528
-510
-413
-239
-47
102
189
248
322
429
554
669
755
811
872
957
1048
1128
1184
1217
1235
1243
1238
1215
1166
1114
1074
1044
1003
915
766
581
399
255
158
84
-7
-152
-344
-553
-747
-887
-967
-1016
-1061
-1125
-1197
-1262
-1304
-1298
-1258
-1202
-1139
-1068
-982
-877
-767
-671
-606
-557
-485
-367
-210
-41
97
173
196
202
238
328
457
587
676
720
727
722
745
815
922
1035
1114
1129
1089
1034
996
996
1014
1018
984
896
768
623
479
343
205
64
-86
-236
-374
-500
-625
-753
-882
-1017
-1137
-1220
-1257
-1250
-1210
-1151
-1098
-1073
-1075
-1082
-1064
-992
-854
-674
-493
-352
-282
-264
-265
-237
-149
-4
171
330
440
485
485
467
477
538
652
802
937
1028
1058
1035
995
971
990
1043
1100
1125
1101
1026
916
796
678
571
468
371
271
160
29
-135
-329
-529
-697
-807
-849
-850
-858
-906
-1007
-1139
-1243
-1266
-1193
-1043
-883
-775
-748
-779
-813
-793
-693
-529
-349
-210
-141
-128
-133
-115
-52
44
157
264
342
395
433
474
533
615
702
785
855
897
919
936
957
992
1025
1031
1000
931
844
760
695
640
566
445
275
81
-88
-193
-247
-294
-379
-535
-734
-918
-1017
-1001
-917
-836
-818
-888
-1000
-1069
-1045
-926
-765
-629
-566
-565
-579
-561
-483
-360
-229
-129
-75
-50
-23
34
131
248
349
413
436
443
469
539
650
775
859
872
824
767
755
813
910
984
978
880
724
575
490
468
465
418
299
123
-69
-216
-293
-326
-355
-418
-530
-653
-750
-796
-791
-764
-753
-770
-804
-834
-831
-791
-719
-635
-558
-501
-459
-418
-374
-320
-248
-169
-91
-22
42
113
193
262
301
307
301
322
384
488
604
683
698
651
592
563
587
669
756
796
764
661
534
441
407
425
448
431
342
187
14
-130
-210
-239
-255
-306
-403
-530
-652
-735
-769
-762
-750
-761
-783
-793
-779
-739
-684
-624
-564
-510
-448
-375
-301
-242
-192
-141
-78
-3
70
139
188
216
227
251
293
346
399
434
452
451
448
467
516
582
634
637
594
532
492
509
576
647
661
581
429
268
159
130
154
174
133
9
-156
-299
-373
-387
-369
-363
-400
-465
-521
-525
-483
-425
-397
-428
-488
-534
-520
-438
-323
-220
-181
-213
-291
-357
-365
-301
-180
-53
29
42
-4
-73
-115
-94
-19
86
182
231
233
207
174
171
199
252
313
354
371
366
358
360
367
366
350
313
264
223
205
210
220
204
149
51
-61
-142
-163
-119
-48
-8
-32
-119
-235
-315
-319
-248
-150
-86
-85
-145
-231
-289
-296
-249
-168
-90
-46
-47
-88
-144
-189
-203
-173
-119
-53
0
22
20
7
1
12
43
88
137
178
204
215
222
242
272
298
301
275
225
175
153
174
224
271
273
212
94
-36
-125
-138
-87
-14
30
16
-55
-154
-229
-254
-232
-190
-165
-175
-219
-272
-293
-258
-184
-110
-71
-85
-145
-215
-262
-252
-185
-95
-19
7
-14
-66
-117
-126
-92
-28
39
84
97
87
64
48
54
81
133
180
201
186
148
120
125
174
245
299
308
261
177
99
62
81
134
190
223
204
140
57
-7
-29
-16
19
48
57
43
11
-25
-64
-98
-121
-138
-139
-116
-75
-38
-32
-62
-124
-185
-222
-216
-166
-96
-29
6
-10
-68
-141
-192
-189
-138
-66
-15
-24
-84
-166
-228
-220
-141
-28
53
54
-23
-121
-176
-139
-30
92
170
164
100
18
-28
-2
77
167
218
205
140
61
19
43
120
190
211
155
64
4
12
88
176
213
174
73
-25
-66
-25
66
146
166
114
19
-72
-109
-89
-27
42
79
64
-3
-101
-177
-197
-154
-63
22
43
-15
-130
-238
-279
-238
-132
-35
1
-31
-107
-178
-202
-174
-113
-49
-6
11
12
3
-17
-41
-51
-42
1
71
140
178
173
135
88
57
62
101
156
203
232
229
191
137
84
49
50
80
119
133
113
67
14
-23
-39
-47
-59
-78
-89
-88
-78
-73
-87
-117
-162
-199
-206
-179
-125
-77
-61
-83
-130
-167
-167
-130
-67
-11
11
-1
-31
-49
-51
-35
-6
29
62
85
91
79
60
51
61
83
110
126
128
123
117
117
112
96
74
56
62
91
122
134
111
57
4
-21
-19
5
23
28
19
-7
-48
-88
-115
-114
-92
-65
-55
-65
-86
-105
-107
-88
-72
-76
-93
-115
-116
-92
-55
-28
-29
-48
-71
-82
-79
-73
-59
-50
-51
-55
-63
-75
-75
-66
-46
-17
15
41
57
61
64
84
130
175
215
235
221
188
146
129
152
207
270
293
264
201
135
101
111
138
161
157
125
79
32
-15
-64
-117
-167
-196
-197
-178
-156
-162
-206
-263
-315
-335
-308
-249
-188
-164
-191
-256
-323
-344
-300
-221
-145
-100
-99
-123
-139
-124
-78
-18
39
87
127
165
198
216
218
211
214
235
275
317
343
342
317
279
239
213
200
193
186
174
163
149
123
86
38
-5
-25
-25
-18
-26
-59
-106
-140
-140
-107
-62
-51
-99
-185
-266
-290
-239
-147
-76
-78
-163
-290
-389
-403
-309
-155
-17
36
-20
-142
-250
-281
-218
-98
14
78
78
45
25
47
102
165
209
227
228
240
268
302
326
306
246
177
138
153
207
264
285
253
177
98
44
27
37
48
30
-21
-81
-123
-132
-120
-107
-115
-148
-189
-227
-245
-242
-216
-180
-154
-150
-171
-202
-221
-209
-167
-110
-61
-45
-61
-82
-88
-63
-15
30
50
38
11
-6
6
43
92
127
132
111
76
50
48
76
123
165
189
188
163
128
99
85
91
108
119
117
91
56
23
0
-10
-1
30
67
91
82
39
-19
-63
-72
-47
-13
2
-21
-69
-126
-157
-150
-118
-86
-72
-86
-110
-127
-123
-95
-67
-62
-79
-102
-114
-99
-55
-6
28
35
14
-9
-18
-7
14
35
57
77
92
107
103
76
43
13
6
27
64
96
103
78
38
-2
-25
-20
12
49
70
66
37
-1
-32
-44
-30
1
16
5
-28
-58
-60
-32
-1
7
-14
-50
-72
-61
-25
9
19
9
-4
-7
-1
4
-4
-16
-15
8
43
65
57
17
-24
-36
-12
32
66
54
9
-34
-48
-23
27
63
60
26
-21
-42
-30
10
47
61
47
15
-11
-20
-6
14
25
21
-3
-32
-49
-46
-36
-33
-41
-61
-74
-67
-52
-43
-54
-78
-99
-99
-85
-71
-63
-55
-42
-19
0
-11
-38
-59
-42
6
56
87
81
54
24
20
47
86
107
107
98
101
114
124
120
98
80
82
101
119
121
103
79
67
71
81
73
42
3
-17
-10
17
30
4
-49
-100
-123
-105
-72
-51
-56
-84
-119
-138
-135
-122
-107
-91
-77
-66
-65
-75
-94
-112
-105
-80
-37
1
10
-9
-42
-72
-74
-45
-2
28
34
27
12
6
15
24
30
37
45
59
73
79
77
79
83
90
98
97
89
77
72
74
81
82
65
43
15
-5
-11
-6
7
16
16
7
-20
-54
-81
-83
-64
-35
-11
-5
-19
-55
-90
-107
-100
-70
-32
0
10
-8
-42
-73
-91
-80
-50
-15
22
35
24
18
15
17
22
18
21
35
54
82
101
107
90
54
33
29
41
64
84
83
68
55
42
27
7
-14
-25
-17
-7
-2
-6
-22
-44
-60
-65
-73
-80
-81
-71
-48
-31
-27
-32
-48
-57
-62
-61
-50
-37
-16
7
7
-10
-37
-54
-52
-30
-8
-1
-6
-13
-5
8
13
1
-24
-38
-31
-8
32
69
87
80
58
36
25
29
49
70
82
85
78
75
76
79
69
49
29
9
9
20
32
31
15
-5
-22
-30
-26
-19
-23
-36
-56
-72
-71
-55
-37
-26
-31
-44
-64
-82
-85
-79
-67
-49
-41
-37
-35
-31
-17
3
13
2
-20
-32
-12
36
80
98
80
54
38
46
68
74
62
51
59
92
126
131
96
39
-10
-31
-26
-3
22
43
56
47
7
-61
-127
-156
-134
-77
-16
4
-25
-83
-133
-154
-145
-115
-79
-50
-35
-35
-55
-79
-94
-80
-42
6
39
36
9
-14
-13
18
59
79
71
47
35
55
98
132
140
118
75
41
33
54
82
109
117
98
65
34
14
12
24
42
48
42
27
2
-13
-17
-13
-11
-15
-21
-36
-55
-72
-76
-70
-62
-65
-75
-87
-92
-86
-68
-50
-44
-51
-67
-83
-88
-77
-48
-18
6
10
0
-17
-35
-36
-20
6
32
51
57
51
36
24
28
36
48
60
63
58
52
51
57
63
66
59
46
32
30
42
56
64
57
35
5
-14
-15
3
17
12
-14
-42
-66
-66
-46
-28
-27
-52
-84
-106
-103
-73
-36
-8
-6
-28
-65
-90
-86
-61
-17
16
25
7
-20
-30
-24
-1
26
45
41
25
13
11
30
54
78
92
81
58
35
26
38
64
94
108
99
71
40
21
17
25
34
34
27
18
10
1
-14
-37
-61
-75
-74
-50
-24
-16
-38
-85
-130
-149
-134
-92
-56
-46
-72
-117
-148
-143
-98
-43
-5
3
-22
-53
-64
-43
2
47
71
66
56
52
61
79
98
108
114
115
119
125
134
141
138
123
107
95
90
91
78
61
49
43
44
39
16
-13
-38
-48
-35
-16
-12
-39
-84
-123
-131
-107
-79
-68
-89
-124
-149
-155
-138
-119
-115
-117
-122
-116
-97
-75
-63
-71
-80
-72
-38
9
38
35
-1
-38
-37
9
77
123
119
78
30
15
47
100
141
146
121
92
79
87
110
130
135
126
105
83
72
65
68
81
80
67
35
-6
-36
-54
-54
-50
-48
-44
-54
-72
-86
-100
-104
-105
-108
-106
-98
-77
-59
-50
-55
-72
-85
-86
-65
-30
3
19
8
-20
-46
-45
-22
19
55
71
66
50
38
38
50
65
77
78
80
80
81
86
83
77
65
39
17
3
0
8
10
-5
-36
-64
-83
-86
-82
-85
-93
-100
-94
-81
-66
-60
-80
-111
-123
-98
-51
1
27
19
-11
-39
-41
-19
13
39
52
49
43
41
34
28
23
22
38
61
79
86
76
59
44
44
62
86
105
106
83
53
38
39
57
78
85
79
67
55
45
39
37
33
24
11
4
-2
-7
-4
-5
-8
-24
-55
-86
-103
-102
-86
-81
-93
-122
-151
-149
-121
-90
-74
-85
-116
-141
-144
-118
-82
-57
-50
-61
-67
-57
-31
-4
8
-2
-25
-38
-25
16
64
90
83
57
30
26
62
119
166
174
138
82
41
44
86
140
164
141
84
28
3
15
52
68
49
3
-42
-60
-47
-12
20
26
5
-26
-48
-43
-14
16
34
31
14
-9
-30
-38
-35
-35
-38
-33
-25
-24
-37
-52
-73
-83
-68
-38
-13
-13
-37
-61
-71
-44
9
55
63
25
-34
-64
-43
25
95
116
84
15
-42
-50
-14
39
68
62
35
4
-12
-18
-25
-28
-27
-23
-25
-38
-56
-63
-43
-9
11
-3
-42
-84
-96
-68
-17
28
47
29
-9
-50
-71
-54
-16
29
55
53
27
-11
-32
-21
10
37
46
35
14
12
43
91
134
139
106
53
15
18
63
120
156
152
113
56
8
-13
-3
30
64
80
56
-7
-82
-128
-116
-62
-6
0
-43
-101
-127
-100
-45
-11
-30
-83
-126
-115
-55
6
24
-10
-70
-106
-98
-55
-12
10
13
-4
-14
-21
-33
-40
-33
-4
30
50
34
-1
-18
-3
41
84
98
76
27
-16
-24
4
58
114
136
110
46
-11
-26
6
71
117
118
65
-11
-63
-71
-32
26
62
60
24
-24
-58
-64
-48
-23
-9
-15
-49
-96
-131
-138
-104
-55
-23
-18
-47
-82
-92
-71
-36
-14
-19
-44
-58
-41
0
43
60
46
16
-2
12
49
82
93
77
44
21
24
48
79
103
103
83
58
29
19
34
58
82
87
59
14
-26
-39
-19
18
48
47
13
-36
-72
-76
-49
-17
-3
-18
-50
-76
-79
-58
-36
-24
-31
-43
-42
-37
-33
-38
-54
-64
-55
-30
1
13
3
-18
-33
-34
-22
-5
6
12
12
12
9
2
-5
-12
-4
8
23
40
52
55
46
32
19
16
20
39
56
64
62
52
39
29
21
21
22
21
19
10
3
1
-2
-8
-9
-4
1
3
-6
-28
-51
-54
-42
-25
-17
-23
-34
-48
-49
-40
-23
-11
-15
-20
-28
-36
-36
-28
-20
-12
-8
-13
-20
-22
-19
-8
8
20
29
31
25
14
3
-2
8
31
53
70
61
34
8
0
16
40
59
61
42
17
-4
-5
8
18
24
18
7
1
-2
-3
-3
-13
-25
-34
-33
-28
-15
-7
-4
-8
-21
-36
-43
-37
-19
-4
-2
-14
-29
-34
-36
-26
-14
-10
-18
-23
-25
-22
-12
-5
-3
-4
-2
-2
0
7
13
20
22
23
21
15
13
19
31
42
49
41
26
13
5
9
20
28
34
28
14
-2
-16
-20
-13
0
9
9
1
-19
-31
-30
-21
-9
-2
-2
-12
-16
-14
-11
-14
-22
-29
-25
-7
6
12
0
-20
-26
-14
6
16
11
-1
-8
-3
12
26
32
22
9
2
7
23
37
33
11
-15
-29
-17
6
28
32
17
-3
-23
-25
-15
-2
7
3
-2
-1
4
5
2
-4
-9
-11
-9
-2
2
6
6
-4
-14
-25
-28
-25
-23
-19
-14
-8
-3
-5
-16
-23
-23
-17
-4
10
19
21
15
1
-6
-3
9
23
34
38
29
15
9
5
5
13
20
29
29
28
19
6
-4
-8
-7
-2
4
5
4
1
-5
-6
-6
-12
-21
-26
-21
-7
6
8
-3
-18
-35
-36
-27
-15
-5
-3
-9
-21
-30
-26
-13
-2
4
-1
-14
-22
-21
-6
13
23
17
1
-14
-19
-1
27
48
48
22
-8
-23
-10
17
42
50
37
18
7
6
16
27
28
22
19
20
18
15
6
-5
-12
-3
10
24
23
3
-18
-34
-28
-7
6
4
-12
-26
-28
-23
-19
-23
-34
-41
-35
-22
-6
-5
-18
-36
-51
-41
-19
3
11
9
-5
-18
-24
-18
-2
13
18
11
1
-4
-2
9
22
25
17
7
1
8
15
22
26
28
30
29
27
22
14
9
9
15
26
33
29
15
-2
-12
-12
-10
-5
-7
-13
-18
-16
-5
-1
-8
-21
-32
-30
-8
11
12
-5
-30
-40
-27
0
23
22
4
-19
-26
-14
4
8
6
2
-2
1
12
20
20
18
13
12
13
9
13
19
24
26
19
4
-4
2
15
24
24
14
-4
-17
-20
-8
7
11
-1
-25
-47
-54
-36
-10
7
0
-23
-48
-60
-56
-37
-15
-2
-5
-29
-58
-69
-53
-14
16
12
-24
-62
-67
-30
25
60
59
31
0
-5
15
45
72
83
76
46
16
-2
15
59
97
113
86
34
-5
-10
16
48
62
55
30
2
-18
-26
-13
5
12
4
-16
-36
-44
-44
-37
-28
-18
-8
-9
-22
-45
-71
-74
-42
5
37
31
-9
-51
-69
-44
8
41
36
4
-27
-34
-14
16
29
17
-4
-13
-7
8
14
15
12
11
16
20
12
1
1
17
41
48
33
2
-21
-18
0
16
17
4
-11
-23
-26
-19
-17
-17
-14
-7
-3
-11
-29
-34
-26
-14
-3
-3
-6
-8
-6
-2
-2
-5
-8
-6
3
15
18
10
-9
-25
-26
-10
14
28
26
9
-8
-10
3
19
27
30
22
13
1
-5
-2
6
26
46
47
27
-1
-18
-11
7
20
24
15
1
-3
-2
-1
3
7
11
17
11
-3
-16
-23
-17
-10
-9
-15
-24
-30
-31
-23
-17
-12
-11
-13
-11
-9
-10
-17
-22
-20
-9
2
7
5
0
-3
-5
-1
5
8
11
5
2
-1
-3
-1
3
8
7
7
7
6
9
10
13
14
11
5
3
10
18
24
20
7
-5
-7
-1
3
-2
-11
-14
-9
-3
-4
-9
-17
-11
0
6
3
-10
-14
-4
14
32
31
12
-8
-24
-21
-13
0
15
24
20
5
-22
-38
-28
-2
18
26
20
5
-1
4
7
1
-5
-2
9
26
34
27
12
-4
-8
-2
7
4
-11
-29
-36
-22
5
18
7
-21
-49
-52
-33
-10
4
6
-3
-11
-12
-17
-27
-30
-25
-6
14
16
-4
-30
-45
-41
-21
11
35
38
22
-6
-28
-26
3
33
48
38
20
11
21
38
46
41
30
17
11
15
23
22
12
1
-5
-1
9
12
5
-13
-25
-18
1
10
-3
-26
-41
-31
-4
16
10
-11
-37
-44
-26
1
23
25
4
-18
-29
-27
-16
-12
-13
-1
21
37
35
2
-45
-70
-43
24
88
98
39
-42
-91
-75
-1
73
103
71
2
-60
-74
-37
17
55
59
32
-9
-40
-41
-21
10
34
35
20
1
-11
-12
-8
-12
-19
-27
-30
-19
4
22
26
9
-15
-28
-22
-3
9
4
-15
-38
-47
-36
-11
18
34
29
1
-35
-49
-38
-6
27
40
28
4
-13
-11
0
16
18
5
-4
1
26
57
71
53
6
-42
-64
-46
-6
37
59
50
28
10
5
14
23
20
-1
-27
-42
-39
-13
19
41
43
24
-11
-42
-51
-39
-11
15
23
11
-14
-28
-24
-9
6
1
-14
-29
-26
-7
15
26
14
-8
-21
-21
-12
-4
-3
-11
-6
15
45
60
48
11
-34
-57
-48
-20
9
21
13
0
-3
3
12
20
17
1
-19
-32
-28
-12
5
16
21
20
8
-1
-1
2
8
9
6
-1
-16
-25
-23
-17
-1
14
22
23
19
10
0
-10
-18
-23
-24
-12
-3
3
6
5
3
5
8
10
12
10
7
4
4
3
6
8
4
-2
-9
-9
-1
14
26
24
14
2
-13
-25
-30
-29
-20
2
19
27
21
7
-3
-11
-16
-12
-3
2
5
1
-5
-11
-15
-8
3
8
6
-4
-11
-12
-7
-2
-5
-15
-21
-17
-4
14
24
24
13
6
3
-1
-2
-1
1
4
6
7
7
3
-6
-8
-4
4
8
7
2
-3
-4
-4
-6
-2
-2
-3
-2
1
8
14
21
13
-4
-14
-16
-4
11
23
23
6
-12
-22
-14
0
6
9
0
-11
-14
-8
-1
6
7
3
-4
-13
-17
-11
3
20
25
15
-5
-24
-25
-9
9
8
-8
-23
-26
-10
14
29
26
9
-5
-9
-7
-9
-16
-15
-5
16
33
35
25
4
-15
-24
-24
-12
2
16
22
14
3
-8
-1
14
21
12
-6
-24
-28
-11
14
24
15
-5
-25
-22
-4
15
18
0
-24
-33
-21
-4
8
12
13
4
-2
-9
-17
-14
-1
11
12
1
-9
-13
-2
13
21
19
3
-20
-32
-23
-2
16
29
26
10
-6
-15
-7
5
14
15
9
8
18
29
25
2
-19
-26
-17
3
19
15
-4
-29
-43
-37
-14
17
31
21
-1
-18
-19
1
18
17
5
-10
-16
-9
0
-3
-7
-14
-14
-9
1
6
5
0
-7
-8
-4
0
2
6
10
14
20
15
1
-9
-14
-2
16
25
26
17
2
-5
0
13
23
19
9
1
-3
-5
-5
-7
-5
-3
-1
0
-4
-7
-11
-10
-8
-10
-8
-8
-8
-3
-4
-7
-15
-26
-30
-29
-24
-14
-7
1
-1
-7
-11
-15
-17
-15
-11
-6
-1
4
7
12
11
12
8
1
2
7
14
22
28
22
12
6
4
13
28
40
39
29
17
6
-3
-5
-1
3
7
11
13
13
5
-8
-17
-16
-3
12
21
16
5
-1
-8
-7
-2
3
7
1
-5
-5
0
-1
-8
-18
-27
-24
-15
-9
-10
-12
-14
-10
-4
-5
-10
-14
-13
-10
-11
-3
-3
-6
-6
-9
-10
-12
-12
-10
-10
-9
-5
-2
2
2
-3
-4
-5
-3
0
2
0
0
1
4
14
18
21
21
10
5
8
10
11
3
-3
0
12
24
27
21
6
-1
-2
-1
-1
0
5
12
14
14
7
2
5
17
30
39
35
12
-8
-21
-21
-9
3
15
17
14
5
-7
-20
-22
-14
-4
4
9
4
-11
-23
-33
-41
-40
-34
-20
-9
-2
-3
-20
-39
-59
-69
-54
-24
6
20
9
-16
-42
-52
-37
-9
17
32
22
5
-7
-4
10
23
34
36
37
32
27
23
28
40
51
52
35
14
-1
3
25
53
63
44
7
-30
-33
-6
29
46
31
-4
-40
-55
-46
-24
-4
5
1
-11
-23
-37
-40
-38
-21
-2
11
3
-28
-63
-73
-50
-12
24
32
10
-21
-46
-54
-48
-33
-19
-9
11
28
36
29
6
-21
-34
-26
-2
26
50
63
60
48
38
29
19
11
14
29
51
71
72
48
11
-19
-15
22
71
93
68
11
-51
-73
-51
5
53
60
27
-30
-71
-74
-42
-4
9
-13
-53
-78
-76
-47
-8
16
15
-8
-36
-50
-43
-24
-3
13
15
11
4
0
1
9
17
15
4
-12
-13
3
30
49
40
11
-24
-50
-49
-21
13
31
28
8
-13
-28
-28
-19
-9
8
22
29
23
3
-19
-25
-16
4
23
35
34
10
-22
-41
-38
-8
31
50
38
2
-35
-43
-22
10
27
12
-13
-15
6
31
43
24
-18
-47
-46
-19
20
42
31
2
-25
-26
-10
11
15
6
-5
-7
-1
1
-2
-12
-15
-5
8
12
2
-9
-8
7
26
28
16
-2
-12
-6
-2
3
2
-2
3
6
4
-5
-21
-33
-33
-16
6
10
-7
-28
-38
-26
3
29
41
35
12
-20
-42
-45
-25
9
35
42
34
15
1
-4
3
11
19
30
42
48
36
10
-19
-26
-8
27
57
64
49
20
-3
-19
-26
-32
-34
-19
9
27
20
-22
-72
-99
-86
-36
9
21
-1
-39
-70
-74
-57
-37
-24
-27
-34
-36
-24
5
29
27
0
-36
-62
-56
-22
21
54
64
50
23
3
-8
1
26
53
70
71
61
46
32
19
8
10
35
73
98
88
46
-6
-29
-7
45
73
56
10
-29
-29
-8
12
15
1
-8
-12
-22
-42
-66
-71
-42
-3
17
-8
-61
-102
-94
-39
19
42
20
-28
-66
-79
-67
-44
-19
3
19
23
10
-10
-22
-18
0
20
26
21
13
8
6
9
17
26
41
46
34
15
3
4
27
54
60
34
-19
-65
-82
-50
5
48
53
22
-22
-54
-61
-51
-32
-11
4
6
-4
-20
-34
-31
-14
4
17
20
15
7
2
-8
-19
-24
-21
-7
20
51
64
48
13
-24
-40
-25
9
43
48
28
-8
-36
-36
-14
18
42
49
30
4
-16
-24
-23
-16
-5
-4
1
10
17
22
19
13
10
6
5
-1
-9
-16
-14
-4
3
0
-7
-9
-8
-2
7
5
2
3
2
-11
-28
-36
-33
-12
8
19
15
2
-9
-16
-16
-7
7
23
32
21
-13
-50
-61
-40
9
55
70
45
-4
-44
-42
-6
34
46
23
-10
-24
-11
14
25
13
-9
-22
-17
2
17
24
17
3
-9
-19
-25
-24
-5
17
40
41
14
-17
-37
-36
-21
-7
7
18
26
27
8
-29
-59
-56
-18
35
66
58
17
-29
-57
-50
-21
17
51
65
48
-1
-52
-72
-39
32
89
90
36
-43
-85
-67
-6
48
52
14
-30
-55
-46
-11
19
35
24
-7
