SAMPLES:	14880
BITSPERSAMPLE:	16
CHANNELS:	1
SAMPLERATE:	16000
NORMALIZED:	FALSE
-140
-92
11
88
97
85
39
12
1
-24
-39
-47
-36
9
43
40
32
12
-3
3
-19
-32
-49
-65
-36
-37
-51
-71
-115
-98
-56
-17
9
-31
-55
-34
18
114
161
125
47
-59
-90
-27
54
116
87
-7
-90
-141
-113
-42
26
88
105
105
92
45
-7
-79
-125
-107
-44
64
162
202
185
120
42
-9
-21
0
40
48
8
-40
-96
-99
-38
5
62
75
40
20
-39
-57
-41
-37
17
46
46
45
-6
-48
-92
-137
-103
-38
37
110
137
142
116
51
-4
-42
-36
41
121
161
132
28
-75
-132
-140
-65
45
118
130
56
-68
-165
-217
-175
-76
-14
4
-22
-58
-55
-21
18
32
-11
-69
-114
-141
-126
-82
-21
33
38
14
-43
-89
-66
-13
57
97
78
44
4
-7
9
-7
-42
-64
-51
19
95
131
112
51
6
3
39
56
36
-9
-78
-67
8
86
178
173
133
106
46
57
36
-43
-101
-195
-203
-136
-67
29
43
5
-39
-67
-17
54
121
128
74
5
-62
-55
-12
34
64
17
-48
-133
-198
-198
-173
-73
23
74
122
82
41
25
4
66
111
117
109
28
-33
-63
-57
15
72
112
116
89
62
30
12
-23
-76
-123
-144
-93
-13
61
88
34
-2
-1
50
128
135
111
52
-17
-29
-48
-32
-1
3
43
23
-20
-72
-173
-181
-153
-72
49
70
96
54
-23
-71
-188
-208
-167
-50
145
186
138
-40
-226
-261
-258
-156
-103
-107
-62
-66
-9
33
51
120
126
131
57
-60
-111
-123
-24
72
148
209
202
209
153
80
27
-9
23
42
73
75
51
48
18
30
29
32
45
16
24
10
-22
-53
-110
-103
-56
44
144
146
95
-4
-73
-88
-64
-11
3
9
9
-7
-29
-49
-59
-53
0
47
33
-5
-57
-109
-115
-94
-54
17
124
235
270
211
82
-51
-96
-69
-3
36
9
-36
-91
-125
-137
-108
-55
-16
26
9
-32
-52
-78
-86
-114
-124
-121
-106
-57
-81
-124
-164
-177
-110
-53
13
27
30
77
87
118
90
39
24
-4
66
139
215
289
250
177
45
-20
28
84
174
135
33
-33
-75
-3
36
62
57
-20
-46
-94
-101
-67
-52
6
7
-4
-28
-90
-100
-82
-1
79
115
113
52
16
0
-14
-54
-119
-147
-139
-71
-18
-20
-35
-53
3
62
74
55
-17
-27
-8
5
19
-33
-38
-25
-7
25
-15
-34
-57
-79
-46
-43
-15
0
-17
-11
-42
-58
-74
-116
-92
-32
82
215
244
230
146
50
33
16
67
96
72
77
12
12
18
15
85
63
74
40
-44
-34
-95
-56
-15
-8
68
-3
-32
-107
-197
-137
-127
-3
68
61
72
-75
-150
-237
-261
-138
-69
70
86
23
-11
-135
-134
-139
-107
23
58
136
112
24
4
-47
55
178
260
316
185
53
-72
-123
-25
46
154
192
139
86
-53
-129
-145
-110
28
93
125
96
7
-9
-37
-26
-1
-14
32
60
40
-27
-143
-204
-194
-173
-140
-119
-84
1
27
20
-7
-51
7
32
33
7
-86
-69
-50
26
126
116
146
104
74
78
-5
-13
-64
-72
-3
-1
62
46
9
-1
-77
-51
-26
18
95
72
90
55
14
33
-3
18
1
-28
4
-27
5
3
-29
4
2
86
119
63
15
-118
-152
-142
-91
24
12
3
-39
-78
-30
-15
57
88
78
90
62
62
22
-47
-109
-182
-194
-148
-56
22
23
-36
-112
-124
-73
33
116
111
49
-63
-108
-70
43
217
304
285
151
-42
-158
-196
-128
-20
31
30
-42
-120
-153
-152
-76
27
125
210
213
174
112
54
43
2
-44
-78
-98
-46
2
40
45
0
-18
-46
-45
-12
18
78
102
103
93
63
74
90
98
84
23
-30
-57
-44
3
24
17
-43
-127
-181
-205
-176
-142
-112
-68
-11
92
176
193
136
21
-62
-88
-62
-24
-34
-78
-131
-156
-141
-100
-49
-5
38
60
64
30
-41
-94
-101
-19
96
176
184
76
-59
-152
-145
-22
125
246
242
126
-30
-166
-180
-104
30
161
196
151
-3
-180
-295
-316
-201
-67
43
103
89
92
59
29
26
32
116
174
196
169
76
32
-2
7
63
96
146
124
54
-19
-107
-107
-82
-30
48
69
95
42
-54
-114
-150
-66
40
114
165
115
61
-4
-82
-105
-136
-115
-66
-53
-37
-86
-140
-157
-165
-99
-35
18
42
-18
-110
-225
-284
-225
-98
57
146
136
64
-39
-101
-109
-65
22
104
157
139
52
-50
-109
-56
71
213
293
261
163
31
-58
-76
-51
27
101
143
145
84
20
-35
-57
-34
-13
-6
-50
-115
-142
-117
-45
19
56
69
74
84
70
39
-7
-38
-22
10
35
45
31
22
21
19
25
17
6
-1
5
33
47
20
-38
-110
-134
-77
23
121
141
86
14
-50
-54
-10
44
100
103
57
-8
-97
-157
-192
-189
-120
-62
-24
-49
-131
-168
-148
-48
73
128
129
39
-77
-151
-177
-101
-9
47
46
-11
-25
-21
-7
21
29
65
92
92
90
74
99
111
64
13
-32
-36
-33
-42
-27
-16
-4
-25
-87
-95
-33
52
97
74
28
-28
-67
-52
3
88
151
128
50
-13
-12
21
44
76
113
154
193
188
138
89
43
6
-26
-52
-54
-59
-57
-57
-81
-81
-53
0
72
92
56
-52
-178
-238
-222
-109
18
92
110
32
-63
-162
-209
-143
-63
26
13
-115
-220
-284
-179
13
162
244
147
21
-62
-100
-28
1
23
44
31
61
30
-18
-30
-36
59
151
195
195
92
24
-11
-9
38
29
36
28
30
62
46
37
-2
-43
-38
-30
1
-4
-46
-78
-104
-58
3
48
65
13
-8
-24
-32
-13
-59
-73
-82
-56
46
88
131
119
67
66
21
18
20
-16
15
13
22
15
-67
-89
-107
-63
40
70
79
16
-59
-58
-43
26
52
29
-3
-47
-21
-11
-2
-5
-33
-4
1
18
2
-70
-90
-113
-47
50
97
150
56
-55
-139
-212
-123
-38
66
155
101
80
-16
-115
-121
-161
-71
20
58
99
-19
-129
-186
-195
-66
41
123
146
75
40
9
11
54
70
88
62
6
-39
-72
-57
3
87
145
123
74
32
11
22
32
56
76
70
63
28
-23
-21
34
143
220
212
166
57
-17
-27
-32
-22
-69
-98
-57
-6
71
89
31
-71
-180
-191
-138
-68
-16
-45
-108
-174
-195
-179
-169
-135
-92
-58
-64
-108
-124
-131
-127
-64
54
175
215
153
36
-73
-142
-130
-48
47
138
166
132
74
39
89
111
71
37
16
65
97
94
83
26
8
2
12
49
29
23
-8
-39
-18
-19
1
-3
-15
0
-48
-87
-112
-100
-2
59
92
59
-39
-67
-56
15
99
116
111
21
-76
-101
-80
5
61
73
85
85
93
86
46
9
4
15
62
86
73
65
11
-7
-17
-48
-21
-40
-32
-43
-129
-186
-305
-317
-208
-71
110
124
67
-38
-148
-118
-93
-4
51
21
2
-99
-121
-95
-55
44
66
133
168
126
87
-37
-81
-100
-129
-79
-68
5
70
66
95
78
101
128
99
109
86
82
92
31
-23
-80
-97
-11
88
206
260
188
80
-78
-146
-110
-43
85
116
95
40
-75
-86
-95
-56
16
-7
15
-19
-70
-69
-118
-81
-47
-23
23
-10
5
-33
-104
-119
-175
-106
-16
14
55
-26
-82
-82
-87
0
50
110
166
139
137
73
25
-12
-91
-65
-40
1
39
-16
-21
-18
6
46
-3
-21
-28
-12
41
15
8
-4
-16
22
6
10
1
-1
61
83
108
60
-29
-66
-95
-37
-5
-4
35
81
188
238
193
85
-53
-98
-75
-15
15
-8
-34
-111
-160
-165
-123
-16
36
42
-9
-92
-95
-68
1
54
22
-37
-144
-207
-175
-96
2
19
-12
-51
-82
-42
26
106
157
154
127
95
95
125
161
201
199
162
90
-11
-92
-133
-86
4
80
114
72
-2
-85
-132
-109
-67
-1
53
68
37
-43
-94
-98
-26
91
130
86
-50
-185
-215
-170
-74
-3
23
18
-8
-10
-18
-32
-54
-79
-57
-34
11
42
22
-3
-50
-47
2
81
170
156
90
-50
-181
-194
-154
-9
116
151
140
51
23
29
56
97
34
-20
-104
-152
-77
-22
76
120
111
175
183
199
148
29
-12
-48
0
44
60
105
38
-28
-128
-234
-190
-122
-26
47
11
-59
-154
-230
-250
-208
-122
-19
78
118
97
19
-90
-135
-95
26
148
180
131
11
-69
-90
-62
17
41
44
29
-4
23
62
109
169
185
201
176
111
59
4
-4
-2
9
49
27
-2
-50
-93
-66
-67
-73
-92
-104
-42
7
67
93
40
-24
-117
-138
-81
-29
-16
-103
-202
-239
-203
-99
-8
52
54
22
-7
-50
-71
-72
-47
24
92
122
96
53
45
58
66
40
-1
-2
39
82
78
35
-18
-42
1
79
147
131
44
-35
-59
-7
55
82
80
61
51
42
42
68
71
52
39
54
45
-45
-146
-186
-137
-34
51
72
2
-97
-141
-97
13
115
155
127
58
1
-37
-49
-62
-91
-97
-93
-90
-117
-167
-174
-145
-96
-47
-20
15
49
88
109
69
8
-52
-87
-84
-57
8
45
32
12
-22
-21
39
158
238
188
115
91
69
7
-64
-53
35
131
166
92
-10
-34
-32
-110
-244
-224
-29
85
28
-76
-107
-101
-110
-82
-44
-2
88
177
155
-1
-117
-81
-24
-46
-102
-112
-47
-2
-3
-22
9
131
156
58
10
106
219
117
-57
-83
28
212
236
114
7
-1
122
124
60
116
205
243
44
-210
-281
-258
-111
-25
-16
-4
-68
-64
-113
-162
-89
-43
38
-27
-154
-175
-245
-230
-222
-156
-19
-42
2
23
-11
-24
-88
-21
-10
-13
162
206
105
-84
-95
135
136
-18
-127
-62
199
293
225
98
54
239
240
45
-91
-13
224
185
-2
-109
-136
18
105
106
22
-106
30
156
154
104
15
61
11
-110
-144
-184
-86
-67
-141
-172
-189
-102
-89
-201
-241
-234
-82
-25
-179
-302
-265
-92
-51
-117
67
312
196
-19
120
530
473
-63
-287
83
453
433
106
-49
173
518
509
44
-269
58
495
334
-61
-28
370
450
53
-342
-398
-277
-54
-7
-232
-487
-542
-398
-429
-663
-625
-415
-333
-434
-532
-404
-380
-415
-189
41
23
-184
-227
38
160
97
77
130
313
463
415
198
52
277
569
514
341
414
637
602
278
134
290
455
470
423
391
294
220
334
396
170
-32
106
334
282
119
108
23
-110
-5
136
-30
-316
-247
-33
-186
-502
-529
-377
-416
-577
-639
-713
-807
-776
-632
-605
-694
-562
-370
-391
-471
-507
-444
-376
-219
34
-20
-179
-75
203
329
90
-38
201
486
664
703
651
592
638
795
763
547
524
710
740
507
297
241
223
207
221
235
221
158
14
-189
-262
-217
-344
-560
-549
-314
-247
-509
-682
-511
-210
-215
-574
-785
-586
-304
-402
-746
-881
-688
-411
-237
-139
-230
-336
-102
307
400
177
185
634
1040
946
634
458
702
1198
1309
1081
909
1153
1519
1361
908
669
667
727
680
479
240
-17
-100
-67
-279
-579
-722
-645
-525
-694
-972
-1038
-1079
-1136
-1211
-1330
-1315
-1353
-1164
-841
-902
-1218
-1438
-1018
-549
-765
-1031
-636
104
204
-415
-791
-469
115
433
267
-3
274
771
785
101
-333
301
1026
962
357
210
662
958
784
529
599
991
1422
1241
764
681
1006
1378
1120
826
927
1145
1317
1104
938
943
769
677
546
413
252
-69
-142
-118
-208
-461
-858
-928
-786
-715
-791
-1028
-1277
-1408
-1089
-956
-1228
-1512
-1359
-924
-1085
-1526
-1519
-1217
-886
-917
-1227
-1314
-1104
-680
-442
-774
-872
-517
-273
-246
-501
-303
-29
139
468
576
599
660
978
1276
1247
1254
1411
1692
1797
1884
1824
1674
1853
2165
2307
1966
1553
1575
1725
1647
1291
741
436
410
349
152
-256
-427
-272
-417
-818
-1337
-1208
-1070
-1434
-1633
-1696
-1476
-1604
-1817
-1768
-1829
-1721
-1630
-1705
-1776
-1694
-1416
-1340
-1571
-1707
-1299
-1060
-1053
-1171
-1060
-639
-496
-325
-267
134
407
249
593
1133
1509
1248
1040
1729
2382
2485
2150
2011
2312
2923
3069
2620
2351
2555
3095
2802
1848
1571
1797
1842
1278
464
132
-21
-195
-379
-916
-1372
-1422
-1348
-1351
-1730
-2100
-2018
-2000
-2194
-2412
-2555
-2353
-2371
-2265
-1777
-2003
-2245
-2066
-1628
-1278
-1610
-1429
-971
-878
-585
-488
-511
-317
53
511
573
379
641
975
856
773
742
831
1071
1217
1292
1104
1067
1420
1513
1204
1337
1862
2034
1720
1216
1384
1757
1685
1489
1402
1727
1895
1631
1329
1076
1106
1205
862
352
65
13
-162
-672
-987
-1065
-1183
-1308
-1388
-1437
-1691
-1674
-1685
-2120
-2369
-1996
-1578
-2165
-2680
-2076
-1412
-1464
-2002
-2037
-1380
-934
-1046
-1416
-1587
-1166
-523
-730
-1020
-842
-211
97
-340
-242
286
538
825
981
952
1246
1798
2108
1972
1743
2213
2848
2760
2525
2252
2616
3102
2925
2630
2522
2673
2826
2491
1948
1577
1322
1008
455
-40
-61
-198
-642
-928
-1224
-1478
-1871
-2101
-1852
-1619
-2068
-2603
-2577
-2224
-2300
-2811
-2878
-2544
-2042
-1806
-2137
-2486
-2473
-1927
-1553
-1861
-1996
-1455
-775
-747
-1093
-1171
-724
-332
-76
134
312
669
620
857
1688
1847
1529
1542
2301
3219
3095
2520
2397
2644
3343
3550
2813
2654
3045
3672
3568
2242
1628
1862
1912
1356
237
-304
-173
-201
-490
-1080
-1688
-1689
-1471
-1563
-1906
-2213
-2131
-2082
-2298
-2426
-2385
-2548
-2661
-2395
-2087
-2153
-2404
-2324
-2080
-1731
-1788
-2097
-1812
-1554
-1120
-1033
-1461
-1210
-837
-403
-162
-50
580
575
489
1506
2229
1662
1039
1711
3190
3594
2647
2229
2829
3638
3885
3239
2655
2854
3682
4031
2901
1704
1873
2397
1879
590
-272
-243
-174
-411
-730
-1317
-1712
-1592
-1430
-1831
-2468
-2410
-2065
-2506
-3234
-2757
-1950
-2302
-3023
-2936
-2129
-1977
-2545
-2605
-2073
-1618
-1733
-1882
-2006
-1906
-1150
-836
-1085
-1171
-551
301
459
312
143
-50
745
2358
2434
1314
1272
2720
4062
3289
2003
2361
3669
4466
3704
2651
2582
3312
3992
3348
2129
1741
2285
2353
1216
70
-353
-287
-393
-703
-1144
-1715
-2019
-1880
-1978
-2555
-2517
-2299
-2460
-2828
-2542
-1673
-2610
-3701
-2899
-1751
-1642
-2802
-3104
-1973
-1175
-1547
-2331
-2243
-1413
-432
-593
-1651
-1725
-556
478
281
47
453
693
992
2053
2516
1448
1076
2405
3962
3777
2427
2389
3533
4361
3828
2918
2768
3212
4053
3806
2523
1604
1711
2393
1675
53
-670
-539
-280
-505
-1115
-1834
-2233
-1918
-1686
-2402
-3088
-2895
-2547
-2908
-3432
-2672
-2265
-3201
-3252
-2341
-1775
-2394
-3115
-2440
-1679
-1813
-2211
-2079
-1575
-985
-659
-1090
-1344
-925
-51
553
481
416
431
975
2182
2705
1785
1188
2481
4162
4336
2993
2267
3357
4643
4384
3092
2771
3536
4370
4047
2566
1779
1957
2383
1973
527
-387
-431
-262
-464
-1147
-1793
-2179
-2084
-1880
-2232
-2708
-3125
-3254
-2902
-2933
-3150
-3353
-3449
-2772
-2307
-2809
-3510
-3401
-2354
-1745
-2367
-3013
-2346
-1012
-639
-1435
-2016
-1514
-442
-15
-146
452
1044
804
900
2034
2942
2352
1909
3097
4508
4457
3273
2777
3555
4648
4771
3856
3206
3643
4718
4563
2823
1652
1981
2666
2094
462
-402
-317
-311
-787
-1691
-2407
-2555
-2089
-1835
-2792
-3487
-3183
-2954
-3291
-3910
-3541
-3067
-3627
-3695
-3021
-2785
-3284
-3478
-2744
-1980
-2139
-2570
-2168
-1600
-1296
-1232
-1518
-1478
-700
277
611
610
731
921
1460
2558
3334
2281
1389
3261
5344
4503
2520
2770
4841
5855
4469
2953
3455
4609
5108
4131
2320
1833
2719
3224
1644
-495
-656
111
-199
-1428
-2091
-2009
-2010
-2132
-2210
-2698
-3396
-3338
-2930
-2997
-3730
-4268
-3804
-3496
-3490
-3289
-3293
-3393
-3251
-2497
-2002
-2702
-3171
-2172
-1106
-1403
-2117
-1795
-663
-96
-75
44
595
1275
1132
1519
2829
3181
2507
2133
3215
4646
4482
3451
3297
4141
4965
4794
3758
3390
4001
4789
4460
2762
1956
2478
2768
1774
-14
-733
-377
-347
-880
-1638
-2173
-2181
-2126
-2436
-3138
-3564
-3211
-2984
-3364
-3951
-3881
-3427
-3697
-3751
-3132
-2969
-3320
-3401
-2940
-2465
-2769
-3086
-2251
-1500
-1543
-1617
-1596
-1403
-722
131
513
821
1099
1199
1859
2844
3017
2288
2369
4025
5277
4651
3451
3638
4787
5275
4598
3718
3825
4650
5151
4503
3054
2265
2506
2614
1589
70
-602
-452
-575
-1311
-2038
-2405
-2451
-2442
-2603
-3079
-3729
-3783
-3278
-3274
-4210
-4631
-3803
-3239
-3339
-3769
-4110
-3794
-3193
-2674
-2706
-3221
-2979
-1746
-1237
-1991
-2369
-1698
-723
-231
-248
61
1083
1556
1233
1880
3266
3518
2749
2887
4346
5131
4329
3539
3986
4915
5332
4908
4103
4015
4737
5188
4220
2670
2455
3012
2540
901
-385
-324
-88
-665
-1486
-2051
-2335
-2306
-2358
-2839
-3394
-3761
-3625
-3377
-3988
-4755
-4331
-3383
-3356
-3829
-3928
-3821
-3511
-3059
-2678
-2823
-3304
-2904
-1764
-1603
-2312
-2269
-1485
-570
-159
-227
317
1266
1369
1134
2234
3686
3411
2614
3272
4864
5271
4141
3528
4372
5361
5481
4749
3940
4192
5137
5147
3704
2445
2618
3155
2255
376
-523
-366
-393
-1056
-1769
-2127
-2394
-2390
-2402
-2883
-3805
-4361
-3803
-3188
-3850
-4959
-4569
-3417
-3219
-3729
-4115
-3897
-3317
-2713
-2581
-3190
-3549
-2588
-1305
-1769
-2906
-2557
-956
1
-306
-527
662
1897
1308
1317
2899
3542
2970
2754
3965
5130
4748
3978
4167
5041
5550
5471
4635
3946
4609
5589
4831
2938
2365
3224
3298
1441
-221
-348
-335
-722
-1279
-1741
-2253
-2516
-2094
-2313
-3745
-4579
-3665
-2781
-3666
-5108
-4752
-3242
-3208
-4212
-4421
-3788
-3169
-3072
-3274
-3480
-3429
-2905
-2100
-2048
-2482
-2204
-1428
-1047
-996
-585
447
1562
1322
899
2471
4016
3486
2441
3060
5041
5781
4674
3605
4155
5526
6083
5006
3575
3942
5682
5876
3666
2100
2628
3320
2063
-33
-669
-221
-306
-1024
-1647
-2204
-2636
-2337
-2022
-2862
-4273
-4239
-3089
-2984
-4408
-5267
-4060
-3038
-3696
-4503
-4370
-3677
-3081
-2959
-3375
-3662
-3401
-2204
-1606
-2391
-2687
-1957
-934
-480
-167
230
934
1293
1598
2963
3903
2498
1642
4056
6290
4905
3067
4145
6233
5852
4433
4481
4841
4979
5286
5398
3821
2368
3012
3851
1837
-644
-313
685
-316
-1762
-1658
-1451
-2642
-3219
-2234
-2641
-4347
-4379
-2925
-3073
-4929
-5273
-3712
-3384
-4493
-4516
-3419
-3570
-4163
-3146
-2534
-3539
-3958
-2470
-1355
-2366
-3187
-1780
-598
-1078
-840
695
1767
987
631
2642
4175
3212
2186
3256
4953
5574
5148
4177
4072
5124
6264
5700
3918
3790
5614
6433
4277
2271
2485
3198
2368
581
-358
-400
-685
-1073
-1357
-2429
-3388
-2871
-2125
-2656
-3937
-4260
-3459
-3290
-4436
-5269
-4495
-3576
-3632
-4085
-4177
-3827
-3219
-2900
-3171
-3490
-3145
-2074
-1661
-2366
-2607
-1766
-1035
-863
-546
522
1552
1109
922
2725
3952
3058
2372
3643
5425
5595
4483
3848
4525
5522
5843
5220
4291
4441
5800
5810
3766
2491
2835
3208
2028
299
-248
-336
-895
-1336
-1778
-2633
-3198
-2484
-2141
-3545
-4302
-3432
-2870
-4005
-5444
-4837
-3382
-3583
-4647
-4769
-3957
-3269
-3008
-3344
-3605
-3240
-2447
-2070
-2728
-3234
-2225
-1145
-1226
-886
-50
984
1090
723
2148
3709
3166
2168
3531
5422
4977
4276
4979
5398
4700
4703
5706
5557
4403
4653
5757
4844
3221
2886
3041
2117
633
460
177
-1041
-1697
-1385
-1607
-2899
-3110
-2224
-2705
-4077
-3936
-2846
-3582
-5194
-4770
-3269
-3303
-4462
-4413
-3550
-3671
-3989
-3014
-2363
-3290
-3436
-2148
-1850
-2945
-3123
-1760
-806
-952
-555
1079
1192
122
1421
3867
3700
1890
2299
4853
5921
4597
3473
3932
5259
6044
5514
4267
4024
5408
6548
5089
2698
2421
3870
3499
884
-533
-90
126
-884
-1896
-2223
-2560
-2557
-2025
-2811
-4493
-4356
-2712
-2684
-4821
-5976
-4327
-2864
-3872
-5095
-4492
-3420
-2972
-3026
-3501
-3504
-2923
-2262
-2146
-2877
-2814
-1502
-1055
-1307
-818
737
1568
621
842
3295
4243
2599
1932
4147
6111
5575
4137
3805
4980
6001
6014
4933
3890
4612
6475
5943
3092
1874
3302
4052
1791
-724
-768
47
-266
-1567
-2483
-2639
-2445
-1962
-2824
-4464
-4615
-3090
-2610
-4727
-6157
-4484
-2586
-3350
-5136
-4908
-3547
-3056
-3348
-3562
-3285
-2813
-2326
-2266
-2841
-2974
-1831
-1188
-1217
-508
1314
1786
-39
682
4112
4605
2085
1343
4280
6682
5526
3408
3467
5290
6386
6090
4646
3591
4751
6662
5737
2875
1865
3473
4178
1658
-826
-935
-428
-450
-1234
-2447
-3265
-2718
-1657
-2749
-4782
-4868
-2950
-2612
-5062
-6046
-4090
-2667
-3932
-5383
-4449
-3010
-3064
-3679
-3364
-2704
-2492
-2508
-2633
-2586
-2118
-1550
-1685
-1631
62
2157
1436
-438
1509
4968
4381
1533
1950
5284
6610
4995
3521
3992
5246
6105
5948
4622
3863
5393
6946
5156
2342
2249
3797
3133
481
-765
-473
-506
-1288
-1968
-2363
-2924
-2789
-2582
-3669
-4608
-3821
-3121
-4381
-5876
-5166
-3288
-3659
-5358
-4840
-3007
-2692
-3710
-3999
-3005
-2022
-2049
-2803
-3227
-2618
-1534
-1128
-1584
-1126
1406
2249
101
143
3697
5376
2729
1092
4014
7015
6037
3468
3242
5181
6664
6039
4214
3595
5143
7038
6038
2904
1811
3596
4211
1553
-1032
-899
122
-474
-2082
-2837
-2947
-2685
-2275
-3185
-4745
-4555
-2948
-3061
-5407
-6527
-4409
-2630
-4275
-5760
-4347
-2605
-2634
-3718
-3749
-2743
-2276
-2332
-2648
-2915
-2345
-1220
-775
-1000
146
1996
1221
91
2455
5330
3971
1017
2483
6471
7078
4309
2554
4172
6718
6875
4890
3390
4079
6479
7072
4047
1515
2637
4496
2985
-385
-1540
-295
153
-1395
-2719
-2994
-2885
-2581
-3056
-4402
-4729
-3610
-3245
-4792
-6248
-5132
-3202
-3912
-5611
-4910
-3149
-3009
-3659
-3513
-2755
-2393
-2502
-2321
-2239
-2365
-1825
-1080
-734
259
1578
975
187
2532
5343
4242
1444
2308
5977
7120
4869
2887
3816
6434
7381
5626
3366
3485
6248
7557
4727
1459
1945
4353
3756
213
-1824
-794
348
-936
-2883
-3428
-2899
-2254
-3033
-4740
-5140
-3968
-3285
-4710
-6489
-5583
-3188
-3544
-5752
-5443
-3232
-2475
-3449
-3915
-2943
-2010
-2102
-2512
-2485
-2060
-1553
-1326
-933
740
1980
574
-152
2928
5966
4317
1093
2284
6293
7487
4989
2702
3478
5991
7134
5511
3219
3460
6236
7486
4811
1643
2008
4076
3403
268
-1714
-1001
-126
-953
-2239
-3150
-3109
-2559
-2968
-4389
-5071
-3904
-3150
-4609
-6441
-5592
-3149
-3599
-5751
-5278
-3123
-2640
-3761
-3812
-2467
-2076
-2843
-2761
-2068
-1826
-1622
-1417
-757
1152
2203
396
-197
3327
6100
4089
825
2156
6517
7429
4530
2752
4150
6421
6894
5040
3236
3966
6323
6758
4234
2206
2871
4074
2770
50
-1068
-694
-653
-1642
-2470
-2799
-3039
-2826
-3133
-4238
-4933
-4145
-3202
-4629
-6506
-5588
-3412
-3815
-5602
-5031
-3246
-2983
-3795
-3488
-2485
-2483
-2817
-2565
-2194
-2215
-1906
-1363
-564
1261
1921
258
291
3963
6073
3264
874
3498
7253
6792
3575
2741
5004
6829
6367
4693
3645
4645
6660
6328
3600
2157
3347
4354
2305
-590
-808
-107
-980
-2122
-2178
-2170
-2943
-3452
-3484
-3925
-4406
-4196
-3936
-4943
-5935
-4687
-3555
-4929
-5796
-4152
-2751
-3549
-4494
-3263
-1727
-2438
-3528
-2934
-1909
-1666
-1592
-1363
-321
1698
1549
-198
1319
5125
5546
2036
925
4783
7860
5784
2355
2968
6272
7473
5296
3201
3895
6249
7299
5136
2375
2548
4590
4097
492
-1703
-452
776
-1216
-3351
-2893
-2159
-2545
-3547
-4321
-4470
-4043
-3650
-4374
-5923
-6142
-3969
-3150
-5382
-6087
-3785
-2359
-3471
-4374
-3030
-1519
-2321
-3305
-2392
-1691
-1928
-1760
-672
1280
2199
416
-268
3271
6183
4265
1064
2186
6792
8317
4791
1710
3461
7147
7457
4319
2435
4449
7436
7112
3864
1722
2859
4573
3095
-179
-1602
-639
-170
-1653
-3079
-3192
-2760
-2916
-3740
-4448
-4379
-3939
-4336
-5270
-5799
-5139
-3877
-4262
-5326
-4596
-3191
-3139
-3840
-3651
-2333
-1764
-2613
-2992
-2239
-1629
-1661
-1544
-252
2044
1992
-241
1190
5353
5653
2301
1086
4559
8086
6687
2921
2443
5475
7680
6081
2855
2850
6294
8053
5352
1979
1997
4401
4311
856
-1438
-858
36
-996
-2878
-3662
-3217
-2539
-3025
-4476
-5267
-4454
-3546
-4690
-6520
-6282
-4070
-3508
-5209
-5336
-3424
-2588
-3414
-3696
-2803
-1977
-2125
-2463
-2220
-1958
-1614
-1180
-592
1234
2497
753
121
4127
6870
4050
827
2751
7461
8149
4223
1780
3973
7301
7356
4285
2213
4350
7974
7309
3030
835
3032
5144
2530
-1457
-2071
-654
-663
-2073
-3221
-3722
-3577
-3089
-3567
-5085
-5473
-4053
-3583
-5535
-7131
-5489
-3326
-4291
-5755
-4488
-2816
-3200
-3706
-2862
-2086
-2372
-2705
-2271
-1821
-1935
-1732
-681
1733
3023
153
-1284
3895
8435
5043
-186
1470
7583
9540
4929
661
2729
7637
8820
4880
1267
3288
8504
9020
3741
303
2612
5729
3661
-1095
-2276
-531
-237
-1504
-2658
-3636
-3844
-2857
-2667
-4504
-6019
-4841
-3089
-4504
-7519
-6678
-3450
-3533
-5642
-5202
-3232
-3001
-3559
-2933
-1989
-2512
-2973
-1889
-1386
-2160
-2177
-1177
752
2477
891
-936
2261
6701
5475
903
902
5997
9007
5825
1602
2381
6325
8236
5605
2110
2835
7039
8527
4786
1132
2147
5060
3921
-61
-1727
-808
-437
-1448
-2254
-3232
-4103
-3467
-2836
-3869
-5490
-5353
-3807
-3901
-6165
-6596
-4089
-3629
-5479
-5195
-3305
-2906
-3642
-3169
-1703
-1540
-2495
-2232
-1399
-1705
-1572
-777
403
2381
2120
-41
1515
5975
6242
2354
979
4770
8627
6877
2538
2083
5430
7897
6318
2783
2301
5839
8101
5408
1435
1290
4235
4277
582
-1848
-1372
-1037
-2008
-2580
-2954
-3957
-4288
-3549
-3800
-5373
-5762
-4612
-4313
-5905
-6596
-4639
-3823
-5480
-5434
-3202
-2612
-3584
-3410
-1871
-1396
-2506
-2697
-1626
-1545
-1683
-652
1039
2814
2187
252
2146
6423
6255
2298
1516
5189
8511
7184
3052
2290
5357
7811
6290
2673
2096
5920
8652
5498
1198
1466
4409
4164
242
-1972
-893
-644
-2164
-2855
-2919
-3675
-4275
-3958
-4086
-5191
-5527
-4644
-4381
-6226
-6930
-4729
-3933
-5490
-5622
-3332
-2537
-3582
-3579
-2183
-1609
-2385
-2293
-1484
-1483
-1693
-1028
810
2885
1877
-282
2510
7239
6479
2064
1452
5813
9044
7069
2724
2284
5786
8277
6620
2613
1968
6036
8819
5652
976
1262
4801
4434
3
-2354
-1009
-275
-1781
-3162
-3737
-4201
-4241
-4038
-4641
-5716
-5559
-4609
-4848
-6758
-7401
-5024
-3925
-5549
-5762
-3783
-3002
-3495
-3155
-2139
-1977
-2505
-2032
-1054
-1361
-1723
-767
1372
3242
1776
-469
2530
7559
6613
1966
1606
5868
9034
7272
3210
2995
6357
8571
6800
3091
2592
6405
8870
5785
1374
1541
4580
3920
-198
-2205
-1081
-882
-2376
-3150
-3589
-4282
-4496
-4385
-4811
-5692
-5519
-4819
-5239
-6770
-6835
-4662
-4234
-5872
-5769
-3525
-3130
-4247
-3674
-2260
-2136
-2745
-2246
-1282
-1446
-1694
-905
1142
3253
2113
-28
2644
7470
6733
2091
1573
6095
9337
7528
3404
2812
6056
8508
6989
3282
2515
6270
9035
6060
1502
1437
4741
4448
106
-2233
-1219
-962
-2282
-2916
-3518
-4637
-4713
-4004
-4410
-5924
-6444
-5306
-4919
-6780
-7582
-5370
-4243
-5524
-5802
-4160
-3567
-4133
-3323
-2029
-2594
-3357
-2036
-752
-1509
-2096
-764
1750
3522
1900
-111
2959
7758
7074
2633
2008
6346
9536
7554
3453
3088
6333
8584
6810
3406
3155
6607
8767
5974
1827
1811
4736
4051
-96
-2064
-993
-913
-2540
-3405
-3808
-4452
-4664
-4602
-4987
-6062
-6226
-5652
-5861
-7104
-7475
-5651
-5031
-6245
-6124
-4377
-3767
-4287
-3387
-1902
-2313
-3334
-2537
-1139
-1338
-1735
-708
1843
3930
2394
118
2934
7945
7337
2825
2237
6697
9843
7674
3645
3383
6727
8974
7180
3752
3329
6840
9059
6189
1886
1711
4884
4350
-105
-2393
-1174
-471
-1942
-3308
-4087
-4664
-4613
-4667
-5448
-6536
-6432
-5473
-5799
-7526
-7853
-5812
-5088
-6353
-6305
-4536
-4129
-4694
-3695
-2270
-2702
-3550
-2371
-897
-1304
-1857
-1061
1366
3687
2470
57
2500
7716
7656
3227
2161
6255
9547
7782
4054
3567
6326
8741
7653
4301
3222
6366
9210
6942
2370
1725
4977
4884
460
-2124
-1141
-549
-1997
-3221
-3771
-4568
-4730
-4406
-4960
-6551
-7022
-5827
-5552
-7359
-8116
-6048
-4899
-6053
-6291
-4785
-4220
-4614
-3824
-2247
-2619
-3748
-2641
-990
-1186
-1704
-930
1292
3677
2838
536
2441
7240
7705
3617
2170
5860
9361
7895
4105
3611
6268
8598
7659
4711
3622
5974
8657
6892
2619
1684
4704
4940
771
-1893
-1088
-479
-1927
-3289
-3869
-4555
-4885
-4788
-5008
-6212
-6870
-6109
-5665
-6960
-8070
-6657
-5618
-6379
-6547
-5222
-4483
-4679
-3831
-2559
-2897
-3811
-3027
-1548
-1547
-1676
-670
1445
3640
2769
674
2838
7460
7397
3369
2582
6717
9837
7716
3982
4088
7081
8845
7305
4570
4108
6734
8900
6848
2849
2237
5249
4962
486
-2063
-957
-231
-1897
-3498
-4068
-4458
-4620
-4604
-5160
-6585
-7020
-5998
-5749
-7288
-8227
-6665
-5534
-6374
-6655
-5374
-4678
-4655
-3752
-2766
-3396
-3992
-2470
-1054
-1905
-2550
-888
1927
3828
2583
545
2812
7538
7802
3577
2107
6163
10038
8456
4033
3337
6720
9272
7450
4048
3754
6744
9124
6817
2551
1984
5055
5224
912
-1852
-894
192
-1279
-3489
-4374
-4461
-4232
-4625
-5694
-6764
-6704
-5626
-5752
-7535
-8447
-6630
-5292
-6259
-6902
-5625
-4513
-4591
-4136
-3372
-3606
-3843
-2651
-1425
-1930
-2339
-1084
1584
3658
2221
412
3209
7824
7375
3275
2797
6830
9752
7909
4537
4253
6856
8911
7466
4544
3980
6825
9197
6959
2873
2476
5423
4944
585
-1691
-598
-58
-1660
-3097
-3934
-4685
-4742
-4504
-5238
-6755
-6758
-5625
-5731
-7597
-8509
-6884
-5780
-6434
-6481
-5301
-4886
-4748
-3761
-3136
-4115
-4624
-2698
-1068
-1820
-2596
-1117
1815
3494
1982
288
3275
7881
7313
3311
2755
6687
9527
7568
4110
4301
7426
9217
7380
4430
4207
7109
9144
6725
2777
2569
5449
5059
583
-1900
-675
20
-1437
-3087
-4062
-4265
-4168
-4580
-5633
-6826
-6717
-5759
-6021
-7596
-8081
-6671
-5961
-6477
-6382
-5455
-5099
-4922
-3723
-2940
-3970
-4464
-2722
-1298
-1887
-2358
-1101
1509
3384
2026
379
3059
7494
7365
3664
3176
6937
9660
7725
4165
4102
6961
8827
7443
4703
4257
6952
9118
6922
2830
2362
5280
5047
690
-1890
-808
54
-1403
-3070
-4106
-4717
-4609
-4502
-5207
-6448
-6718
-5796
-5711
-7225
-7875
-6630
-6058
-6466
-6108
-5241
-5370
-5508
-3793
-2393
-3610
-4911
-3267
-1000
-1375
-2521
-1766
1132
3667
2569
592
2778
7107
7416
3880
2902
6327
9399
8202
4736
3987
6497
8650
7481
4664
4080
6868
9182
6990
2927
2499
5273
5173
1058
-1637
-736
-54
-1479
-3069
-3962
-4195
-3979
-4299
-5441
-6626
-6600
-5831
-5948
-7478
-8054
-6627
-5959
-6439
-6236
-5406
-5161
-5231
-4265
-3182
-3750
-4344
-3122
-1697
-1930
-2372
-1375
1257
3330
2149
762
3410
7261
6775
3451
3283
6775
9161
7678
4853
4433
6538
8369
7403
4862
4191
6766
9034
6965
2922
2486
5214
4887
912
-1434
-605
66
-1347
-3040
-3984
-4290
-3957
-4133
-5375
-6501
-6245
-5419
-5823
-7385
-7656
-6214
-5886
-6575
-6206
-5262
-5055
-4947
-3851
-3038
-3727
-4269
-3086
-1826
-2199
-2417
-1342
644
2782
2553
958
2433
6452
7330
4136
2762
5684
8551
7517
4708
4266
6283
8245
7843
5457
4047
5932
8743
7594
3435
2169
4903
5405
1629
-1287
-900
-16
-901
-2427
-3621
-4418
-4182
-3770
-4684
-6439
-6774
-5546
-5271
-6795
-7851
-6824
-5869
-6230
-6201
-5574
-5372
-5028
-3705
-2910
-4039
-4598
-3092
-1777
-2300
-2838
-1622
410
2360
2558
1144
1766
5439
7601
5183
2675
4575
8269
8552
5629
4077
5454
7869
8157
5987
4154
5137
8291
8309
4461
2367
4343
5567
2510
-777
-951
-14
-897
-2718
-3494
-3701
-3862
-4144
-4670
-5702
-6463
-6039
-5545
-6379
-7704
-7125
-5806
-5880
-6154
-5559
-5123
-5071
-4245
-3321
-3731
-4577
-3691
-1933
-1668
-2307
-1870
-59
1921
2728
1676
1210
3990
6999
6122
3206
3367
6880
8816
6942
4343
4311
6871
8636
6942
4134
4297
7584
8678
5239
2379
3615
5372
3309
-92
-1015
-341
-365
-1833
-3491
-4113
-3811
-3669
-4428
-5617
-6108
-5597
-5313
-6170
-7519
-7457
-6007
-5538
-6184
-6225
-5473
-4871
-4392
-3780
-3712
-3739
-3222
-2519
-2184
-2450
-1897
-334
1364
2583
2035
1298
3166
6404
6580
3757
3261
6085
8346
7451
4976
4166
5900
8171
7707
4792
3760
6560
8740
6182
2642
3080
5175
4048
831
-705
-481
-636
-1766
-2746
-3585
-4160
-3997
-4003
-5054
-6372
-6234
-5224
-5289
-6760
-7781
-6656
-5418
-5717
-6107
-5780
-4947
-4002
-3553
-3818
-4057
-3368
-2235
-1878
-2432
-2423
-884
1088
2323
2112
1240
2629
5896
6799
4347
2917
5214
8146
7985
5423
4150
5557
7852
7836
5044
3715
6104
8651
7017
3430
2938
4703
4150
1033
-856
-720
-674
-1764
-2905
-3375
-3809
-4256
-4492
-4932
-5810
-6055
-5632
-5616
-6488
-7437
-6772
-5665
-5804
-6069
-5564
-4843
-4245
-3813
-3704
-3700
-3444
-2710
-1981
-2162
-2503
-1361
760
2405
2661
1599
1963
4961
7003
5447
3137
4172
7420
8503
6250
3854
4478
7344
8517
5978
3597
5243
8227
7791
4374
2711
4006
4488
2483
147
-711
-775
-1469
-2449
-3087
-3665
-4368
-4645
-4634
-5437
-6138
-5925
-5543
-5919
-7171
-7135
-5876
-5727
-6225
-5854
-4987
-4440
-4147
-3837
-3500
-3468
-3170
-2277
-2036
-2488
-1840
-15
1618
2445
1872
1724
4117
6699
6238
3675
3439
6411
8626
7310
4406
3987
6661
8636
6613
3759
4572
7456
7932
5162
3144
3716
4409
3053
716
-591
-925
-1053
-1910
-2987
-3547
-4017
-4206
-4583
-5513
-6194
-6025
-5495
-5877
-7234
-7441
-5860
-5426
-6597
-6636
-5188
-3981
-3981
-4164
-3654
-3075
-2781
-2476
-2162
-2206
-1609
20
1389
2200
2040
1739
3283
5711
6334
4515
3439
5460
8059
7897
5223
3704
5494
8056
7454
4685
4141
6306
7715
6144
3659
3066
3786
3363
1573
-72
-1014
-1363
-1964
-2635
-3074
-3879
-4445
-4513
-4801
-5638
-6115
-5817
-5712
-6462
-7150
-6271
-5502
-6249
-6360
-5154
-4206
-4152
-4176
-3418
-2779
-3063
-2977
-2232
-1868
-1689
-795
748
2132
2581
1896
2113
4749
6854
5555
3277
4160
7420
8523
6116
3648
4480
7357
7997
5718
4090
5149
7241
7171
4628
2723
3074
3747
2644
465
-1034
-1504
-1928
-2523
-3107
-4020
-4658
-4602
-4656
-5443
-6216
-6083
-5709
-6358
-7417
-6665
-5295
-5802
-6496
-5524
-4120
-4073
-4551
-3776
-2627
-2362
-2582
-2408
-1981
-1665
-839
278
1392
2575
2701
2271
3537
5964
6215
3976
3429
6074
8186
7013
4540
4333
6503
7773
6519
4705
4650
6365
7377
5890
3349
2479
3291
3078
1154
-813
-1454
-1476
-2083
-2727
-3404
-4179
-4622
-4798
-5102
-5720
-5913
-5629
-5899
-6892
-6852
-5637
-5574
-6508
-6153
-4518
-3937
-4535
-4329
-3062
-2438
-2796
-2681
-2093
-1664
-1218
-342
812
1974
2648
2301
2898
5193
6388
4833
3361
5123
7721
7658
5329
4065
5525
7371
7143
5166
4145
5413
7201
6726
4146
2646
3134
3418
1841
-181
-1189
-1665
-1922
-2229
-2996
-4306
-4958
-4529
-4573
-5386
-5925
-5624
-5532
-6390
-7036
-6522
-5867
-6157
-5845
-4661
-4244
-4512
-4123
-3013
-2852
-3230
-2810
-1937
-1688
-1784
-832
441
1667
2640
2371
2243
4060
6361
5840
3550
3845
6942
8416
6274
4076
4741
6907
7536
5941
4315
4699
6768
7464
5258
2697
2591
3760
3059
729
-1061
-1580
-1441
-1739
-2717
-3964
-4613
-4193
-4142
-5213
-6155
-5970
-5381
-5987
-7172
-7067
-5926
-5608
-6034
-5541
-4753
-4466
-4129
-3480
-2932
-2976
-2892
-2396
-2050
-1923
-1346
-295
797
2216
2769
2144
2902
5500
6540
4481
3158
5301
7877
7338
5040
4336
5758
7475
7184
5135
4184
5610
7467
6636
3718
2405
3349
3718
1956
-395
-1507
-1235
-1183
-2283
-3644
-4434
-4364
-4249
-4914
-5914
-6149
-5571
-5613
-6713
-7370
-6408
-5576
-5938
-5879
-5086
-4389
-4173
-3907
-3302
-2967
-2982
-2885
-2463
-2085
-1511
-538
592
2010
2652
2087
2472
4853
6500
5133
3527
4859
7356
7571
5605
4296
5104
7033
7555
5773
4123
5028
7327
7218
4295
2405
3309
3996
2373
55
-1384
-1373
-990
-1610
-3209
-4628
-4319
-3460
-4193
-5878
-6266
-5435
-5335
-6577
-7618
-6646
-5448
-5645
-6075
-5722
-4784
-4145
-3740
-3566
-3296
-2826
-2486
-2304
-2421
-1911
-841
126
1364
2508
2327
1958
3819
6182
5785
3513
3850
6908
8000
6201
4361
4781
6581
7327
6196
4449
4450
6576
7656
5388
2692
2733
3860
3103
740
-1050
-1372
-1199
-1582
-2411
-3619
-4433
-4187
-3983
-4877
-6069
-6069
-5410
-5716
-6937
-7020
-5889
-5610
-5975
-5734
-4925
-4359
-4031
-3550
-3069
-3005
-3117
-2561
-2025
-1776
-1298
-442
1140
2451
2396
1805
2948
5632
6332
4288
3286
5545
7816
7129
4839
3986
5632
7324
6803
4692
3924
5798
7563
6294
3277
2435
3569
3742
1848
-705
-1380
-916
-1007
-1996
-3486
-4370
-4361
-3911
-4404
-5672
-6144
-5472
-5022
-6219
-7111
-6398
-5487
-5324
-5460
-5106
-4623
-4101
-3611
-3209
-3214
-3409
-2703
-1905
-1729
-1806
-1167
531
2148
2433
1554
2242
5105
6672
4825
2887
4435
7203
7593
5423
3906
5136
7293
7485
5234
3677
5037
7308
6882
3960
2401
3261
3872
2297
-250
-1426
-1038
-848
-1808
-3292
-4223
-4077
-3801
-4492
-5619
-5977
-5340
-5093
-6246
-7209
-6456
-5463
-5679
-6042
-5415
-4346
-3985
-4115
-3751
-3066
-2770
-2826
-2528
-1950
-1450
-857
149
1759
2653
2102
2073
4148
6207
5388
3615
4282
6632
7462
5972
4413
4654
6533
7574
6094
4187
4642
6847
7138
4728
2849
3204
3907
2800
650
-897
-1320
-1095
-1377
-2621
-4073
-4291
-3596
-4020
-5492
-6372
-5946
-5343
-6004
-7005
-6681
-5566
-5460
-5942
-5701
-4831
-3979
-3706
-3434
-3040
-3028
-3073
-2634
-1965
-1723
-1380
-423
1270
2721
2301
1469
2933
5735
6011
3833
3328
5580
7597
6920
4822
4015
5480
7407
6949
4635
3730
5674
7390
5740
2969
2478
3696
3560
1524
-452
-1374
-1256
-1145
-1975
-3557
-4395
-3729
-3432
-4574
-6003
-6007
-4966
-5004
-6311
-7025
-6088
-5279
-5551
-5680
-5143
-4302
-3821
-3424
-3167
-3215
-3084
-2566
-1790
-1667
-1604
-800
683
2305
2417
1543
2182
4974
6454
4647
3093
4476
7089
7417
5317
3802
4694
6896
7330
5261
3540
4697
6944
6624
3858
2246
3200
3847
2325
116
-1099
-1329
-1156
-1511
-3097
-4552
-4338
-3363
-3938
-5597
-6016
-5194
-4906
-6105
-7090
-6364
-5224
-5223
-5553
-5145
-4525
-4028
-3670
-3335
-3113
-2884
-2388
-1938
-1749
-1639
-988
-92
1220
2735
2638
1898
3077
5653
6067
3774
2959
5247
7400
6727
4648
3996
5559
7142
6357
4292
3792
5674
7106
5669
3094
2365
3291
3134
1358
-569
-1301
-867
-954
-2231
-3876
-4393
-3755
-3671
-4763
-5927
-5881
-5179
-5239
-6457
-7041
-5927
-5086
-5182
-5302
-4896
-4194
-3898
-3707
-3313
-2995
-2879
-2379
-1746
-1557
-1304
-813
436
2027
2531
1993
2246
4571
6326
5062
3030
3805
6575
7426
5622
3778
4598
6939
7308
5315
3730
4808
6836
6633
4151
2586
3271
3717
2412
303
-1055
-1197
-1005
-1608
-3201
-4353
-3986
-3438
-4316
-5657
-5907
-5233
-5024
-6082
-6989
-6411
-5418
-5291
-5555
-5212
-4439
-4094
-3922
-3432
-2944
-2700
-2589
-2219
-1865
-1484
-918
-306
1049
2561
2864
2037
2494
5249
6502
4407
2770
4669
7292
7022
4734
3704
5366
7064
6542
4602
3772
5374
6915
6013
3610
2499
3242
3419
1774
-581
-1489
-784
-665
-2094
-3932
-4345
-3645
-3814
-4938
-5924
-5850
-4890
-4849
-6252
-7034
-6210
-5262
-5323
-5788
-5287
-4169
-3704
-3581
-3268
-2890
-2736
-2524
-1934
-1426
-1170
-847
110
1609
2668
2404
1790
3361
5967
5819
3581
3323
5790
7579
6445
4287
4216
6025
7046
5945
4105
4165
6011
6758
5216
3146
2688
3412
3019
1091
-797
-1436
-985
-1105
-2635
-4112
-4187
-3668
-4152
-5321
-5922
-5629
-5049
-5385
-6499
-6852
-6015
-5199
-5332
-5606
-5014
-4118
-3725
-3433
-3065
-2834
-2623
-2221
-1521
-1138
-1023
-616
409
2043
2791
2122
2046
4096
6075
5218
3504
4162
6430
7171
5802
4543
4930
6225
6533
5402
4282
4670
5848
5797
4192
2769
2967
3397
2294
440
-895
-1180
-1021
-1817
-3319
-4070
-3630
-3405
-4589
-5769
-5640
-4986
-5069
-6089
-6735
-6192
-5301
-5190
-5736
-5622
-4523
-3713
-3695
-3647
-3077
-2389
-2339
-2395
-1790
-1004
-579
-523
319
2153
3112
2455
2185
3975
5731
5274
4022
4386
6000
6689
5969
4793
4526
5500
6353
5869
4623
4595
5790
6036
4485
2825
2783
3263
2425
519
-1043
-1303
-1071
-1860
-3417
-4119
-3594
-3443
-4444
-5532
-5796
-5390
-5172
-5892
-6917
-6684
-5433
-4986
-5655
-5889
-4849
-3737
-3456
-3427
-3032
-2495
-2227
-1944
-1613
-1352
-1009
-277
1078
2298
2697
2572
3021
4527
5503
4889
4072
4664
5983
6489
5769
4642
4671
5712
6270
5644
4696
4895
5682
5406
4004
3015
2965
2757
1776
306
-816
-1211
-1435
-2258
-3527
-4086
-3816
-3878
-4726
-5452
-5496
-5260
-5457
-6388
-6817
-6070
-5215
-5231
-5759
-5465
-4275
-3453
-3527
-3485
-2775
-2168
-1988
-1918
-1578
-947
-332
175
973
2301
3208
2937
2817
4338
5790
5249
4059
4265
5846
6784
6055
4729
4415
5510
6385
5631
4259
4368
5533
5570
4009
2552
2357
2430
1735
310
-841
-1289
-1692
-2472
-3356
-3689
-3946
-4455
-4889
-5220
-5403
-5396
-5465
-6062
-6351
-5920
-5490
-5576
-5659
-4764
-3865
-3835
-4010
-3361
-2342
-2118
-2139
-1761
-1119
-803
-689
-331
709
2451
3111
2483
2543
4420
6008
5059
3678
4289
6290
7054
5613
4166
4529
5952
6239
5111
4190
4564
5570
5331
3865
2776
2643
2597
1538
3
-931
-1164
-1458
-2568
-3567
-3681
-3668
-4210
-4998
-5229
-5052
-4989
-5427
-6088
-6097
-5494
-5094
-5362
-5392
-4530
-3615
-3653
-3920
-3172
-2218
-2002
-2347
-2137
-1136
-450
-312
-332
675
2593
3410
2593
2331
4327
6019
5236
3630
3699
5694
6835
5711
4037
4050
5686
6421
5176
3689
3880
5223
5477
3908
2252
2134
2761
2081
43
-1592
-1873
-1400
-1852
-3283
-4252
-4229
-3913
-4437
-5440
-5885
-5477
-5022
-5529
-6363
-6261
-5368
-4771
-4702
-4723
-4167
-3524
-3236
-2792
-2583
-2311
-1929
-1360
-667
-601
-403
147
1358
2878
3143
2488
2739
4698
5950
4925
3625
4239
5978
6477
5524
4399
4549
5709
6121
5132
3857
4045
5195
5301
3775
2308
2166
2433
1693
-130
-1341
-1511
-1515
-2192
-3379
-3978
-4315
-4616
-4947
-5413
-5714
-5642
-5348
-5693
-6250
-6108
-5384
-4953
-4892
-4585
-4077
-3604
-3231
-2432
-1978
-2261
-2215
-1358
-427
-531
-671
-9
1414
2830
2778
2068
2887
5189
5982
4494
3407
4442
6225
6402
5125
4143
4860
6232
6069
4676
3787
4504
5466
4784
3135
2377
2959
3011
1354
-598
-1270
-1072
-1493
-2755
-3716
-3889
-3855
-4182
-4996
-5784
-5810
-5176
-5096
-5945
-6505
-5833
-4964
-4970
-5074
-4676
-3909
-3582
-3315
-2756
-2655
-2463
-1885
-984
-590
-599
-61
729
1881
2727
2535
2119
3287
5445
5659
4200
3808
5361
6632
6034
4589
4104
5203
6054
5423
4202
3978
4916
5339
4355
2810
2371
2905
2564
695
-1150
-1364
-993
-1778
-3399
-4216
-3919
-3721
-4277
-5291
-5976
-5682
-4913
-5163
-6277
-6517
-5348
-4421
-4948
-5467
-4840
-3680
-3045
-2843
-2565
-2345
-1938
-1340
-897
-968
-774
168
1251
2276
2627
2448
2800
4314
5544
5002
4185
4485
5542
6171
5700
4662
4454
5430
5883
5011
3974
4117
4871
4886
3891
2763
2588
2741
2148
509
-1036
-1352
-1271
-1947
-3488
-4351
-4021
-3787
-4319
-5427
-6056
-5682
-5024
-5371
-6540
-6705
-5529
-4545
-4743
-5170
-4836
-3739
-2805
-2646
-2638
-2427
-1710
-895
-709
-1006
-867
306
1560
2398
2581
2348
2983
4559
5458
4590
3849
4646
5937
6246
5201
4357
4642
5555
5711
4740
4041
4325
5066
4864
3558
2576
2702
2894
1729
-17
-984
-951
-1196
-2477
-3715
-4241
-3924
-3803
-4494
-5403
-5855
-5168
-4780
-5652
-6749
-6487
-4899
-4257
-4806
-5248
-4505
-3216
-2819
-3010
-3079
-2326
-1192
-590
-801
-1103
-391
760
1729
2342
2524
2646
3490
4847
5068
4224
3959
5029
6026
5724
4907
4396
4747
5362
5182
4479
4004
4346
4864
4346
3266
2666
2743
2454
1094
-304
-1013
-1137
-1662
-2902
-3865
-4074
-3812
-4026
-4838
-5605
-5552
-4949
-5050
-5977
-6730
-5780
-4397
-4470
-5075
-4954
-3692
-2854
-2942
-2891
-2443
-1607
-1084
-912
-940
-731
53
668
1417
2420
3019
3007
3358
4671
5319
4585
3965
4622
5629
5848
5186
4214
4383
5267
5355
4526
3743
4159
4864
4598
3462
2550
2462
2079
957
-472
-1249
-1342
-1836
-2798
-3857
-4241
-4001
-4062
-4808
-5663
-5537
-4914
-5033
-6109
-6578
-5459
-4517
-4733
-5207
-4691
-3478
-2940
-2932
-2749
-2173
-1607
-1144
-823
-829
-411
242
812
1700
2574
2844
2748
3608
5056
5342
4433
3971
4941
5948
5815
4826
4181
4799
5442
5116
4167
3654
4169
4675
4200
3006
2356
2367
1910
592
-794
-1283
-1531
-2271
-3169
-3862
-4058
-4029
-4292
-4958
-5426
-5184
-4893
-5374
-6257
-6084
-4992
-4582
-4846
-4812
-4065
-3298
-3050
-2827
-2431
-1976
-1518
-1000
-719
-701
-320
320
1116
2145
2826
2729
2764
4049
5307
4927
3903
4099
5454
6158
5469
4281
4048
5064
5471
4674
3787
3738
4544
4756
3775
2498
2175
2325
1495
-74
-1324
-1494
-1582
-2392
-3415
-4157
-4174
-4176
-4584
-5237
-5526
-5017
-4806
-5361
-6048
-5703
-4801
-4699
-4875
-4676
-3913
-3194
-2793
-2398
-2047
-1618
-1260
-927
-799
-489
98
461
1400
2681
3111
2587
3001
4845
5475
4431
3643
4509
5866
5954
5056
4029
4275
5262
5366
4420
3284
3630
4669
4567
3176
2053
2374
2383
1155
-464
-1338
-1523
-2182
-2921
-3487
-3832
-3942
-4250
-4788
-5433
-5413
-4939
-5076
-5839
-6068
-5257
-4742
-4874
-4787
-4049
-3301
-3149
-2859
-2334
-1903
-1665
-1383
-845
-472
-36
236
527
1762
3142
3132
2309
3160
5051
5302
4040
3461
4653
5952
5881
4518
3513
4368
5523
5312
3873
3110
4100
5038
4424
2723
2111
2565
2075
597
-885
-1407
-1589
-2258
-3060
-3751
-4025
-4087
-4278
-4803
-5330
-5248
-4986
-5319
-5873
-5464
-4664
-4641
-4944
-4648
-3772
-3326
-3262
-2845
-2143
-1545
-1327
-1156
-805
-416
37
253
743
2252
3305
2761
2410
3904
5507
4939
3502
3665
5181
6139
5542
4115
3850
5069
5801
4896
3343
3240
4483
4931
3638
2058
2010
2372
1499
-101
-1253
-1644
-1887
-2483
-3404
-4140
-4239
-3955
-4311
-5219
-5505
-5060
-4794
-5530
-6122
-5453
-4612
-4581
-4832
-4372
-3486
-2954
-2789
-2498
-1946
-1336
-843
-717
-603
-166
347
593
1278
2752
3252
2538
2800
4557
5431
4317
3410
4302
5783
6005
4910
3866
4131
5145
5251
4182
3094
3522
4732
4574
3021
1829
2043
2133
920
-682
-1622
-1730
-1946
-2735
-3758
-4371
-4275
-4168
-4652
-5508
-5612
-4882
-4828
-5740
-6059
-5120
-4377
-4596
-4756
-4108
-3245
-2900
-2705
-2262
-1628
-1070
-704
-468
-315
163
573
811
1892
3205
3153
2451
3400
5231
5188
3822
3596
4940
6132
5797
4423
3625
4353
5316
4981
3715
3122
4082
4964
3992
2108
1510
2088
1809
341
-1022
-1543
-1723
-2116
-2914
-3960
-4486
-4319
-4190
-4876
-5674
-5462
-4880
-5156
-6050
-5958
-5033
-4649
-4625
-4318
-3730
-3292
-2961
-2438
-2021
-1825
-1430
-712
-212
-44
190
409
1050
2626
3505
2659
2487
4434
5924
4803
3195
3757
5511
6176
5133
3776
3961
5246
5561
4343
2975
3242
4819
5070
3229
1661
1962
2483
1395
-410
-1394
-1480
-1468
-2120
-3278
-4067
-4169
-3995
-4430
-5425
-5769
-5169
-4645
-5267
-5949
-5462
-4808
-4669
-4703
-4252
-3701
-3395
-2786
-2051
-1620
-1653
-1392
-798
-407
-17
243
507
1520
3191
3362
2202
2692
4872
5693
4126
3221
4344
5762
5862
4609
3688
4315
5651
5473
3933
2920
3568
4827
4284
2457
1611
2227
2144
505
-957
-1591
-1735
-1934
-2568
-3565
-4348
-4332
-4071
-4560
-5461
-5539
-4918
-4749
-5482
-5829
-5196
-4814
-4697
-4299
-3718
-3308
-2964
-2222
-1633
-1700
-1739
-1153
-474
-47
380
625
951
2307
3610
2920
2036
3501
5657
5353
3559
3571
5163
6046
5291
4004
3801
4839
5580
4677
3234
3093
4278
4730
3280
1672
1808
2429
1340
-449
-1329
-1578
-1980
-2623
-3175
-3750
-4061
-4117
-4517
-5181
-5482
-5134
-4807
-5173
-5590
-5153
-4617
-4829
-4930
-4114
-3244
-3160
-3064
-2229
-1388
-1362
-1440
-977
-408
184
604
608
1235
2981
3773
2708
2482
4376
5725
4725
3428
3984
5566
6106
4870
3457
3800
5166
5385
4083
2876
3300
4594
4390
2534
1508
2114
2249
903
-632
-1447
-1816
-2139
-2673
-3551
-4304
-4349
-4154
-4604
-5357
-5479
-5027
-4967
-5584
-5718
-4978
-4442
-4474
-4324
-3768
-3394
-3164
-2521
-1715
-1435
-1462
-1146
-535
-69
217
375
705
2021
3449
3213
2332
3207
5115
5204
3725
3406
4880
6219
5777
4274
3632
4511
5411
4817
3488
3063
3960
4658
3624
1974
1649
2136
1581
132
-819
-1265
-1776
-2255
-2736
-3499
-4129
-4188
-4267
-4915
-5541
-5363
-4951
-5238
-5757
-5521
-4882
-4799
-4801
-4157
-3523
-3556
-3458
-2471
-1606
-1524
-1465
-897
-269
-14
204
449
1283
2894
3523
2701
2630
4411
5569
4499
3390
4092
5683
6079
4859
3706
4158
5484
5523
4135
3134
3681
4672
4225
2566
1641
2092
2024
677
-548
-1168
-1686
-2218
-2609
-3208
-3885
-4132
-4226
-4603
-5283
-5561
-5323
-5307
-5622
-5582
-5025
-4879
-4930
-4300
-3524
-3367
-3467
-2837
-1788
-1471
-1631
-1328
-574
58
426
547
913
2251
3397
2985
2513
3860
5453
5052
3750
3754
5180
6073
5362
4032
3748
4884
5457
4473
3136
3101
4401
4760
3398
1932
1846
2161
1097
-351
-985
-1266
-1771
-2449
-3011
-3615
-4123
-4270
-4495
-5011
-5269
-5160
-5224
-5693
-5798
-5079
-4799
-5235
-5066
-4073
-3256
-3297
-3266
-2245
-1349
-1366
-1384
-869
-254
176
553
804
1505
2861
3207
2557
3072
4801
5328
4167
3713
4724
5756
5672
4501
3640
4317
5448
5099
3676
3033
3930
4820
3974
2305
1801
2348
1896
436
-767
-1593
-2016
-2224
-2491
-3312
-4142
-4134
-4143
-4689
-5460
-5571
-5046
-5034
-5431
-5424
-4933
-4844
-4851
-4282
-3740
-3513
-3266
-2463
-1750
-1641
-1469
-917
-345
-121
350
897
1537
2695
3087
2547
2890
4668
5432
4213
3476
4428
5746
5683
4588
3794
4110
5235
5276
4071
3127
3571
4550
3967
2462
1783
2116
1972
656
-461
-1229
-1932
-2317
-2483
-2983
-3981
-4266
-4155
-4617
-5325
-5621
-5232
-5077
-5368
-5461
-5104
-4882
-4920
-4438
-3844
-3412
-3112
-2556
-1801
-1547
-1368
-1019
-421
-84
199
681
1179
2460
3197
2736
2719
4303
5656
4527
3352
4049
5559
5971
4831
3848
3986
5131
5405
4229
3094
3293
4602
4496
2890
1683
1851
2122
1077
-101
-938
-1510
-1966
-2316
-2833
-3942
-4370
-4033
-4066
-4977
-5707
-5292
-4908
-5340
-5958
-5539
-4807
-4679
-4422
-4099
-3692
-3425
-2996
-2271
-1986
-1659
-1155
-544
-291
-175
485
1227
2426
3102
2545
2607
4238
5671
4721
3249
3850
5548
6028
4898
3892
4054
5097
5350
4185
3080
3337
4687
4692
3158
2108
2234
2357
1131
-124
-790
-1329
-1811
-2308
-2662
-3665
-4366
-4096
-4081
-4644
-5467
-5393
-4985
-5368
-5743
-5432
-4845
-4837
-4809
-4348
-3854
-3422
-2890
-2207
-2026
-1930
-1340
-553
-247
-150
451
1136
2291
3057
2589
2445
3815
5508
4889
3361
3635
5229
6144
5098
3767
3855
5073
5503
4287
2994
2999
4438
5052
3627
2015
1906
2476
1741
192
-986
-1412
-1437
-1837
-2569
-3660
-4251
-3938
-3882
-4603
-5453
-5292
-4624
-4890
-5855
-5947
-5068
-4648
-4661
-4604
-4271
-3567
-2850
-2283
-2094
-1987
-1406
-592
-304
-300
134
1048
2373
2933
2270
2133
3759
5406
4828
3397
3480
5178
6217
5179
3735
3669
5075
5811
4663
3153
3024
4422
4997
3575
1944
1853
2361
1665
275
-884
-1506
-1693
-1853
-2432
-3639
-4301
-3929
-3733
-4420
-5331
-5426
-4888
-4785
-5354
-5575
-5050
-4567
-4355
-4312
-4243
-3703
-2817
-2099
-2016
-2085
-1505
-638
-240
-267
-15
925
2428
3083
2149
1937
3796
5501
4968
3583
3729
5280
6139
5155
3645
3451
4761
5614
4635
3095
2915
4285
4986
3618
1823
1685
2370
1749
253
-960
-1634
-1808
-1947
-2596
-3783
-4283
-3784
-3553
-4375
-5517
-5553
-4884
-4795
-5379
-5575
-5004
-4551
-4303
-4194
-4183
-3723
-2761
-1922
-1930
-2197
-1665
-621
-222
-447
-195
895
2542
3255
2389
2092
3783
5409
4721
3454
3794
5238
6058
5329
4021
3557
4582
5422
4623
3281
3041
4260
4826
3489
1924
1989
2555
1688
218
-752
-1145
-1449
-1886
-2637
-3798
-4209
-3798
-3808
-4657
-5298
-4962
-4588
-5050
-5821
-5653
-4928
-4678
-4576
-4255
-3921
-3726
-3121
-2306
-2051
-1935
-1354
-571
-335
-231
166
814
2069
2797
2421
2477
3942
5167
4550
3621
3774
4778
5528
5169
4204
3704
4431
5098
4525
3323
2975
4106
4637
3528
2122
1887
2245
1515
230
-728
-1128
-1272
-1780
-2641
-3661
-3900
-3564
-3914
-4730
-5143
-4789
-4584
-5182
-5695
-5384
-4651
-4444
-4635
-4378
-3770
-3260
-2910
-2507
-2094
-1782
-1334
-873
-497
-45
414
1058
2028
2593
2320
2461
3820
4855
4303
3602
4130
4932
5142
4897
4353
4006
4346
4817
4504
3580
3275
3901
4180
3396
2423
2224
2027
1153
330
-390
-1161
-1690
-1880
-2224
-3143
-3762
-3809
-4029
-4530
-4870
-4786
-4738
-5117
-5510
-5377
-5017
-4800
-4545
-4044
-3499
-3299
-3000
-2484
-2085
-1841
-1569
-953
-447
-57
326
833
1951
2592
2278
2462
3871
4869
4223
3439
3870
4981
5216
4516
4006
4121
4829
5055
4431
3546
3347
4101
4186
3022
2018
2299
2374
1079
-239
-756
-935
-1557
-2266
-2768
-3196
-3345
-3538
-3987
-4732
-4961
-4517
-4575
-5158
-5361
-4659
-4167
-4502
-4726
-4324
-3553
-3198
-3039
-2516
-1895
-1498
-1307
-1128
-882
-220
535
1318
2219
2501
2441
2840
4041
4631
3891
3597
4174
5062
5217
4397
3791
3817
4326
4335
3904
3645
3684
4251
4044
2793
1869
1888
2053
1182
-70
-763
-958
-1316
-2227
-3072
-3412
-3352
-3412
-3920
-4642
-4899
-4511
-4485
-5043
-5385
-4863
-4150
-4228
-4443
-4225
-3508
-2875
-2754
-2456
-2118
-1619
-899
-699
-664
-252
495
1539
2423
2362
1958
2669
4124
4502
3637
3398
4310
5123
4869
4019
3657
4001
4507
4356
3717
3245
3483
4274
4019
2711
1969
2097
1945
844
-268
-736
-960
-1353
-1986
-2719
-3297
-3431
-3506
-3950
-4432
-4576
-4394
-4438
-4866
-4948
-4605
-4407
-4465
-4323
-3784
-3376
-3070
-2560
-2129
-2021
-1992
-1437
-725
-392
-107
239
1083
2111
2281
2001
2513
3984
4607
3803
3202
3657
4655
4958
4292
3666
3930
4639
4602
3860
3130
3161
3871
3849
2775
1946
1983
1965
1142
4
-782
-1068
-1110
-1568
-2483
-3113
-3242
-3175
-3622
-4337
-4466
-4190
-4119
-4720
-5067
-4684
-4366
-4181
-4007
-3632
-3346
-3145
-2623
-2198
-2079
-2087
-1564
-723
-388
-271
32
904
1990
2306
1911
2243
3750
4567
3882
3087
3456
4412
4682
4018
3263
3604
4414
4516
3850
3048
3169
3786
3733
2710
1855
2131
2223
1339
60
-794
-915
-1062
-1682
-2534
-3034
-3053
-3130
-3612
-4283
-4477
-4158
-4068
-4510
-4774
-4425
-4050
-3990
-3963
-3604
-3155
-2955
-2701
-2292
-2050
-1914
-1470
-804
-310
-67
219
941
1895
2343
2105
2288
3372
4043
3735
3378
3752
4467
4590
4103
3526
3437
3921
4160
3715
2974
2901
3565
3581
2598
1774
1873
1978
1110
53
-520
-800
-1127
-1713
-2375
-2869
-2906
-2892
-3399
-4108
-4358
-4010
-3938
-4390
-4589
-4300
-4067
-4097
-3973
-3651
-3338
-3131
-2716
-2136
-1867
-1677
-1313
-813
-388
-136
179
768
1700
2331
2178
2192
3053
3751
3577
3204
3468
4187
4396
4040
3619
3565
3979
4152
3814
3060
2835
3642
3756
2589
1627
1845
2119
1226
167
-351
-696
-1098
-1630
-2187
-2787
-2991
-2851
-3248
-4024
-4378
-4001
-3733
-4201
-4544
-4316
-3944
-3731
-3586
-3463
-3418
-3163
-2564
-2045
-1906
-1775
-1332
-760
-399
-136
201
551
1261
1910
1985
2098
2823
3657
3568
3078
3134
3734
4282
4083
3485
3157
3490
3991
3840
3080
2651
3360
3895
3015
1740
1538
1861
1273
269
-331
-530
-712
-1210
-2009
-2819
-2950
-2702
-2934
-3677
-4162
-3935
-3703
-3985
-4402
-4332
-3882
-3494
-3201
-3124
-3166
-2956
-2410
-2007
-1977
-1807
-1319
-792
-453
-214
71
571
1401
1965
1964
2014
2693
3444
3450
3095
3060
3524
3931
3893
3532
3135
3244
3625
3683
3044
2446
2870
3314
2764
1806
1629
1843
1359
444
-337
-705
-933
-1315
-1991
-2730
-2916
-2746
-2786
-3373
-3906
-3804
-3577
-3697
-3973
-3867
-3590
-3385
-3161
-3129
-3177
-2976
-2310
-1786
-1814
-1758
-1376
-800
-362
-135
104
468
1262
1898
1834
1765
2379
3234
3335
2953
2981
3541
3899
3658
3259
3079
3308
3589
3548
2971
2473
2846
3063
2371
1538
1560
1858
1339
481
-216
-607
-906
-1332
-1876
-2484
-2690
-2672
-2808
-3179
-3473
-3400
-3345
-3491
-3696
-3683
-3566
-3404
-3102
-2926
-2948
-2949
-2480
-1883
-1660
-1578
-1335
-776
-291
31
254
514
1184
1761
1840
1723
2169
3024
3224
3015
2911
3130
3516
3588
3342
2920
2953
3363
3375
2806
2198
2496
2933
2384
1531
1421
1677
1192
309
-317
-694
-908
-1203
-1771
-2413
-2560
-2411
-2625
-3166
-3455
-3302
-3237
-3418
-3531
-3375
-3159
-3097
-3046
-2966
-2836
-2582
-2179
-1812
-1621
-1356
-965
-618
-358
-55
214
397
941
1633
1904
1885
2125
2680
2872
2748
2696
2846
3230
3511
3480
3077
2806
3036
3168
2695
2107
2288
2756
2501
1770
1472
1432
988
401
-112
-554
-941
-1196
-1545
-2187
-2525
-2562
-2637
-2893
-3203
-3222
-3173
-3156
-3179
-3189
-3128
-3078
-2874
-2657
-2551
-2364
-2041
-1765
-1660
-1466
-1112
-779
-439
-83
215
455
854
1420
1780
1860
2062
2533
2737
2592
2576
2707
2888
3164
3415
3112
2588
2685
2952
2758
2247
2196
2536
2294
1695
1398
1377
970
310
28
-295
-730
-1072
-1437
-2014
-2534
-2589
-2692
-2952
-3051
-2913
-2787
-3020
-3227
-3166
-3015
-2960
-2925
-2673
-2409
-2152
-1825
-1632
-1618
-1486
-1031
-551
-278
-74
271
645
898
1239
1617
1820
1948
2262
2617
2668
2656
2771
2879
2986
3025
2808
2498
2527
2772
2690
2301
2147
2295
2112
1543
1224
1215
986
444
13
-273
-683
-1147
-1536
-1892
-2145
-2263
-2466
-2803
-2922
-2776
-2755
-2970
-3144
-3090
-2897
-2727
-2691
-2704
-2559
-2257
-1939
-1776
-1643
-1248
-722
-352
-239
-69
342
683
864
1101
1440
1665
1760
1941
2270
2593
2736
2758
2786
2891
2974
2803
2450
2359
2635
2660
2249
1927
1925
1917
1633
1370
1242
1004
599
91
-402
-885
-1307
-1542
-1701
-1944
-2172
-2270
-2453
-2735
-2873
-2874
-2742
-2577
-2620
-2724
-2634
-2478
-2459
-2451
-2203
-1821
-1544
-1351
-1159
-908
-625
-416
-245
9
406
845
1208
1448
1604
1787
1931
2095
2401
2601
2588
2537
2576
2633
2501
2273
2176
2293
2443
2329
2057
1789
1555
1414
1283
1072
730
423
273
-9
-486
-952
-1286
-1437
-1556
-1816
-2115
-2257
-2288
-2407
-2594
-2655
-2612
-2580
-2649
-2673
-2504
-2387
-2326
-2165
-1909
-1601
-1383
-1162
-838
-533
-278
-42
152
345
648
999
1216
1380
1638
1896
2070
2143
2238
2383
2317
2163
2205
2300
2367
2422
2407
2287
2143
2098
1981
1645
1327
1249
1135
689
242
119
55
-264
-744
-1166
-1402
-1549
-1775
-2084
-2367
-2362
-2183
-2223
-2396
-2453
-2365
-2322
-2415
-2432
-2308
-2135
-1935
-1783
-1725
-1624
-1317
-864
-553
-421
-204
116
387
602
809
1003
1205
1508
1793
1893
1958
2063
2177
2247
2250
2308
2368
2301
2166
2029
1907
1874
1926
1861
1644
1498
1421
1198
796
385
167
91
-99
-488
-975
-1361
-1516
-1629
-1898
-2209
-2260
-2082
-2006
-2059
-2159
-2278
-2319
-2296
-2264
-2224
-2096
-1778
-1442
-1328
-1322
-1162
-786
-510
-453
-256
53
291
504
630
762
986
1271
1549
1714
1839
1908
1906
1965
2060
2187
2240
2104
2031
2029
1897
1706
1552
1464
1326
1135
1068
967
694
405
135
-127
-377
-653
-926
-1172
-1308
-1364
-1561
-1880
-2102
-2161
-2132
-2079
-1988
-1939
-1959
-1872
-1720
-1686
-1732
-1614
-1206
-910
-929
-889
-640
-340
-150
-37
162
393
558
661
687
807
1103
1394
1577
1662
1691
1685
1676
1746
1831
1788
1657
1640
1753
1760
1586
1373
1217
1113
1009
894
741
519
312
110
-121
-344
-592
-838
-1014
-1112
-1172
-1264
-1372
-1510
-1671
-1736
-1733
-1740
-1754
-1767
-1683
-1539
-1434
-1401
-1465
-1412
-1203
-1017
-860
-694
-468
-297
-260
-180
22
275
484
627
761
913
1127
1271
1286
1284
1327
1497
1690
1793
1794
1620
1531
1541
1436
1373
1354
1398
1328
973
733
642
602
485
182
12
-145
-351
-537
-789
-842
-827
-906
-1089
-1414
-1530
-1448
-1394
-1440
-1575
-1586
-1534
-1522
-1478
-1387
-1254
-1130
-1010
-954
-869
-605
-321
-161
-199
-227
-17
228
411
519
576
688
790
870
892
913
1109
1321
1435
1438
1383
1384
1337
1250
1209
1164
1119
1058
995
908
823
770
627
371
164
133
138
-15
-310
-533
-576
-680
-842
-948
-1049
-1059
-1079
-1169
-1249
-1338
-1370
-1366
-1337
-1268
-1208
-1070
-925
-878
-846
-838
-826
-706
-522
-298
-61
90
198
326
380
373
470
672
819
829
810
819
850
918
955
1053
1238
1315
1279
1133
913
787
781
805
737
678
710
645
471
273
181
209
116
-122
-313
-347
-394
-568
-713
-827
-852
-750
-696
-727
-861
-951
-967
-1067
-1129
-1111
-952
-708
-647
-659
-692
-700
-597
-532
-422
-242
-34
168
144
28
-48
-37
126
248
424
608
642
715
691
663
703
661
748
877
1007
1050
880
802
727
648
671
655
643
523
376
304
209
226
193
90
18
-132
-240
-377
-532
-585
-591
-477
-455
-602
-657
-701
-793
-888
-905
-808
-717
-612
-556
-588
-625
-686
-682
-610
-538
-398
-234
-106
-33
6
73
88
131
297
423
521
629
661
647
595
545
556
605
736
852
838
753
630
559
542
474
392
287
237
270
252
203
97
-2
0
-48
-74
-114
-250
-315
-338
-291
-326
-529
-626
-690
-724
-715
-717
-585
-487
-494
-532
-585
-488
-394
-393
-416
-496
-449
-313
-177
-13
53
115
185
199
217
157
141
214
277
428
590
711
767
724
684
585
483
471
484
548
563
520
486
411
348
269
224
257
219
98
-56
-138
-122
-176
-247
-277
-286
-273
-346
-450
-517
-497
-392
-412
-512
-575
-576
-556
-630
-612
-460
-324
-263
-323
-335
-334
-318
-197
-147
-101
-24
118
266
206
138
109
160
300
342
420
440
402
423
357
330
305
338
495
502
490
405
271
285
208
165
148
141
234
122
55
87
51
61
-98
-180
-115
-117
-88
-217
-324
-297
-307
-225
-236
-285
-288
-407
-451
-461
-400
-225
-153
-72
-47
-101
-93
-111
-95
-138
-236
-185
-101
41
113
51
85
95
145
179
126
213
248
289
302
173
153
120
197
303
230
216
163
137
101
-16
48
70
62
103
130
241
166
-13
-174
-273
-113
54
118
20
-167
-211
-278
-296
-252
-183
-49
-52
-125
-239
-327
-248
-125
24
79
32
10
-51
-103
-118
-107
-40
-10
-8
14
55
114
132
95
53
41
84
159
196
185
120
58
68
111
171
224
280
305
185
-4
-134
-128
-29
16
18
-4
-36
-64
-132
-132
-65
18
75
18
-42
-115
-199
-209
-174
-76
-7
-21
-91
-211
-250
-174
-69
-33
-94
-154
-170
-146
-108
-60
-10
9
56
137
248
332
284
191
78
-25
-48
-17
116
234
241
222
184
163
114
26
15
54
106
84
2
-26
-15
19
-4
-63
-56
-23
-13
-106
-201
-161
-87
-66
-131
-152
-93
-38
-8
-59
-92
-88
-55
-9
-74
-107
-35
91
193
96
-55
-169
-244
-200
-112
49
162
98
7
-75
-77
-1
65
152
126
-6
-58
-40
60
132
126
193
241
246
181
16
-66
-104
-104
-39
-4
94
132
73
43
38
155
215
114
-5
-112
-119
-117
-115
-54
-55
-60
-78
-81
-51
-76
-64
-56
-96
-145
-175
-75
10
-18
-65
-103
-52
-35
-73
-48
-26
12
-16
-111
-159
-189
-88
51
114
124
69
117
181
163
128
77
150
225
229
203
102
41
-49
-118
-91
-46
63
83
36
20
19
91
82
38
69
96
139
62
-74
-179
-268
-215
-106
-8
65
65
93
54
-87
-208
-252
-148
-51
-39
-50
-109
-171
-224
-220
-134
-59
22
79
55
-23
-84
-41
52
106
122
105
88
84
92
115
138
164
154
107
68
56
32
-43
-78
-14
93
180
199
181
120
49
45
70
98
110
95
73
17
-14
-11
-44
-109
-189
-213
-179
-141
-101
-108
-161
-203
-205
-166
-156
-192
-227
-246
-231
-181
-112
-54
-23
19
60
42
-12
-47
-9
47
80
114
129
136
134
140
175
173
160
188
219
234
179
106
91
90
102
84
102
172
192
201
213
211
172
66
-11
-43
-58
-31
-33
-68
-116
-167
-194
-240
-237
-135
-50
-84
-227
-352
-356
-300
-225
-149
-118
-119
-161
-236
-298
-321
-198
1
119
130
45
-20
-26
-8
82
146
152
124
57
66
123
184
228
188
174
217
279
346
306
235
178
139
180
199
215
239
222
197
75
-68
-141
-146
-55
-14
-42
-84
-123
-112
-147
-203
-209
-157
-92
-144
-288
-427
-473
-427
-345
-220
-107
-43
-72
-174
-219
-198
-81
37
83
114
61
26
3
2
124
234
349
373
278
218
138
116
104
64
108
156
232
240
168
141
121
172
189
156
152
133
156
111
6
-76
-163
-149
-122
-82
-16
-20
-36
-128
-249
-306
-318
-244
-171
-124
-84
-86
-119
-223
-341
-381
-291
-127
-30
-12
-35
-28
-35
-112
-136
-93
15
99
82
87
113
163
190
121
132
224
331
378
264
160
129
130
171
148
131
163
166
177
138
74
62
26
17
42
73
103
24
-105
-191
-232
-189
-128
-106
-137
-214
-236
-197
-151
-130
-153
-167
-167
-178
-195
-216
-214
-211
-253
-291
-260
-164
-64
-10
21
67
121
167
179
163
167
161
114
56
36
143
295
368
346
258
206
204
217
242
255
270
292
263
184
99
50
63
84
66
43
57
92
76
-50
-222
-328
-320
-238
-139
-49
-1
-41
-173
-318
-384
-326
-200
-129
-179
-291
-365
-353
-298
-250
-195
-150
-140
-173
-228
-222
-159
-83
-15
9
40
103
153
187
169
138
149
170
213
228
221
243
272
322
359
370
377
327
250
174
149
203
227
193
97
21
51
108
130
83
27
29
19
-36
-137
-230
-234
-204
-187
-202
-243
-256
-269
-297
-304
-275
-195
-164
-240
-336
-366
-266
-125
-53
-41
-60
-44
-13
-23
-44
-20
83
207
235
177
92
55
92
144
216
300
351
345
266
204
209
240
258
214
161
141
116
85
43
24
51
59
18
-43
-62
-20
-23
-94
-195
-248
-215
-197
-191
-208
-302
-496
-728
-649
-123
514
735
169
-748
-1261
-1008
-193
457
624
455
187
66
-69
-310
-573
-738
-415
363
1199
1583
1047
-44
-992
-1213
-587
235
771
856
637
470
334
251
211
135
118
86
80
144
203
241
153
-10
-117
-122
9
170
263
226
-28
-380
-642
-610
-256
110
214
-28
-401
-570
-477
-232
-71
-101
-213
-339
-365
-322
-306
-291
-288
-176
27
196
253
92
-122
-218
-126
147
343
371
240
75
73
154
310
414
409
396
290
207
151
96
141
129
115
91
35
83
88
104
151
145
204
190
115
35
-114
-187
-251
-298
-278
-291
-231
-170
-134
-78
-149
-266
-393
-466
-374
-246
-139
-142
-223
-214
-145
-19
54
15
-13
-15
39
88
78
45
6
30
98
154
180
131
75
91
158
246
281
264
230
180
144
129
148
212
252
258
227
169
152
116
51
32
70
140
127
14
-106
-183
-178
-165
-180
-217
-243
-185
-112
-75
-89
-165
-234
-283
-290
-280
-284
-284
-304
-295
-266
-225
-151
-132
-118
-62
21
104
118
132
175
195
196
158
118
123
183
279
322
254
159
118
134
212
274
296
314
313
327
279
185
137
73
49
37
37
60
-8
-77
-148
-198
-171
-179
-174
-200
-252
-283
-363
-397
-375
-299
-194
-172
-196
-259
-302
-277
-244
-195
-146
-86
-32
-32
-72
-121
-87
42
185
276
248
162
96
80
162
271
337
319
198
105
109
168
213
165
124
156
231
325
306
169
12
-81
-2
129
211
189
39
-77
-105
-63
-4
-23
-53
-90
-144
-173
-210
-226
-225
-221
-200
-194
-174
-161
-190
-249
-288
-244
-140
-4
117
173
133
-9
-155
-225
-201
-99
12
93
104
48
6
-18
1
66
151
233
257
275
301
288
245
156
52
-13
11
124
192
141
39
-35
-31
24
68
47
-26
-88
-107
-115
-132
-129
-77
13
86
108
63
-35
-147
-249
-302
-287
-242
-187
-162
-175
-195
-219
-177
-70
57
180
208
182
131
38
-49
-144
-184
-106
28
182
233
150
51
0
78
235
342
374
289
157
65
-8
-5
42
105
183
171
90
-43
-166
-168
-97
37
146
151
80
-81
-213
-270
-232
-99
-22
-24
-106
-210
-220
-183
-108
-78
-123
-130
-116
-95
-109
-167
-184
-184
-153
-80
-6
75
105
59
-24
-96
-72
24
110
183
234
240
203
149
147
201
251
265
193
92
61
92
175
251
268
221
119
66
72
68
68
75
70
13
-97
-138
-93
-30
-2
-43
-114
-187
-260
-307
-308
-279
-259
-275
-285
-256
-257
-282
-247
-147
-17
80
129
100
-46
-169
-171
-65
67
125
115
61
16
24
58
120
158
132
70
35
74
129
150
154
144
116
75
74
137
204
236
217
169
130
94
69
54
35
0
-58
-79
-41
23
55
12
-55
-87
-75
-66
-114
-182
-218
-218
-182
-140
-95
-86
-146
-191
-179
-77
19
13
-46
-141
-164
-113
-54
14
8
19
88
168
239
182
77
-1
-19
61
111
125
92
22
2
-11
37
127
201
240
174
100
75
77
97
69
49
43
27
16
-1
-5
-18
-40
-64
-81
-70
-74
-79
-100
-145
-164
-185
-195
-219
-256
-236
-191
-93
6
12
-4
-56
-72
-32
-46
-23
-28
-45
-20
-56
-36
-17
-17
65
120
226
297
262
248
181
153
149
92
80
28
24
115
179
250
214
128
76
-16
-54
-70
-73
-49
-83
-91
-95
-110
-72
-55
-22
5
-24
-45
-121
-235
-330
-406
-351
-225
-110
-12
-38
-82
-105
-101
-9
24
64
103
77
99
63
69
133
146
194
177
134
89
13
43
102
151
159
75
33
26
54
98
80
77
57
47
70
66
96
107
101
95
25
-43
-131
-184
-122
-46
36
43
-20
-59
-109
-105
-94
-132
-167
-243
-278
-243
-217
-182
-175
-143
-62
-17
24
38
35
26
-23
-36
-16
14
45
38
43
71
81
83
78
74
72
41
34
68
109
127
98
68
76
81
94
124
179
248
255
185
85
-19
-47
-25
13
65
47
-3
-75
-140
-128
-95
-56
-52
-100
-125
-149
-147
-140
-157
-151
-130
-85
-48
-52
-71
-107
-99
-63
-43
-36
-70
-75
-45
5
82
118
143
133
79
45
13
47
104
131
155
113
76
57
39
67
81
87
67
1
-34
-71
-74
-46
-42
-15
-14
-1
44
72
135
152
98
6
-120
-142
-86
-11
48
7
-32
-50
-63
-31
-57
-85
-88
-86
-30
-21
-19
-5
-3
49
50
16
-22
-93
-102
-91
-33
48
79
113
74
23
-17
-61
-25
10
78
131
112
110
36
-27
-68
-104
-36
12
82
98
-3
-62
-128
-91
18
60
99
24
-50
-77
-147
-140
-174
-159
-50
3
97
77
-36
-88
-141
-57
23
58
109
32
24
37
11
68
68
97
106
33
14
-74
-97
-13
50
176
214
178
117
-25
-76
-94
-77
5
18
27
10
-9
28
34
62
65
50
82
114
159
162
99
3
-87
-120
-107
-70
-53
-53
-80
-122
-123
-134
-103
-50
-38
-8
-21
-47
-79
-151
-163
-149
-86
30
85
93
41
-33
-43
-31
7
55
27
-30
-83
-105
-25
32
76
127
123
161
131
74
32
-95
-161
-223
-178
18
155
257
172
23
-27
-43
89
171
191
145
-28
-92
-115
-60
24
44
122
142
138
64
-94
-172
-221
-158
-49
21
69
-13
-128
-219
-247
-128
13
145
190
97
0
-88
-87
10
102
194
195
121
29
-89
-137
-112
-26
100
153
148
67
-65
-136
-189
-175
-110
-76
-7
19
28
67
42
38
-4
-52
12
78
188
209
107
-1
-132
-126
-36
90
218
228
184
55
-85
-187
-238
-174
-78
59
114
82
12
-126
-174
-209
-192
-114
-86
-4
-11
-66
-118
-202
-140
-45
88
221
198
161
40
-54
-40
-53
36
63
34
36
-31
-2
13
34
132
177
254
233
129
20
-124
-148
-117
-22
91
106
106
34
-15
-5
-1
49
40
-14
-82
-176
-205
-206
-173
-101
-50
5
33
49
61
55
66
73
78
70
26
-36
-106
-135
-107
-67
-28
-26
-40
-46
-34
48
126
175
170
103
65
21
8
2
-45
-52
-91
-81
-20
42
153
163
153
128
81
107
69
58
17
-39
-13
-43
-37
-77
-120
-88
-96
-38
-12
19
56
-8
-53
-131
-160
-146
-173
-123
-69
20
76
24
-17
-69
-72
-73
-85
-41
-2
26
-23
-110
-142
-117
-22
66
140
178
156
72
-58
-125
-106
-3
88
93
48
-39
-50
12
125
268
333
343
250
116
-3
-111
-101
-43
45
117
92
56
-14
-50
-20
14
77
75
19
-46
-93
-47
-26
-71
-153
-223
-154
-42
17
0
-91
-115
-105
-110
-128
-177
-158
-103
-65
-20
-18
11
64
85
123
135
135
121
47
0
-10
27
92
88
70
45
46
94
106
123
132
128
139
79
33
-14
-68
-70
-113
-111
-100
-103
-78
-137
-144
-104
-35
75
40
-13
-90
-155
-122
-132
-70
18
123
249
229
150
-9
-155
-186
-180
-54
57
132
165
70
-9
-101
-117
-43
4
74
44
-31
-108
-192
-180
-170
-130
-71
-29
79
145
168
148
63
37
30
46
85
68
71
42
-15
-23
-36
33
131
181
227
192
148
108
21
-29
-39
16
124
165
112
-7
-151
-210
-177
-117
-32
7
4
-20
-111
-177
-212
-187
-75
16
82
84
32
-29
-111
-161
-172
-127
-63
-29
-9
-28
-10
15
28
62
55
74
78
40
49
52
131
231
229
186
39
-80
-80
-48
55
77
15
-30
-78
-17
49
41
-9
-148
-209
-200
-130
2
69
123
90
5
-64
-120
-66
-10
51
77
47
58
33
29
12
-49
-65
-125
-152
-142
-114
-10
34
27
-24
-96
-76
-51
-18
1
-19
11
53
117
141
86
18
-36
-20
46
113
142
114
66
11
3
42
94
123
99
97
100
113
119
57
7
-38
-44
-24
-54
-67
-96
-89
-30
3
51
64
75
102
51
-16
-112
-180
-177
-153
-84
-29
6
39
17
-24
-69
-107
-96
-45
29
81
79
34
-16
-45
-39
-13
-26
-48
-76
-88
-37
7
23
-12
-73
-51
7
79
106
14
-85
-162
-159
-50
56
141
143
78
37
-30
-78
-96
-85
14
110
168
158
65
-15
-76
-78
-8
78
153
144
56
-70
-182
-183
-109
-11
54
45
25
10
31
76
91
104
89
65
57
48
74
99
113
98
19
-69
-149
-185
-148
-89
-3
66
111
148
139
111
47
-36
-89
-119
-90
-17
57
115
110
28
-106
-224
-248
-164
-8
120
133
36
-125
-249
-277
-203
-43
105
176
133
12
-74
-98
-59
-33
-65
-96
-128
-109
-64
-45
1
58
129
168
147
113
63
62
85
93
128
145
132
89
23
-14
-36
-28
-24
-35
-5
32
66
70
7
-51
-36
37
114
125
43
-75
-148
-157
-127
-104
-97
-95
-91
-72
-68
-44
16
57
65
20
-43
-69
-49
13
65
96
92
46
31
23
26
33
22
34
23
-8
-54
-81
-20
57
115
103
20
-32
-48
-7
47
78
119
105
71
26
-12
27
49
29
-51
-151
-165
-118
-31
9
-26
-71
-136
-171
-173
-154
-95
-57
-20
-7
-7
29
50
68
63
54
64
57
60
47
22
20
7
-7
-38
-83
-110
-122
-71
13
83
102
54
-8
-49
-10
107
231
296
238
100
-43
-111
-65
21
104
169
194
158
55
-78
-189
-216
-128
-13
44
20
-45
-66
-23
60
115
99
42
-16
-56
-70
-85
-129
-180
-200
-147
-40
46
90
58
-13
-63
-83
-47
-2
29
41
6
-18
-53
-92
-101
-105
-38
56
126
143
69
1
-44
-44
-9
-33
-57
-55
3
92
104
64
-17
-58
-8
58
116
89
27
-33
-105
-110
-88
-25
70
116
142
92
32
10
3
64
114
143
131
36
-60
-142
-134
-46
43
123
111
65
18
-52
-99
-149
-132
-58
25
88
49
-6
-28
-14
44
61
53
18
-13
2
-1
5
-13
-62
-95
-117
-72
7
80
125
108
80
46
23
7
-44
-116
-205
-261
-223
-98
51
117
69
-39
-123
-136
-91
-40
6
38
39
12
-39
-68
-51
-11
39
66
90
111
94
50
-32
-83
-75
-41
32
77
98
96
38
-2
-40
-35
6
29
81
101
110
112
69
50
19
-7
-26
-41
6
67
124
112
-5
-121
-204
-167
-15
140
236
189
74
-30
-73
-29
14
39
22
-33
-65
-98
-111
-93
-68
-20
9
22
30
5
-26
-41
-26
30
79
85
41
-63
-179
-245
-221
-82
93
208
218
108
-39
-144
-170
-111
-44
-42
-90
-134
-124
-43
33
70
90
85
101
126
124
123
59
-25
-69
-89
-23
39
58
73
20
-13
-18
-21
65
135
164
149
19
-100
-178
-187
-60
52
113
109
18
-38
-60
-74
-45
-54
-81
-107
-162
-145
-78
-18
43
5
-63
-68
-39
76
172
183
163
61
-18
-36
-47
1
16
10
28
14
33
63
106
163
144
56
-65
-132
-111
-49
16
35
38
37
39
57
42
10
-28
-40
25
85
94
38
-58
-71
-29
19
46
-8
-52
-74
-91
-74
-96
-134
-154
-166
-110
-30
18
54
37
1
-11
-23
26
69
63
29
-61
-88
-35
41
135
122
73
44
20
61
42
0
-1
-14
9
-30
-89
-86
-81
-24
14
51
125
141
152
104
12
-44
-98
-58
16
69
115
73
14
-49
-127
-145
-156
-129
-51
9
55
35
-41
-97
-149
-167
-133
-63
64
169
199
174
79
-22
-113
-176
-145
-79
-18
-2
-34
-27
33
139
228
237
161
38
-37
-36
14
63
70
59
32
-9
-32
-12
62
132
168
150
89
12
-90
-157
-161
-105
-8
68
114
109
56
-10
-79
-121
-148
-154
-119
-82
-61
-69
-80
-76
-86
-102
-119
-96
-45
0
37
48
53
22
-42
-68
-46
14
67
60
25
-19
-70
-86
-64
-1
88
156
189
156
68
-8
-24
32
109
159
158
117
66
9
-6
30
59
73
25
-53
-101
-120
-79
-25
-7
-11
-42
-49
-13
14
24
-8
-55
-76
-66
-53
-75
-106
-123
-78
21
90
124
110
75
70
53
46
40
16
26
57
97
111
45
-44
-94
-94
-54
-17
13
51
65
53
14
-62
-140
-182
-165
-114
-87
-88
-88
-53
3
34
59
66
62
48
7
-2
21
29
25
-30
-116
-172
-163
-46
94
156
142
71
31
24
4
-17
-68
-86
-53
0
87
127
118
85
17
-20
-52
-70
-50
-14
64
122
137
134
87
49
17
-22
-55
-114
-166
-189
-168
-108
-49
19
83
107
100
51
-3
-34
-55
-26
72
202
277
231
115
1
-49
-27
18
58
55
5
-26
-34
-33
-32
-39
-10
24
14
-43
-116
-135
-129
-139
-138
-137
-99
-52
-22
15
5
-33
-81
-109
-45
57
165
218
156
43
-104
-191
-146
-59
45
61
-27
-97
-154
-107
3
78
136
103
69
91
115
163
124
28
-37
-72
0
97
163
179
81
-19
-93
-123
-82
-59
-24
10
18
26
-15
-40
-30
-3
51
74
52
18
-35
-60
-58
-53
-33
-21
-1
24
4
-35
-86
-145
-154
-135
-80
-8
15
13
-46
-95
-99
-75
23
113
151
111
-1
-66
-67
13
120
171
194
163
121
92
66
86
87
95
106
94
115
103
67
8
-68
-69
-46
-13
-15
-103
-187
-244
-228
-140
-35
73
120
94
6
-128
-206
-211
-154
-72
-31
-15
-38
-78
-99
-110
-54
27
95
155
154
127
74
1
-40
-48
14
106
151
149
76
-2
-28
-9
37
51
39
20
-6
-1
-3
-32
-37
-34
5
72
110
117
80
47
41
30
27
-9
-59
-94
-125
-129
-127
-104
-57
-25
7
9
-5
-14
-52
-73
-77
-60
-13
-3
5
-6
-28
-12
-10
22
51
56
86
59
30
-2
-42
-8
-10
15
48
50
106
75
17
-69
-167
-125
-70
13
55
7
14
-29
-66
-101
-160
-95
3
126
182
93
14
-58
-29
69
124
166
119
72
54
28
55
40
22
16
18
92
127
146
134
74
61
27
10
-12
-74
-78
-94
-101
-86
-108
-104
-124
-144
-138
-143
-83
-20
8
45
49
69
59
10
-44
-130
-156
-106
-12
105
135
86
-38
-171
-187
-150
-62
18
27
5
-68
-81
-45
1
84
107
134
131
103
105
49
34
9
-26
8
22
65
38
-42
-89
-138
-59
39
126
169
81
6
-89
-104
-36
2
62
37
6
-12
-49
12
43
93
114
55
41
-18
-4
36
39
92
55
20
-40
-119
-98
-100
-42
10
-10
-7
-69
-86
-80
-99
-68
-62
-7
81
119
143
95
23
-36
-94
-90
-60
-29
-10
-37
-49
-29
27
94
106
84
54
67
129
139
92
-10
-96
-95
-59
16
66
85
98
31
-47
-115
-146
-91
-58
-19
10
2
13
-35
-68
-66
-68
-12
11
27
50
22
19
-45
-106
-113
-98
24
108
125
88
-28
-71
-87
-46
32
49
87
55
-12
-67
-145
-114
-44
46
125
83
41
-9
-7
47
41
44
3
-30
-13
-16
19
56
93
115
77
42
7
25
88
107
80
5
-67
-96
-74
-20
9
15
-9
-57
-79
-63
-24
11
17
-20
-83
-127
-135
-99
-39
7
-15
-76
-108
-123
-65
32
90
127
111
60
-22
-95
-100
-90
-20
65
90
118
118
115
120
110
101
40
4
-6
-27
6
26
46
76
75
73
43
59
119
152
172
115
21
-53
-97
-97
-92
-74
-67
-69
-67
-99
-139
-184
-176
-116
-68
-43
-131
-227
-255
-189
-21
83
141
127
50
-21
-135
-179
-169
-86
67
153
217
166
66
7
-47
6
59
116
184
151
110
-8
-115
-84
8
206
300
231
108
-63
-93
-41
55
171
143
79
-31
-121
-111
-125
-87
-56
-29
29
30
56
28
-57
-139
-208
-152
-66
0
26
-1
51
101
119
88
0
-12
-5
29
46
0
-46
-121
-139
-72
17
110
128
107
50
-53
-146
-205
-176
-98
-35
-16
-51
-95
-140
-147
-101
-16
103
181
173
69
-86
-176
-142
-22
130
206
167
95
7
-14
12
32
110
162
190
175
84
38
3
16
37
15
14
-31
-46
-45
-38
17
-1
-1
-17
-35
-19
-87
-76
-58
-8
89
27
-26
-127
-185
-121
-123
-45
6
52
104
19
-13
-83
-134
-118
-136
0
129
212
249
118
44
-40
-88
-26
-22
61
104
82
71
-72
-146
-164
-137
39
133
219
240
152
102
-40
-151
-185
-186
-64
28
82
62
-41
-116
-182
-157
-65
1
67
64
41
31
-14
-42
-83
-129
-133
-130
-89
-50
-53
-41
-20
29
89
78
54
16
-30
4
48
121
217
236
240
208
168
182
127
83
59
68
175
160
65
-71
-200
-101
35
180
252
106
-33
-221
-276
-151
-43
95
12
-139
-229
-308
-193
-153
-136
-106
-184
-152
-154
-110
6
10
43
-20
-95
-91
-147
-135
-139
-145
-36
21
90
119
67
88
86
123
185
161
172
153
119
128
89
117
171
159
125
5
-90
-96
-81
-12
25
16
23
-14
-33
-15
7
62
58
-27
-80
-106
-69
-18
-28
15
36
48
51
-46
-113
-179
-178
-51
36
124
119
21
-16
-78
-71
-32
-23
71
119
140
142
44
-28
-89
-85
68
206
327
331
176
43
-101
-156
-131
-160
-129
-154
-200
-156
-129
-12
74
93
163
135
85
-24
-175
-203
-209
-138
-31
23
101
91
47
0
-89
-88
-64
-20
45
38
42
-10
-89
-82
-70
-13
31
7
15
-19
-51
-33
-29
17
17
-39
-59
-99
-66
10
46
78
41
6
46
90
144
125
23
-68
-115
-50
97
194
214
133
-13
-87
-93
-15
132
210
235
173
10
-117
-211
-189
-41
72
183
202
123
59
-59
-127
-151
-171
-89
-16
43
56
-10
-38
-51
-12
30
15
10
-25
-15
20
-3
-17
-96
-128
-62
-8
93
108
37
-13
-113
-132
-104
-86
4
6
-48
-111
-218
-200
-100
17
165
202
183
138
42
30
46
75
114
46
-33
-82
-93
-13
27
29
25
-11
5
20
26
50
36
39
22
3
18
7
25
28
26
43
-21
-85
-160
-184
-103
-61
1
-14
-80
-64
-82
0
79
89
139
57
-5
-49
-120
-41
-15
28
68
-27
-40
-106
-122
-29
12
146
196
168
136
-16
-62
-65
-16
156
226
294
271
146
89
-18
-61
-83
-117
-67
-57
-8
10
