SAMPLES:	10184
BITSPERSAMPLE:	16
CHANNELS:	1
SAMPLERATE:	16000
NORMALIZED:	FALSE
-440
-475
-366
-159
56
164
72
-191
-467
-552
-353
12
327
406
261
95
75
153
136
-54
-251
-197
177
636
841
619
101
-354
-445
-148
228
338
150
-40
30
267
321
35
-381
-579
-427
-109
105
107
-13
-105
-92
-54
-118
-288
-413
-318
-48
139
68
-150
-229
-66
163
225
93
-77
-174
-198
-173
-89
26
86
70
100
246
362
237
-76
-240
-32
342
490
302
36
-34
74
130
11
-151
-180
1
306
547
530
178
-366
-771
-762
-348
163
418
311
25
-159
-108
89
251
243
62
-181
-350
-384
-287
-74
183
320
200
-134
-417
-341
89
485
458
24
-393
-430
-158
78
95
3
-37
-14
-12
-16
42
119
84
-73
-165
-24
252
358
125
-248
-429
-296
-10
192
245
256
283
256
88
-151
-316
-338
-259
-130
73
325
463
321
-68
-429
-498
-266
42
190
140
45
60
158
155
-59
-340
-404
-119
290
431
155
-272
-445
-213
188
405
290
-24
-256
-235
-24
159
139
-30
-120
8
238
308
129
-96
-117
47
171
121
10
8
88
103
-8
-126
-128
-23
94
136
93
13
-55
-87
-101
-122
-117
-48
42
20
-155
-322
-295
-94
69
52
-51
-65
61
217
238
46
-313
-619
-567
-104
442
622
340
-18
-49
202
341
117
-265
-404
-189
116
229
142
73
121
150
22
-191
-279
-128
153
352
352
177
-79
-295
-338
-181
17
56
-85
-227
-164
77
262
255
115
-26
-150
-295
-420
-406
-222
21
198
306
412
458
290
-98
-461
-501
-177
248
473
399
153
-84
-168
-51
204
408
361
62
-245
-310
-116
141
262
212
92
-28
-135
-221
-265
-229
-100
85
206
173
-1
-226
-399
-495
-552
-534
-346
10
379
555
459
208
-27
-174
-275
-342
-315
-131
157
368
364
194
11
-90
-153
-205
-159
83
427
595
401
-10
-261
-141
183
363
233
-45
-180
-61
174
293
199
-9
-152
-174
-175
-225
-267
-202
-12
184
236
134
-16
-106
-96
-14
88
123
-9
-295
-555
-576
-307
35
198
137
10
-10
72
151
149
81
12
-46
-61
36
206
315
223
-58
-327
-383
-207
42
216
288
305
317
285
109
-174
-411
-442
-231
72
267
288
221
189
220
226
118
-66
-193
-205
-156
-145
-202
-250
-199
-76
13
45
52
58
23
-119
-280
-243
55
346
273
-198
-668
-683
-237
227
324
127
-7
122
354
399
173
-138
-339
-385
-283
-71
180
351
331
171
96
242
481
569
349
-75
-423
-494
-289
64
375
481
353
100
-105
-114
55
217
208
30
-163
-249
-242
-225
-225
-191
-139
-170
-292
-357
-210
114
368
334
29
-356
-643
-714
-512
-112
258
349
133
-101
-21
337
547
310
-178
-427
-199
226
420
276
42
-9
135
286
327
245
85
-76
-155
-81
99
230
197
46
-73
-92
-58
-38
-69
-100
-61
23
52
-57
-277
-439
-403
-208
-33
-34
-177
-305
-306
-145
119
341
356
97
-285
-461
-232
182
401
251
-68
-218
-111
73
168
181
175
172
176
196
261
311
205
-30
-184
-115
79
179
106
-3
28
153
223
192
134
113
109
59
-17
-60
-118
-279
-467
-447
-114
344
558
347
-43
-233
-133
10
-72
-364
-572
-448
-60
299
366
112
-239
-419
-337
-92
134
216
181
90
-30
-150
-237
-263
-238
-182
-81
84
248
278
111
-88
-88
127
307
206
-140
-460
-561
-449
-223
47
287
388
319
200
177
238
222
50
-139
-160
-13
104
51
-31
53
294
450
304
-59
-314
-229
109
399
374
45
-295
-376
-167
113
239
206
145
125
129
94
-64
-328
-578
-645
-423
-40
223
227
73
-41
-4
118
212
236
178
27
-171
-295
-275
-148
-59
-65
-42
101
274
291
73
-214
-331
-214
23
219
277
198
52
-78
-101
4
123
129
11
-95
-86
-12
6
-47
-64
-12
-10
-175
-415
-498
-291
70
339
412
342
228
105
-38
-194
-338
-406
-325
-82
198
323
251
144
141
178
127
8
-42
29
125
126
64
30
15
-53
-135
-97
52
127
-14
-203
-150
157
417
353
12
-330
-485
-474
-378
-182
132
447
537
273
-177
-453
-329
77
383
330
23
-230
-246
-107
-17
-54
-117
-93
27
179
271
242
69
-200
-365
-252
97
413
430
176
-99
-224
-267
-313
-260
25
424
566
246
-285
-569
-436
-113
113
206
295
337
195
-75
-206
-26
274
328
20
-364
-482
-292
9
231
325
294
102
-221
-456
-379
-16
358
467
314
86
-105
-251
-342
-334
-216
-71
4
54
186
333
279
-27
-353
-367
-43
237
145
-176
-298
-21
379
448
119
-223
-249
-19
168
167
107
108
64
-142
-396
-430
-145
237
386
254
55
-51
-60
-62
-58
-2
55
29
-31
28
225
343
165
-257
-562
-450
10
456
521
152
-358
-619
-423
66
416
321
-88
-384
-257
180
529
508
169
-202
-367
-296
-125
12
56
27
-21
-53
-60
-48
17
138
235
171
-67
-276
-215
110
410
412
149
-109
-205
-212
-246
-258
-129
97
251
257
177
73
-77
-276
-385
-258
23
216
171
-3
-96
-41
74
152
195
242
245
106
-164
-397
-413
-204
46
146
83
-20
-57
-27
37
120
182
139
-20
-149
-85
126
220
8
-356
-514
-297
124
445
485
309
87
-72
-153
-181
-190
-199
-190
-121
32
195
236
121
-21
-16
145
288
235
-22
-330
-481
-388
-126
125
219
181
119
97
65
-7
-41
34
152
132
-60
-228
-188
-10
76
-17
-127
-94
53
160
139
49
-43
-117
-163
-142
-22
145
220
103
-122
-260
-156
138
376
328
13
-312
-377
-147
148
254
120
-99
-236
-200
-15
218
342
225
-87
-375
-422
-184
171
408
418
252
19
-205
-380
-436
-277
97
461
529
225
-181
-324
-147
86
94
-101
-242
-172
16
162
218
205
102
-104
-279
-231
37
270
234
-12
-200
-160
-4
74
35
-8
8
10
-71
-172
-109
159
425
427
124
-270
-479
-397
-153
43
81
31
45
187
354
365
155
-164
-390
-384
-195
-2
84
65
15
-20
-25
28
181
388
463
250
-206
-597
-632
-295
141
355
246
-4
-125
-29
128
144
8
-103
-66
42
74
21
-16
-6
-64
-229
-341
-228
69
327
386
320
258
148
-108
-411
-512
-338
-89
-1
-40
32
307
558
501
148
-231
-400
-345
-194
-46
70
138
125
36
-36
1
117
186
104
-97
-253
-148
224
520
365
-172
-647
-623
-142
288
307
70
-38
64
172
126
-30
-96
-35
-10
-69
-121
-121
-106
-126
-117
8
223
351
260
64
-74
-93
-57
-86
-152
-223
-276
-240
-111
104
275
288
204
82
47
49
40
66
57
44
2
-36
4
49
83
12
-129
-186
-174
-70
-9
-110
-228
-333
-253
-16
177
325
219
17
-169
-237
42
257
408
326
99
179
201
296
177
7
55
-109
-214
-528
-693
-536
-513
-360
-435
-306
84
502
1069
1120
996
629
195
52
-197
-225
-365
-579
-732
-1056
-929
-669
-54
564
781
847
588
505
405
239
23
-384
-599
-774
-758
-468
-31
618
900
818
357
-105
-278
-270
-107
-82
-86
-17
-11
37
-138
-148
6
228
379
-8
-319
-524
-378
19
121
299
141
94
142
45
223
-14
-143
-265
-294
18
59
215
97
-102
-65
-199
31
132
223
299
30
-73
-302
-196
128
119
132
-245
-281
-6
150
316
-87
-152
-108
36
298
29
16
-131
-30
163
-34
-97
-460
-306
92
383
592
194
-76
-380
-406
-214
-123
138
142
237
353
467
592
319
-50
-445
-520
-235
1
129
-18
-66
104
326
412
213
-43
-165
-137
-60
11
41
100
122
84
29
-83
-116
-269
-440
-499
-433
-51
198
242
-19
-413
-530
-501
-292
-210
-238
-220
-171
113
377
598
639
437
184
-144
-281
-324
-253
-164
-147
54
286
657
779
552
195
-248
-295
-262
-71
116
144
335
288
344
250
28
-81
-388
-382
-340
-107
166
15
-146
-441
-262
228
469
422
-160
-455
-292
106
441
128
-307
-674
-682
-331
-122
119
157
150
152
1
19
12
99
177
79
8
-193
-319
-396
-402
-219
-60
85
40
-85
-121
-35
174
296
302
179
109
97
33
-115
-330
-285
-21
303
428
342
534
1175
2201
3078
3399
3250
2626
1565
11
-1765
-3075
-3573
-3330
-2773
-2273
-1730
-1073
-328
410
937
1400
1803
2025
2004
1469
584
-598
-1891
-3032
-4073
-4576
-4285
-2911
-747
1218
2478
2748
2432
1790
753
-452
-1716
-2631
-3014
-2930
-2183
-833
944
2630
3477
3443
2745
1903
1262
644
123
-366
-643
-428
117
995
1825
2443
2809
2705
2354
1777
1166
491
-434
-1405
-2229
-2607
-2584
-2334
-1779
-1006
-35
755
1213
1364
1243
1148
992
639
-242
-1694
-3014
-3850
-3888
-3369
-2451
-1206
-21
1064
1873
2317
2174
1309
88
-994
-1728
-2088
-2139
-1909
-1088
-49
1119
1655
1120
407
280
2086
4203
5061
4702
4152
4722
4312
1829
-1845
-4947
-5763
-5605
-4942
-4212
-3472
-2074
-754
542
1492
2153
3096
3793
4498
4588
3416
1377
-1193
-2961
-4321
-5337
-5287
-4034
-1567
696
2479
3722
4000
3470
1719
-600
-2896
-4232
-4031
-3188
-2067
-744
1044
2730
3270
2615
1200
-278
-1368
-1974
-2041
-1657
-744
650
1925
2521
2308
1600
771
-197
-1211
-1961
-2095
-1452
-518
346
1060
1806
2718
3442
3609
3023
1886
752
-86
-516
-624
-595
-445
-229
89
464
632
523
201
-74
-350
-855
-1376
-1677
-1604
-1371
-1216
-1098
-872
-496
-262
-351
-635
-860
-864
-748
-847
-1297
-1937
-2382
-2294
-1677
-856
-265
200
579
1085
1739
2031
1714
611
-663
-1631
-2220
-2271
-1935
-100
2968
5759
7223
7289
7401
6826
4285
-62
-4478
-6683
-6970
-6064
-4753
-3818
-2690
-1491
-160
992
2067
3582
4909
5834
5810
4422
1871
-1509
-4325
-6232
-7220
-6935
-5073
-1687
1763
4668
6714
7381
6458
3815
159
-3727
-6708
-7831
-7240
-5416
-3024
-199
2603
4503
5025
4328
3031
1551
39
-1390
-2337
-2242
-1156
169
960
1051
830
714
575
233
-247
-675
-899
-837
-421
221
914
1717
2728
3769
4206
3779
2881
1853
680
-710
-1851
-2474
-2759
-2931
-3061
-2925
-2532
-2021
-1475
-844
216
1621
2766
3030
2307
1119
-278
-2020
-3972
-5653
-6345
-5737
-3962
-1425
1042
2915
3837
3648
2476
645
-943
-2104
-2995
-3457
-3247
-2003
-411
1073
2063
2090
1566
746
344
346
924
2793
5125
7077
8049
8531
8528
6465
2290
-2612
-6006
-7044
-6840
-6194
-5683
-4812
-3144
-1185
515
1494
2423
3802
5401
6797
6923
5370
2353
-1125
-3995
-6348
-7924
-8171
-6463
-3184
193
2983
4715
5363
4791
2781
-145
-3351
-5566
-6240
-5682
-4304
-2395
145
2477
3662
3401
2222
900
-536
-1905
-2812
-2618
-1250
482
1769
2169
2141
1981
1598
652
-917
-2315
-3100
-2917
-1928
-463
1132
2481
4191
5983
7112
6895
5690
4801
3812
2069
-652
-3404
-4942
-5493
-5278
-4970
-4563
-3543
-2009
-220
982
1821
2681
3340
3546
2926
1594
-518
-2925
-4688
-5517
-5384
-4408
-2259
557
2915
4192
4117
2945
832
-1572
-3699
-5486
-6413
-6151
-4549
-2252
47
2251
3956
4771
4465
3354
2131
1145
348
-516
-1550
-2241
-2541
-3024
-3197
-1649
2893
8621
12382
13565
13339
12618
9541
3035
-4748
-10591
-12630
-12198
-11022
-9609
-7794
-4955
-1683
1446
4209
6586
8773
10422
11267
10332
6614
794
-5428
-9968
-12774
-13868
-12297
-7832
-1284
4642
8751
10435
9351
6145
1270
-3730
-7901
-10218
-10030
-8332
-5275
-1384
2806
5929
6768
5838
3826
1460
-929
-2921
-3981
-4001
-2681
-264
2240
3922
4375
3895
2454
299
-2241
-4842
-6482
-6710
-5452
-3211
-610
2502
5626
9125
12352
14069
13642
10862
7470
3744
-547
-5180
-9049
-10435
-9957
-8461
-6757
-5311
-3376
-1019
1486
3124
4209
5397
6277
6149
4693
2234
-788
-3757
-5973
-6800
-6503
-5218
-3197
-506
2015
3584
3925
2675
-118
-3512
-6108
-7328
-7151
-5467
-2760
261
2770
4543
5132
4390
2630
245
-1496
-2339
-2127
-1439
-394
931
1946
2551
2226
1083
-504
-2465
-3708
-3287
-93
5140
9480
11766
12062
12085
11008
6730
-21
-6569
-9824
-10002
-9237
-8027
-7005
-5340
-2871
-151
2584
5057
7876
9928
10405
9246
6215
1454
-4304
-9394
-12808
-13992
-12582
-8651
-2938
2603
7271
10381
10961
8288
3207
-2285
-7485
-11394
-12947
-12219
-9535
-5445
-152
4935
8203
8855
7210
4733
2050
-621
-3023
-4584
-4279
-2367
43
1733
2362
2455
1631
-120
-2239
-4072
-4978
-4745
-3492
-1397
1063
5017
10557
15563
17833
16183
13089
9733
5209
-1356
-8816
-13656
-14639
-13079
-10351
-8256
-6068
-3427
-158
3166
5853
8442
10421
11300
10374
7178
2275
-4026
-9433
-12512
-13283
-12097
-9185
-3128
3389
8219
10012
9198
6756
2086
-3587
-9014
-12558
-12555
-9833
-5216
-720
3456
7227
9174
8682
5836
2101
-1294
-3829
-4925
-4804
-3563
-1354
1149
3041
3428
2649
1255
-397
-2348
-4152
-5004
-4485
-2608
123
4456
9524
13408
14934
14252
13110
10187
4537
-2664
-8550
-10786
-10761
-9553
-8249
-7321
-5633
-3077
9
2358
4431
6722
8384
8782
7439
4466
-207
-5539
-9223
-10839
-10839
-9477
-5458
430
5398
7860
7832
6075
2505
-2095
-6778
-10754
-12642
-11836
-8469
-3992
695
5412
8883
10200
9020
6483
3522
362
-2359
-4202
-4784
-3932
-2115
-296
580
530
57
-539
-1109
-1640
-1997
-1975
-1070
777
4227
8795
12423
14005
13492
12729
10672
5764
-1115
-7668
-11263
-12455
-12042
-10163
-8093
-5286
-1991
1398
3992
5868
8023
9610
9458
7540
4204
-534
-5718
-9557
-11102
-11197
-10157
-6539
-825
4796
8321
9434
8614
5599
899
-4577
-9801
-13248
-13726
-11190
-6888
-1928
3041
6910
8469
7709
5571
2935
485
-1421
-2866
-3527
-2763
-775
1266
1870
1142
-265
-1502
-2711
-3765
-4465
-4252
-2654
407
5458
10845
14641
15738
14679
13519
10672
5148
-1920
-7899
-10552
-11572
-11396
-10700
-9530
-6813
-3282
468
3685
6772
9815
11558
11470
9035
4546
-1269
-6821
-10429
-12210
-12552
-10854
-6048
150
5043
7712
8699
7916
4895
-56
-5711
-10505
-12861
-12153
-9281
-5568
-1297
3541
7783
9742
8829
6157
3034
22
-2515
-4648
-5517
-4420
-1687
981
1807
1468
615
64
-855
-2281
-3625
-4492
-3336
-422
4849
10699
14706
16390
15515
14264
10805
4547
-2835
-9157
-11886
-12867
-12572
-11349
-9391
-5830
-1787
2094
5006
7632
10474
12071
11382
8657
4280
-1156
-6436
-10235
-12260
-12852
-10780
-5663
458
5038
7344
8224
7206
4094
-699
-5890
-10244
-12615
-12064
-9632
-6067
-1535
3580
7650
8938
7667
5000
2111
-672
-2860
-4314
-4593
-3358
-1236
946
2058
2181
1561
533
-954
-2854
-4486
-5068
-3847
-1104
3837
9644
14265
16392
15987
15336
12730
7349
-97
-7130
-10854
-12459
-12508
-12040
-11023
-8121
-3917
748
4368
7596
10449
11927
11363
8820
4818
-739
-6358
-10421
-12460
-12531
-10322
-5208
766
5120
7018
7184
5998
3369
-496
-5110
-9568
-12341
-11991
-9044
-5152
-888
3492
7263
8951
8069
5268
1859
-1263
-3406
-4462
-4334
-3109
-930
1531
2910
2979
1722
-147
-2257
-4158
-5463
-5501
-3540
-203
4743
10147
14000
15757
15207
14591
12060
6861
-6
-5975
-8736
-10182
-10956
-11322
-11088
-8578
-4605
-218
3252
6164
9464
12122
12865
10823
6482
489
-5764
-10693
-13550
-14327
-12404
-7350
-936
4445
7614
8745
7853
4584
-706
-6584
-11346
-13644
-12969
-10117
-6134
-1437
3556
7733
9507
8386
5403
2087
-850
-3034
-4451
-4828
-3575
-1083
1631
3047
3046
1813
295
-1222
-2447
-3387
-3780
-2736
-99
4943
10163
13973
15507
14982
13854
10729
5697
-382
-5730
-8603
-10412
-10762
-10399
-9247
-6835
-3970
-746
2189
5555
9169
11496
11423
8716
4138
-1313
-6348
-10053
-12326
-12728
-10433
-4965
1040
5442
7433
7636
6504
3264
-1538
-6936
-11554
-13537
-12717
-9691
-5564
-761
4317
8116
9548
8454
5930
2910
-148
-2937
-5169
-5801
-4515
-1975
413
1430
1351
548
-514
-1623
-2369
-2739
-2544
-1125
1967
7246
12012
14892
15019
13884
12436
8754
3358
-2689
-6919
-8635
-9621
-9695
-9797
-8711
-6121
-2713
922
3730
6948
9953
11751
11225
8175
3224
-2667
-7918
-11661
-13699
-13436
-10091
-4151
1951
6370
8746
9103
7249
3024
-2593
-8145
-12274
-13810
-12633
-9594
-5526
-770
4148
7733
8738
7340
4858
2118
-500
-2729
-3928
-3411
-1594
631
2071
2346
1627
289
-1391
-3099
-4296
-4841
-3883
-1464
2752
8098
12359
15143
15338
14692
12654
8075
2078
-4242
-7917
-9249
-9638
-9272
-9361
-8231
-5905
-2560
940
3795
6994
10011
11708
11043
7708
2667
-3089
-8205
-11657
-13561
-12866
-9258
-3204
3074
7295
9334
8689
5833
1117
-4466
-9263
-12520
-12921
-11056
-7598
-3185
1640
6209
8898
9022
6899
3646
182
-2795
-4819
-5489
-4590
-2617
-293
1334
1820
1191
41
-1300
-2119
-2607
-2414
-950
1871
6759
11135
13759
14022
12970
12054
9014
3968
-2015
-6734
-8746
-9803
-9647
-9145
-8227
-6119
-3300
384
3540
6475
9308
11186
11434
9313
4898
-739
-6497
-10763
-13316
-13754
-11096
-6057
-26
4658
7518
8771
7398
3938
-1093
-6324
-10414
-12577
-11827
-9311
-5628
-1219
3209
6538
7832
7280
5469
2924
44
-2508
-4273
-4495
-3225
-1147
565
1398
1363
623
-450
-1878
-2879
-3504
-2939
-1015
2379
7328
11663
14490
14859
14190
12854
9011
3095
-3670
-8173
-10200
-10957
-10556
-9875
-8062
-5436
-2052
1456
4444
7462
9878
11071
10455
7790
3333
-2012
-6789
-10027
-11984
-12301
-9857
-5024
406
4539
7144
7981
6565
3224
-1541
-6576
-10693
-12295
-11180
-8318
-4366
246
4915
7902
8357
6693
3958
976
-1747
-3966
-5384
-5201
-3515
-939
856
1691
1626
653
-369
-1770
-2548
-2938
-2270
-207
2809
7419
11285
13470
13255
12105
11109
8243
3465
-2354
-6526
-8419
-9026
-8630
-8266
-7407
-5468
-2408
1097
4158
7243
9856
10838
9781
6595
2134
-2828
-7041
-9677
-11526
-11609
-9304
-4477
1049
4939
7180
6981
5026
1595
-2933
-7328
-10917
-11681
-10049
-7094
-3373
557
4430
6721
6980
5436
2786
194
-1951
-3409
-4023
-3609
-1999
-276
1086
1707
1212
156
-1425
-2224
-2705
-2671
-1177
1568
6334
10675
13671
14393
13128
11844
9008
4576
-1303
-6472
-8945
-9887
-9385
-8506
-7312
-5201
-2501
661
3287
5607
8425
10586
11082
8989
4623
-458
-5691
-9537
-12221
-13150
-11036
-6559
-548
4160
7290
8582
7232
3993
-1086
-6052
-10211
-12417
-11763
-9397
-5615
-1433
2946
6389
7645
6979
4651
1784
-1042
-3390
-4810
-5007
-3559
-1246
697
1540
1208
509
-350
-938
-1392
-1995
-1447
513
4586
9236
12522
14069
13359
12144
9732
5509
65
-5340
-8294
-9432
-9414
-8480
-7117
-5025
-2921
-422
2180
4897
7742
10108
10725
8946
5110
133
-4927
-9348
-11983
-12856
-11267
-7266
-1712
3446
6535
7920
7345
4744
332
-4965
-9340
-12159
-12208
-9900
-6198
-1795
2611
6489
8552
8174
5981
2815
-396
-2906
-4524
-4838
-3972
-2165
-80
1404
2130
1718
396
-1475
-2865
-3424
-3084
-1173
2056
6935
11246
13958
14432
12956
11086
7657
3066
-2257
-6492
-8253
-9003
-8800
-8276
-6991
-4841
-2470
339
2886
5305
7698
9572
10166
8674
5107
228
-5296
-9755
-12326
-12570
-10411
-6475
-1290
3239
6425
7765
6841
3952
-708
-5561
-9605
-11678
-11149
-8833
-5091
-826
3519
6652
7410
6219
3698
1028
-1484
-3586
-4692
-4556
-2737
-286
1586
2179
1493
429
-1011
-2073
-2551
-2480
-1464
731
4861
9696
13262
14719
14151
12659
9863
5406
-87
-5411
-8808
-10155
-9840
-8487
-6946
-4941
-2716
-231
2244
4527
6977
8820
9578
8434
5398
1141
-3698
-7828
-10919
-12374
-11344
-7898
-2744
1965
5261
7009
6830
4798
817
-3940
-8244
-10974
-11203
-9508
-6451
-2447
1972
5893
7958
7747
5799
2687
-758
-3578
-4823
-4587
-3176
-1092
941
2101
2142
1389
43
-1719
-3166
-3886
-3066
-870
3165
8694
13129
15447
14738
12979
9965
5155
-464
-5921
-8915
-9792
-9378
-7979
-6691
-4729
-2571
-335
1866
3704
5982
7894
8852
8336
6152
2718
-1582
-6014
-9359
-11298
-11116
-8889
-4749
7
4030
6658
7186
5663
2077
-2503
-6870
-9957
-10790
-9689
-6974
-3384
904
4983
7398
7574
5748
3092
-7
-2613
-4196
-4436
-3423
-1846
77
1243
1494
895
-275
-1707
-3215
-3888
-3136
-994
2499
7196
11876
15475
16474
15361
12368
7461
1438
-4735
-9065
-11051
-11345
-10000
-8071
-5739
-3387
-967
1827
4355
6618
8426
9160
8741
6810
3544
-795
-5628
-9446
-11773
-11817
-9530
-5277
-267
3791
6368
6985
5723
2903
-1139
-5484
-9334
-11055
-10254
-7581
-3926
28
3943
6516
7202
6072
3969
1422
-1459
-3799
-5078
-4624
-2793
-502
1577
2377
2201
917
-1046
-3128
-4875
-4857
-2861
784
5531
10160
13942
15846
15396
13341
9257
3781
-2234
-7277
-9976
-10932
-10349
-8744
-6806
-4342
-1794
1081
3616
5820
7785
9078
9202
7627
4688
682
-3662
-7384
-9809
-10459
-9423
-6649
-2835
1069
4456
6516
6592
4352
396
-4044
-7979
-10379
-10668
-9166
-6029
-1899
2686
6361
7768
7032
4815
2084
-840
-3655
-5414
-5560
-4045
-1737
553
2027
2505
1937
785
-774
-2614
-3827
-3837
-2023
1304
5966
11129
15088
16565
15476
12688
8476
3023
-2970
-8015
-11054
-11958
-10881
-8875
-6505
-4003
-1206
1865
4476
6556
8146
8908
8654
6996
3943
-70
-4719
-8538
-11162
-11794
-10054
-6543
-1919
2058
5063
6545
5909
3495
-655
-5042
-8787
-10632
-10160
-8064
-4690
-612
3678
6803
7866
6935
4600
1632
-1429
-3777
-4949
-4710
-3205
-1040
1126
2512
2776
1966
287
-1963
-4078
-5102
-3770
-458
4078
8926
13041
15647
15746
14035
10715
5712
-171
-5495
-8677
-10069
-10199
-9337
-7838
-5662
-3030
-44
2561
4542
6335
7908
8716
8159
6182
2858
-1580
-6004
-9294
-10730
-10123
-7683
-4133
-626
2315
4408
5076
3922
1117
-2419
-5911
-8494
-9431
-8679
-6412
-3119
803
4357
6540
6884
5617
3303
434
-2383
-4402
-4969
-4018
-2105
-88
1409
2181
2035
1155
-591
-2568
-4060
-4164
-2287
945
5525
10120
13895
15788
15660
14244
10632
4981
-1724
-7256
-10130
-11199
-10786
-9633
-7814
-5229
-2287
902
3580
5792
7823
9022
9003
7316
4144
203
-4197
-7712
-10347
-11343
-10030
-6728
-2262
1304
4017
5557
5435
3585
-107
-4153
-7891
-9883
-9650
-7857
-4894
-1316
2785
6030
7289
6559
4491
2057
-446
-2771
-4488
-5032
-3931
-1644
778
2500
2987
2473
1211
-393
-2051
-3481
-3713
-2149
1239
5787
10322
13739
15077
14456
12230
8428
3151
-2529
-7095
-9677
-10192
-9308
-7745
-6138
-4214
-1683
903
3150
4887
6501
7756
7922
6759
3934
339
-3418
-6630
-9101
-10186
-9056
-6104
-2583
347
2504
3797
3800
2278
-534
-3889
-6974
-8804
-9010
-7524
-4684
-831
3116
5867
6804
5937
4119
1729
-861
-3267
-4699
-4543
-2954
-822
954
1981
2163
1740
640
-875
-2566
-3504
-2665
-162
3738
8047
12254
15006
15370
13771
10514
6143
768
-4455
-8289
-10440
-10842
-9973
-8099
-5669
-3061
-374
2135
4337
6302
7702
8184
7229
4973
1817
-1966
-5479
-8365
-9795
-9546
-7379
-3796
-276
2582
4175
4652
3605
941
-2311
-5487
-7403
-8073
-7517
-5941
-3545
-107
3442
5966
6440
5123
2965
576
-1577
-3182
-3867
-3431
-2072
-348
1023
1680
1565
761
-593
-2409
-4198
-5036
-3831
-306
4711
10029
14026
15995
15771
13898
10609
5528
-256
-5444
-8830
-10461
-10834
-9699
-7774
-5411
-2921
-230
2633
5296
7560
9039
9379
8288
5845
1957
-2586
-6840
-10039
-11424
-10972
-8299
-4416
-394
3033
5159
5894
4610
1764
-2051
-6002
-8915
-10119
-9165
-6596
-2962
974
4256
6185
6270
4909
2555
-112
-2445
-3869
-4011
-2968
-1427
22
931
1347
1522
1048
-189
-2231
-3912
-3858
-1921
1921
6416
10857
14174
15311
14797
12324
8370
3064
-2673
-7055
-9803
-10592
-9802
-8084
-5644
-3315
-1024
1104
2865
5017
7034
8633
8692
6838
3931
-23
-3832
-7470
-10014
-10695
-9402
-5826
-1826
1782
4251
5298
5090
2925
-150
-3672
-6827
-8913
-9572
-8270
-5546
-1756
2135
5093
6324
5910
4284
1773
-1203
-3683
-4788
-4110
-2265
-194
1207
1526
1297
639
-450
-2001
-3664
-3975
-2658
683
5259
9731
13293
14769
14947
13209
9346
3650
-2474
-6915
-9459
-10255
-9775
-8349
-6140
-3808
-1360
1123
3617
6153
8100
8749
7874
5624
3034
45
-3211
-6360
-9197
-9935
-8826
-5564
-1832
1206
3776
5047
5221
3162
-568
-4417
-7701
-9310
-9756
-8526
-5639
-1530
2743
5644
6635
6004
4462
2091
-600
-3175
-4500
-4406
-3214
-1447
183
1561
2422
2529
1374
-877
-3362
-4377
-3391
-423
4037
8520
12523
14665
15286
13978
10231
5014
-1082
-5860
-9124
-10751
-10473
-9076
-6489
-4039
-1824
142
2195
4622
6778
7919
7709
6304
4005
1216
-2148
-5475
-8412
-9876
-9119
-6484
-2698
608
3234
4746
4878
3644
708
-2755
-6245
-8599
-9498
-8874
-6339
-2619
1534
4616
5992
5994
5208
3649
1076
-1934
-4068
-4413
-3367
-1541
37
1179
1567
1137
198
-1264
-2512
-3272
-2784
-1066
2178
6547
10908
14156
15347
14613
11478
6445
723
-4445
-7775
-9862
-10341
-9563
-7790
-5131
-2417
425
2619
4324
5738
6546
6800
6017
4292
1772
-1599
-4837
-7518
-8615
-8203
-6294
-3400
-652
1663
3139
3865
3320
1153
-1998
-5374
-7710
-8744
-8402
-6515
-3300
804
4264
6041
6138
5324
3999
1867
-799
-2999
-4141
-3990
-2902
-1294
301
1105
1383
1092
263
-1255
-2855
-2983
-1468
2042
6412
10652
13663
14756
14413
12145
7991
2068
-4163
-8725
-11062
-11157
-9876
-7817
-5184
-2439
123
2227
3904
5545
6700
7047
6299
4228
1871
-1091
-3834
-6560
-8409
-8272
-6762
-3897
-1311
1215
3256
4054
3771
1499
-1526
-5017
-7640
-8571
-8309
-6489
-3855
-147
3432
5644
6162
5222
3828
1863
-565
-2916
-4388
-4309
-3060
-1327
189
1023
1327
1044
265
-943
-2241
-2498
-1566
1218
5164
9464
13057
14676
14691
12507
8366
2657
-3499
-8005
-10763
-11311
-10245
-8114
-5121
-2307
394
2559
4301
5848
6713
6808
5724
3713
1322
-1301
-3585
-5599
-6933
-7266
-6384
-4169
-1405
1213
2982
3515
2920
1087
-1602
-4669
-7347
-8747
-8741
-7055
-4073
-198
3625
6152
6966
6152
4562
2545
30
-2404
-4118
-4305
-3365
-1984
-510
550
1134
836
-13
-961
-1978
-2370
-1854
458
4357
8701
12469
14330
14566
12725
8975
3816
-1964
-6800
-10264
-11848
-11340
-9325
-6160
-3109
-290
2179
4232
6156
7271
7296
6304
4210
2022
-714
-3344
-5604
-7433
-7528
-6640
-4157
-1501
769
2689
3227
2879
1005
-1632
-4182
-6599
-7644
-7883
-6667
-4440
-1305
2350
5168
6449
5902
4358
2355
165
-2058
-3741
-4295
-3670
-2283
-750
580
1403
1257
304
-1051
-2194
-2449
-1551
1079
4963
8945
12417
14511
15199
13403
8943
3168
-2727
-7113
-10106
-11497
-11067
-9456
-6514
-3164
331
3418
5541
7080
7748
7431
6147
3629
854
-2313
-5181
-7251
-8231
-7197
-5117
-2230
232
1982
3204
3229
2215
-398
-3741
-6630
-8418
-8615
-8023
-6276
-3266
682
4488
6715
7330
6607
5017
2604
-441
-3367
-5224
-5444
-4248
-2610
-887
661
2003
2279
1211
-477
-2025
-2177
-1344
1189
4772
8646
11959
13790
14431
12879
9037
3504
-2550
-7125
-10308
-11567
-11166
-9500
-6694
-3741
-424
2787
5646
7548
7979
7108
5608
3512
1392
-1493
-4539
-6896
-8074
-7021
-5024
-2241
132
1806
3005
3004
2247
2
-3139
-6165
-8522
-9042
-8354
-6311
-3429
-16
3559
6357
7935
7632
5508
2214
-1254
-3832
-4811
-4649
-3704
-2610
-1205
368
1749
2159
1349
-175
-1554
-1798
-699
1896
5311
9033
12251
14007
13966
11707
7510
2292
-3278
-7631
-10581
-11644
-10911
-8932
-5812
-2529
893
4098
6580
8241
8405
7384
5207
2163
-880
-3937
-6218
-7918
-8090
-6516
-3802
-744
1413
3002
3714
3354
1657
-1433
-4821
-7892
-9688
-9836
-8466
-5697
-2110
1881
5279
7314
7843
7109
5346
2419
-1059
-3914
-5154
-4835
-3783
-2422
-853
706
1862
1891
1084
-205
-1320
-1537
-833
1369
4511
8233
11777
13988
14415
12292
8113
2743
-2910
-7489
-10659
-11815
-11163
-9245
-6486
-3562
-360
3028
6096
8202
8603
7442
5370
2552
-260
-3218
-5731
-7383
-8064
-6850
-4676
-1594
1263
3393
4629
3974
2149
-863
-4205
-7278
-9746
-10361
-9331
-6517
-2607
1684
5674
8123
8871
7853
5595
2513
-831
-3623
-5085
-5299
-4572
-3507
-2032
-299
1249
1986
1652
604
-574
-953
-126
2327
5566
8839
11557
13291
13626
11704
7451
2179
-3092
-7113
-10023
-11498
-11229
-9525
-6426
-2901
715
3921
6358
7907
8235
7237
5153
2225
-1041
-4325
-7148
-8849
-8737
-6909
-3877
-878
1862
4133
5387
4873
2085
-1810
-5791
-8779
-10368
-10356
-8668
-5805
-2041
2027
5686
8187
8936
8087
5814
2739
-560
-3346
-4940
-5261
-4488
-3245
-1734
-76
1425
2193
1811
550
-907
-1531
-717
1891
5496
9190
12148
13765
13648
11122
6796
1586
-3312
-7334
-10294
-11644
-11122
-8919
-5907
-2797
34
2802
5454
7581
8605
7832
5746
2597
-637
-3776
-6536
-8197
-8570
-6893
-4171
-918
2054
4272
5488
4707
2172
-1576
-5110
-7643
-9234
-9785
-9216
-6780
-2823
1744
5551
7804
8443
7561
5690
2801
-428
-3580
-5514
-5761
-4680
-2867
-1135
306
1141
1252
966
287
-423
-841
-150
2293
5503
8823
11268
13016
13260
11111
6729
1301
-3441
-7078
-9631
-10815
-10465
-8403
-5483
-2328
642
3213
5568
7238
7926
7093
5024
2152
-841
-3856
-6513
-8435
-8715
-6881
-3718
-330
2168
3996
5023
4706
2660
-898
-4831
-8198
-10231
-10523
-9255
-6513
-2632
1861
5745
8077
8648
7915
5981
2948
-534
-3455
-4852
-5083
-4375
-3304
-1764
-73
1190
1549
944
-211
-1090
-882
901
3971
6904
9467
11318
12620
12373
9612
5040
-436
-5006
-8177
-10003
-10333
-9709
-7584
-4629
-1450
1579
4117
6552
8017
8117
6738
4187
1169
-2082
-5179
-7733
-9168
-8572
-5939
-2362
896
3240
5104
6024
5204
2243
-2198
-6518
-9755
-11276
-11104
-9355
-5962
-1497
3211
6749
8541
8739
7596
5389
2059
-1344
-4056
-5278
-5297
-4528
-3082
-1353
377
1255
1143
519
-356
-718
-429
1597
4941
8362
10869
12155
12871
11874
8695
3625
-1558
-5566
-8299
-9661
-9741
-8592
-6548
-4022
-1198
1520
4040
6179
7429
7325
5889
3605
1004
-2021
-5173
-7981
-9508
-8880
-6261
-2353
1244
3908
5390
5627
4372
1410
-2425
-6393
-9424
-11159
-11247
-9443
-5999
-1146
3708
7512
9297
9027
7389
4558
1253
-1966
-4110
-4772
-4691
-4012
-2977
-1228
537
1314
1062
225
-440
-352
404
2753
5737
8938
11227
12168
12080
10088
6710
1976
-2879
-6703
-9167
-9814
-9159
-7537
-5203
-2695
113
2728
5126
6913
7638
6989
5161
2524
-332
-3583
-6631
-8789
-8973
-7038
-3957
-727
1982
4254
5794
5836
3997
331
-4010
-8093
-10805
-11778
-10977
-8489
-4695
24
4539
7827
9319
8996
7416
4644
1242
-2191
-4746
-5771
-5581
-4412
-2937
-1209
203
832
758
292
66
380
1479
4031
7041
10052
11780
12362
11778
9287
5183
-75
-4767
-7857
-9567
-9647
-8622
-6501
-3715
-1042
1657
3817
5539
6513
6492
5620
3761
1107
-1618
-4389
-6565
-8125
-8398
-6860
-4276
-1005
1945
4383
5820
5342
3135
-564
-4590
-8118
-10602
-11173
-9999
-7058
-3055
1395
5547
8295
9144
8102
5926
3221
469
-2051
-3734
-4532
-4453
-3651
-2297
-536
716
1012
559
-227
-489
-6
1617
4360
7108
9671
11408
12389
11787
8797
4171
-932
-5210
-8091
-9846
-9970
-8807
-6411
-3255
-272
2483
4438
5852
6475
6195
5233
3423
926
-2059
-4969
-7025
-8040
-7699
-6239
-3885
-1090
1832
4449
5738
5096
2524
-887
-4453
-7598
-9815
-10732
-9965
-7600
-3656
1207
5673
8582
9370
8374
6126
3076
-94
-2888
-4568
-5140
-4599
-3355
-1735
-279
378
114
-429
-720
-254
799
2561
5271
8172
11183
12949
13331
11696
7932
3049
-2271
-6566
-9219
-10416
-9939
-8589
-6141
-3050
9
2882
4943
6388
7180
7000
5931
3623
379
-2883
-6079
-7989
-9017
-8418
-6349
-3413
168
3064
5278
6055
5211
2849
-961
-4922
-8421
-10584
-11084
-9874
-6828
-2799
1598
5425
8218
9448
8899
6654
3284
-319
-3118
-4446
-4576
-4090
-3393
-2228
-927
65
124
-264
-765
-877
-142
1613
4727
8034
11038
12872
13205
11843
8235
3298
-2004
-6349
-8970
-10251
-9882
-8396
-5825
-2722
83
2631
4625
6347
7348
7022
5502
2998
256
-2546
-5450
-7778
-9151
-8518
-6333
-3160
43
2714
4946
6067
5694
3253
-619
-4776
-8279
-10350
-10971
-9760
-6859
-2748
1775
5476
7896
8565
7744
5667
2783
-192
-2682
-4161
-4605
-4153
-2950
-1400
-156
391
38
-407
-730
-587
265
1882
4702
7621
10294
11722
11794
10444
7317
3373
-1148
-5048
-7899
-9403
-9065
-7599
-5133
-2497
130
2591
4463
5820
6415
6272
5333
3377
698
-2319
-5264
-7371
-8484
-7993
-6105
-3390
-416
2006
3954
4827
4347
2468
-512
-3631
-6624
-8847
-9856
-9184
-6667
-2932
1281
4888
7218
7904
7194
5461
2934
42
-2649
-4319
-4645
-3860
-2487
-1169
-389
-223
-566
-786
-819
-724
-112
1290
4202
7498
10356
12047
12312
11407
8533
4336
-651
-5099
-8128
-9668
-9370
-7957
-5739
-3200
-693
1797
3913
5716
6801
6670
5456
3398
1109
-1411
-4245
-6661
-8238
-8164
-6691
-4278
-1334
1391
3949
5543
5647
3824
343
-3454
-6882
-9189
-10133
-9473
-7047
-3445
656
4107
6329
7208
6833
5477
3126
338
-2165
-3813
-4232
-3834
-2754
-1459
-466
166
93
-84
-385
-529
127
1495
4075
6744
9137
10983
11708
11478
9137
5202
526
-3924
-6911
-8800
-9147
-8250
-6457
-3676
-857
1893
3954
5331
6263
6308
5580
3923
1559
-1145
-4157
-6614
-8211
-8527
-7429
-5264
-2135
957
3758
5618
5750
4093
852
-2832
-6422
-9171
-10313
-9865
-7582
-4128
17
3807
6234
7157
6672
5349
3216
654
-1616
-3273
-3980
-3817
-2912
-1626
-629
112
225
55
-96
-332
-44
778
3071
6148
8812
10632
11050
10731
8891
5572
1519
-2652
-5742
-7874
-8630
-7993
-6429
-3849
-1053
1617
3596
4870
5965
6409
5783
4043
1591
-788
-3196
-5314
-6988
-7885
-7317
-5490
-2601
292
2733
4317
4582
3531
1188
-1837
-5091
-7948
-9472
-9357
-7521
-4487
-658
2932
5261
6195
6041
5112
3289
907
-1378
-2969
-3537
-3083
-2045
-921
-314
-42
-38
-271
-542
-803
-615
118
1817
4737
7865
10418
11623
11509
10243
7444
3668
-746
-4816
-7532
-8631
-7976
-6586
-4959
-3024
-1006
1392
3468
5024
5741
5363
4566
2943
701
-2124
-4982
-6990
-8130
-7692
-6008
-3557
-978
1156
3183
4434
4617
3243
288
-3470
-7181
-9252
-9450
-8062
-5501
-2177
1613
4610
6321
6704
5975
4407
1995
-404
-2192
-3064
-3047
-2522
-1626
-655
253
883
845
158
-545
-633
60
1172
2726
5039
7587
9605
10393
10063
8784
6222
2666
-1261
-4605
-6839
-7942
-7713
-6451
-4382
-1858
621
2839
4252
4917
4937
4413
3519
1913
-266
-2889
-5439
-7270
-8144
-7550
-5743
-3066
-195
2326
4219
4754
3725
1294
-1782
-4777
-7246
-8545
-8544
-7199
-4757
-1590
1803
4400
5721
5701
4667
3015
942
-902
-2186
-2666
-2309
-1633
-801
-210
348
740
389
-454
-1432
-1501
-400
1781
4907
7647
9622
10598
11094
10903
8854
5218
559
-3738
-6869
-8522
-8354
-7227
-5494
-3410
-1092
1463
3574
5334
6355
6269
5157
3142
788
-1960
-4771
-6981
-8339
-8234
-6866
-4378
-1436
1253
3650
4981
4891
3004
-141
-3519
-6579
-8453
-9162
-8467
-6334
-3220
362
3142
4996
5808
5531
4135
1708
-576
-2170
-2683
-2352
-1723
-977
-407
261
754
630
-152
-1230
-1743
-1312
205
2752
5815
8771
10993
12113
11970
10194
6834
2389
-2221
-5884
-8081
-8525
-7636
-6108
-4203
-2092
494
3197
5359
6542
6365
5254
3349
1025
-1458
-4138
-6455
-8105
-8290
-6954
-4657
-1765
983
3443
4837
4725
3162
223
-3125
-6349
-8653
-9675
-9304
-7132
-3715
129
3244
5121
5928
5547
4161
2064
-117
-1772
-2698
-2698
-1941
-827
262
951
1143
817
115
-556
-1155
-1483
-1067
672
3806
7211
10001
11784
12356
11326
8260
3888
-565
-4210
-6682
-8114
-8372
-7490
-5571
-2804
130
2713
4483
5562
6035
5599
4251
2041
-430
-2919
-5254
-7046
-7947
-7400
-5652
-3047
-269
2102
3803
4351
3660
1534
-1503
-4633
-7117
-8468
-8749
-7630
-5196
-1836
1475
3808
5028
5131
4405
2820
706
-1240
-2440
-2551
-1936
-1025
-78
740
1228
1144
430
-469
-1322
-1821
-1611
-378
2333
5812
9277
11646
12512
12089
10120
6810
2230
-2527
-6276
-8419
-8822
-8087
-6415
-4014
-1133
1767
4018
5398
5926
5699
4855
3205
858
-2060
-5062
-7316
-8443
-7877
-6053
-3380
-546
1804
3670
4333
3846
2051
-682
-3698
-6650
-8538
-9181
-8307
-6121
-3155
93
2721
4495
5163
4767
3432
1475
-410
-1749
-2151
-1784
-1039
-291
376
852
976
576
-225
-945
-1548
-1496
-631
1534
4789
8020
10735
12031
12117
10731
7769
3803
-819
-4826
-7725
-9003
-8577
-6904
-4241
-1430
1012
2796
4108
5275
5947
5607
3897
1190
-1665
-4061
-5679
-6674
-6929
-6167
-4367
-1807
653
2616
3700
3678
2557
200
-2872
-6128
-8559
-9271
-8299
-6016
-3278
-467
2088
3964
4960
4775
3691
2052
264
-1301
-2399
-2588
-1887
-707
295
631
475
136
-266
-840
-1581
-1929
-1322
515
3394
6575
9443
11491
12510
12173
9965
6117
1420
-2876
-6122
-8194
-8864
-8092
-5891
-3023
-199
2299
4288
5747
6259
5758
4385
2339
19
-2537
-4911
-6757
-7704
-7307
-5722
-3167
-556
1493
2883
3348
2940
1337
-1140
-3921
-6488
-8013
-8407
-7476
-5464
-2801
232
2785
4497
5021
4434
3171
1358
-415
-1755
-2278
-1881
-1078
-129
554
836
794
261
-555
-1533
-2265
-2049
-668
2087
5477
8615
10925
11964
12017
10648
7761
3657
-858
-4545
-7172
-8434
-8414
-7243
-4990
-2323
529
3017
4854
5964
5940
4951
3036
741
-1454
-3523
-5167
-6413
-6755
-5964
-4182
-1753
427
2104
2866
2690
1612
-313
-2433
-4588
-6290
-7286
-7262
-5919
-3721
-1047
1280
2880
3728
3826
3373
2263
812
-551
-1390
-1532
-1177
-546
60
412
275
-260
-963
-1457
-1688
-1792
-1362
9
2735
6182
9314
11566
12578
12368
10428
6678
1893
-2833
-6327
-8236
-8599
-7621
-5700
-3086
-303
2101
3799
4718
5034
4730
3700
2076
136
-1882
-3832
-5517
-6511
-6458
-5361
-3496
-1437
481
2026
2862
2763
1448
-879
-3595
-5888
-7067
-7183
-6490
-5153
-3102
-419
2078
3634
3971
3424
2528
1453
354
-599
-1135
-1042
-480
214
646
690
450
-37
-718
-1471
-2028
-1968
-953
1240
4364
7616
10208
11642
11858
10739
8127
4338
114
-3715
-6667
-8448
-8740
-7569
-5236
-2376
396
2735
4332
5179
5278
4691
3528
1779
-376
-2729
-4739
-5880
-6101
-5514
-4464
-2948
-1054
843
2263
2607
1799
29
-2168
-4139
-5487
-5980
-5826
-5163
-3948
-2241
-227
1674
3151
3870
3547
2374
933
-218
-935
-1352
-1320
-764
4
502
498
187
-357
-1108
-1883
-2384
-2170
-834
1912
5643
9052
11197
11949
11785
10589
7915
3920
-696
-4767
-7514
-8507
-7866
-6253
-4099
-1751
578
2541
3921
4784
4923
4326
3159
1645
-158
-2345
-4599
-6313
-7009
-6327
-4687
-2748
-1100
190
1474
2285
2218
1027
-985
-3172
-5124
-6260
-6607
-6109
-4707
-2585
-144
1910
3371
4041
3709
2489
908
-356
-972
-1004
-670
-342
-197
-130
-64
10
-250
-829
-1574
-2001
-1519
96
3093
6683
9803
11450
11525
10775
9160
6546
2782
-1388
-4998
-7545
-8457
-7770
-5853
-3387
-886
1461
3195
4210
4752
4744
4062
2579
822
-810
-2498
-4004
-5328
-6077
-6140
-5353
-3530
-1477
452
1673
2133
1853
708
-826
-2798
-4693
-6128
-6766
-6223
-4739
-2460
-141
1560
2523
2827
2788
2318
1490
606
-238
-767
-889
-639
-157
123
115
-267
-1009
-1693
-2120
-1833
-747
1312
4446
7671
10225
11557
11971
11368
8939
5024
546
-3137
-5768
-7382
-7607
-6625
-4653
-2343
-43
1930
3222
3901
4121
3963
3356
2262
786
-904
-2827
-4625
-5986
-6490
-5963
-4802
-3228
-1702
-107
1330
2219
2250
977
-1110
-3527
-5314
-6093
-5998
-4984
-3449
-1556
56
1245
2233
2880
3057
2472
1503
596
-42
-293
-292
-41
328
534
286
-554
-1660
-2504
-2798
-2347
-951
1658
5200
8572
10850
11763
11724
10608
8013
3993
-545
-4256
-6662
-7582
-7292
-6002
-3957
-1816
112
1521
2685
3894
4800
4900
3815
1986
111
-1639
-3302
-5067
-6686
-7325
-6618
-4554
-2130
-127
1399
2323
2758
2217
673
-1516
-3947
-5873
-7021
-7008
-5745
-3550
-973
1171
2636
3451
3583
3028
1860
508
-469
-849
-685
-322
-114
-40
-177
-478
-977
-1528
-1765
-1763
-1247
112
2587
5841
8745
10708
11512
11263
9838
7040
3296
-651
-3958
-6146
-7141
-7036
-5951
-4077
-1757
388
1931
2894
3525
3886
3802
3304
2462
1263
-575
-2906
-5210
-6908
-7525
-6993
-5383
-3250
-978
1126
2739
3533
3055
1501
-803
-3271
-5325
-6576
-6710
-5859
-4174
-2032
169
2007
3070
3319
2950
2291
1637
1102
651
196
-265
-490
-459
-465
-982
-2009
-2818
-2868
-2121
-1013
524
2950
6091
9010
10728
11208
10641
8944
6017
2342
-1100
-3865
-5778
-6868
-6904
-5822
-3981
-1672
385
2001
3236
4166
4804
4641
3745
2283
511
-1397
-3489
-5373
-6757
-7174
-6370
-4659
-2430
-70
2182
3815
3974
2509
86
-2361
-4224
-5600
-6369
-6372
-5444
-3602
-1427
715
2247
2986
3059
2548
1816
896
99
-300
-324
-21
263
404
177
-669
-1850
-2905
-3248
-2706
-1516
390
2904
5803
8422
10070
10717
10222
8707
6256
3174
81
-2804
-4933
-6101
-6242
-5459
-4072
-2161
-332
1224
2591
3829
4835
5096
4555
3165
1079
-1413
-4076
-6331
-7783
-7986
-6835
-4824
-2458
-86
2249
4097
4730
3839
1639
-1102
-3693
-5662
-6648
-6656
-5840
-4412
-2560
-531
1244
2510
3299
3616
3415
2701
1693
751
-133
-966
-1526
-1695
-1592
-1683
-2033
-2340
-2297
-1549
-320
1216
3020
5066
7357
9080
9770
9327
7945
5977
3193
121
-2532
-4324
-5200
-5688
-5465
-4342
-2550
-547
1089
2638
3988
4852
5018
4272
2955
1061
-1185
-3421
-5515
-6964
-7448
-6645
-4689
-2255
213
2230
3457
3667
2860
1460
-358
-2489
-4658
-6415
-7162
-6676
-5061
-2826
-705
884
1928
2627
2988
2983
2647
2144
1493
653
-198
-979
-1597
-2073
-2408
-2494
-2364
-1927
-1053
219
1930
3851
5838
7555
8598
9122
8945
7993
5907
2901
-66
-2573
-4203
-5222
-5515
-4910
-3708
-2035
-410
1232
2862
4244
5105
4955
3809
1958
-214
-2310
-4284
-6050
-7270
-7546
-6422
-4316
-1818
582
2514
3910
4132
3103
1003
-1523
-3674
-5293
-6107
-6320
-5825
-4592
-2875
-918
819
2224
3147
3434
3117
2450
1768
1209
557
-265
-1093
-1707
-1959
-2156
-2340
-2339
-1913
-990
160
1614
3490
5690
7664
8804
8995
8450
7275
5422
2874
-92
-2812
-4806
-5719
-5737
-5039
-3627
-1672
568
2453
3754
4462
4650
4428
3566
1998
-187
-2558
-4636
-6222
-7089
-6927
-5635
-3573
-1268
947
2863
4016
3892
2454
326
-1735
-3371
-4649
-5674
-6199
-5834
-4406
-2325
-313
1162
2102
2787
3208
3178
2652
1804
842
-156
-1032
-1608
-1858
-1955
-1984
-1861
-1501
-903
-167
707
1827
3336
5158
6857
7973
8298
7859
6669
4648
2028
-684
-3000
-4644
-5458
-5340
-4393
-2891
-1203
420
1885
3175
4172
4564
4131
3000
1492
-300
-2338
-4386
-5950
-6611
-6325
-5197
-3453
-1339
798
2510
3409
3217
2094
500
-1232
-2953
-4539
-5571
-5677
-4871
-3447
-1903
-516
667
1786
2897
3591
3494
2556
1244
159
-478
-701
-894
-1271
-1752
-2069
-1983
-1733
-1438
-931
38
1629
3508
5347
6815
7597
7725
7261
6388
4958
2721
16
-2503
-4084
-4606
-4451
-3847
-2948
-1619
19
1644
3046
3920
4257
3927
2888
1336
-548
-2397
-4060
-5302
-5842
-5695
-4869
-3551
-1827
154
1882
2899
2958
2175
811
-913
-2664
-4205
-5297
-5600
-5016
-3730
-2090
-433
1032
2163
2928
3215
2938
2241
1307
434
-172
-609
-1116
-1749
-2125
-2032
-1612
-1058
-592
-106
629
1618
2836
4181
5583
6583
6812
6500
5647
4236
2332
149
-1889
-3418
-4089
-4019
-3469
-2481
-1314
-58
1147
2078
2777
3174
3165
2554
1489
331
-1048
-2598
-4054
-5011
-5089
-4348
-3007
-1561
-259
925
1818
2291
2098
1182
-239
-1835
-3203
-4207
-4731
-4712
-4138
-2915
-1255
429
1804
2798
3331
3119
2163
856
-235
-742
-852
-1009
-1434
-1970
-2273
-2143
-1638
-847
152
1217
2138
2933
3934
5114
6047
6281
5746
4751
3577
2358
1042
-440
-1908
-3012
-3451
-3219
-2423
-1182
155
1204
1961
2651
3226
3263
2519
1219
-195
-1436
-2499
-3450
-4303
-4857
-4712
-3614
-1878
-190
1032
1689
1785
1355
465
-755
-2120
-3277
-3926
-4030
-3729
-3138
-2279
-1271
-350
400
1159
1993
2606
2619
2006
1117
285
-426
-1113
-1754
-2140
-2123
-1732
-1099
-344
462
1287
2108
2932
3839
4770
5436
5609
5276
4485
3251
1654
-5
-1356
-2205
-2619
-2705
-2412
-1695
-704
320
1237
2017
2670
3058
2821
1898
709
-406
-1519
-2759
-3930
-4658
-4598
-3689
-2254
-731
502
1226
1484
1459
1125
373
-663
-1827
-2978
-3800
-4030
-3768
-3227
-2420
-1350
-55
1270
2184
2385
2079
1646
1184
606
-235
-1197
-1830
-1904
-1693
-1486
-1202
-659
220
1271
2201
2894
3515
4177
4673
4753
4352
3661
2852
1970
1041
130
-724
-1507
-2038
-2204
-1956
-1300
-339
798
1848
2529
2660
2273
1563
695
-127
-936
-1948
-3050
-3852
-4000
-3529
-2670
-1648
-692
106
583
704
592
257
-343
-1272
-2293
-3043
-3282
-3030
-2627
-2142
-1442
-463
588
1256
1478
1408
1314
1264
981
436
-307
-967
-1404
-1632
-1432
-947
-253
527
1256
2035
2748
3459
3971
4199
4221
3848
3267
2526
1721
889
-46
-850
-1434
-1602
-1469
-1285
-851
-133
760
1468
1766
1847
1755
1526
957
51
-832
-1629
-2342
-3035
-3481
-3369
-2743
-1736
-754
6
525
743
641
77
-804
-1690
-2310
-2589
-2761
-2859
-2694
-2082
-1154
-281
372
805
1083
1217
1126
791
264
-306
-743
-947
-854
-604
-362
-213
-103
203
790
1596
2335
2817
3164
3476
3719
3564
2874
1976
1325
1150
1113
797
117
-664
-1098
-1051
-645
-160
233
622
978
1233
1330
1255
978
366
-481
-1305
-1870
-2103
-2241
-2493
-2772
-2779
-2263
-1312
-287
393
538
265
-270
-885
-1389
-1724
-1949
-2142
-2218
-2051
-1564
-835
-122
429
774
989
1136
1107
791
147
-574
-957
-846
-445
-154
-157
-252
-58
567
1432
2202
2702
2965
3106
3177
3058
2709
2141
1418
633
-156
-780
-1172
-1307
-1180
-852
-315
281
800
1185
1358
1337
1085
746
485
281
28
-503
-1273
-2066
-2650
-2818
-2619
-2089
-1323
-440
410
919
960
544
-157
-917
-1630
-2126
-2319
-2226
-1948
-1564
-1012
-311
431
953
1045
763
340
115
139
177
-40
-547
-1002
-1087
-740
-189
261
580
839
1159
1579
2081
2669
3177
3405
3197
2599
1856
1130
476
-236
-1020
-1587
-1668
-1230
-638
-214
98
425
801
1066
1148
1161
1144
1040
719
129
-671
-1515
-2154
-2472
-2458
-2133
-1600
-1043
-641
-374
-76
249
360
88
-458
-1013
-1447
-1781
-2002
-2036
-1806
-1246
-392
525
1153
1311
1136
884
667
420
109
-222
-514
-696
-691
-506
-314
-257
-217
71
716
1545
2270
2664
2651
2404
2222
2209
2117
1610
658
-485
-1439
-1892
-1726
-1113
-432
105
550
994
1321
1386
1295
1181
987
546
-89
-653
-1017
-1231
-1393
-1530
-1586
-1538
-1386
-1164
-889
-531
-75
350
430
28
-637
-1190
-1428
-1456
-1445
-1436
-1321
-971
-385
286
743
768
463
93
-135
-235
-317
-339
-278
-168
-104
-87
21
257
637
1051
1299
1264
1067
1171
1762
2510
2883
2596
1870
1066
449
22
-414
-949
-1400
-1370
-769
39
691
996
1006
816
568
471
529
537
279
-200
-692
-1081
-1333
-1550
-1837
-2127
-2169
-1751
-1091
-582
-351
-277
-220
-242
-404
-632
-831
-965
-1023
-918
-661
-390
-197
-69
54
203
375
516
505
280
11
-72
14
32
-103
-137
150
632
1067
1443
1860
2217
2360
2282
2121
2041
1985
1737
1109
128
-887
-1503
-1581
-1383
-1172
-911
-447
123
546
765
913
1006
862
383
-261
-782
-1086
-1213
-1185
-1065
-941
-793
-579
-419
-474
-764
-1094
-1226
-1156
-1050
-995
-1017
-1106
-1137
-946
-558
-165
57
135
266
523
776
840
694
457
285
276
355
319
114
-47
64
475
1007
1483
1905
2295
2456
2190
1562
838
316
138
224
308
193
-93
-388
-554
-570
-511
-467
-459
-439
-360
-165
40
-26
-428
-873
-1060
-946
-733
-681
-799
-865
-712
-339
60
208
-54
-626
-1253
-1664
-1700
-1418
-1089
-958
-960
-856
-472
161
789
1151
1246
1194
1113
1115
1095
834
339
-125
-238
115
637
898
865
866
1126
1585
1989
2076
1788
1304
812
402
118
-97
-383
-771
-1158
-1350
-1180
-708
-211
124
325
390
266
-16
-335
-559
-669
-790
-1058
-1406
-1612
-1527
-1179
-792
-601
-561
-403
-5
444
641
437
-24
-463
-759
-995
-1276
-1543
-1602
-1327
-767
-74
600
1154
1526
1694
1704
1626
1476
1211
846
535
424
457
435
281
202
462
1088
1773
2123
1958
1446
933
612
414
96
-469
-1070
-1357
-1245
-999
-929
-1055
-1025
-557
168
706
775
418
-106
-549
-868
-1208
-1612
-1950
-2043
-1806
-1382
-1019
-782
-497
-52
382
510
206
-347
-707
-649
-346
-100
-103
-317
-478
-369
-20
390
690
809
810
881
1138
1449
1552
1350
1079
1034
1214
1331
1186
921
763
789
893
930
862
748
654
499
162
-286
-594
-601
-465
-483
-703
-879
-797
-558
-410
-455
-613
-733
-779
-806
-882
-1054
-1288
-1427
-1306
-910
-437
-161
-235
-591
-972
-1083
-809
-341
-47
-98
-314
-439
-445
-410
-254
169
782
1278
1410
1242
1002
830
754
742
661
390
8
-161
133
810
1526
1957
2053
1941
1786
1649
1400
874
105
-594
-937
-931
-787
-688
-641
-597
-532
-448
-307
-89
136
266
240
52
-299
-765
-1189
-1372
-1268
-1107
-1179
-1507
-1777
-1653
-1074
-295
310
514
333
-50
-453
-797
-1019
-1051
-890
-663
-539
-501
-338
105
717
1176
1266
1059
815
734
836
1007
1093
1013
826
652
576
613
752
945
1099
1174
1256
1465
1724
1768
1442
867
292
-170
-574
-978
-1291
-1342
-1062
-621
-303
-224
-240
-124
124
285
144
-300
-841
-1219
-1331
-1248
-1159
-1215
-1374
-1489
-1450
-1247
-944
-596
-247
10
69
-69
-242
-317
-295
-291
-390
-515
-507
-275
112
485
735
868
976
1079
1131
1101
997
901
905
1064
1346
1573
1541
1206
766
469
386
388
313
165
118
255
434
381
7
-421
-555
-380
-226
-343
-583
-631
-470
-368
-499
-720
-799
-713
-609
-570
-542
-484
-480
-641
-913
-1101
-1059
-861
-658
-495
-359
-306
-467
-793
-971
-732
-151
419
705
760
757
711
512
173
-88
-21
337
670
732
588
524
696
993
1223
1308
1316
1294
1229
1134
1031
890
649
316
-17
-256
-408
-547
-670
-677
-451
-14
424
605
446
125
-128
-255
-358
-530
-781
-1051
-1260
-1317
-1174
-912
-697
-623
-633
-604
-480
-307
-225
-330
-564
-742
-759
-711
-765
-920
-960
-708
-223
258
550
653
729
906
1112
1138
858
406
71
72
409
889
1257
1318
1039
622
410
566
878
963
683
299
149
283
468
464
238
-58
-284
-401
-431
-359
-181
38
167
82
-174
-437
-590
-604
-549
-522
-599
-780
-968
-1065
-1021
-847
-611
-390
-189
-4
64
-129
-529
-788
-623
-155
240
312
136
-92
-264
-314
-182
112
430
599
575
492
514
669
830
888
874
832
724
512
304
301
492
583
332
-149
-526
-600
-450
-244
-28
211
419
479
390
308
342
371
139
-400
-935
-1077
-773
-360
-193
-297
-400
-277
-4
148
38
-184
-248
-108
-39
-290
-757
-1099
-1052
-666
-194
144
256
164
-22
-141
-82
122
292
277
122
36
136
301
359
324
336
421
490
520
559
591
523
323
127
81
180
307
365
325
204
55
-36
-41
-15
-40
-123
-173
-132
-38
43
110
170
138
-40
-259
-355
-289
-214
-292
-526
-758
-844
-769
-611
-463
-400
-467
-570
-530
-271
83
277
176
-79
-198
-58
190
337
319
272
329
452
462
270
13
-83
51
261
337
243
186
415
866
1139
934
357
-159
-266
-44
126
-4
-292
-424
-275
11
202
217
148
89
22
-100
-220
-246
-186
-145
-200
-256
-176
17
138
51
-127
-150
19
152
25
-324
-654
-762
-650
-448
-226
-51
-10
-81
-132
-72
58
154
187
241
370
456
316
-41
-386
-486
-302
17
306
468
470
349
123
-132
-287
-292
-165
47
241
325
292
214
187
233
292
270
126
-95
-277
-315
-183
53
262
361
357
289
161
-65
-284
-317
-121
136
145
-205
-608
-672
-360
19
156
56
18
174
326
235
-138
-568
-770
-680
-443
-216
-170
-319
-411
-201
318
841
920
485
-7
-133
67
252
171
-69
-135
55
315
504
546
431
205
-58
-183
-7
337
507
322
-76
-291
-79
304
447
205
-228
-503
-440
-189
-14
-5
-115
-195
-143
-39
-18
-130
-316
-442
-396
-255
-179
-211
-297
-304
-153
14
9
-180
-354
-263
122
514
564
217
-257
-480
-288
115
382
333
61
-143
-72
190
377
341
153
-2
-28
-7
11
82
208
276
204
82
144
454
701
522
-57
-614
-741
-409
57
329
326
172
36
29
130
192
77
-189
-410
-393
-196
-62
-129
-252
-175
122
371
338
80
-137
-177
-135
-172
-320
-424
-337
-121
35
0
-195
-363
-318
-53
241
374
321
204
137
77
-74
-289
-444
-456
-321
-56
293
570
563
216
-202
-293
31
432
522
259
-45
-120
-21
42
72
238
551
747
554
42
-380
-388
-78
214
263
103
-37
2
137
191
84
-123
-270
-278
-225
-221
-311
-447
-514
-446
-309
-200
-148
-126
-104
-109
-194
-305
-299
-115
133
200
-26
-335
-368
-3
467
642
389
-47
-275
-174
70
168
33
-138
-151
6
223
407
514
475
296
86
-32
-19
88
224
335
385
283
33
-144
-40
242
397
233
-130
-342
-204
90
210
65
-131
-138
41
212
207
37
-148
-271
-364
-436
-449
-406
-305
-114
112
240
182
-30
-262
-388
-409
-408
-378
-243
-83
-41
-55
-7
33
-4
-18
61
196
289
196
-57
-251
-268
-134
83
229
157
-12
-9
224
514
686
664
442
115
-153
-215
-43
228
361
257
108
90
144
160
93
-16
-66
-19
40
-10
-159
-306
-348
-244
-79
21
33
3
-48
-134
-249
-365
-449
-464
-402
-314
-246
-200
-159
-85
25
88
42
-59
-103
-10
233
491
540
262
-209
-539
-457
-21
418
573
437
207
61
45
134
268
363
365
299
228
196
127
-86
-387
-566
-438
-12
505
821
740
287
-311
-733
-734
-348
122
338
184
-134
-293
-165
45
72
-92
-215
-105
121
156
-112
-409
-405
-118
133
76
-228
-467
-397
-72
241
316
126
-175
-346
-263
-67
-4
-136
-282
-231
24
250
255
84
-40
24
195
295
220
9
-215
-314
-193
118
454
579
388
40
-182
-116
174
452
487
272
-7
-154
-109
38
218
429
599
549
166
-350
-577
-287
246
475
183
-265
-359
-70
157
-6
-365
-507
-302
24
227
265
164
-100
-444
-622
-469
-137
33
-102
-343
-412
-299
-172
-112
-36
151
341
314
11
-380
-604
-535
-270
27
254
373
386
284
58
-211
-340
-184
189
479
500
366
315
373
323
28
-359
-518
-310
109
478
633
547
306
28
-182
-256
-203
-91
-5
16
-14
-34
6
100
181
200
152
45
-106
-272
-351
-262
-31
207
335
348
292
161
-56
-287
-407
-346
-144
107
336
455
346
-36
-497
-724
-549
-109
250
261
-6
-268
-298
-98
102
76
-171
-435
-495
-317
-56
90
49
-80
-163
-131
32
237
305
122
-244
-533
-477
-79
393
666
661
459
182
-99
-278
-218
94
474
652
528
216
-65
-159
-81
51
144
153
77
17
54
145
214
228
145
-68
-367
-612
-623
-313
138
392
338
136
-13
-29
35
60
12
-57
-198
-472
-722
-752
-559
-220
189
519
646
489
42
-407
-420
2
393
448
198
-155
-361
-380
-378
-340
-120
151
231
106
-74
-113
99
393
446
232
-51
-256
-261
-42
199
276
190
47
4
126
290
302
165
14
-27
37
77
10
-68
15
250
400
224
-220
-576
-567
-258
48
169
159
123
27
-173
-321
-202
124
305
77
-437
-825
-796
-450
-115
10
-13
-23
74
207
220
74
-84
-68
150
368
322
-15
-345
-347
-8
344
370
102
-89
94
512
733
536
150
-6
166
368
279
-66
-316
-238
44
221
122
-110
-228
-135
71
229
253
140
-63
-306
-532
-653
-587
-326
6
189
111
-107
-241
-169
19
128
70
-60
-142
-158
-178
-240
-299
-286
-195
-74
22
76
107
157
215
241
204
145
178
322
407
224
-214
-587
-563
-138
328
505
381
178
70
51
49
44
51
50
17
21
120
235
210
-7
-219
-212
-14
138
73
-116
-179
-11
249
386
308
97
-88
-135
-40
75
42
-200
-511
-638
-458
-93
221
334
270
130
1
-83
-133
-182
-256
-345
-384
-312
-162
-8
51
-73
-306
-471
-395
-32
437
724
686
406
114
-9
23
113
176
150
46
-90
-213
-234
-95
136
327
375
275
121
24
-1
21
88
180
244
206
36
-187
-356
-447
-457
-356
-119
181
352
244
-92
-426
-533
-350
-33
193
183
-52
-345
-482
-337
19
347
431
274
69
-16
10
12
-86
-200
-164
66
331
399
210
-45
-121
18
183
218
185
250
434
566
480
202
-99
-323
-462
-482
-312
23
309
303
18
-255
-263
-56
84
-24
-243
-335
-215
-1
134
164
145
83
-49
-219
-314
-263
-143
-122
-272
-463
-435
-60
474
771
577
45
-416
-527
-338
-101
22
54
73
111
171
261
319
210
-100
-415
-457
-152
257
449
335
73
-153
-280
-318
-254
-52
255
554
711
621
295
-126
-433
-445
-163
196
347
187
-128
-333
-261
24
336
536
561
421
186
-10
-58
-24
-83
-303
-527
-529
-284
-14
34
-127
-264
-222
-52
54
-18
-136
-95
100
204
49
-247
-388
-236
32
158
106
57
136
214
119
-87
-186
-50
171
221
34
-183
-238
-155
-55
28
135
259
312
212
36
-35
17
55
26
6
63
157
117
-155
-439
-386
52
518
581
161
-372
-600
-425
-30
346
519
352
-108
-540
-589
-215
247
438
304
80
-29
-80
-194
-287
-201
28
208
214
117
69
77
40
-45
-80
-41
-3
4
6
23
14
-72
-192
-275
-245
-59
248
509
500
183
-190
-341
-265
-188
-262
-384
-303
54
464
605
382
13
-219
-224
-109
1
86
142
123
18
-106
-198
-256
-240
-121
80
269
329
233
59
-67
-90
-35
71
179
167
-45
-331
-454
-299
68
406
435
150
-131
-150
27
150
79
-138
-319
-303
-86
224
429
351
2
-366
-471
-271
51
242
202
92
147
327
333
33
-387
-601
-425
-11
268
191
-87
-241
-113
166
353
325
120
-142
-338
-386
-249
1
177
163
0
-161
-202
-182
-213
-251
-168
46
255
323
235
117
104
196
278
238
72
-126
-256
-256
-145
21
165
244
277
281
254
194
92
-30
-119
-90
92
314
377
171
-189
-447
-440
-208
55
183
177
115
37
-48
-106
-83
-11
-52
-316
-674
-824
-554
4
453
491
151
-250
-403
-203
211
548
544
152
-384
-694
-545
-48
403
465
146
-212
-266
26
389
519
361
114
18
101
181
96
-135
-321
-284
-35
249
373
294
122
-9
-68
-79
-56
-14
-11
-132
-353
-486
-339
61
442
540
332
2
-272
-458
-576
-563
-338
24
307
373
278
172
95
-29
-218
-352
-317
-144
33
144
218
249
169
-40
-230
-215
10
253
309
163
-53
-210
-269
-244
-145
-13
78
79
9
-71
-130
-155
-80
173
531
746
607
166
-253
-351
-118
169
225
26
-224
-298
-129
160
397
484
425
249
