SAMPLES:	16880
BITSPERSAMPLE:	16
CHANNELS:	1
SAMPLERATE:	16000
NORMALIZED:	FALSE
5
21
37
39
25
9
-2
-4
6
20
36
36
23
0
-21
-29
-24
-10
1
3
-3
-12
-23
-32
-38
-43
-35
-30
-28
-23
-21
-19
-15
-12
-2
8
14
14
7
-4
-11
-8
6
28
41
37
23
5
1
9
20
29
26
16
7
6
21
33
29
16
2
-5
2
12
19
19
15
4
-7
-19
-31
-33
-26
-12
5
12
5
-18
-33
-33
-26
-16
-8
-2
1
3
-1
-13
-28
-34
-14
17
35
29
-6
-34
-37
-17
14
33
28
11
-3
-13
-19
-18
-14
-5
10
16
13
6
-10
-14
-5
3
9
8
5
9
12
16
12
0
-6
-4
3
6
1
-4
-4
0
0
-3
-3
2
16
23
15
-4
-23
-33
-25
-1
22
35
30
12
-7
-20
-17
-7
0
-3
-3
2
11
16
13
-2
-18
-14
-1
16
22
7
-13
-21
-12
6
17
16
0
-12
-12
-7
0
6
14
15
8
-3
-16
-20
-14
-5
0
-3
-13
-15
-8
0
7
4
-6
-17
-26
-27
-22
-11
1
9
12
14
9
4
-3
-10
-11
-5
6
16
16
9
3
2
6
12
15
16
14
12
7
1
-1
-4
0
8
15
19
18
16
14
12
10
6
8
12
9
5
-3
-12
-15
-16
-13
-10
-11
-9
-6
-3
-5
-7
-11
-18
-21
-17
-5
9
20
16
-3
-22
-27
-9
12
24
22
7
-11
-24
-16
-8
3
7
8
13
14
13
5
-16
-27
-23
-5
16
26
21
3
-24
-35
-32
-13
11
26
29
17
-1
-17
-23
-21
-11
0
8
14
20
19
11
-5
-20
-25
-13
11
27
27
10
-15
-26
-22
1
27
32
20
-1
-13
-10
2
7
6
1
-2
3
8
3
-8
-11
3
22
30
13
-22
-52
-45
-5
32
44
22
-15
-34
-28
-2
19
20
9
-3
-8
-12
-14
-10
-7
0
6
9
6
2
-1
-1
-1
-6
-12
-14
-14
-8
2
3
1
1
6
18
27
21
7
-11
-15
-8
3
8
6
4
8
12
9
-3
-14
-19
-9
9
29
27
6
-23
-44
-36
-12
18
38
37
20
-10
-38
-46
-30
-3
27
35
18
-8
-29
-29
-12
8
19
18
12
11
15
17
6
-15
-36
-42
-26
0
18
19
10
-3
-2
0
0
1
7
21
27
18
-3
-22
-27
-19
0
11
14
14
13
9
-4
-17
-23
-20
-3
13
24
16
-3
-21
-26
-16
4
25
34
22
2
-12
-5
10
15
9
-7
-12
-3
11
19
15
4
-4
-5
-10
-19
-24
-16
-1
8
5
-2
-8
-6
-2
0
-5
-4
7
20
23
10
-7
-19
-19
-8
9
20
17
2
-14
-18
-16
-10
-4
7
15
14
7
-3
-11
-14
-6
4
9
4
-3
-9
-10
-8
-5
-2
-1
-2
0
-2
-6
-8
-13
-17
-14
3
18
19
5
-12
-12
6
25
28
19
-2
-17
-17
-2
20
31
28
19
10
4
2
-6
-16
-18
-9
5
14
11
1
-3
3
11
14
10
-4
-13
-12
-2
5
8
2
-3
0
5
6
-1
-13
-25
-24
-13
-1
7
4
2
3
4
2
-5
-18
-26
-19
3
25
27
13
-8
-18
-17
-8
1
-3
-6
-11
-8
-3
3
5
3
1
-1
0
2
-2
-5
-3
0
2
4
8
9
10
8
0
-7
-3
3
5
3
3
4
6
8
6
-1
-3
-4
2
10
9
6
-6
-10
-6
-1
1
-2
-8
-9
-8
-4
0
4
11
12
10
9
5
0
-1
-5
-8
-10
-7
1
10
13
8
2
0
1
-5
-10
-14
-15
-6
3
17
23
17
1
-14
-28
-24
-6
14
27
27
18
3
-12
-21
-21
-11
1
10
14
10
3
1
0
0
-5
-11
-14
-13
-6
1
11
16
14
4
-4
-10
-15
-14
-4
8
14
9
-1
-16
-26
-18
-5
3
11
7
-2
-8
-13
-10
-5
2
7
6
5
4
-1
-6
-4
3
14
18
14
0
-18
-26
-12
4
12
12
6
4
8
10
7
1
-6
-8
-5
-1
-7
-10
-1
10
23
20
5
-10
-17
-8
8
15
14
8
6
6
12
17
10
-2
-14
-11
1
13
19
8
-7
-15
-16
-4
10
18
17
5
-12
-25
-24
-14
0
15
21
18
-1
-23
-41
-44
-27
0
19
21
11
-1
-13
-17
-16
-8
-1
-2
-16
-31
-29
-10
23
48
47
17
-25
-50
-49
-17
19
39
38
16
-8
-25
-22
-2
22
35
28
11
-8
-23
-24
-12
1
11
16
11
3
1
2
11
18
19
10
-6
-12
-11
1
13
17
9
-4
-9
-9
4
19
24
16
6
-9
-26
-38
-43
-39
-21
9
40
55
50
25
-1
-21
-28
-24
-15
-8
-4
2
4
1
-9
-15
-8
13
34
36
17
-19
-54
-61
-37
4
36
41
24
-1
-18
-11
7
25
32
19
-2
-25
-37
-33
-22
-4
14
25
28
21
7
-4
-6
-5
-4
-7
-16
-25
-25
-12
8
15
12
-3
-16
-14
0
21
29
17
-12
-39
-45
-28
5
36
46
30
5
-15
-11
9
29
29
13
-4
-10
6
35
48
35
10
-4
2
18
30
26
7
-16
-23
-13
-1
5
-4
-18
-29
-32
-19
-11
-15
-21
-28
-30
-32
-31
-27
-19
-11
-2
-1
-11
-22
-25
-15
4
22
22
8
-12
-24
-18
1
16
21
15
6
6
7
14
14
10
4
6
17
27
29
22
9
-1
-3
10
23
31
28
11
-5
-9
-3
5
10
7
-1
-7
-10
-9
-8
-2
-3
-10
-15
-14
-8
-7
-7
-10
-14
-17
-25
-27
-24
-15
0
8
7
-8
-25
-29
-14
6
21
24
10
-6
-8
1
12
17
11
2
0
10
17
17
11
9
8
12
17
16
15
15
15
18
20
8
-6
-10
-1
14
20
10
-13
-28
-26
-14
-4
-4
-12
-22
-26
-25
-24
-30
-35
-28
-18
-9
-7
-20
-34
-32
-20
-1
19
16
3
-7
-13
-10
-2
1
1
5
18
30
28
6
-12
-4
25
59
66
45
10
-5
10
40
60
59
42
23
3
-7
-12
-10
11
36
45
28
-17
-64
-83
-56
6
55
54
-3
-84
-129
-115
-45
31
66
47
-10
-66
-91
-81
-50
-15
9
23
22
7
-20
-45
-47
-22
26
64
64
24
-25
-47
-20
30
64
62
36
14
6
13
13
7
5
16
35
45
21
-23
-48
-42
-8
31
47
33
3
-21
-32
-26
-19
-21
-21
-16
-1
12
22
22
4
-14
-20
-6
20
35
24
-6
-33
-43
-27
4
25
27
13
-1
-3
3
10
10
2
-11
-24
-35
-37
-26
-7
15
29
29
21
11
3
6
5
-2
-17
-25
-19
-5
14
17
4
-11
-16
-5
16
29
26
9
-8
-14
-14
-21
-30
-30
-21
1
25
37
34
23
15
10
5
-5
-20
-28
-15
7
21
25
16
3
-6
-7
-4
-1
-1
1
6
4
-5
-17
-19
-8
12
27
23
6
-5
-11
-9
-4
-6
-10
-12
-10
-5
3
4
5
13
21
24
11
-12
-39
-44
-29
-5
11
7
-10
-21
-15
7
23
22
11
-4
-10
-5
-1
-2
-7
-10
-13
-12
-8
-3
11
26
37
31
3
-27
-42
-29
2
42
65
66
51
26
7
-10
-21
-30
-29
-18
-2
16
24
22
12
6
7
16
38
54
49
15
-37
-80
-93
-74
-44
-18
-10
-14
-12
2
22
39
43
31
11
-13
-38
-52
-52
-43
-29
-12
-2
4
8
7
3
-5
-8
-7
-3
2
14
29
49
68
60
27
-18
-54
-54
-16
29
52
36
0
-30
-38
-20
8
33
54
65
58
38
9
-16
-30
-31
-36
-48
-62
-63
-42
-1
37
53
43
18
-8
-26
-22
-7
13
30
35
25
4
-22
-37
-38
-20
5
21
26
12
-13
-30
-31
-12
14
31
25
3
-20
-22
-1
24
39
25
-2
-20
-16
2
10
-4
-34
-54
-43
-8
30
50
44
16
-8
-10
-1
6
3
-15
-33
-36
-24
-2
20
32
32
21
10
4
3
5
9
8
7
2
-11
-24
-34
-27
-3
29
51
46
26
-2
-24
-26
-16
-3
6
3
-5
-10
-12
-8
2
11
6
2
0
1
4
-2
-13
-19
-21
-12
4
10
10
11
10
8
2
-12
-28
-34
-29
-10
10
26
29
24
12
-2
-10
-11
-10
-9
-6
-6
-2
1
1
1
1
0
-2
1
5
10
18
18
11
-8
-27
-31
-15
11
32
40
33
13
-6
-10
-8
-5
4
5
3
-1
-8
-7
-5
-6
-2
4
11
18
15
5
-15
-35
-38
-24
-7
6
14
11
9
13
10
1
-11
-18
-12
-2
2
1
-1
-3
-2
4
10
12
15
19
20
14
0
-19
-27
-24
-12
3
13
16
13
10
8
10
13
11
3
-14
-26
-25
-12
2
8
4
-3
-10
-8
4
13
20
21
7
-14
-36
-44
-32
-8
17
27
19
-4
-27
-30
-9
22
42
40
7
-30
-50
-43
-11
25
39
27
0
-19
-14
5
17
13
-3
-17
-14
2
23
34
23
8
-3
-7
-5
-4
-6
0
13
31
35
22
-8
-34
-36
-15
17
30
21
3
-14
-19
-17
-14
-8
-5
2
4
-5
-14
-20
-20
-11
-6
-4
-2
-1
-1
3
6
5
1
8
21
27
27
14
-3
-9
4
31
47
51
36
8
-6
-7
3
13
18
22
16
3
-10
-16
-14
0
10
5
-17
-40
-52
-43
-20
-5
-12
-44
-76
-88
-68
-25
7
5
-37
-88
-109
-86
-29
35
74
71
22
-42
-85
-88
-43
30
93
118
93
38
-21
-57
-43
7
69
110
106
73
32
9
21
52
76
76
52
27
27
50
86
97
61
-16
-87
-101
-49
33
92
84
14
-67
-114
-109
-60
-7
12
-9
-47
-78
-85
-76
-61
-43
-26
-13
-13
-25
-36
-34
-12
16
31
25
1
-21
-19
6
50
79
78
51
14
-15
-20
-8
8
25
28
20
6
0
6
13
16
14
14
21
30
37
32
9
-25
-45
-51
-43
-30
-18
-12
-23
-38
-54
-67
-68
-55
-31
-5
16
17
4
-11
-10
11
37
50
40
7
-28
-46
-36
-4
31
51
42
22
3
5
28
46
57
50
28
17
21
32
41
29
-7
-50
-69
-50
-7
35
43
13
-41
-76
-68
-21
31
54
33
-12
-48
-48
-16
22
38
22
-11
-33
-35
-21
-8
-10
-16
-22
-13
2
15
14
0
-12
-13
4
25
30
21
0
-13
4
35
60
58
31
-7
-36
-35
-9
28
52
50
24
-14
-39
-39
-20
3
12
8
-6
-12
-9
-1
11
18
16
6
-11
-24
-30
-34
-27
-11
6
18
23
13
-9
-34
-48
-42
-25
-3
13
16
11
6
5
10
11
4
-14
-25
-27
-13
14
43
54
45
17
-24
-50
-49
-18
27
53
50
17
-23
-52
-59
-31
8
44
62
49
17
-20
-39
-27
2
32
45
38
19
1
-8
-9
-13
-15
-21
-25
-18
-2
16
24
18
2
-15
-33
-38
-23
3
32
46
41
19
-14
-36
-32
-14
7
16
8
-12
-27
-23
-5
13
24
18
3
-11
-20
-23
-14
-2
12
18
14
10
6
-1
-4
-5
-2
3
10
15
13
8
3
-14
-26
-32
-28
-15
0
16
26
26
11
-7
-21
-24
-17
-2
9
17
15
8
0
-6
-9
-5
6
12
11
5
-6
-12
-16
-12
-1
9
18
15
11
3
-8
-9
-9
-5
-1
2
6
10
10
11
13
14
10
4
1
3
0
-2
-3
-1
2
-2
-7
-8
-8
0
9
12
9
0
-9
-16
-15
-3
8
13
4
-9
-18
-18
-9
6
13
2
-13
-20
-16
-4
-1
-5
-11
-12
-5
5
8
0
-13
-19
-10
13
36
42
26
-2
-32
-38
-14
18
40
36
14
-11
-24
-17
0
16
18
12
7
2
-1
-1
-8
-14
-16
-8
11
24
23
7
-14
-35
-35
-16
12
34
35
12
-15
-33
-30
-7
16
31
22
-3
-25
-38
-26
3
27
27
8
-12
-23
-18
-1
23
31
24
9
-6
-14
-17
-14
-2
14
31
33
17
-11
-35
-40
-20
11
33
31
13
-10
-25
-24
-15
1
13
18
23
18
6
-8
-21
-32
-24
-7
11
21
15
-2
-15
-17
-7
7
14
5
-10
-18
-10
7
17
12
-5
-24
-31
-15
11
27
20
4
-12
-22
-17
-4
7
8
0
-9
-13
-5
17
37
43
26
-10
-40
-43
-12
29
57
50
9
-37
-55
-38
10
49
50
16
-29
-59
-56
-22
13
38
35
14
-9
-25
-31
-27
-13
11
34
44
30
-2
-37
-49
-31
1
33
55
49
23
-14
-45
-48
-24
10
32
31
3
-26
-32
-12
27
55
48
14
-26
-48
-30
11
42
40
0
-45
-62
-34
26
82
95
49
-32
-97
-103
-49
34
91
78
5
-77
-106
-62
23
88
96
40
-39
-86
-79
-28
29
53
39
5
-25
-37
-29
-10
13
38
50
34
-1
-49
-78
-71
-30
32
79
83
47
-8
-56
-66
-40
7
48
61
39
2
-22
-29
-15
2
13
18
14
10
6
4
0
-9
-28
-42
-43
-21
20
67
89
68
12
-53
-88
-73
-12
49
72
52
0
-45
-60
-47
-14
14
23
18
5
-9
-17
-13
-1
9
20
27
23
8
-10
-25
-26
-11
13
27
28
17
1
-4
-2
3
5
-3
-16
-32
-32
-4
33
57
46
-2
-66
-115
-118
-68
12
92
129
104
26
-72
-134
-132
-66
26
105
136
102
23
-62
-111
-98
-38
32
74
79
57
26
3
-11
-19
-17
10
54
85
86
62
28
8
0
-4
-11
-25
-35
-37
-36
-37
-47
-70
-104
-144
-167
-154
-108
-51
-21
-37
-82
-135
-169
-169
-126
-34
76
164
186
129
41
-13
5
91
207
304
330
286
183
77
43
94
191
258
261
196
99
14
-30
-26
22
83
112
83
9
-70
-120
-127
-110
-90
-67
-51
-60
-97
-152
-201
-214
-186
-139
-105
-95
-109
-137
-155
-156
-124
-70
-22
-12
-50
-117
-157
-124
-18
110
188
173
70
-55
-122
-79
49
175
221
165
61
-19
-30
27
112
173
163
89
-6
-64
-40
49
143
170
105
-9
-95
-104
-31
67
116
83
-6
-73
-68
4
82
97
40
-43
-91
-71
0
73
103
69
-6
-80
-114
-101
-69
-42
-47
-71
-99
-117
-108
-77
-38
-9
-2
-12
-34
-55
-75
-80
-61
-21
30
71
73
29
-42
-92
-80
-11
77
123
99
23
-51
-70
-24
55
122
138
99
38
-2
-1
38
77
87
59
19
-7
-1
33
72
93
84
50
6
-26
-37
-24
14
55
77
60
5
-63
-108
-106
-53
14
63
63
5
-76
-127
-124
-69
2
34
16
-32
-71
-67
-26
19
33
6
-42
-67
-43
18
75
82
33
-38
-85
-72
-6
66
95
62
-16
-86
-104
-59
16
62
52
-2
-66
-100
-83
-29
24
40
8
-53
-102
-108
-66
-6
35
29
-15
-56
-63
-19
42
83
73
28
-25
-45
-13
50
108
125
92
39
-6
-21
11
55
84
78
43
6
-8
9
37
62
72
66
61
67
80
90
92
85
65
54
54
76
104
122
115
83
41
4
-22
-29
-32
-51
-98
-169
-248
-326
-380
-431
-449
-439
-426
-407
-408
-409
-393
-364
-309
-234
-150
-46
59
163
262
377
493
595
700
780
849
888
864
829
794
769
762
691
565
409
247
120
22
-61
-153
-270
-421
-578
-681
-741
-758
-764
-806
-850
-883
-887
-827
-743
-658
-615
-665
-763
-872
-908
-812
-652
-497
-415
-425
-459
-449
-346
-163
47
218
319
374
432
547
727
932
1116
1239
1300
1326
1361
1436
1542
1644
1689
1649
1523
1336
1136
974
878
845
842
804
693
493
242
3
-161
-238
-269
-327
-469
-698
-972
-1217
-1381
-1451
-1458
-1442
-1433
-1441
-1464
-1484
-1498
-1507
-1505
-1478
-1406
-1291
-1148
-1016
-923
-871
-836
-778
-678
-550
-436
-364
-340
-336
-304
-215
-78
86
266
474
728
1033
1372
1699
1975
2186
2356
2535
2742
2954
3103
3110
2943
2646
2293
1958
1677
1410
1099
696
203
-327
-816
-1208
-1492
-1689
-1848
-1997
-2136
-2253
-2310
-2274
-2145
-1943
-1732
-1571
-1481
-1439
-1392
-1289
-1128
-948
-799
-717
-684
-648
-557
-399
-215
-57
42
99
167
294
481
688
855
935
925
855
772
708
689
714
760
779
728
598
425
289
280
438
725
1026
1225
1271
1214
1178
1262
1479
1736
1890
1839
1594
1263
973
776
621
397
32
-448
-929
-1286
-1464
-1526
-1589
-1736
-1949
-2133
-2169
-2011
-1710
-1383
-1140
-1028
-1027
-1069
-1085
-1043
-944
-821
-728
-714
-806
-992
-1224
-1444
-1592
-1635
-1577
-1446
-1280
-1123
-997
-877
-700
-381
127
802
1532
2185
2682
3037
3343
3693
4100
4475
4692
4669
4411
4004
3551
3105
2660
2165
1595
960
319
-261
-741
-1124
-1424
-1657
-1836
-1984
-2124
-2258
-2372
-2420
-2375
-2247
-2102
-2009
-1998
-2057
-2119
-2120
-2036
-1878
-1693
-1521
-1393
-1318
-1286
-1249
-1164
-999
-766
-533
-360
-291
-302
-309
-254
-114
73
251
395
532
707
971
1310
1680
2037
2364
2668
2950
3194
3379
3497
3555
3550
3458
3238
2857
2347
1787
1272
831
438
28
-425
-899
-1341
-1704
-2003
-2274
-2524
-2723
-2829
-2805
-2670
-2485
-2307
-2153
-1992
-1786
-1525
-1244
-1007
-857
-782
-746
-715
-705
-735
-822
-941
-1048
-1105
-1106
-1086
-1067
-1049
-1007
-915
-758
-541
-272
35
381
792
1260
1780
2321
2843
3304
3688
3981
4195
4348
4444
4452
4312
3987
3480
2853
2192
1582
1050
570
101
-375
-855
-1316
-1731
-2077
-2348
-2542
-2668
-2739
-2766
-2760
-2700
-2581
-2400
-2183
-1978
-1826
-1725
-1650
-1567
-1474
-1408
-1402
-1472
-1579
-1669
-1682
-1607
-1480
-1360
-1284
-1259
-1249
-1184
-1018
-738
-371
44
478
911
1358
1814
2290
2771
3275
3791
4275
4652
4859
4878
4742
4523
4275
3996
3644
3171
2564
1878
1183
549
-17
-531
-1047
-1591
-2138
-2613
-2949
-3110
-3122
-3058
-2988
-2943
-2897
-2805
-2634
-2399
-2156
-1958
-1830
-1761
-1728
-1714
-1707
-1708
-1703
-1670
-1625
-1582
-1565
-1589
-1609
-1579
-1442
-1191
-861
-515
-188
122
476
927
1494
2144
2782
3349
3817
4210
4565
4892
5147
5293
5281
5110
4795
4387
3916
3404
2829
2192
1485
741
16
-656
-1251
-1775
-2241
-2657
-3015
-3301
-3484
-3571
-3555
-3452
-3282
-3080
-2880
-2703
-2548
-2404
-2262
-2123
-2004
-1922
-1885
-1887
-1907
-1928
-1942
-1940
-1910
-1837
-1727
-1578
-1407
-1220
-995
-702
-312
173
737
1328
1904
2455
2991
3543
4112
4662
5138
5480
5655
5686
5614
5467
5236
4901
4422
3787
3020
2183
1340
540
-200
-879
-1520
-2127
-2682
-3163
-3545
-3795
-3900
-3867
-3732
-3554
-3378
-3228
-3082
-2897
-2656
-2387
-2146
-1994
-1949
-1984
-2040
-2065
-2058
-2036
-2024
-2036
-2044
-2001
-1893
-1717
-1490
-1226
-907
-514
-21
550
1174
1806
2417
3007
3595
4185
4754
5266
5656
5889
5963
5906
5749
5504
5151
4668
4052
3328
2553
1781
1039
326
-379
-1079
-1750
-2338
-2803
-3147
-3392
-3567
-3694
-3763
-3744
-3620
-3408
-3159
-2930
-2770
-2673
-2612
-2534
-2423
-2304
-2220
-2208
-2272
-2381
-2477
-2513
-2457
-2328
-2151
-1959
-1764
-1545
-1259
-878
-394
164
753
1348
1935
2535
3160
3803
4429
4995
5450
5783
5989
6086
6083
5982
5777
5451
4976
4358
3620
2801
1968
1168
417
-299
-1002
-1711
-2401
-3026
-3516
-3843
-4001
-4050
-4048
-4035
-4000
-3926
-3786
-3583
-3347
-3116
-2927
-2790
-2696
-2620
-2553
-2482
-2407
-2343
-2284
-2228
-2146
-2016
-1839
-1624
-1380
-1098
-752
-305
230
834
1451
2076
2697
3326
3947
4559
5132
5651
6087
6405
6558
6534
6356
6069
5710
5274
4727
4025
3175
2213
1244
328
-493
-1240
-1952
-2660
-3316
-3850
-4199
-4376
-4429
-4425
-4400
-4331
-4181
-3922
-3622
-3346
-3177
-3120
-3115
-3074
-2967
-2834
-2744
-2740
-2798
-2832
-2766
-2569
-2271
-1950
-1641
-1334
-974
-522
14
593
1166
1713
2264
2852
3487
4138
4745
5261
5688
6045
6358
6607
6749
6726
6509
6116
5592
4987
4314
3548
2677
1710
707
-250
-1107
-1848
-2521
-3162
-3764
-4265
-4603
-4748
-4749
-4695
-4655
-4623
-4548
-4384
-4120
-3830
-3596
-3457
-3375
-3267
-3088
-2854
-2619
-2446
-2333
-2225
-2056
-1798
-1478
-1134
-805
-491
-154
232
691
1204
1754
2317
2889
3465
4038
4589
5102
5562
5971
6305
6533
6621
6555
6348
6017
5570
4997
4297
3474
2580
1663
756
-140
-1029
-1898
-2700
-3367
-3862
-4205
-4455
-4653
-4790
-4836
-4775
-4623
-4428
-4237
-4066
-3900
-3721
-3541
-3390
-3290
-3226
-3159
-3055
-2909
-2748
-2595
-2437
-2233
-1952
-1595
-1202
-796
-374
105
680
1341
2031
2683
3268
3815
4386
5021
5681
6275
6715
6965
7058
7064
7016
6881
6598
6109
5432
4633
3770
2860
1881
838
-228
-1222
-2062
-2742
-3328
-3881
-4404
-4845
-5121
-5221
-5196
-5133
-5074
-5008
-4899
-4732
-4553
-4407
-4319
-4243
-4127
-3925
-3653
-3350
-3060
-2787
-2521
-2220
-1869
-1463
-1008
-520
-28
456
925
1387
1874
2409
2991
3571
4130
4629
5111
5595
6113
6605
7010
7234
7266
7128
6890
6588
6178
5607
4811
3815
2686
1541
452
-520
-1394
-2171
-2897
-3565
-4170
-4679
-5075
-5340
-5481
-5509
-5453
-5349
-5218
-5095
-4984
-4870
-4725
-4538
-4303
-4053
-3819
-3632
-3461
-3261
-2969
-2573
-2094
-1603
-1153
-747
-339
140
712
1330
1911
2399
2784
3138
3546
4069
4658
5266
5820
6311
6742
7136
7438
7587
7534
7312
6960
6499
5905
5099
4064
2824
1542
348
-647
-1492
-2232
-2991
-3773
-4540
-5163
-5564
-5735
-5757
-5758
-5834
-5990
-6099
-6047
-5761
-5346
-4931
-4674
-4557
-4475
-4250
-3847
-3302
-2767
-2341
-2055
-1828
-1565
-1195
-705
-117
516
1129
1667
2101
2475
2807
3189
3639
4199
4770
5352
5886
6402
6843
7264
7594
7808
7815
7679
7376
6896
6230
5370
4313
3039
1713
398
-772
-1807
-2603
-3275
-3863
-4474
-5042
-5609
-6084
-6387
-6445
-6319
-6094
-5807
-5587
-5462
-5437
-5359
-5219
-4976
-4644
-4247
-3890
-3622
-3378
-3129
-2798
-2334
-1659
-880
-121
524
1040
1444
1780
2177
2604
3057
3441
3887
4332
4848
5385
5995
6554
7045
7456
7798
8006
8041
7955
7615
7024
6150
5152
3958
2733
1495
384
-722
-1702
-2532
-3223
-3885
-4506
-5079
-5663
-6152
-6430
-6424
-6317
-6127
-5972
-5876
-5912
-5902
-5787
-5559
-5253
-4839
-4394
-4073
-3812
-3542
-3188
-2718
-2051
-1237
-478
180
750
1297
1771
2290
2773
3158
3395
3664
4056
4554
5165
5800
6417
6892
7361
7723
8037
8156
8215
8061
7681
6949
5942
4676
3307
2008
831
-231
-1297
-2286
-3251
-4082
-4846
-5432
-5910
-6194
-6339
-6312
-6246
-6226
-6259
-6282
-6204
-6024
-5736
-5453
-5234
-5081
-4912
-4670
-4355
-3899
-3362
-2736
-2123
-1455
-816
-168
491
1194
1858
2393
2853
3171
3496
3812
4352
4885
5458
5908
6384
6758
7197
7663
8094
8317
8302
8118
7639
6988
6141
5240
4089
2901
1632
417
-865
-1998
-2984
-3855
-4651
-5274
-5726
-6096
-6310
-6408
-6427
-6513
-6503
-6410
-6266
-6161
-6014
-5859
-5766
-5640
-5400
-5062
-4711
-4252
-3680
-3067
-2438
-1693
-853
-86
636
1276
1811
2126
2486
2905
3387
3856
4396
4900
5252
5581
6009
6510
6956
7477
7917
8173
8151
8091
7820
7321
6593
5779
4738
3510
2256
1047
-197
-1451
-2546
-3545
-4470
-5261
-5778
-6182
-6461
-6585
-6518
-6470
-6420
-6330
-6208
-6150
-6057
-5880
-5707
-5618
-5459
-5186
-4850
-4454
-3872
-3210
-2569
-1932
-1171
-428
256
916
1584
2087
2437
2810
3178
3548
3919
4496
5018
5525
5978
6558
6980
7393
7756
8129
8257
8286
8182
7806
7081
6104
5045
3788
2572
1412
384
-792
-1867
-2896
-3797
-4680
-5300
-5765
-6128
-6398
-6470
-6454
-6477
-6445
-6396
-6381
-6425
-6362
-6234
-6093
-5896
-5588
-5242
-4912
-4465
-3894
-3229
-2497
-1637
-770
-16
636
1246
1811
2262
2775
3235
3664
3916
4299
4677
5160
5650
6311
6897
7405
7830
8230
8507
8604
8613
8327
7762
6796
5725
4389
3065
1696
520
-692
-1794
-2830
-3697
-4482
-5091
-5537
-5909
-6212
-6471
-6565
-6638
-6574
-6495
-6368
-6341
-6275
-6155
-5945
-5688
-5393
-5097
-4852
-4584
-4170
-3564
-2798
-1897
-944
-80
612
1166
1664
2067
2568
3073
3639
4047
4439
4765
5062
5420
5894
6490
7062
7641
8137
8504
8636
8699
8485
8067
7235
6246
4897
3399
1853
429
-857
-2008
-2947
-3751
-4501
-5147
-5630
-5980
-6173
-6293
-6267
-6371
-6469
-6588
-6555
-6435
-6211
-5940
-5756
-5718
-5690
-5570
-5268
-4856
-4268
-3609
-2948
-2274
-1547
-798
-74
633
1399
2071
2702
3245
3704
4098
4445
4930
5356
5813
6225
6733
7251
7851
8408
8865
8973
8861
8459
7898
7132
6233
5157
3870
2526
1149
-148
-1408
-2541
-3584
-4467
-5165
-5623
-5980
-6190
-6354
-6402
-6442
-6432
-6426
-6458
-6510
-6519
-6447
-6326
-6207
-6084
-5959
-5755
-5388
-4784
-4022
-3181
-2326
-1466
-661
115
823
1483
2002
2508
3007
3517
4002
4421
4803
5071
5405
5859
6510
7205
7937
8566
9042
9224
9249
8991
8482
7673
6711
5536
4160
2694
1214
-214
-1516
-2578
-3441
-4214
-4910
-5471
-5960
-6281
-6461
-6418
-6403
-6371
-6364
-6398
-6475
-6530
-6437
-6298
-6147
-5984
-5851
-5687
-5434
-4899
-4161
-3397
-2621
-1927
-1239
-552
260
1164
1892
2514
2960
3411
3843
4356
4924
5348
5712
6105
6641
7300
7975
8622
9013
9125
9093
8875
8514
7796
6878
5619
4153
2639
1173
-207
-1519
-2684
-3629
-4436
-5011
-5478
-5844
-6137
-6333
-6296
-6234
-6088
-6034
-6029
-6132
-6293
-6387
-6433
-6387
-6231
-5964
-5592
-5179
-4646
-4035
-3367
-2610
-1854
-1040
-337
368
1017
1626
2243
2823
3460
3995
4525
4946
5328
5714
6198
6783
7451
8048
8594
8919
9142
9175
8999
8525
7669
6550
5148
3706
2235
834
-557
-1867
-3021
-3948
-4671
-5163
-5593
-5885
-6118
-6162
-6094
-6028
-5999
-6115
-6227
-6288
-6213
-6067
-5959
-5900
-5857
-5722
-5419
-4985
-4439
-3873
-3255
-2588
-1858
-1087
-345
403
1096
1768
2341
2829
3220
3590
3997
4501
5102
5791
6508
7252
7936
8544
9025
9349
9516
9435
9106
8401
7378
6013
4491
2924
1446
60
-1200
-2363
-3352
-4168
-4758
-5203
-5535
-5779
-5952
-5981
-5969
-5903
-5896
-5886
-5888
-5834
-5780
-5779
-5862
-5944
-5932
-5732
-5364
-4885
-4363
-3802
-3135
-2358
-1480
-649
128
767
1367
1923
2497
3041
3530
3954
4337
4747
5248
5872
6618
7406
8155
8810
9262
9532
9501
9201
8505
7484
6165
4696
3218
1823
556
-603
-1684
-2655
-3524
-4234
-4790
-5226
-5537
-5802
-5951
-6034
-6008
-5937
-5869
-5848
-5881
-5898
-5857
-5773
-5676
-5620
-5556
-5409
-5061
-4507
-3804
-3059
-2319
-1592
-854
-102
606
1219
1699
2119
2540
3018
3492
3946
4345
4792
5371
6154
7073
7982
8745
9253
9496
9454
9163
8563
7695
6535
5177
3685
2190
776
-462
-1471
-2276
-2939
-3571
-4229
-4928
-5530
-5931
-6044
-5957
-5795
-5723
-5774
-5889
-5951
-5875
-5686
-5484
-5356
-5316
-5288
-5174
-4896
-4460
-3909
-3301
-2626
-1880
-1074
-260
452
1046
1498
1945
2404
2933
3432
3886
4265
4673
5165
5809
6574
7358
8100
8699
9141
9295
9151
8586
7688
6457
5091
3675
2350
1092
-91
-1230
-2289
-3218
-3949
-4459
-4820
-5076
-5333
-5563
-5799
-5928
-5980
-5904
-5772
-5601
-5478
-5401
-5385
-5338
-5232
-5011
-4727
-4370
-4004
-3568
-3067
-2451
-1745
-1005
-276
347
901
1331
1772
2162
2652
3130
3695
4215
4776
5282
5831
6393
7008
7642
8194
8623
8726
8542
7949
7158
6129
5073
3902
2718
1422
142
-1067
-2108
-2950
-3635
-4177
-4662
-5026
-5299
-5409
-5467
-5443
-5427
-5392
-5376
-5360
-5373
-5431
-5515
-5534
-5425
-5165
-4802
-4365
-3923
-3461
-2946
-2331
-1653
-989
-371
163
679
1141
1659
2149
2648
3069
3498
3925
4422
5017
5695
6397
6998
7531
7921
8251
8399
8394
8060
7403
6352
5080
3698
2366
1173
121
-825
-1776
-2690
-3565
-4242
-4749
-5036
-5222
-5313
-5379
-5369
-5308
-5230
-5194
-5240
-5313
-5369
-5343
-5228
-5043
-4831
-4601
-4284
-3847
-3283
-2643
-1985
-1367
-849
-387
57
540
998
1458
1864
2238
2572
2963
3449
4038
4702
5420
6141
6788
7381
7882
8286
8454
8364
7940
7222
6206
5012
3695
2358
1039
-152
-1141
-1938
-2556
-3076
-3538
-4018
-4453
-4809
-4986
-5034
-4999
-4966
-4982
-5043
-5101
-5103
-5067
-5053
-5094
-5145
-5145
-4986
-4616
-4057
-3417
-2789
-2206
-1634
-1039
-388
279
886
1353
1674
1926
2186
2490
2847
3251
3697
4221
4842
5565
6322
7059
7704
8214
8467
8393
7930
7139
6101
4933
3723
2491
1247
32
-1026
-1884
-2516
-2993
-3380
-3772
-4164
-4509
-4715
-4801
-4813
-4809
-4854
-4967
-5122
-5236
-5269
-5231
-5153
-5055
-4959
-4834
-4620
-4281
-3818
-3258
-2603
-1872
-1092
-320
382
953
1366
1680
1985
2338
2738
3150
3558
3950
4383
4904
5532
6207
6889
7507
8025
8343
8375
8051
7344
6319
5103
3845
2591
1388
198
-894
-1878
-2681
-3307
-3774
-4168
-4501
-4761
-4917
-4956
-4928
-4850
-4843
-4907
-5060
-5196
-5287
-5265
-5139
-4931
-4703
-4512
-4321
-4104
-3765
-3252
-2536
-1699
-869
-162
389
801
1156
1532
1962
2406
2813
3133
3396
3662
4046
4618
5392
6262
7119
7829
8313
8522
8421
8005
7271
6273
5062
3752
2420
1161
-16
-1049
-1943
-2663
-3237
-3682
-4045
-4351
-4615
-4833
-4960
-5022
-4995
-4932
-4860
-4836
-4866
-4939
-5023
-5065
-5037
-4935
-4789
-4584
-4299
-3877
-3283
-2543
-1709
-886
-141
469
943
1319
1642
1963
2285
2628
2969
3340
3717
4155
4646
5253
5939
6697
7437
8062
8457
8528
8249
7594
6639
5420
4072
2661
1321
88
-955
-1826
-2530
-3132
-3647
-4081
-4426
-4652
-4790
-4844
-4897
-4934
-4985
-5008
-5001
-4964
-4920
-4903
-4914
-4916
-4859
-4731
-4502
-4177
-3763
-3255
-2647
-1970
-1281
-620
-24
523
1035
1516
1963
2321
2587
2784
3012
3358
3895
4601
5391
6157
6819
7381
7864
8256
8467
8392
7897
6978
5723
4313
2908
1622
467
-582
-1532
-2385
-3096
-3663
-4095
-4445
-4732
-4963
-5104
-5150
-5108
-5028
-4966
-4923
-4897
-4841
-4769
-4702
-4652
-4627
-4584
-4456
-4198
-3801
-3290
-2698
-2043
-1352
-644
47
665
1169
1553
1862
2136
2400
2672
2965
3299
3726
4277
4938
5657
6362
7016
7593
8090
8426
8485
8135
7321
6103
4657
3188
1843
658
-406
-1393
-2307
-3092
-3694
-4102
-4370
-4563
-4752
-4936
-5087
-5176
-5194
-5163
-5102
-5042
-4961
-4864
-4750
-4631
-4521
-4412
-4280
-4070
-3760
-3316
-2749
-2075
-1353
-660
-69
404
786
1126
1480
1853
2221
2570
2892
3233
3649
4189
4853
5598
6368
7121
7800
8356
8694
8708
8313
7508
6373
5044
3676
2366
1162
35
-1020
-2021
-2936
-3715
-4295
-4654
-4820
-4887
-4954
-5068
-5226
-5336
-5348
-5231
-5048
-4873
-4779
-4781
-4824
-4843
-4780
-4610
-4320
-3931
-3445
-2873
-2216
-1506
-807
-186
311
693
1026
1392
1820
2265
2656
2959
3205
3496
3952
4625
5467
6368
7210
7883
8333
8529
8440
8063
7418
6548
5493
4302
3008
1665
339
-869
-1873
-2643
-3224
-3690
-4117
-4530
-4904
-5193
-5349
-5394
-5355
-5291
-5233
-5191
-5146
-5072
-4983
-4890
-4814
-4752
-4674
-4500
-4167
-3648
-2974
-2229
-1516
-894
-375
94
563
1049
1542
1986
2349
2609
2806
2993
3256
3653
4218
4917
5695
6468
7179
7769
8208
8441
8399
8031
7313
6282
5015
3652
2307
1059
-82
-1115
-2054
-2868
-3529
-4021
-4393
-4697
-4982
-5251
-5464
-5581
-5592
-5537
-5451
-5359
-5254
-5133
-4987
-4828
-4665
-4494
-4290
-4025
-3678
-3241
-2716
-2102
-1420
-723
-74
472
888
1204
1468
1726
2007
2303
2618
2965
3386
3918
4572
5314
6074
6798
7457
8026
8460
8656
8497
7917
6941
5687
4310
2937
1640
439
-641
-1565
-2300
-2869
-3356
-3852
-4385
-4884
-5245
-5393
-5373
-5300
-5284
-5338
-5376
-5317
-5142
-4936
-4814
-4806
-4822
-4723
-4424
-3945
-3391
-2864
-2374
-1854
-1220
-466
300
940
1343
1515
1556
1598
1738
2014
2394
2859
3405
4043
4789
5619
6480
7306
8004
8509
8751
8664
8236
7468
6419
5159
3787
2417
1142
25
-897
-1641
-2245
-2782
-3314
-3888
-4502
-5091
-5562
-5828
-5858
-5699
-5470
-5290
-5210
-5205
-5204
-5150
-5041
-4898
-4753
-4597
-4375
-4022
-3500
-2826
-2068
-1330
-694
-212
156
486
857
1282
1701
2037
2246
2385
2574
2953
3581
4441
5423
6385
7217
7874
8354
8650
8714
8474
7886
6967
5815
4540
3249
2011
880
-106
-934
-1639
-2281
-2926
-3591
-4239
-4786
-5179
-5418
-5559
-5662
-5733
-5751
-5687
-5549
-5370
-5194
-5046
-4928
-4842
-4771
-4664
-4448
-4034
-3392
-2568
-1665
-838
-187
258
559
821
1125
1469
1794
2045
2221
2415
2728
3215
3869
4642
5481
6346
7176
7891
8402
8645
8588
8234
7605
6736
5662
4435
3144
1874
709
-301
-1156
-1897
-2597
-3306
-3998
-4599
-5032
-5286
-5404
-5483
-5592
-5706
-5778
-5766
-5671
-5539
-5411
-5315
-5226
-5093
-4881
-4564
-4141
-3634
-3056
-2406
-1686
-924
-189
422
849
1098
1245
1391
1615
1930
2308
2703
3116
3593
4198
4965
5850
6775
7619
8288
8716
8867
8709
8218
7399
6310
5048
3730
2460
1304
280
-617
-1390
-2041
-2602
-3123
-3674
-4288
-4934
-5504
-5871
-5975
-5855
-5642
-5481
-5442
-5494
-5549
-5516
-5374
-5147
-4868
-4565
-4227
-3840
-3381
-2844
-2217
-1515
-784
-95
480
899
1165
1324
1443
1593
1804
2121
2552
3103
3767
4527
5352
6203
7036
7785
8363
8690
8712
8400
7770
6854
5724
4465
3185
1995
966
112
-611
-1281
-1943
-2615
-3277
-3895
-4436
-4882
-5218
-5451
-5602
-5690
-5722
-5690
-5609
-5509
-5420
-5360
-5325
-5265
-5134
-4888
-4503
-3971
-3302
-2537
-1761
-1058
-492
-47
338
719
1080
1368
1545
1658
1810
2120
2610
3234
3932
4679
5492
6381
7287
8086
8655
8918
8865
8499
7825
6855
5648
4308
2994
1823
839
11
-734
-1451
-2165
-2865
-3522
-4113
-4630
-5067
-5424
-5696
-5866
-5928
-5876
-5744
-5570
-5408
-5295
-5224
-5162
-5065
-4904
-4671
-4338
-3894
-3320
-2629
-1880
-1146
-493
38
463
807
1093
1330
1530
1734
1967
2290
2734
3320
4053
4924
5868
6802
7620
8256
8678
8870
8803
8404
7630
6508
5179
3831
2629
1640
807
40
-718
-1479
-2206
-2883
-3516
-4112
-4659
-5106
-5403
-5571
-5658
-5716
-5763
-5766
-5689
-5530
-5364
-5254
-5211
-5179
-5052
-4754
-4273
-3660
-2999
-2350
-1726
-1142
-598
-120
281
617
902
1165
1426
1695
1977
2309
2728
3277
3974
4807
5729
6683
7584
8335
8845
9038
8878
8360
7529
6442
5199
3924
2726
1687
803
34
-668
-1334
-1977
-2618
-3276
-3941
-4558
-5052
-5378
-5556
-5649
-5718
-5779
-5815
-5792
-5719
-5615
-5493
-5336
-5128
-4869
-4574
-4237
-3824
-3280
-2593
-1814
-1059
-438
2
295
513
706
908
1133
1426
1827
2344
2964
3661
4417
5252
6161
7085
7930
8576
8935
8959
8647
8030
7162
6110
4976
3851
2804
1868
1035
277
-447
-1182
-1940
-2716
-3472
-4160
-4742
-5191
-5502
-5690
-5765
-5763
-5719
-5663
-5624
-5599
-5574
-5529
-5442
-5299
-5094
-4819
-4444
-3952
-3328
-2580
-1764
-968
-290
198
492
652
778
956
1221
1560
1935
2331
2764
3301
4001
4877
5878
6900
7809
8499
8909
9005
8773
8208
7321
6181
4920
3697
2648
1801
1093
409
-321
-1107
-1894
-2614
-3256
-3852
-4434
-4980
-5439
-5739
-5848
-5803
-5702
-5629
-5619
-5649
-5656
-5574
-5385
-5116
-4804
-4464
-4083
-3626
-3078
-2463
-1825
-1225
-696
-233
162
493
766
990
1198
1442
1769
2208
2772
3464
4278
5192
6147
7053
7818
8370
8681
8736
8510
7989
7182
6154
5021
3905
2888
1981
1135
297
-543
-1350
-2086
-2759
-3376
-3960
-4503
-4964
-5310
-5541
-5685
-5771
-5811
-5798
-5705
-5548
-5378
-5263
-5228
-5229
-5168
-4938
-4483
-3829
-3061
-2288
-1592
-1006
-513
-93
275
596
861
1082
1272
1490
1792
2211
2750
3391
4096
4845
5642
6491
7357
8147
8730
8963
8779
8193
7312
6265
5157
4057
3000
2023
1151
380
-330
-1038
-1764
-2512
-3237
-3894
-4462
-4921
-5280
-5542
-5709
-5784
-5779
-5728
-5660
-5577
-5470
-5319
-5120
-4911
-4712
-4523
-4304
-4002
-3553
-2936
-2166
-1324
-539
75
447
599
643
715
908
1237
1651
2106
2601
3186
3906
4752
5652
6522
7294
7934
8425
8710
8699
8326
7599
6629
5561
4501
3483
2493
1526
607
-222
-956
-1627
-2298
-2991
-3685
-4311
-4801
-5136
-5346
-5488
-5597
-5677
-5716
-5705
-5664
-5613
-5555
-5477
-5355
-5162
-4888
-4543
-4140
-3670
-3106
-2437
-1700
-982
-374
90
429
698
939
1163
1385
1632
1964
2429
3034
3749
4528
5346
6199
7056
7836
8425
8718
8694
8376
7814
7044
6084
5004
3894
2856
1928
1087
284
-505
-1251
-1939
-2596
-3285
-4022
-4744
-5336
-5706
-5866
-5894
-5879
-5851
-5789
-5675
-5525
-5400
-5338
-5300
-5218
-5021
-4680
-4215
-3664
-3060
-2420
-1753
-1096
-487
24
406
649
774
847
942
1153
1525
2060
2727
3472
4263
5086
5932
6790
7591
8242
8654
8780
8621
8197
7518
6601
5500
4322
3183
2173
1299
508
-252
-1002
-1744
-2464
-3155
-3825
-4455
-5004
-5424
-5681
-5798
-5818
-5798
-5772
-5742
-5709
-5670
-5627
-5575
-5487
-5324
-5056
-4654
-4121
-3485
-2771
-2021
-1286
-619
-82
302
551
712
857
1043
1305
1644
2049
2527
3100
3798
4635
5587
6587
7521
8275
8761
8931
8792
8378
7731
6885
5886
4789
3677
2633
1709
923
232
-426
-1108
-1845
-2635
-3430
-4179
-4821
-5322
-5671
-5884
-5983
-5988
-5924
-5824
-5725
-5658
-5624
-5592
-5525
-5389
-5167
-4841
-4401
-3856
-3220
-2518
-1796
-1094
-465
49
448
738
942
1092
1225
1392
1661
2093
2703
3477
4365
5296
6201
7012
7672
8154
8451
8555
8454
8102
7480
6596
5510
4334
3195
2199
1380
695
46
-649
-1413
-2210
-2985
-3709
-4370
-4964
-5450
-5784
-5955
-5986
-5926
-5842
-5770
-5720
-5707
-5712
-5722
-5705
-5613
-5378
-4958
-4353
-3626
-2867
-2139
-1474
-878
-330
176
629
1014
1313
1528
1685
1848
2108
2528
3125
3868
4696
5546
6391
7186
7876
8397
8695
8732
8510
8017
7251
6253
5101
3919
2835
1911
1143
471
-191
-905
-1697
-2528
-3337
-4071
-4703
-5231
-5656
-5969
-6153
-6197
-6149
-6066
-5982
-5923
-5883
-5840
-5776
-5667
-5483
-5183
-4741
-4150
-3446
-2682
-1908
-1171
-500
57
474
754
930
1088
1314
1648
2075
2547
3042
3575
4190
4932
5815
6782
7717
8468
8907
8977
8705
8169
7458
6624
5695
4701
3685
2703
1784
918
78
-755
-1562
-2313
-3000
-3656
-4321
-4984
-5578
-5999
-6180
-6156
-6026
-5912
-5876
-5909
-5964
-5985
-5943
-5834
-5662
-5418
-5062
-4561
-3912
-3140
-2310
-1488
-725
-46
520
953
1251
1430
1538
1648
1831
2122
2525
3024
3600
4260
5026
5904
6854
7768
8504
8946
9035
8785
8247
7482
6537
5437
4245
3047
1955
1064
383
-165
-715
-1397
-2247
-3190
-4085
-4782
-5246
-5525
-5724
-5925
-6126
-6267
-6297
-6218
-6098
-6007
-5964
-5930
-5821
-5597
-5251
-4802
-4266
-3636
-2912
-2116
-1308
-567
60
552
934
1223
1435
1576
1686
1844
2136
2599
3203
3888
4620
5398
6236
7104
7919
8566
8943
8995
8720
8152
7334
6326
5198
4033
2912
1891
997
221
-473
-1139
-1827
-2564
-3335
-4085
-4757
-5300
-5703
-5975
-6136
-6212
-6222
-6204
-6188
-6173
-6126
-6010
-5817
-5564
-5277
-4948
-4538
-4016
-3367
-2615
-1807
-987
-230
396
833
1073
1182
1262
1408
1654
1989
2396
2861
3388
3982
4635
5346
6121
6938
7729
8375
8739
8751
8411
7764
6885
5860
4768
3694
2692
1788
973
208
-517
-1217
-1911
-2627
-3363
-4086
-4733
-5240
-5578
-5789
-5938
-6066
-6171
-6233
-6224
-6157
-6063
-5969
-5863
-5702
-5449
-5073
-4584
-3997
-3318
-2563
-1756
-942
-188
466
999
1404
1682
1838
1917
1992
2165
2510
3021
3631
4258
4868
5501
6207
6982
7733
8320
8622
8586
8247
7656
6861
5894
4783
3617
2487
1485
648
-76
-750
-1443
-2167
-2879
-3561
-4201
-4811
-5377
-5855
-6201
-6387
-6435
-6410
-6373
-6357
-6341
-6289
-6147
-5892
-5523
-5066
-4576
-4092
-3628
-3125
-2487
-1667
-724
197
922
1347
1519
1569
1649
1837
2112
2432
2763
3127
3588
4193
4942
5775
6603
7335
7917
8320
8511
8477
8188
7633
6821
5788
4613
3382
2196
1146
266
-464
-1102
-1738
-2410
-3104
-3781
-4397
-4941
-5431
-5888
-6289
-6580
-6722
-6708
-6583
-6428
-6286
-6142
-5954
-5687
-5328
-4911
-4475
-4014
-3493
-2848
-2063
-1184
-309
450
1020
1385
1591
1721
1862
2067
2336
2647
2982
3348
3796
4377
5097
5929
6777
7529
8091
8413
8490
8332
7940
7308
6446
5402
4258
3108
2026
1048
169
-631
-1362
-2035
-2661
-3267
-3885
-4518
-5145
-5705
-6144
-6428
-6563
-6588
-6551
-6487
-6393
-6256
-6072
-5844
-5581
-5288
-4953
-4544
-4033
-3404
-2667
-1862
-1030
-219
530
1166
1628
1900
2022
2077
2162
2335
2607
2967
3396
3887
4434
5037
5708
6428
7149
7802
8290
8518
8424
7993
7263
6290
5151
3935
2717
1583
602
-195
-834
-1385
-1928
-2534
-3216
-3930
-4610
-5191
-5646
-5986
-6238
-6427
-6551
-6579
-6492
-6294
-6017
-5723
-5442
-5192
-4961
-4702
-4355
-3855
-3175
-2347
-1450
-576
181
770
1198
1499
1716
1873
1989
2083
2185
2365
2693
3202
3867
4609
5348
6052
6712
7329
7882
8274
8419
8262
7784
7019
6000
4787
3501
2289
1286
527
-88
-705
-1402
-2163
-2907
-3567
-4144
-4680
-5193
-5661
-6035
-6293
-6454
-6544
-6562
-6478
-6261
-5948
-5625
-5378
-5220
-5067
-4800
-4351
-3730
-2996
-2204
-1378
-546
228
862
1305
1581
1761
1906
2029
2144
2292
2540
2933
3444
4010
4575
5156
5797
6494
7179
7735
8068
8150
7995
7613
6980
6093
5009
3853
2758
1775
866
-27
-893
-1678
-2336
-2895
-3455
-4093
-4784
-5420
-5881
-6148
-6282
-6385
-6512
-6625
-6636
-6482
-6189
-5833
-5496
-5200
-4899
-4520
-4008
-3382
-2680
-1953
-1224
-499
184
763
1186
1465
1665
1877
2121
2351
2517
2647
2849
3239
3864
4666
5511
6286
6947
7488
7910
8177
8229
8026
7548
6805
5853
4774
3668
2611
1610
648
-283
-1164
-1950
-2638
-3273
-3896
-4515
-5081
-5534
-5884
-6165
-6403
-6580
-6634
-6544
-6354
-6147
-5979
-5837
-5656
-5374
-4970
-4469
-3893
-3258
-2568
-1825
-1064
-316
363
920
1338
1653
1913
2147
2339
2465
2557
2699
3000
3505
4153
4826
5430
5962
6482
7035
7593
8030
8194
7994
7437
6611
5630
4592
3536
2470
1401
368
-554
-1300
-1882
-2383
-2915
-3526
-4186
-4826
-5380
-5822
-6150
-6367
-6471
-6461
-6370
-6227
-6052
-5859
-5654
-5439
-5187
-4860
-4411
-3827
-3156
-2452
-1748
-1045
-339
335
906
1316
1570
1726
1866
2032
2219
2409
2612
2877
3272
3824
4517
5267
5992
6631
7165
7596
7915
8074
7992
7606
6879
5854
4639
3389
2242
1272
454
-292
-1031
-1783
-2515
-3188
-3791
-4329
-4825
-5295
-5726
-6086
-6338
-6469
-6490
-6433
-6337
-6209
-6034
-5788
-5466
-5088
-4681
-4244
-3746
-3143
-2434
-1651
-875
-172
424
907
1316
1663
1942
2127
2207
2218
2248
2413
2790
3369
4061
4747
5339
5833
6291
6779
7300
7766
8022
7944
7475
6669
5651
4551
3476
2471
1531
633
-238
-1088
-1887
-2604
-3238
-3792
-4300
-4787
-5258
-5689
-6032
-6255
-6367
-6399
-6390
-6354
-6254
-6047
-5731
-5347
-4960
-4599
-4233
-3780
-3178
-2421
-1562
-706
47
636
1058
1349
1573
1778
1982
2181
2361
2528
2710
2951
3283
3726
4273
4889
5542
6194
6789
7275
7601
7735
7658
7350
6796
5986
4932
3701
2410
1204
207
-538
-1082
-1551
-2072
-2699
-3406
-4108
-4733
-5248
-5659
-5990
-6251
-6443
-6552
-6582
-6533
-6390
-6143
-5786
-5353
-4886
-4423
-3977
-3520
-3014
-2434
-1782
-1104
-424
218
789
1260
1612
1842
1977
2060
2137
2243
2417
2693
3102
3650
4303
5008
5699
6340
6917
7412
7778
7943
7842
7428
6710
5741
4613
3448
2339
1370
565
-105
-699
-1279
-1894
-2539
-3195
-3845
-4478
-5091
-5650
-6096
-6380
-6476
-6426
-6295
-6148
-6010
-5866
-5683
-5425
-5068
-4619
-4113
-3593
-3094
-2615
-2103
-1496
-751
88
878
1472
1788
1867
1835
1844
1961
2185
2478
2800
3173
3610
4134
4737
5387
6051
6678
7235
7667
7908
7898
7580
6925
5967
4800
3566
2412
1435
654
19
-558
-1145
-1770
-2429
-3102
-3768
-4419
-5050
-5637
-6136
-6491
-6673
-6689
-6580
-6415
-6236
-6041
-5795
-5466
-5055
-4599
-4128
-3657
-3174
-2648
-2051
-1375
-634
123
809
1352
1706
1878
1944
1991
2090
2273
2520
2814
3148
3533
3996
4546
5178
5860
6531
7127
7567
7780
7730
7416
6858
6084
5140
4087
3002
1963
1030
217
-510
-1186
-1827
-2437
-3007
-3557
-4124
-4727
-5349
-5927
-6375
-6635
-6698
-6612
-6446
-6247
-6028
-5760
-5413
-4994
-4526
-4065
-3656
-3266
-2834
-2276
-1551
-716
99
753
1189
1447
1613
1770
1938
2097
2226
2338
2478
2727
3139
3711
4397
5118
5812
6427
6925
7276
7444
7402
7129
6626
5927
5080
4160
3214
2269
1354
494
-294
-990
-1591
-2128
-2650
-3214
-3844
-4513
-5156
-5698
-6096
-6353
-6480
-6485
-6368
-6129
-5808
-5467
-5168
-4934
-4715
-4429
-4012
-3449
-2790
-2123
-1511
-959
-427
133
728
1294
1738
1983
2041
1990
1961
2077
2376
2829
3357
3887
4386
4884
5405
5971
6540
7022
7326
7392
7208
6782
6136
5295
4319
3297
2334
1497
797
192
-381
-967
-1586
-2236
-2912
-3613
-4337
-5039
-5654
-6113
-6385
-6488
-6459
-6339
-6162
-5941
-5680
-5404
-5106
-4774
-4382
-3921
-3414
-2904
-2427
-1966
-1463
-869
-193
480
1022
1362
1516
1574
1656
1834
2118
2477
2891
3346
3840
4353
4862
5354
5840
6323
6783
7166
7370
7309
6942
6293
5446
4507
3579
2717
1940
1242
599
-33
-688
-1385
-2128
-2891
-3629
-4299
-4871
-5336
-5707
-5999
-6225
-6367
-6406
-6311
-6089
-5773
-5422
-5084
-4787
-4503
-4186
-3794
-3288
-2683
-2021
-1345
-708
-133
379
839
1243
1580
1827
1975
2063
2164
2349
2661
3094
3600
4092
4534
4948
5383
5890
6436
6935
7263
7325
7104
6627
5950
5128
4197
3201
2205
1273
458
-235
-837
-1398
-1970
-2597
-3294
-4028
-4745
-5368
-5824
-6096
-6219
-6247
-6225
-6171
-6065
-5893
-5656
-5361
-5021
-4634
-4196
-3709
-3205
-2713
-2234
-1738
-1188
-572
65
641
1091
1409
1634
1852
2105
2372
2607
2782
2937
3148
3476
3934
4501
5126
5763
6361
6869
7216
7336
7199
6814
6226
5506
4692
3794
2837
1863
943
143
-524
-1095
-1622
-2175
-2775
-3416
-4060
-4668
-5216
-5699
-6114
-6439
-6634
-6649
-6459
-6100
-5660
-5245
-4919
-4667
-4391
-4003
-3481
-2890
-2344
-1907
-1538
-1123
-563
141
874
1487
1876
2044
2086
2117
2229
2429
2690
2994
3337
3753
4252
4799
5345
5836
6254
6595
6849
6986
6924
6594
5963
5079
4055
3012
2059
1232
525
-89
-655
-1199
-1754
-2349
-2996
-3695
-4403
-5058
-5603
-6003
-6248
-6357
-6355
-6264
-6099
-5865
-5556
-5175
-4740
-4291
-3868
-3497
-3161
-2812
-2399
-1893
-1300
-655
-1
616
1147
1559
1835
1990
2080
2164
2303
2527
2835
3214
3632
4068
4528
5021
5557
6106
6613
6996
7169
7082
6732
6155
5427
4605
3724
2807
1885
1006
225
-427
-993
-1543
-2150
-2838
-3562
-4245
-4825
-5291
-5677
-6007
-6258
-6381
-6333
-6124
-5830
-5525
-5257
-5012
-4745
-4425
-4052
-3637
-3187
-2682
-2102
-1454
-769
-113
479
978
1381
1686
1874
1958
1981
2031
2196
2514
2960
3452
3910
4312
4688
5128
5668
6257
6778
7087
7096
6814
6314
5678
4962
4180
3341
2462
1592
777
33
-633
-1242
-1820
-2397
-3006
-3661
-4345
-5003
-5553
-5937
-6129
-6165
-6111
-6018
-5902
-5746
-5516
-5209
-4858
-4494
-4129
-3757
-3360
-2917
-2416
-1852
-1226
-552
124
714
1145
1393
1514
1605
1751
1970
2229
2497
2775
3104
3522
4027
4575
5097
5553
5939
6267
6530
6692
6701
6510
6096
5465
4665
3755
2814
1931
1162
526
-17
-533
-1092
-1726
-2426
-3153
-3852
-4490
-5051
-5525
-5906
-6175
-6312
-6311
-6183
-5958
-5677
-5378
-5069
-4748
-4397
-4006
-3575
-3108
-2605
-2054
-1450
-811
-183
379
831
1166
1405
1577
1727
1881
2062
2278
2538
2860
3251
3691
4154
4614
5047
5458
5851
6212
6500
6661
6629
6354
5831
5119
4316
3509
2752
2023
1288
542
-203
-904
-1544
-2154
-2783
-3457
-4159
-4827
-5382
-5785
-6056
-6230
-6318
-6320
-6215
-5996
-5694
-5348
-4993
-4632
-4246
-3799
-3273
-2680
-2059
-1464
-932
-456
0
449
885
1262
1538
1702
1793
1877
2012
2230
2528
2890
3302
3765
4275
4831
5402
5939
6369
6632
6678
6502
6154
5693
5164
4572
3884
3094
2250
1461
815
324
-112
-643
-1361
-2253
-3178
-3996
-4632
-5109
-5499
-5854
-6157
-6339
-6331
-6133
-5801
-5421
-5066
-4761
-4501
-4248
-3960
-3602
-3155
-2641
-2100
-1567
-1059
-563
-45
499
1039
1514
1846
2001
2042
2080
2217
2491
2855
3229
3562
3877
4250
4720
5256
5757
6119
6277
6252
6103
5880
5580
5162
4597
3878
3042
2157
1297
529
-102
-619
-1101
-1642
-2308
-3090
-3898
-4629
-5216
-5656
-5992
-6246
-6397
-6397
-6206
-5844
-5390
-4952
-4616
-4388
-4195
-3946
-3582
-3104
-2560
-2000
-1439
-873
-310
239
734
1135
1421
1603
1735
1873
2071
2323
2615
2934
3283
3682
4145
4671
5218
5728
6152
6467
6641
6649
6460
6060
5467
4740
3969
3220
2508
1827
1162
515
-102
-709
-1328
-1997
-2712
-3449
-4166
-4833
-5436
-5938
-6282
-6411
-6305
-6034
-5710
-5425
-5230
-5085
-4926
-4706
-4390
-3983
-3505
-2993
-2470
-1946
-1403
-811
-163
493
1073
1517
1818
2020
2168
2301
2449
2622
2832
3090
3389
3708
4052
4441
4887
5378
5839
6188
6366
6364
6213
5917
5468
4867
4134
3335
2534
1770
1053
365
-299
-932
-1536
-2135
-2770
-3463
-4204
-4941
-5591
-6070
-6326
-6356
-6209
-5969
-5712
-5480
-5266
-5022
-4708
-4320
-3892
-3475
-3098
-2730
-2317
-1807
-1196
-526
114
651
1048
1309
1491
1649
1823
2027
2240
2434
2608
2799
3052
3407
3869
4404
4973
5520
5990
6328
6483
6434
6185
5762
5205
4551
3832
3086
2347
1635
955
300
-349
-994
-1640
-2305
-2998
-3724
-4462
-5149
-5699
-6038
-6143
-6054
-5862
-5662
-5513
-5388
-5226
-4961
-4580
-4133
-3692
-3297
-2932
-2563
-2140
-1635
-1065
-441
210
835
1369
1748
1951
2028
2078
2201
2443
2767
3094
3357
3555
3752
4033
4439
4943
5456
5856
6066
6068
5899
5638
5337
4987
4543
3935
3132
2178
1206
347
-318
-813
-1251
-1771
-2440
-3220
-3999
-4663
-5156
-5508
-5788
-6025
-6203
-6264
-6154
-5879
-5496
-5083
-4722
-4427
-4166
-3878
-3508
-3047
-2524
-1978
-1433
-889
-330
247
831
1371
1804
2096
2242
2290
2329
2438
2651
2947
3262
3553
3828
4144
4563
5072
5591
6008
6251
6312
6229
6032
5692
5157
4413
3524
2617
1807
1124
514
-99
-747
-1395
-2004
-2582
-3189
-3872
-4615
-5303
-5811
-6072
-6124
-6077
-5996
-5889
-5700
-5390
-4996
-4604
-4295
-4080
-3871
-3564
-3112
-2551
-1953
-1382
-846
-317
220
743
1205
1571
1847
2075
2306
2554
2802
3034
3242
3445
3689
4009
4426
4916
5416
5838
6106
6178
6076
5858
5563
5208
4776
4238
3585
2831
2022
1215
463
-214
-837
-1446
-2085
-2778
-3502
-4204
-4843
-5394
-5839
-6170
-6367
-6413
-6322
-6112
-5835
-5543
-5258
-4970
-4654
-4264
-3796
-3282
-2764
-2272
-1781
-1236
-604
97
770
1307
1656
1858
2013
2208
2437
2633
2744
2795
2898
3163
3607
4147
4661
5067
5382
5672
5981
6267
6429
6381
6084
5556
4841
4006
3124
2274
1536
936
422
-99
-715
-1464
-2317
-3196
-4026
-4758
-5361
-5815
-6112
-6262
-6299
-6263
-6185
-6050
-5831
-5511
-5112
-4677
-4261
-3890
-3551
-3225
-2856
-2395
-1804
-1088
-307
458
1107
1590
1915
2122
2267
2393
2514
2639
2788
2983
3241
3553
3891
4238
4582
4947
5345
5754
6134
6394
6456
6268
5821
5158
4364
3537
2759
2063
1428
813
187
-473
-1166
-1885
-2625
-3367
-4098
-4783
-5396
-5903
-6254
-6436
-6460
-6360
-6179
-5946
-5658
-5309
-4912
-4498
-4112
-3768
-3442
-3079
-2623
-2064
-1433
-790
-171
406
943
1427
1845
2163
2374
2505
2582
2652
2745
2892
3120
3445
3854
4321
4788
5209
5567
5864
6115
6293
6339
6197
5819
5215
4455
3617
2787
2013
1301
622
-74
-810
-1572
-2324
-3032
-3677
-4281
-4868
-5422
-5895
-6220
-6361
-6351
-6254
-6113
-5946
-5728
-5427
-5054
-4635
-4201
-3752
-3272
-2753
-2208
-1665
-1129
-576
16
657
1271
1767
2091
2257
2351
2459
2614
2793
2950
3084
3258
3544
3982
4524
5054
5483
5776
5990
6177
6329
6363
6165
5675
4937
4090
3262
2510
1817
1121
387
-374
-1123
-1822
-2474
-3112
-3769
-4448
-5120
-5726
-6198
-6496
-6616
-6588
-6449
-6238
-5959
-5615
-5220
-4799
-4388
-3987
-3580
-3144
-2659
-2139
-1598
-1038
-448
182
814
1371
1790
2056
2207
2311
2427
2577
2761
2981
3240
3514
3790
4062
4363
4735
5194
5685
6106
6356
6377
6196
5856
5382
4774
4039
3217
2373
1565
813
109
-554
-1189
-1800
-2419
-3086
-3810
-4562
-5272
-5863
-6285
-6519
-6566
-6451
-6216
-5907
-5564
-5223
-4898
-4585
-4267
-3924
-3522
-3032
-2455
-1816
-1169
-558
11
540
1041
1498
1882
2178
2388
2529
2613
2671
2754
2925
3212
3575
3932
4226
4477
4775
5201
5723
6205
6466
6400
6024
5446
4789
4130
3470
2770
2007
1195
403
-301
-901
-1439
-2006
-2676
-3446
-4249
-4987
-5577
-6000
-6274
-6430
-6470
-6369
-6122
-5757
-5338
-4943
-4608
-4326
-4060
-3745
-3359
-2903
-2390
-1857
-1301
-714
-99
519
1085
1545
1892
2135
2333
2514
2676
2818
2932
3034
3206
3494
3900
4380
4829
5202
5499
5758
6008
6198
6241
6069
5643
5014
4280
3495
2700
1903
1103
333
-366
-983
-1539
-2127
-2802
-3558
-4340
-5033
-5564
-5925
-6150
-6289
-6356
-6336
-6190
-5900
-5500
-5056
-4632
-4255
-3904
-3535
-3118
-2652
-2160
-1632
-1058
-427
248
898
1448
1844
2080
2207
2302
2412
2548
2693
2828
2979
3188
3486
3863
4271
4673
5073
5475
5857
6160
6292
6182
5831
5289
4629
3912
3145
2352
1563
829
180
-401
-988
-1664
-2453
-3296
-4087
-4749
-5262
-5664
-5999
-6267
-6420
-6404
-6204
-5856
-5450
-5066
-4759
-4508
-4252
-3929
-3520
-3054
-2579
-2113
-1632
-1083
-424
323
1060
1662
2040
2196
2224
2262
2392
2620
2888
3118
3298
3452
3632
3903
4282
4745
5237
5663
5979
6147
6175
6082
5853
5436
4805
3991
3078
2180
1354
605
-97
-753
-1353
-1902
-2441
-3040
-3744
-4507
-5243
-5848
-6261
-6455
-6451
-6308
-6102
-5874
-5631
-5348
-5004
-4605
-4176
-3739
-3293
-2826
-2336
-1840
-1345
-823
-246
375
977
1470
1808
2019
2164
2313
2489
2688
2907
3141
3389
3641
3885
4131
4408
4728
5098
5491
5859
6135
6249
6136
5759
5155
4427
3682
2970
2263
1516
720
-86
-831
-1492
-2109
-2749
-3443
-4167
-4858
-5446
-5887
-6176
-6353
-6452
-6473
-6383
-6147
-5770
-5308
-4836
-4411
-4030
-3649
-3231
-2759
-2250
-1717
-1153
-552
70
664
1176
1581
1892
2141
2351
2530
2662
2759
2858
3005
3228
3515
3840
4183
4539
4909
5303
5697
6047
6299
6383
6232
5820
5158
4313
3382
2480
1698
1066
541
34
-554
-1279
-2111
-2977
-3787
-4496
-5097
-5601
-6018
-6325
-6477
-6464
-6305
-6065
-5801
-5532
-5243
-4900
-4486
-4015
-3520
-3040
-2587
-2145
-1683
-1165
-567
99
787
1425
1930
2268
2440
2493
2513
2556
2662
2830
3045
3304
3603
3952
4349
4773
5188
5556
5841
6002
6023
5894
5619
5202
4665
4023
3299
2531
1750
998
289
-369
-1002
-1647
-2340
-3098
-3888
-4654
-5318
-5846
-6212
-6424
-6517
-6502
-6370
-6119
-5763
-5340
-4909
-4511
-4157
-3817
-3455
-3047
-2592
-2092
-1545
-938
-260
460
1159
1757
2192
2461
2608
2690
2761
2831
2909
2997
3114
3289
3523
3812
4154
4522
4902
5273
5613
5879
6013
5980
5744
5321
4734
4024
3242
2434
1653
914
215
-473
-1180
-1895
-2595
-3257
-3892
-4537
-5203
-5842
-6358
-6643
-6659
-6469
-6181
-5885
-5592
-5265
-4872
-4432
-3993
-3594
-3237
-2878
-2468
-1964
-1369
-719
-58
548
1055
1449
1748
1996
2218
2411
2569
2677
2755
2847
3004
3262
3616
4040
4487
4917
5309
5625
5847
5959
5950
5822
5560
5135
4545
3817
3019
2236
1509
837
169
-535
-1275
-2021
-2748
-3438
-4116
-4788
-5419
-5943
-6295
-6442
-6412
-6254
-6025
-5773
-5509
-5235
-4935
-4598
-4223
-3819
-3391
-2923
-2386
-1768
-1105
-446
154
682
1161
1595
1978
2281
2484
2624
2766
2953
3176
3368
3495
3574
3694
3935
4290
4679
5004
5231
5405
5591
5781
5870
5727
5283
4598
3818
3052
2329
1602
821
-9
-830
-1598
-2307
-2981
-3643
-4292
-4922
-5499
-6001
-6390
-6613
-6654
-6523
-6267
-5953
-5602
-5211
-4766
-4285
-3816
-3399
-3030
-2650
-2191
-1620
-974
-330
252
756
1214
1668
2104
2471
2694
2756
2712
2651
2671
2808
3051
3349
3662
3983
4329
4721
5139
5530
5825
5964
5925
5708
5312
4759
4109
3427
2750
2079
1381
628
-153
-896
-1565
-2173
-2792
-3489
-4259
-5015
-5619
-6012
-6208
-6289
-6324
-6303
-6166
-5868
-5428
-4950
-4536
-4209
-3918
-3572
-3116
-2571
-2000
-1460
-953
-435
142
784
1435
2005
2410
2628
2706
2751
2844
2996
3153
3237
3250
3274
3416
3723
4136
4553
4894
5173
5439
5695
5876
5855
5560
5025
4353
3646
2919
2133
1271
369
-470
-1179
-1769
-2333
-2975
-3696
-4427
-5073
-5582
-5969
-6283
-6529
-6667
-6630
-6374
-5932
-5400
-4885
-4453
-4092
-3742
-3353
-2919
-2457
-2004
-1541
-1038
-471
156
794
1380
1872
2255
2530
2703
2787
2810
2827
2884
3017
3240
3519
3828
4144
4440
4724
4995
5248
5470
5635
5704
5649
5437
5054
4512
3812
2988
2079
1148
270
-504
-1169
-1782
-2418
-3111
-3838
-4530
-5114
-5562
-5898
-6155
-6314
-6356
-6255
-6013
-5685
-5318
-4947
-4577
-4204
-3821
-3405
-2940
-2428
-1878
-1308
-743
-193
349
885
1400
1874
2267
2540
2686
2727
2722
2740
2827
2998
3236
3508
3788
4065
4333
4603
4883
5159
5416
5601
5649
5511
5152
4629
4016
3368
2696
1948
1111
232
-586
-1255
-1774
-2243
-2810
-3560
-4448
-5300
-5929
-6222
-6214
-6055
-5900
-5811
-5734
-5586
-5305
-4905
-4458
-4023
-3635
-3283
-2923
-2507
-2000
-1407
-790
-200
333
825
1301
1768
2195
2533
2758
2859
2864
2816
2795
2874
3087
3400
3747
4070
4361
4639
4923
5215
5485
5681
5729
5564
5174
4610
3970
3309
2632
1914
1150
369
-400
-1160
-1922
-2668
-3381
-4020
-4578
-5063
-5488
-5839
-6093
-6229
-6227
-6077
-5793
-5422
-5035
-4689
-4381
-4065
-3689
-3239
-2731
-2186
-1629
-1073
-543
-46
419
903
1410
1902
2309
2587
2739
2807
2846
2893
2976
3105
3272
3432
3572
3720
3945
4291
4715
5110
5382
5486
5445
5303
5053
4685
4166
3490
2674
1757
815
-79
-880
-1591
-2249
-2887
-3506
-4074
-4580
-5038
-5462
-5833
-6095
-6193
-6134
-5962
-5745
-5512
-5231
-4851
-4345
-3757
-3174
-2687
-2320
-2017
-1668
-1190
-576
95
725
1248
1676
2046
2388
2692
2903
2987
2965
2914
2913
2995
3144
3308
3466
3639
3867
4179
4551
4915
5200
5368
5397
5286
5021
4583
3977
3254
2472
1674
894
130
-609
-1309
-1956
-2558
-3148
-3764
-4404
-5012
-5515
-5852
-6021
-6063
-6040
-5976
-5850
-5623
-5272
-4820
-4307
-3785
-3296
-2852
-2459
-2092
-1708
-1251
-706
-98
509
1058
1539
1967
2361
2701
2914
2971
2897
2786
2742
2803
2949
3110
3243
3377
3584
3914
4370
4863
5261
5463
5446
5242
4917
4506
4009
3425
2734
1942
1094
244
-536
-1203
-1767
-2281
-2832
-3456
-4137
-4796
-5331
-5685
-5859
-5902
-5883
-5827
-5703
-5473
-5113
-4652
-4164
-3714
-3323
-2948
-2542
-2098
-1636
-1167
-680
-146
429
981
1433
1767
2028
2283
2545
2743
2794
2683
2524
2457
2579
2864
3217
3546
3836
4134
4476
4851
5179
5374
5392
5224
4894
4426
3852
3211
2551
1905
1268
603
-115
-882
-1644
-2336
-2945
-3513
-4086
-4678
-5230
-5662
-5917
-5989
-5928
-5784
-5583
-5322
-4983
-4577
-4143
-3737
-3385
-3060
-2714
-2313
-1846
-1310
-719
-94
519
1068
1511
1847
2106
2327
2522
2667
2739
2725
2664
2611
2620
2727
2943
3262
3653
4064
4432
4717
4916
5060
5160
5185
5058
4717
4149
3428
2668
1948
1287
635
-69
-840
-1638
-2387
-3027
-3549
-3976
-4365
-4757
-5154
-5526
-5806
-5939
-5889
-5659
-5305
-4899
-4506
-4158
-3837
-3507
-3119
-2653
-2116
-1550
-1001
-503
-51
395
863
1357
1821
2190
2415
2502
2498
2476
2474
2493
2525
2558
2611
2731
2957
3298
3718
4154
4529
4782
4908
4928
4886
4791
4596
4233
3651
2892
2056
1256
565
-35
-616
-1234
-1894
-2553
-3183
-3772
-4350
-4919
-5427
-5792
-5940
-5868
-5669
-5446
-5243
-5037
-4752
-4342
-3838
-3323
-2882
-2536
-2230
-1879
-1408
-815
-165
455
976
1380
1713
2011
2287
2528
2680
2709
2625
2489
2392
2404
2567
2847
3180
3506
3784
4036
4296
4579
4862
5080
5152
5022
4688
4183
3567
2911
2251
1607
964
307
-369
-1051
-1711
-2333
-2929
-3530
-4156
-4797
-5382
-5817
-6030
-6013
-5831
-5575
-5310
-5048
-4752
-4370
-3902
-3396
-2915
-2497
-2144
-1808
-1424
-939
-363
249
810
1260
1592
1835
2037
2220
2367
2435
2420
2347
2298
2340
2506
2765
3032
3251
3427
3606
3851
4194
4598
4969
5189
5163
4853
4308
3630
2944
2315
1731
1136
469
-285
-1078
-1830
-2471
-2990
-3441
-3896
-4393
-4895
-5313
-5564
-5608
-5474
-5238
-4974
-4729
-4508
-4266
-3962
-3577
-3119
-2624
-2134
-1668
-1229
-801
-370
78
549
1035
1514
1945
2280
2477
2531
2463
2331
2198
2116
2104
2166
2308
2533
2854
3244
3670
4073
4406
4643
4778
4823
4785
4656
4402
3992
3418
2691
1873
1042
269
-410
-1011
-1577
-2151
-2740
-3324
-3865
-4340
-4733
-5045
-5280
-5441
-5520
-5497
-5350
-5061
-4643
-4139
-3597
-3093
-2684
-2383
-2157
-1924
-1610
-1164
-613
-30
505
938
1282
1571
1837
2073
2243
2308
2273
2187
2105
2087
2161
2338
2602
2927
3277
3623
3933
4200
4411
4550
4594
4517
4324
4032
3660
3226
2722
2138
1473
739
-22
-758
-1429
-2009
-2499
-2933
-3344
-3767
-4210
-4646
-5017
-5254
-5311
-5188
-4936
-4639
-4366
-4138
-3928
-3675
-3322
-2857
-2312
-1761
-1269
-863
-519
-184
204
659
1146
1603
1947
2143
2190
2134
2058
2025
2060
2157
2281
2412
2540
2677
2859
3110
3440
3809
4166
4463
4649
4699
4609
4374
3994
3470
2829
2111
1365
652
2
-572
-1100
-1629
-2193
-2791
-3389
-3942
-4409
-4773
-5031
-5195
-5267
-5242
-5121
-4896
-4597
-4251
-3882
-3503
-3107
-2693
-2259
-1812
-1381
-982
-609
-246
137
552
995
1427
1790
2033
2140
2126
2051
1995
2001
2085
2218
2363
2498
2632
2804
3058
3414
3830
4235
4548
4707
4700
4553
4299
3951
3488
2907
2221
1495
813
227
-275
-756
-1312
-1966
-2675
-3358
-3918
-4320
-4584
-4775
-4943
-5101
-5210
-5207
-5038
-4704
-4258
-3780
-3333
-2946
-2609
-2277
-1915
-1514
-1100
-701
-328
23
371
735
1111
1471
1782
2006
2132
2163
2125
2059
2007
2011
2099
2278
2520
2795
3080
3372
3666
3955
4227
4438
4546
4512
4321
3984
3527
2981
2388
1768
1140
515
-99
-694
-1268
-1832
-2403
-2984
-3541
-4030
-4416
-4685
-4863
-4977
-5038
-5022
-4897
-4656
-4325
-3956
-3597
-3259
-2915
-2535
-2108
-1656
-1225
-848
-512
-162
253
750
1266
1703
1976
2075
2061
2025
2026
2073
2125
2148
2158
2216
2371
2631
2955
3278
3541
3737
3897
4046
4184
4263
4231
4046
3700
3231
2675
2067
1416
742
75
-561
-1147
-1696
-2229
-2777
-3333
-3877
-4364
-4753
-5017
-5139
-5117
-4963
-4715
-4428
-4155
-3917
-3675
-3380
-3001
-2550
-2072
-1624
-1228
-866
-493
-71
380
816
1187
1473
1690
1882
2055
2186
2241
2213
2140
2095
2132
2263
2450
2644
2838
3042
3274
3527
3764
3939
4038
4074
4059
3967
3744
3342
2753
2037
1299
621
29
-514
-1044
-1578
-2102
-2604
-3101
-3601
-4097
-4542
-4873
-5042
-5063
-4987
-4855
-4668
-4416
-4078
-3658
-3208
-2782
-2407
-2081
-1773
-1445
-1081
-673
-227
226
666
1058
1390
1672
1906
2092
2217
2248
2194
2093
1999
1977
2061
2256
2527
2840
3148
3418
3628
3801
3948
4082
4184
4202
4084
3791
3331
2755
2142
1536
954
376
-222
-841
-1479
-2108
-2697
-3220
-3660
-4015
-4296
-4518
-4691
-4802
-4825
-4745
-4566
-4312
-4029
-3743
-3445
-3108
-2709
-2261
-1791
-1332
-906
-517
-166
154
467
799
1162
1524
1823
2002
2050
2006
1949
1941
1989
2074
2145
2207
2278
2408
2620
2906
3217
3502
3733
3908
4031
4087
4042
3847
3476
2950
2321
1657
1011
397
-178
-721
-1253
-1790
-2321
-2848
-3346
-3787
-4150
-4432
-4627
-4733
-4738
-4644
-4471
-4224
-3922
-3570
-3175
-2761
-2362
-2002
-1682
-1379
-1067
-727
-353
33
409
777
1121
1427
1673
1849
1951
1997
2005
2007
2008
2018
2042
2103
2215
2395
2641
2936
3249
3523
3733
3862
3910
3882
3774
3566
3242
2800
2267
1679
1081
505
-37
-566
-1122
-1711
-2303
-2860
-3332
-3690
-3966
-4200
-4422
-4618
-4746
-4744
-4586
-4290
-3916
-3542
-3208
-2913
-2612
-2271
-1872
-1434
-991
-580
-220
97
400
713
1025
1316
1547
1698
1773
1796
1799
1820
1861
1924
2010
2117
2261
2440
2656
2884
3124
3352
3572
3766
3907
3967
3913
3735
3434
3026
2543
2004
1421
801
149
-511
-1135
-1694
-2171
-2572
-2937
-3285
-3636
-3974
-4275
-4492
-4598
-4586
-4474
-4280
-4030
-3747
-3429
-3080
-2698
-2298
-1897
-1512
-1149
-801
-448
-93
249
573
859
1122
1352
1551
1713
1823
1886
1915
1931
1959
2019
2108
2239
2406
2605
2822
3043
3243
3421
3564
3664
3700
3643
3491
3240
2906
2494
2011
1475
911
334
-239
-816
-1402
-1981
-2526
-3003
-3395
-3716
-3984
-4221
-4389
-4453
-4401
-4267
-4116
-3982
-3840
-3614
-3252
-2776
-2278
-1853
-1537
-1283
-1005
-631
-175
294
697
994
1211
1394
1584
1783
1976
2123
2218
2276
2292
2272
2226
2192
2220
2344
2541
2767
2982
3175
3357
3529
3661
3701
3612
3373
3009
2549
2032
1488
934
376
-194
-784
-1382
-1944
-2422
-2805
-3122
-3429
-3764
-4104
-4382
-4529
-4521
-4408
-4244
-4063
-3864
-3595
-3225
-2764
-2281
-1854
-1519
-1264
-1013
-699
-294
172
623
990
1244
1419
1566
1731
1914
2064
2133
2120
2049
1975
1943
1968
2066
2234
2470
2758
3053
3306
3486
3574
3584
3509
3349
3108
2778
2377
1927
1433
889
298
-308
-867
-1333
-1699
-2014
-2359
-2785
-3267
-3713
-4017
-4140
-4124
-4067
-4041
-4031
-3957
-3724
-3318
-2826
-2386
-2099
-1952
-1825
-1578
-1156
-625
-111
285
553
758
974
1243
1523
1767
1940
2028
2041
2000
1927
1862
1852
1931
2105
2316
2509
2658
2774
2897
3047
3203
3302
3285
3144
2908
2623
2312
1964
1557
1072
536
-20
-564
-1073
-1551
-2000
-2425
-2815
-3164
-3474
-3734
-3939
-4071
-4119
-4087
-4008
-3882
-3677
-3379
-2972
-2518
-2115
-1823
-1620
-1405
-1073
-600
-62
395
672
787
857
1022
1319
1678
1963
2074
2021
1893
1791
1762
1810
1891
1985
2104
2269
2487
2728
2932
3057
3109
3127
3142
3140
3062
2840
2457
1965
1463
1009
597
164
-343
-921
-1487
-1951
-2280
-2534
-2822
-3205
-3645
-4023
-4221
-4191
-4004
-3780
-3600
-3472
-3334
-3111
-2792
-2412
-2032
-1696
-1387
-1069
-706
-314
76
423
717
985
1246
1486
1675
1788
1827
1825
1823
1850
1901
1958
2004
2048
2111
2210
2353
2518
2681
2812
2908
2960
2962
2919
2820
2658
2421
2096
1717
1307
887
457
-21
-564
-1164
-1751
-2256
-2646
-2941
-3189
-3424
-3627
-3770
-3830
-3827
-3793
-3738
-3619
-3392
-3047
-2638
-2259
-1956
-1720
-1475
-1165
-786
-381
7
351
648
903
1101
1243
1334
1420
1557
1749
1945
2069
2050
1907
1742
1674
1768
1985
2230
2402
2483
2515
2568
2675
2804
2886
2874
2770
2599
2374
2074
1674
1152
549
-61
-607
-1062
-1465
-1854
-2261
-2685
-3072
-3378
-3578
-3683
-3723
-3708
-3631
-3481
-3278
-3066
-2893
-2763
-2621
-2379
-1984
-1460
-919
-488
-236
-127
-36
155
475
860
1192
1389
1459
1494
1580
1741
1916
2026
2028
1957
1895
1913
2018
2146
2241
2283
2321
2404
2548
2704
2795
2765
2620
2410
2163
1890
1576
1192
724
197
-357
-896
-1377
-1772
-2091
-2372
-2651
-2949
-3241
-3480
-3635
-3692
-3669
-3589
-3471
-3299
-3075
-2804
-2506
-2215
-1934
-1635
-1276
-848
-390
18
316
501
636
808
1045
1322
1551
1669
1666
1599
1550
1575
1670
1777
1847
1861
1857
1889
2001
2195
2425
2633
2773
2816
2762
2640
2474
2292
2107
1915
1688
1385
972
448
-145
-722
-1203
-1546
-1797
-2031
-2330
-2710
-3118
-3454
-3625
-3606
-3446
-3237
-3075
-2988
-2940
-2866
-2693
-2400
-2019
-1620
-1266
-992
-783
-589
-350
-44
311
656
936
1127
1248
1351
1470
1601
1700
1730
1706
1662
1654
1721
1855
1998
2100
2146
2160
2194
2278
2411
2542
2614
2587
2463
2262
2014
1730
1420
1076
691
273
-177
-641
-1100
-1526
-1897
-2210
-2475
-2710
-2934
-3138
-3299
-3388
-3385
-3309
-3181
-3030
-2863
-2664
-2431
-2156
-1853
-1532
-1195
-845
-495
-163
137
394
622
828
1006
1151
1260
1342
1418
1501
1584
1645
1665
1645
1619
1626
1693
1822
1986
2150
2283
2372
2418
2430
2420
2398
2355
2277
2148
1944
1646
1244
744
195
-327
-747
-1046
-1266
-1506
-1833
-2250
-2689
-3042
-3227
-3232
-3111
-2949
-2837
-2817
-2864
-2891
-2796
-2539
-2163
-1780
-1484
-1274
-1058
-746
-346
36
289
389
426
553
835
1199
1498
1609
1540
1400
1317
1351
1469
1602
1710
1786
1852
1920
1971
2008
2046
2103
2187
2255
2263
2198
2078
1937
1790
1600
1315
915
448
8
-336
-594
-835
-1146
-1546
-1955
-2278
-2467
-2555
-2611
-2683
-2763
-2818
-2812
-2742
-2635
-2510
-2357
-2169
-1930
-1651
-1347
-1034
-751
-516
-321
-144
59
324
629
921
1126
1217
1237
1258
1331
1448
1543
1547
1458
1333
1250
1250
1332
1470
1623
1783
1945
2091
2190
2205
2130
1990
1819
1650
1480
1285
1048
768
456
117
-248
-638
-1014
-1333
-1565
-1726
-1885
-2102
-2380
-2656
-2853
-2919
-2864
-2733
-2573
-2401
-2199
-1975
-1739
-1527
-1347
-1176
-980
-746
-475
-198
60
300
515
716
896
1046
1157
1231
1263
1262
1242
1232
1259
1306
1341
1339
1311
1307
1390
1581
1834
2048
2134
2071
1908
1752
1676
1685
1708
1627
1378
987
539
145
-142
-340
-532
-794
-1139
-1528
-1881
-2154
-2328
-2419
-2458
-2463
-2457
-2451
-2449
-2428
-2343
-2157
-1885
-1589
-1349
-1205
-1117
-995
-764
-439
-98
160
305
374
460
631
875
1110
1235
1218
1117
1036
1064
1187
1327
1397
1365
1283
1239
1292
1441
1639
1807
1901
1910
1853
1767
1682
1613
1555
1471
1314
1051
692
304
-36
-289
-502
-761
-1121
-1547
-1926
-2139
-2157
-2079
-2049
-2148
-2353
-2532
-2564
-2423
-2157
-1875
-1640
-1449
-1274
-1118
-998
-901
-769
-519
-139
277
569
625
496
366
406
644
960
1173
1196
1090
1004
1052
1212
1364
1413
1349
1256
1254
1374
1550
1690
1727
1661
1552
1457
1410
1385
1348
1270
1130
944
726
483
212
-93
-407
-702
-953
-1158
-1339
-1535
-1763
-2005
-2213
-2326
-2314
-2190
-2037
-1932
-1919
-1949
-1913
-1740
-1429
-1071
-786
-613
-516
-415
-264
-84
78
208
322
463
630
772
844
847
837
864
936
1004
1024
1005
1010
1108
1289
1465
1534
1465
1337
1279
1367
1561
1717
1718
1555
1317
1120
995
885
714
454
151
-123
-353
-576
-840
-1151
-1441
-1643
-1736
-1766
-1815
-1920
-2038
-2095
-2027
-1849
-1631
-1446
-1320
-1222
-1090
-913
-719
-550
-418
-311
-199
-64
68
189
281
353
423
504
602
697
779
830
852
862
882
940
1043
1155
1230
1246
1218
1200
1231
1299
1357
1355
1294
1217
1165
1135
1081
929
694
439
231
93
-29
-199
-453
-756
-1045
-1275
-1436
-1559
-1664
-1756
-1814
-1830
-1802
-1745
-1679
-1608
-1517
-1384
-1200
-983
-774
-606
-480
-379
-257
-89
98
270
377
412
420
461
569
710
817
834
756
659
628
704
856
1000
1059
1012
918
873
921
1049
1173
1225
1187
1102
1027
996
992
969
876
700
472
237
34
-131
-274
-427
-601
-801
-1011
-1201
-1354
-1449
-1473
-1450
-1409
-1377
-1372
-1376
-1350
-1266
-1130
-956
-788
-652
-550
-466
-379
-269
-145
-27
79
161
226
290
356
424
491
546
578
599
606
612
618
636
679
741
802
820
780
712
674
715
824
932
973
937
861
805
780
761
698
576
432
310
215
105
-67
-299
-537
-717
-823
-899
-1014
-1181
-1348
-1439
-1421
-1339
-1259
-1221
-1202
-1145
-1019
-843
-665
-523
-413
-313
-212
-116
-43
15
76
159
257
341
380
365
337
348
433
573
706
768
735
644
555
525
572
667
757
791
750
660
572
543
593
690
773
777
695
568
453
387
355
309
200
21
-186
-371
-505
-594
-672
-758
-837
-892
-925
-945
-983
-1023
-1044
-1020
-946
-866
-818
-813
-831
-820
-749
-626
-483
-362
-274
-205
-125
-15
113
251
380
498
593
645
656
640
641
693
784
872
902
849
745
676
719
872
1044
1119
1042
866
710
673
760
869
868
691
371
33
-213
-328
-369
-439
-612
-879
-1159
-1356
-1417
-1376
-1304
-1284
-1322
-1372
-1369
-1278
-1119
-938
-784
-666
-565
-470
-373
-273
-169
-58
63
182
295
380
431
469
506
562
644
733
814
865
875
855
813
785
794
838
885
894
848
759
673
628
631
655
653
595
488
372
284
241
212
150
31
-135
-301
-428
-502
-557
-637
-756
-901
-1027
-1092
-1093
-1068
-1064
-1095
-1137
-1134
-1044
-890
-725
-611
-559
-526
-456
-323
-149
11
121
176
214
254
301
345
374
402
445
502
547
550
521
489
492
545
622
688
710
697
680
688
717
738
730
693
652
635
619
561
442
273
102
-16
-73
-110
-188
-356
-590
-817
-956
-983
-931
-885
-910
-1004
-1109
-1139
-1050
-871
-691
-574
-532
-516
-450
-318
-149
-8
67
94
129
218
351
480
540
525
479
462
524
643
766
812
751
632
525
495
550
633
676
628
507
374
296
303
357
392
353
232
77
-33
-66
-46
-39
-108
-261
-454
-613
-688
-690
-673
-709
-814
-951
-1047
-1042
-943
-799
-674
-608
-587
-579
-530
-426
-273
-96
61
167
206
185
139
123
188
323
475
570
565
474
367
323
389
535
674
727
667
539
428
407
480
581
637
599
478
339
238
202
218
245
233
165
52
-79
-187
-250
-267
-267
-275
-321
-415
-549
-674
-741
-726
-650
-582
-578
-650
-735
-748
-644
-466
-307
-246
-284
-330
-283
-112
101
237
234
126
19
25
166
376
534
563
468
322
222
231
343
491
594
610
550
455
375
343
346
352
346
326
304
285
254
195
103
12
-30
-17
9
-9
-111
-257
-384
-425
-382
-320
-320
-420
-575
-709
-731
-626
-457
-318
-288
-359
-461
-499
-427
-271
-95
31
67
38
-4
-23
-1
57
127
188
253
320
372
381
330
241
169
169
251
367
460
477
413
309
213
156
139
139
143
162
188
208
177
70
-81
-208
-247
-180
-63
19
26
-45
-155
-270
-360
-389
-336
-199
-42
57
19
-149
-358
-492
-451
-247
12
174
160
5
-159
-215
-136
3
118
169
171
165
176
204
220
196
147
109
120
179
253
283
255
194
140
118
116
111
99
77
63
65
63
30
-45
-154
-253
-292
-258
-180
-132
-154
-241
-340
-388
-370
-312
-262
-237
-230
-212
-169
-118
-82
-79
-102
-118
-99
-30
64
135
148
100
32
-3
19
86
165
226
258
261
243
205
163
136
155
225
325
399
395
306
176
88
89
169
267
306
253
141
29
-32
-46
-44
-55
-94
-148
-199
-232
-252
-270
-293
-310
-321
-328
-333
-334
-313
-260
-182
-111
-86
-123
-193
-239
-215
-113
13
102
114
71
20
8
48
120
189
229
242
239
244
261
283
302
298
277
250
231
216
201
187
173
163
155
136
96
28
-47
-110
-146
-141
-121
-114
-152
-238
-349
-431
-448
-395
-315
-270
-293
-378
-466
-483
-394
-237
-97
-47
-96
-193
-247
-197
-52
115
224
244
195
139
122
161
233
303
349
368
373
385
394
391
361
309
271
279
329
390
412
360
258
149
83
86
131
174
167
102
1
-103
-181
-218
-214
-198
-195
-225
-294
-381
-462
-502
-498
-459
-411
-396
-413
-441
-449
-417
-357
-300
-265
-250
-232
-195
-126
-49
9
43
63
96
144
196
239
263
276
295
326
366
404
415
406
390
388
399
412
414
396
367
348
336
328
305
265
214
159
121
102
92
72
23
-59
-152
-220
-244
-241
-238
-274
-364
-477
-578
-613
-567
-478
-407
-407
-485
-590
-657
-633
-514
-356
-227
-173
-204
-268
-307
-265
-133
41
187
256
244
191
160
199
307
431
516
527
479
425
423
494
606
686
670
565
435
360
379
473
560
566
463
298
151
78
89
145
180
149
45
-95
-233
-328
-366
-376
-397
-447
-508
-557
-566
-560
-583
-659
-780
-874
-867
-742
-553
-400
-358
-437
-565
-637
-572
-373
-117
91
179
155
81
41
78
187
322
440
529
581
609
617
603
573
545
552
604
682
734
729
655
546
455
414
415
425
396
311
195
94
44
41
45
0
-119
-288
-444
-517
-494
-407
-339
-354
-462
-607
-716
-741
-680
-581
-513
-500
-527
-551
-540
-497
-438
-391
-364
-328
-263
-158
-42
49
91
89
83
109
182
292
402
479
517
523
523
538
561
583
587
569
537
515
515
533
542
509
426
321
228
178
175
186
166
88
-40
-174
-260
-279
-258
-246
-282
-371
-483
-576
-622
-611
-561
-507
-485
-508
-564
-616
-628
-582
-483
-371
-285
-252
-269
-283
-253
-150
11
169
265
272
212
156
173
289
474
648
738
711
598
477
404
412
481
558
603
588
513
398
284
214
200
214
211
162
85
6
-34
-43
-60
-114
-208
-304
-362
-371
-346
-319
-324
-376
-459
-540
-582
-568
-520
-459
-423
-417
-437
-459
-442
-382
-291
-204
-167
-178
-195
-170
-72
62
163
193
161
126
146
233
352
449
490
475
422
374
353
372
428
492
527
509
442
350
268
221
221
241
260
251
211
139
56
-15
-66
-91
-101
-113
-142
-186
-228
-258
-266
-266
-282
-334
-419
-503
-540
-502
-410
-316
-282
-319
-393
-455
-462
-408
-323
-227
-147
-87
-55
-36
-23
-6
30
97
192
279
331
335
304
279
295
359
440
495
496
450
394
360
364
393
421
419
381
323
260
213
191
187
179
160
115
50
-28
-97
-139
-159
-167
-184
-232
-310
-397
-464
-491
-489
-477
-485
-518
-565
-594
-582
-534
-475
-435
-420
-419
-396
-333
-237
-133
-49
9
37
54
84
133
203
282
360
415
432
413
376
351
363
425
504
554
537
454
339
255
248
318
408
441
385
250
107
22
25
96
165
169
85
-53
-183
-256
-252
-203
-165
-179
-249
-345
-418
-442
-423
-382
-352
-345
-366
-398
-413
-401
-349
-278
-213
-174
-170
-170
-155
-114
-46
24
78
116
149
186
225
263
298
328
351
369
377
379
376
372
380
388
381
356
302
236
176
143
141
153
148
97
2
-98
-165
-185
-164
-139
-143
-193
-286
-385
-445
-442
-375
-291
-248
-280
-377
-483
-529
-481
-353
-213
-139
-156
-236
-303
-296
-205
-65
64
142
154
128
94
84
129
230
350
446
467
415
328
266
286
375
475
515
465
356
265
249
298
354
353
276
173
104
91
108
101
49
-29
-91
-111
-109
-136
-203
-283
-318
-273
-198
-173
-257
-417
-546
-546
-402
-215
-117
-178
-347
-500
-527
-402
-209
-61
-28
-92
-178
-216
-175
-80
36
138
209
233
215
168
122
125
203
337
461
503
436
285
150
117
203
349
453
433
295
121
8
17
115
211
220
125
-11
-110
-124
-68
-11
-23
-119
-238
-312
-297
-222
-166
-193
-300
-417
-461
-390
-256
-163
-167
-252
-340
-352
-271
-153
-75
-66
-93
-109
-79
-17
46
87
106
120
141
166
182
199
237
298
359
379
333
254
207
237
328
405
403
317
195
117
114
147
170
145
80
29
22
42
44
-12
-115
-206
-219
-146
-39
15
-51
-204
-355
-416
-355
-217
-94
-66
-148
-276
-359
-350
-263
-168
-120
-139
-189
-197
-148
-76
-27
-43
-91
-114
-82
2
87
117
96
62
59
105
180
233
240
224
214
230
260
274
259
215
176
172
196
219
197
117
10
-69
-72
-6
78
109
34
-117
-270
-334
-267
-123
2
25
-61
-186
-269
-258
-175
-85
-36
-40
-70
-96
-102
-92
-66
-30
9
45
53
34
13
14
45
85
93
60
13
-3
37
106
153
141
78
18
-2
18
51
73
78
77
80
70
36
-13
-45
-29
36
106
129
85
0
-75
-98
-69
-23
2
2
-11
-25
-40
-63
-86
-95
-79
-41
-9
-10
-44
-83
-95
-83
-72
-70
-84
-85
-63
-29
1
6
-11
-37
-53
-46
-24
7
40
69
89
97
88
69
50
43
52
78
106
125
129
111
70
16
-24
-30
-1
51
93
101
66
18
-23
-43
-47
-46
-44
-36
-26
-13
-6
-24
-63
-104
-129
-125
-95
-56
-31
-36
-59
-79
-86
-71
-52
-39
-29
-26
-13
5
21
25
9
-9
-12
4
34
65
85
88
77
65
60
61
65
68
70
75
80
81
74
61
55
61
68
57
24
-11
-24
-4
28
36
3
-46
-77
-71
-40
-21
-27
-51
-73
-71
-52
-42
-49
-61
-61
-48
-33
-33
-49
-67
-66
-51
-35
-26
-27
-33
-36
-37
-38
-40
-42
-28
1
31
56
57
40
20
8
16
32
53
71
87
89
78
56
32
23
34
60
83
79
55
34
18
18
15
2
-13
-25
-17
5
19
24
12
-10
-31
-48
-52
-40
-23
-5
3
-11
-44
-71
-75
-59
-33
-16
-21
-40
-54
-60
-53
-39
-26
-16
-10
-12
-19
-23
-19
-3
17
29
26
10
-2
7
33
49
46
23
3
6
37
68
80
67
36
7
-4
7
33
47
46
27
1
-12
-8
10
25
33
26
11
-5
-21
-31
-37
-30
-15
2
16
16
4
-16
-39
-52
-49
-36
-19
-11
-10
-19
-27
-23
-17
-10
-16
-22
-23
-15
-2
12
17
13
5
-4
-4
-1
6
11
10
2
-3
4
19
21
15
0
-9
-7
-3
4
7
-3
-11
-8
2
17
25
18
4
-6
-10
-6
3
11
10
10
5
-6
-12
-11
3
21
29
24
10
-10
-26
-23
-6
16
28
25
10
-6
-8
-1
7
10
2
-6
-10
-7
-4
-6
-12
-11
-5
2
5
0
-7
-6
-1
5
5
-4
-13
-11
1
17
25
25
13
0
-8
-9
-7
-8
1
4
6
1
-11
-18
-14
-2
13
22
12
-7
-25
-37
-30
-9
6
15
12
-6
-29
-41
-41
-26
2
25
31
18
-6
-26
-30
-15
8
21
19
10
-6
-17
-9
4
13
14
5
-7
-6
3
17
31
40
37
25
12
1
-1
8
26
45
49
33
4
-19
-25
-8
15
27
21
2
-16
-24
-17
2
7
-6
-33
-54
-49
-16
14
26
12
-21
-50
-53
-31
-2
15
16
4
-9
-10
2
8
5
-2
-5
0
8
12
12
9
8
3
0
0
0
5
8
6
3
3
10
16
16
9
-5
-17
-18
-6
16
24
15
1
-14
-10
-1
5
7
1
-9
-21
-28
-23
-7
12
23
20
2
-24
-46
-48
-28
6
31
36
21
0
-21
-27
-23
-14
-5
-1
7
18
28
30
21
8
-7
-13
-13
-4
9
24
36
39
37
25
7
-6
-17
-22
-16
-4
16
29
31
15
-15
-48
-56
-33
8
42
47
21
-25
-58
-56
-29
16
43
36
4
-36
-57
-42
-5
33
52
38
-2
-37
-50
-37
-8
18
28
25
13
5
-3
-6
-8
-14
-14
-13
-3
13
28
35
23
0
-21
-24
-8
19
37
34
12
-15
-33
-26
-2
23
32
22
5
-6
-4
4
6
2
-10
-22
-25
-18
-1
6
2
-8
-13
-4
6
19
17
1
-21
-37
-36
-19
4
20
27
18
-3
-22
-31
-30
-18
-1
11
7
-9
-18
-16
2
20
32
35
28
20
10
-1
-9
-10
-3
13
32
28
11
-2
-9
-2
15
27
19
6
-3
-1
3
-1
-11
-25
-26
-10
7
12
1
-18
-28
-26
-13
-3
-3
-10
-19
-22
-18
-11
-5
-6
-13
-12
-3
8
17
15
7
-5
-15
-17
-8
3
17
27
31
34
36
35
28
12
-1
-6
-4
5
12
13
11
10
8
9
9
12
14
13
10
3
-9
-20
-31
-36
-31
-18
-3
6
3
-7
-20
-29
-29
-19
-11
-4
-2
-8
-13
-17
-12
-12
-15
-16
-13
-3
5
7
1
-13
-25
-30
-29
-10
13
27
28
19
11
12
19
26
25
15
6
8
19
28
36
37
30
22
19
23
33
37
34
21
12
7
2
-3
-9
-16
-12
-4
5
8
-2
-21
-42
-53
-46
-29
-15
-15
-35
-57
-61
-37
-3
12
-4
-41
-77
-84
-54
-5
30
28
-6
-41
-52
-26
29
73
79
43
-10
-48
-46
-8
39
71
71
49
27
25
38
52
56
51
44
39
39
34
26
19
22
30
33
29
15
0
-10
-8
-4
-9
-25
-50
-66
-55
-29
-6
1
-26
-68
-97
-93
-59
-19
-1
-17
-59
-92
-93
-58
-6
33
45
29
5
-6
4
17
16
-1
-16
-16
12
58
93
97
65
20
-11
-8
23
63
80
66
34
3
-10
-1
16
27
28
22
9
-6
-15
-13
0
6
-5
-32
-59
-70
-60
-30
-6
-5
-24
-50
-69
-70
-53
-32
-15
-13
-21
-34
-47
-44
-24
8
36
41
31
17
12
17
23
25
27
38
58
82
97
93
70
36
6
-3
13
43
80
102
93
51
-12
-64
-69
-24
47
91
80
19
-52
-87
-73
-26
11
14
-9
-35
-55
-58
-58
-68
-81
-83
-65
-41
-33
-41
-61
-75
-72
-66
-60
-55
-45
-30
-12
1
-5
-20
-34
-31
-14
3
21
29
36
49
56
51
31
18
31
66
105
123
111
77
40
22
29
54
81
95
89
65
35
11
-1
-1
4
8
6
-6
-24
-37
-37
-30
-26
-38
-64
-81
-80
-53
-21
-6
-9
-32
-53
-61
-61
-54
-49
-43
-29
-14
-5
-11
-32
-47
-44
-19
10
27
30
18
8
14
29
45
54
51
42
41
44
46
45
38
28
22
23
27
32
44
55
54
42
13
-22
-40
-32
-4
19
17
-14
-56
-86
-89
-69
-38
-21
-30
-51
-71
-68
-42
-17
-5
-18
-42
-47
-28
0
25
25
5
-15
-23
-11
3
8
9
18
36
55
63
52
32
16
13
24
44
64
77
84
76
58
38
28
36
57
77
79
46
-2
-33
-17
43
97
106
42
-64
-137
-127
-44
46
83
52
-18
-81
-107
-93
-71
-68
-85
-103
-100
-69
-32
-9
-18
-48
-79
-104
-127
-153
-159
-102
9
109
124
31
-125
-227
-194
-58
97
174
141
52
-25
-40
2
69
126
147
142
115
78
66
75
103
128
116
86
56
42
56
71
67
44
11
-10
-9
-1
9
6
-12
-29
-42
-52
-59
-66
-64
-46
-27
-15
-22
-53
-79
-82
-63
-23
0
-18
-54
-81
-66
-16
31
42
3
-50
-75
-51
11
64
82
59
19
-6
-1
28
57
64
54
43
40
46
53
49
34
18
5
-1
8
17
28
32
21
4
-15
-28
-33
-37
-33
-26
-14
-9
-21
-48
-72
-75
-53
-23
-2
-5
-28
-57
-78
-67
-36
-3
10
1
-17
-28
-28
-18
-8
-2
5
19
35
41
34
14
0
-3
12
40
60
63
55
38
23
22
24
31
34
37
47
49
40
22
-2
-11
-5
12
26
22
6
-15
-25
-20
-4
15
19
5
-24
-47
-56
-38
-7
15
23
6
-24
-51
-67
-60
-41
-24
-14
-11
-6
2
3
-10
-24
-32
-27
-8
16
31
32
19
7
4
10
25
33
26
14
9
17
30
31
19
-1
-14
-12
-6
1
2
6
10
6
-6
-37
-66
-74
-52
-14
14
17
-6
-36
-48
-34
-8
16
28
20
-1
-27
-49
-52
-33
2
43
60
42
0
-44
-50
-14
48
88
82
36
-17
-30
4
52
85
82
57
34
29
43
68
87
87
72
45
14
-10
-13
6
39
64
62
28
-21
-59
-74
-59
-26
-3
-10
-43
-91
-118
-111
-68
-14
11
-8
-71
-133
-150
-108
-32
28
24
-34
-106
-144
-114
-35
44
81
60
-3
-65
-91
-65
0
64
93
78
31
-14
-34
-16
27
75
102
93
58
19
5
17
44
67
66
52
35
20
10
5
12
21
24
19
1
-14
-16
-4
20
37
30
8
-15
-26
-21
-6
1
-7
-14
-19
-18
-20
-28
-34
-27
-16
-6
-8
-23
-37
-44
-37
-23
-17
-13
-20
-27
-25
-15
3
8
2
-4
-1
11
26
28
18
7
1
2
9
13
16
16
15
13
8
5
5
9
16
21
17
10
1
-5
-4
0
5
8
2
-9
-19
-22
-15
2
16
21
12
-9
-29
-36
-23
0
28
40
31
3
-33
-51
-43
-19
12
31
32
21
10
-5
-19
-25
-21
-7
16
40
44
26
0
-23
-29
-20
-1
11
16
15
12
5
-6
-17
-26
-25
-10
11
21
18
2
-14
-17
-5
16
26
20
-4
-40
-56
-43
-6
37
57
47
14
-22
-41
-32
-15
1
9
8
7
12
21
25
18
0
-22
-35
-30
-11
8
13
9
1
0
4
5
4
-6
-12
-11
3
20
27
20
-2
-17
-25
-23
-14
-3
15
27
28
20
2
-12
-16
-6
13
22
19
6
-9
-12
1
9
5
-1
-8
-2
6
16
16
-2
-27
-49
-49
-27
5
29
33
16
-6
-25
-23
2
28
36
13
-20
-42
-40
-7
34
52
41
5
-37
-52
-42
-15
13
28
28
16
-2
-20
-28
-21
2
27
46
40
14
-12
-29
-27
-13
3
6
3
-3
-6
-6
-5
0
5
10
11
4
-7
-10
-10
0
15
24
17
-1
-19
-29
-20
-1
20
28
21
6
-10
-11
-9
-3
-2
-4
-1
0
3
2
-3
-5
-10
-13
-12
-9
-1
13
20
16
5
-5
-11
-10
3
15
16
12
1
-7
-6
2
10
15
12
5
1
2
4
9
8
-2
-11
-19
-12
3
13
14
4
-9
-16
-15
-7
0
5
7
-1
-5
-10
-19
-23
-20
-12
0
14
17
4
-11
-21
-18
-6
5
6
-2
-9
-7
1
11
17
14
10
7
5
6
3
-3
-8
-5
0
8
14
13
9
-3
-11
-4
7
13
13
6
-6
-13
-12
-5
0
3
4
5
0
-4
-8
-11
-8
4
14
17
4
-15
-28
-28
-12
7
22
22
11
-8
-19
-17
-11
1
8
13
13
6
0
-1
3
11
17
12
1
-6
-10
-16
-14
-8
5
16
20
21
13
1
-8
-7
2
9
11
7
-2
-9
-7
-6
-2
2
-2
-8
-10
-7
2
11
11
2
-7
-13
-12
0
6
6
2
-2
-4
-2
3
0
-8
-16
-19
-15
-11
-11
-10
-7
-7
-5
-5
-5
-5
1
8
9
6
-6
-25
-29
-15
9
30
35
22
0
-15
-18
-8
12
28
35
34
23
11
1
-7
-6
1
6
11
13
14
16
17
7
-7
-12
-13
-4
9
10
6
-5
-11
-8
-1
7
6
-4
-20
-32
-25
-13
-6
-3
-12
-21
-18
-6
4
5
-5
-15
-15
-8
5
11
16
15
9
6
1
1
5
9
14
16
15
9
1
-2
2
6
8
9
9
10
16
16
14
10
5
1
-6
-17
-24
-24
-18
-13
-12
-22
-25
-14
-3
-2
-9
-22
-31
-27
-14
-2
-1
-6
-15
-17
-10
1
8
5
-1
-4
-6
-7
-7
-4
5
16
22
19
7
2
7
27
46
48
32
5
-13
-10
14
40
56
58
40
14
0
6
26
38
38
18
-14
-35
-41
-30
-10
4
6
-9
-23
-34
-36
-28
-25
-22
-24
-34
-45
-52
-58
-47
-31
-14
2
5
-5
-22
-29
-19
4
26
27
9
-22
-38
-26
6
41
55
43
21
6
15
42
67
74
60
33
10
13
33
55
64
53
32
15
11
9
7
-4
-19
-25
-24
-21
-23
-36
-52
-64
-58
-38
-19
-19
-40
-62
-72
-57
-31
-10
-1
-6
-13
-27
-46
-60
-53
-25
18
51
46
6
-39
-56
-23
44
100
116
84
33
-7
-18
-1
29
62
87
93
73
35
-13
-35
-18
29
70
83
53
-5
-49
-48
-14
25
41
15
-23
-48
-51
-36
-18
-13
-22
-32
-44
-49
-40
-21
-11
-11
-27
-45
-47
-30
-3
12
10
-9
-31
-37
-23
3
24
32
23
11
2
-3
3
15
27
35
39
29
13
2
0
8
16
23
22
13
4
-3
-3
0
8
14
15
10
2
-4
-7
-5
0
3
-3
-13
-21
-19
-7
7
9
-3
-18
-30
-25
-7
7
8
-5
-19
-24
-18
-8
-3
-6
-10
-16
-13
-9
-7
-7
1
17
25
23
5
-17
-31
-27
1
31
45
40
20
3
2
14
33
46
50
55
52
46
32
13
3
8
27
51
60
42
5
-38
-65
-58
-24
18
30
-2
-60
-116
-136
-110
-47
14
39
15
-48
-117
-152
-135
-68
9
60
62
15
-38
-75
-67
-17
46
92
89
51
3
-24
-8
37
81
97
75
35
9
14
47
79
88
65
14
-32
-43
-17
30
64
54
13
-41
-78
-71
-36
6
19
-4
-46
-79
-83
-57
-16
5
5
-15
-39
-44
-27
4
21
18
-6
-33
-47
-33
2
33
45
36
19
13
13
17
16
21
27
35
49
50
35
15
-2
-5
11
34
52
52
36
9
-22
-39
-33
-5
36
57
45
-1
-51
-71
-56
-11
35
47
25
-15
-44
-49
-31
-10
-4
-10
-22
-24
-9
7
9
-7
-37
-57
-51
-23
11
29
23
-3
-34
-49
-42
-19
8
23
25
14
-2
-13
-18
-18
-5
20
39
41
24
-4
-25
-30
-12
12
35
42
30
6
-23
-41
-31
3
41
63
53
7
-44
-71
-58
-5
45
61
37
-9
-49
-52
-17
24
50
40
9
-18
-27
-16
1
18
20
13
0
-13
-12
-7
4
13
9
-4
-17
-17
1
26
40
33
5
-32
-45
-31
7
43
54
35
-7
-47
-61
-39
5
42
52
31
-8
-42
-49
-34
-9
8
16
9
0
-10
-17
-20
-17
-4
11
22
17
4
-14
-22
-16
-5
16
33
36
23
-8
-26
-27
-5
27
40
28
-3
-25
-25
-8
12
13
-1
-14
-12
0
12
20
13
0
-12
-17
-13
-6
0
3
-2
-2
1
-1
-6
-7
1
14
19
13
-4
-20
-23
-12
5
14
10
3
-4
-10
-2
11
18
16
5
-6
-9
-9
-6
-4
-4
1
1
1
-1
-3
-6
-6
-4
-1
6
4
-6
-15
-14
4
25
32
18
-5
-20
-11
5
26
31
8
-10
-26
-22
-5
7
14
10
-2
2
9
25
31
11
-10
-41
-51
-36
-10
26
28
25
9
-14
-7
-11
-2
8
4
14
10
5
-2
-30
-32
-21
9
47
46
24
-24
-61
-61
-32
21
56
48
14
-35
-59
-40
4
44
49
26
-19
-52
-47
-23
15
29
23
13
1
3
3
-2
-1
-4
-2
4
3
1
-8
-10
-6
2
8
6
2
-6
-9
3
18
31
23
0
-22
-30
-15
11
30
30
9
-8
-16
-10
-2
1
9
9
17
17
4
-14
-32
-30
-8
14
25
15
-4
-18
-15
-4
1
1
2
3
3
8
4
-2
-7
-2
10
18
12
-12
-35
-44
-31
-8
11
22
19
11
5
6
10
8
-3
-14
-21
-20
-11
-1
5
15
23
25
24
18
6
-10
-19
-17
-4
11
17
7
-8
-14
-7
5
14
9
-13
-24
-22
-9
6
-1
-18
-33
-31
-5
33
60
58
28
-2
-21
-16
-1
12
9
-12
-38
-55
-55
-29
2
19
25
14
-2
-13
-13
1
19
29
24
9
-4
-6
3
17
28
30
24
14
4
-9
-24
-39
-51
-52
-37
-9
22
44
52
46
36
34
34
30
8
-21
-41
-38
-9
20
34
29
0
-25
-31
-14
10
15
2
-28
-48
-46
-30
-5
12
13
6
1
-1
3
1
-6
-12
-14
-9
-3
5
9
8
7
4
-3
-10
-10
2
17
19
6
-13
-28
-26
-11
5
9
0
-9
-1
19
42
54
39
11
-18
-38
-37
-27
-11
-2
8
18
18
22
