SAMPLES:	11383
BITSPERSAMPLE:	16
CHANNELS:	1
SAMPLERATE:	16000
NORMALIZED:	FALSE
-4
-4
1
5
-5
-5
0
1
-1
-3
-5
-3
-12
-4
4
0
10
2
-2
1
-6
1
0
-7
-10
-7
5
10
10
16
20
17
7
0
-5
-9
-3
4
3
5
9
-1
-12
-12
-10
0
3
3
-1
-8
-9
-15
-13
-4
3
2
-4
-3
-3
-4
0
0
1
5
-3
-2
4
1
-8
-12
-6
-3
6
6
7
18
13
5
7
3
9
10
3
10
8
6
3
-3
-10
-15
-4
1
2
-1
-4
-6
-8
-9
-10
-2
1
-1
-1
4
3
4
-1
-3
-5
-23
-21
-13
-9
-3
1
2
3
2
2
5
8
11
4
-6
-6
-5
-5
-2
1
4
6
11
15
18
17
6
7
12
6
9
8
6
5
-5
-3
-2
-3
-2
-5
-12
-15
-9
-6
-5
-7
-3
7
0
0
9
7
8
3
-1
12
3
-6
-7
-5
-5
-8
3
-1
-9
-14
-14
-3
2
13
14
7
9
7
-3
-8
-8
4
7
4
7
1
1
-7
-9
-1
-5
-5
-1
0
9
2
-8
-10
-9
7
6
4
9
-6
-16
-10
-2
7
-1
-5
-7
-10
-7
-12
-13
-10
-10
-12
-5
6
4
1
-5
1
9
5
-2
1
6
4
-14
-12
-8
4
13
13
21
10
5
1
0
6
4
2
9
8
12
17
5
7
11
14
17
2
4
8
-1
1
6
9
7
1
-2
-2
5
7
1
3
2
4
4
4
2
-6
-10
-14
-22
-11
-7
-18
-15
-17
-17
-13
-9
-10
-14
-16
-21
-21
-17
-16
-14
-12
-1
7
10
12
12
12
15
11
10
6
7
13
21
16
7
9
-6
-6
-7
-11
2
5
9
15
4
7
0
-8
5
-1
-11
-12
-9
-7
-8
-10
-7
3
0
1
1
9
19
10
4
7
12
14
7
4
1
-5
-11
-13
-10
-3
2
3
1
-7
-2
3
12
20
23
27
20
9
3
1
1
-5
-7
-9
-13
-10
-25
-19
-6
2
11
4
1
-6
-13
-18
-26
-23
-13
-13
-8
-15
-14
-3
1
1
3
5
14
9
-1
1
2
3
1
13
6
2
2
-8
3
9
5
9
15
7
6
11
16
18
13
17
12
12
7
-10
-11
1
11
5
-4
-10
-12
-16
-14
-10
2
13
8
2
-4
-3
-5
-13
-6
3
12
10
-7
-15
-22
-20
-22
-11
7
-1
-5
-9
-11
-3
-4
-7
-3
12
22
15
6
2
3
8
1
1
7
11
4
-10
-8
-4
-7
-5
-5
-1
-3
-10
-6
-16
-16
-22
-17
-2
1
14
9
11
10
-2
-6
-7
11
15
10
15
10
17
11
-5
-1
10
17
11
9
6
6
8
-7
-6
5
12
11
16
19
21
29
19
14
6
0
-10
-22
-19
-11
-13
-14
-10
-14
-7
-15
-11
-6
-8
-1
0
5
1
-7
-4
-9
-5
-6
-21
-19
-13
-13
-6
-6
-8
-7
-8
-9
-10
-9
-2
-3
-5
-5
1
6
1
7
8
0
-3
0
3
4
3
4
5
-2
-4
-2
4
12
10
11
10
12
19
15
14
10
2
0
1
7
6
-6
-6
-1
6
6
8
16
14
3
2
-9
-9
-1
-2
8
8
12
15
8
9
7
6
-1
-11
-16
-20
-20
-14
-10
-12
1
9
2
1
-1
-5
1
0
-1
0
-8
-7
-8
-9
-10
-12
-7
-14
-18
-20
-15
-11
-11
-9
-12
-8
-10
-16
-13
-1
11
23
28
27
28
18
13
5
12
20
14
16
16
18
14
12
20
17
13
0
-9
-14
-21
-19
-15
-2
0
-8
-19
-19
-6
-4
-1
3
6
7
2
-10
-10
-3
0
1
-3
-6
-16
-17
-22
-32
-19
-7
4
8
7
13
17
13
7
-3
-9
-9
-6
-8
1
5
0
2
3
0
0
4
10
6
8
10
11
15
4
1
-4
-5
1
3
5
1
1
0
-6
-5
5
3
0
1
6
11
5
10
20
18
11
9
3
4
6
3
12
16
16
15
5
11
10
1
0
0
-4
-4
-9
-7
-9
-19
-25
-24
-19
-32
-34
-36
-30
-15
-14
-12
-13
-6
0
-3
-10
-10
-4
-5
-2
0
9
12
5
2
3
9
18
13
7
0
2
9
12
16
5
1
-6
-10
1
3
8
19
13
8
2
-3
-3
-4
-6
-10
-14
-19
18
79
86
0
-94
-80
8
76
54
-11
-30
-18
-9
-34
-55
-35
29
75
57
2
-46
-55
-7
58
65
23
-43
-64
-5
47
38
6
-6
27
34
-17
-70
-56
33
93
64
-39
-126
-111
-1
109
122
33
-89
-111
-7
102
111
12
-85
-88
-32
26
41
31
-9
-81
-116
-60
53
119
59
-57
-115
-99
-49
-20
34
130
166
33
-181
-246
-69
188
255
93
-111
-174
-86
11
24
-11
-35
-14
1
12
0
-33
-45
-34
72
205
266
192
69
57
149
261
280
237
233
214
149
6
-131
-170
-95
3
-37
-175
-338
-425
-367
-300
-231
-163
-146
-154
-198
-207
-131
2
141
219
183
42
-129
-184
-46
162
276
148
-153
-391
-418
-192
83
185
66
-175
-273
-130
114
278
277
196
162
184
241
284
309
312
279
256
234
209
189
141
87
29
-42
-79
-68
-29
-27
-117
-212
-249
-202
-71
7
12
-26
-89
-79
-35
32
97
73
29
-23
-51
-27
-55
-68
-46
-48
-34
-96
-168
-156
-110
-27
-4
-53
-82
-95
-38
60
114
123
68
20
31
50
93
86
34
27
-3
-24
-44
-114
-115
-91
-71
-53
-103
-110
-86
-57
3
-1
-2
16
40
105
112
66
43
14
38
61
31
25
-23
-45
-42
-59
-44
-54
-43
-7
-2
21
30
26
50
62
80
94
82
93
107
103
87
54
30
37
48
48
33
13
-17
-42
-34
-17
-4
-3
-11
-28
-53
-71
-62
-37
-3
17
6
-14
-44
-59
-42
-27
14
31
14
-6
-57
-66
-38
-9
19
6
-40
-71
-75
-41
-13
-17
-15
-31
-32
-25
-23
6
20
13
22
34
30
22
8
15
46
57
35
-3
-21
-3
37
52
20
-36
-35
19
60
48
-7
-21
-4
40
73
49
6
-14
25
64
26
-27
-41
-12
-9
-39
-70
-62
-38
-45
-39
-35
8
23
-26
-69
-10
114
151
96
-9
-41
-28
113
392
422
48
-457
-498
-135
177
170
-53
-98
-163
-324
-519
-558
-318
86
518
426
-4
-264
-80
312
319
160
65
105
106
116
281
168
-32
-15
280
234
-521
-919
-442
425
549
-34
-352
-292
-85
-59
47
229
258
257
253
312
196
109
184
200
180
40
-1
11
88
212
127
-72
-328
-283
-40
91
54
-195
-392
-467
-297
-15
105
91
-113
-360
-563
-521
-243
-80
-173
-439
-549
-542
-517
-593
-729
-541
-241
-101
-356
-632
-166
790
1235
545
-321
-236
576
940
395
-77
193
783
858
460
171
181
341
578
1049
1503
1700
1636
1528
1483
1300
1172
1193
1360
1505
1210
465
-439
-934
-868
-653
-894
-1518
-1804
-1723
-1568
-1720
-2121
-2337
-2204
-1942
-1882
-1806
-1689
-1559
-1478
-1261
-580
59
36
-392
-361
42
385
269
-431
-782
-473
-276
-742
-1266
-1320
-1017
-1044
-675
3109
8889
10401
5935
1249
1104
4167
6267
5318
4186
4307
2819
-1130
-5090
-6800
-5019
-969
864
-500
-2231
-3257
-3650
-3234
-1963
-301
62
-2282
-4339
-2909
-157
1277
2004
3031
3546
1864
-2197
-5340
-4287
-867
960
-346
-3630
-6565
-7102
-4801
-960
2362
2772
479
-1165
-161
2217
4057
4843
4630
3805
2730
1900
2113
2908
3169
2865
2479
1618
343
-479
-730
-832
-1367
-2241
-2519
-1815
-857
-246
30
-331
-902
-571
708
1950
2050
902
-395
-699
-328
-70
120
292
949
2242
3058
2318
762
179
843
1575
1110
-65
-591
-630
-1123
-2242
-3168
-3183
-2213
-843
156
485
35
-670
-1105
-1233
-1271
-1653
-2398
-3199
-3587
-3488
-2897
-2066
-1449
-969
-1084
-2028
-3128
-3404
-2435
-990
-384
-1224
-2407
-2822
-2159
-908
-53
1546
6073
12013
14079
10384
5333
4104
6866
9009
8204
6469
5442
3809
148
-4780
-8343
-7579
-3355
203
442
-1691
-3699
-4207
-3324
-1560
399
693
-1341
-3086
-2250
150
1983
3034
4200
4867
2826
-2459
-7556
-8563
-5583
-2395
-2504
-5928
-9770
-11178
-9487
-5657
-1572
658
635
-3
513
2430
4807
6723
7732
7667
6726
5879
5869
6238
6085
5322
4337
2977
1041
-922
-1999
-2274
-2594
-3123
-3287
-2786
-2020
-1417
-993
-639
-259
670
2479
4057
3925
2235
794
733
1145
687
-427
-1056
-1117
-1555
-2927
-4711
-5708
-5246
-4107
-3480
-3627
-3810
-3230
-1960
-657
419
1385
2150
2679
3043
3055
2668
2316
2374
2605
2350
1142
-588
-1774
-1781
-1017
-616
-1165
-2007
-2184
-1765
-1159
-171
1317
2722
3318
3354
3518
3993
4490
4815
4820
4078
2729
1482
555
-395
-1357
-2062
-2567
-3230
-4139
-4820
-4995
-4820
-4492
-3989
-3451
-3134
-2950
-2685
-2224
-1515
-681
-38
309
353
132
-75
-57
-20
-474
-1312
-1847
-1911
-1912
-2034
-2032
-2045
-2448
-2649
-1720
209
3046
7554
13033
15763
13263
8713
7219
9500
11966
11929
9730
6533
2529
-2144
-6899
-10423
-10774
-7575
-3637
-2374
-3360
-4077
-3802
-3679
-3420
-2019
-374
-438
-1778
-1903
-93
2710
4832
5287
3304
-386
-4593
-7920
-9080
-7981
-6120
-6485
-9433
-12913
-13796
-11698
-7633
-3155
-121
935
1111
2309
3504
3823
3928
5333
6988
7137
6328
5702
5700
5267
4890
4690
4423
3040
1849
2983
5801
8009
7544
6050
5669
8926
11704
9187
2502
-724
2149
4159
278
-7439
-10470
-8320
-5319
-6062
-7716
-6367
-1672
2838
2220
-1872
-5254
-4551
-3603
-4222
-5049
-3688
-1986
-1824
-1650
-1140
-1779
-4271
-5136
-4058
-3359
-5410
-8447
-9650
-7662
-4327
-2540
-2486
-2426
-690
1831
4021
5355
6572
6910
5620
3870
3447
4038
3954
3122
2215
1750
1212
173
-867
-750
817
3295
7797
14694
19816
18246
12121
8642
10114
12587
11816
8366
4443
126
-6062
-13968
-20245
-20896
-14593
-7008
-4854
-7531
-8447
-5820
-3705
-4017
-4319
-2932
-2030
-2066
-1271
675
1889
2749
4520
5636
3481
-1561
-6510
-8529
-6863
-4190
-4181
-7950
-12319
-13735
-11456
-7623
-3644
63
2719
3605
3980
5650
7896
9527
10081
9883
9406
9235
8971
8227
6952
5243
3583
2689
2046
546
-1422
-2877
-2897
-1623
1469
6224
10578
11395
8266
4407
2379
2507
3176
3396
1921
-1760
-6466
-10217
-12564
-13551
-12193
-8767
-5475
-4007
-3498
-3394
-3595
-4043
-3728
-2737
-2043
-1722
-1145
153
1262
2518
3823
4600
3948
2402
685
-1247
-2688
-3348
-3382
-4113
-5289
-6442
-6849
-6614
-5329
-2854
-717
356
1179
3092
3683
3343
3457
5129
6677
7198
7123
6437
6037
5880
11510
19680
21460
13404
5430
3771
4553
4153
781
-728
-504
-895
-6310
-14769
-21638
-20051
-9873
-1852
-1223
-3214
-1992
-1343
-3275
-5323
-3332
56
919
-39
-11
103
-262
1286
4358
5685
2797
-2913
-8466
-9299
-5872
-2226
-2574
-5807
-8840
-9448
-7741
-4821
-773
2392
3170
2677
3312
4922
5978
6137
5473
4729
4534
4653
4928
3720
2063
1004
2427
3611
3085
1747
2973
8530
13131
13362
9398
7625
7821
8302
5542
1102
-1932
-2858
-3430
-7301
-13030
-17311
-14980
-9423
-5459
-5371
-5801
-4863
-3280
-2488
-2650
-2904
-3636
-3347
-2121
-580
-169
754
2627
4623
4642
2303
-1033
-3366
-3457
-1958
-712
-1922
-4631
-7020
-6905
-5581
-3939
-2367
-506
724
692
495
1001
2716
4912
6480
6531
5263
4632
5156
6085
5348
4405
5012
8129
17535
23771
17959
2822
-1559
7070
14270
10112
-1011
-3230
-134
-1326
-12733
-22614
-23702
-13815
-2193
-827
-6469
-8057
-726
3150
-867
-6239
-3975
-713
-2264
-4383
-2766
-775
-988
83
2904
3038
-3188
-10418
-12631
-7285
-1208
-738
-5923
-9907
-8267
-3791
-250
944
2739
5041
5885
5220
5670
6716
6297
4640
2983
2278
2141
2578
3350
3091
1832
1013
2445
4254
3465
1305
-84
654
3191
10328
18227
19585
13545
7786
7089
7409
5689
2430
1778
259
-5052
-13172
-18553
-19119
-15327
-10297
-8059
-6933
-4572
-551
-139
-3271
-5864
-3913
-1646
-2169
-2961
-1957
-212
1236
3165
4384
3905
1007
-2512
-5056
-5233
-4509
-4237
-5129
-6459
-7718
-7837
-6234
-3828
-1203
1010
2905
4013
4940
5138
5029
5202
5598
5307
3841
2769
2825
3287
2740
1741
1204
1285
2141
3935
7861
13164
16348
14904
11457
10376
11655
12168
9245
4635
1285
-760
-4492
-10978
-17176
-18939
-15272
-10319
-7518
-6634
-5140
-3841
-3500
-3205
-1667
-51
-656
-2075
-2206
-136
1217
1325
1444
1736
503
-3115
-6619
-8081
-6679
-4649
-4472
-6874
-10093
-11035
-9465
-6738
-3984
-1039
1437
2583
3714
5624
7783
8495
7848
6688
6067
6255
6948
6712
4227
1005
-689
-266
18
-432
-785
1198
5913
11231
14062
13445
11852
11543
12353
11469
8572
6111
5333
3360
-2511
-10319
-15215
-14968
-12157
-10623
-10547
-9423
-6035
-2760
-2449
-4639
-6233
-5102
-2897
-1454
-1072
-155
1369
3391
5062
4932
1800
-3070
-5995
-6009
-4741
-5405
-7716
-10108
-10747
-9812
-8421
-7055
-5473
-2913
-613
952
1964
3793
5969
7167
6913
6230
6537
7401
8167
7783
6055
3436
1396
1284
2137
2236
1050
1185
4647
10046
13160
11919
9227
8574
10409
11057
8704
4830
2751
2007
-954
-7039
-12700
-13315
-10095
-6865
-5798
-4880
-2949
-1414
-1765
-3944
-5597
-5744
-4954
-4938
-5543
-5145
-3270
-776
889
1670
988
-1063
-3153
-3637
-2746
-2630
-3802
-5758
-7344
-8452
-8488
-7165
-4998
-2826
-1565
-925
-531
660
2620
4752
5768
5347
4770
5576
7766
8867
7688
5278
3742
3359
3354
2838
1245
-164
1536
7264
12425
12157
8032
6132
8360
10655
9695
6974
5327
4318
1129
-5391
-12252
-14977
-12299
-8212
-6389
-5727
-3315
-365
-652
-3711
-5896
-5496
-4906
-5093
-5022
-4298
-3664
-2755
-173
2676
3363
879
-2307
-3787
-2878
-1101
-982
-2962
-5574
-6869
-7604
-8229
-7820
-5683
-3482
-3053
-2871
-1412
968
2311
2930
4133
6283
8773
10279
10460
9423
8940
8912
8003
5338
2339
758
327
1624
4444
7473
7295
4789
3729
5804
8231
8287
7730
7458
6427
2125
-3767
-8559
-9892
-8315
-6043
-4752
-4284
-3048
-2504
-4077
-7278
-8411
-7419
-6827
-8137
-9056
-7513
-4641
-1898
100
1898
2535
2003
735
220
831
1990
2046
-190
-3700
-6667
-7928
-8250
-7742
-6630
-5590
-5785
-6259
-4988
-1757
1243
2435
2870
4311
7311
10872
13468
13697
12163
10699
10157
8916
6113
2493
-625
-2929
-3361
-786
3428
5968
5609
4518
4350
5277
6823
8698
9338
7725
3878
-320
-4077
-7013
-8672
-8445
-7001
-5406
-3736
-3184
-4376
-6991
-8677
-9181
-9072
-9472
-9382
-7910
-5548
-2944
-269
2826
5188
6330
5244
3040
1176
906
1165
269
-2636
-6594
-9237
-10101
-10034
-9981
-9024
-6913
-4168
-1874
-90
1784
3837
5744
7353
9278
11010
11997
12199
12110
11314
9282
6305
2847
-4
-2275
-3709
-4443
-3385
-508
3593
6713
7964
10526
14121
13877
7985
4263
5909
8015
4273
-3206
-8297
-9331
-9649
-11862
-13823
-13466
-8064
-788
1498
-3362
-7383
-6286
-4926
-7415
-9685
-6699
-1661
919
1963
4522
6511
6701
6241
5432
2762
-872
-4558
-8085
-10096
-9354
-8200
-10243
-13929
-14581
-10263
-4726
-622
2046
3976
5117
7026
10045
11596
10609
9072
8702
8482
7488
6165
5024
2767
-1042
-4200
-4610
-3368
-2280
-1355
786
4253
7565
9395
10327
11352
11901
11466
9907
7723
5195
2987
958
-2241
-6665
-10114
-10538
-9605
-9469
-9157
-7163
-4969
-4767
-5508
-5277
-4464
-4145
-3644
-1695
922
2912
4640
6265
6572
4679
2209
354
-1261
-3183
-5257
-7321
-9585
-11235
-11916
-11887
-11832
-10800
-8115
-4983
-2599
-407
2789
6036
7973
8371
8329
8360
8477
8660
8333
6611
3905
2037
1169
252
-935
-1685
-2132
-2123
-45
4974
10023
11395
9813
8638
9321
10188
10044
8473
6244
4268
2606
-379
-5578
-10500
-12104
-10127
-7886
-6440
-5246
-4395
-4699
-5217
-4434
-3407
-3168
-3005
-1266
717
1412
1550
2650
4294
4767
3565
512
-3199
-5585
-5830
-5833
-7431
-9845
-11622
-12368
-12091
-10160
-7257
-5096
-3829
-1778
1711
4912
6372
6408
6053
6219
7150
8437
8329
6318
3648
2484
2454
2113
1052
-170
-916
-1406
769
5368
10050
10439
8637
8388
10094
10484
8103
6720
6656
7044
3967
-1279
-6994
-9313
-7828
-5999
-6352
-7805
-5709
-2445
-1371
-3550
-4250
-2976
-2056
-2140
-1554
-326
-363
-149
1569
3648
3265
981
-1879
-4147
-5278
-5188
-6017
-8764
-11258
-11151
-9926
-9797
-9718
-7854
-4730
-2513
-1122
155
1759
3047
4190
5033
5446
5605
6126
6722
6532
5601
4807
4375
3553
2594
2058
1767
1077
1525
4621
9173
11257
9785
7154
6152
6806
7667
7618
6228
4299
2357
-53
-3990
-7793
-8872
-6800
-4778
-4323
-4168
-2917
-1777
-1934
-3037
-4383
-5214
-5023
-3313
-1661
-913
-790
508
2347
3185
2079
-255
-2506
-3921
-4181
-4497
-5437
-7318
-9011
-10378
-10994
-10675
-9146
-7198
-5596
-3852
-1477
1109
2410
2999
4372
7267
9566
9839
8725
7889
7610
7355
6614
4761
2114
-291
-1136
-983
21
2281
5624
7833
7889
7235
7271
7572
7455
7667
8085
7526
4663
291
-4082
-6706
-7188
-6460
-5839
-5066
-3029
-741
-753
-3687
-6371
-6458
-4954
-4732
-5609
-5557
-3513
-876
1174
2599
3493
3613
2584
966
-1174
-3135
-4568
-5210
-6301
-8387
-10908
-12438
-12063
-10082
-7671
-6442
-5891
-4522
-1464
1544
3595
5178
7422
9728
11213
11580
11053
10245
9387
8380
6037
2810
-84
-1545
-2169
-1596
742
3846
5276
4887
5423
7513
8831
7753
6698
7367
8040
5533
168
-4877
-6742
-5503
-3758
-3673
-4402
-3397
-965
-203
-2764
-6160
-7765
-7607
-7024
-6098
-4764
-3373
-1778
574
2881
3475
2246
690
24
-205
-933
-2854
-5453
-7741
-8993
-9818
-10819
-11273
-10277
-8306
-6580
-4912
-2710
-275
1420
2728
4630
7161
9403
10637
10945
10413
9572
8828
7943
5983
2884
22
-1664
-2030
-983
2032
5597
7180
6316
5709
7272
9272
9472
8117
7293
6891
5079
672
-4710
-8197
-8177
-5977
-4294
-3871
-3450
-2214
-1784
-3222
-5399
-6371
-6232
-5964
-5726
-4967
-3668
-2382
-869
884
2045
1465
-89
-917
-689
-890
-2371
-4390
-6371
-8227
-10039
-11190
-11223
-9988
-7947
-6130
-4878
-3233
-403
2487
4139
5231
7382
10224
11972
11971
10977
9744
8286
6504
4381
2162
361
-674
-605
1341
4742
7018
6441
5135
6279
8936
9901
8697
7441
6701
4985
1547
-2741
-6508
-8265
-7193
-4902
-3621
-3223
-2549
-2175
-3295
-4979
-5769
-6252
-6817
-6443
-5012
-4309
-4621
-3572
-558
1724
1251
-534
-1303
-560
327
-90
-2403
-5632
-7896
-8778
-9032
-9224
-8968
-8381
-7915
-7083
-4770
-1358
1333
2613
3371
5178
8171
11285
12905
12363
10609
8997
7898
6377
4165
1826
159
-559
328
3011
6076
7533
6971
6451
7076
7906
7526
6686
6511
6064
3216
-2131
-7045
-8776
-7332
-5435
-4456
-3695
-2079
-657
-1128
-3292
-5397
-6289
-6640
-6930
-6959
-6201
-4950
-3411
-1549
482
1715
1254
-97
-934
-840
-824
-1651
-3033
-4548
-6299
-8302
-9709
-9488
-7635
-5682
-4989
-4796
-3490
-635
1971
3406
4417
6072
8321
10333
11613
11442
10001
8018
6652
5617
4074
1587
-674
-427
2958
6844
7699
6206
5256
6142
6777
6304
5593
5449
5012
2711
-1349
-5987
-8528
-8141
-5986
-4387
-3255
-1687
-569
-996
-2669
-3960
-5120
-6353
-7090
-6643
-6127
-6334
-5813
-3546
-704
484
-26
-1131
-1519
-842
328
688
-402
-2205
-3981
-5688
-7244
-7578
-6806
-5996
-5918
-5519
-4102
-2151
-453
1190
2961
4649
6613
8910
10893
11296
10687
9601
8504
6737
4833
2855
1095
45
1289
4549
7099
7638
6630
6382
6457
6939
5969
4653
3093
2300
882
-2592
-6907
-9626
-8242
-5522
-2856
-2294
-2202
-2690
-2481
-2400
-3248
-5004
-6743
-7120
-7076
-6281
-5234
-3378
-1988
-466
276
60
-1191
-1509
-548
180
-246
-1749
-3184
-5067
-6305
-6870
-6221
-5606
-4989
-4559
-3802
-2033
471
2581
2896
2798
3852
6569
9033
9900
8988
7636
6980
6584
5585
3556
1423
540
1988
5658
8921
9428
7254
5338
5177
5796
5912
5204
4503
3031
472
-3788
-8182
-10459
-9248
-6089
-4103
-3501
-2878
-1276
-600
-1687
-3911
-5546
-5887
-5354
-4858
-5270
-5600
-4285
-1217
1289
1333
-578
-2324
-2420
-982
134
-466
-2637
-4733
-5881
-6321
-6397
-5943
-4778
-3769
-3046
-2482
-1248
431
2276
3671
4287
4814
5805
7664
9119
9332
7905
6224
5212
4939
4303
2712
1438
2096
5209
8070
8730
7254
6212
6310
6761
6317
5091
3699
1860
-734
-4789
-8990
-11707
-11070
-8268
-5242
-3471
-2585
-2101
-2042
-2130
-2782
-3928
-5653
-6294
-5733
-4595
-4055
-3274
-1505
387
1085
-26
-1251
-1629
-708
-183
-842
-2580
-3988
-4524
-4897
-5300
-5339
-4178
-2700
-1640
-1128
-40
1796
3529
4301
4250
4385
5191
6473
7503
7771
7313
6496
5857
5182
3844
1707
18
955
4246
7514
8171
7193
6527
6638
6349
5245
4538
4193
3101
-264
-4963
-9252
-11084
-10612
-9225
-7832
-6126
-3840
-2507
-2548
-3238
-3385
-3563
-4010
-4254
-4107
-4148
-4191
-3022
-635
1644
2113
709
-1488
-2576
-1934
-929
-1106
-2489
-3919
-5009
-5840
-6186
-5635
-4371
-3004
-1654
-216
1320
2825
4221
5098
5113
4914
5680
7400
8417
7817
6411
5386
4818
4368
3692
2339
750
1293
5118
9255
9994
8044
6990
7660
8048
6716
4666
3016
1601
-817
-5253
-10724
-13942
-12919
-9951
-8275
-7350
-4862
-1809
-762
-1934
-3404
-4578
-5434
-5035
-3460
-2698
-3210
-2745
-362
1822
1798
52
-2097
-3289
-2704
-1305
-1283
-3201
-5214
-6060
-6309
-6323
-5437
-3640
-2129
-1204
33
1874
3557
4737
5666
6215
6208
6310
7300
8385
8214
6705
5062
3748
2675
2002
1459
535
475
3368
7835
9788
8348
7217
8198
8879
7228
5371
5127
4552
1212
-4626
-10452
-13741
-13200
-10524
-8865
-8559
-6738
-3220
-1578
-3150
-4615
-3948
-3397
-3949
-3654
-1983
-856
-562
502
2295
2786
1167
-1478
-3545
-3784
-2478
-1547
-2669
-4807
-6030
-6349
-6622
-6326
-4719
-2703
-1417
-467
949
2448
3672
4838
5866
6320
6583
7562
8690
8466
6900
5223
4089
3146
2183
1214
398
998
3685
6705
7677
6996
6962
7977
8038
6462
4916
4560
3857
704
-4549
-9531
-11619
-10927
-9677
-9344
-8565
-5812
-2855
-2413
-4068
-5017
-4326
-3656
-3610
-2896
-1478
-56
1039
2179
2946
2578
1193
-727
-2416
-3116
-3035
-3130
-4065
-5317
-5886
-6273
-6674
-6460
-4918
-2700
-965
321
1630
3160
4831
5857
5710
5343
6111
7891
8853
8106
6179
4381
3365
2865
2252
891
-752
35
4239
8441
9087
6686
4826
5343
7292
7613
5642
3409
1811
-270
-4009
-8915
-12345
-11863
-9581
-8252
-7693
-5903
-3520
-2288
-3186
-4917
-5190
-4386
-3521
-2655
-1571
-583
1131
3071
4443
4290
2652
99
-1742
-2209
-2612
-3320
-4684
-6143
-7304
-7436
-7161
-6137
-4474
-2581
-1140
54
1619
3615
5898
6777
6550
5820
6260
7518
8624
7906
5748
3774
2891
3090
2665
1113
-235
2065
6076
8160
6848
5476
5761
6597
6477
5451
4990
4132
2300
-1480
-6277
-10682
-11775
-10169
-8551
-8236
-7703
-5942
-4436
-3717
-3695
-3874
-4908
-5564
-4547
-2296
-730
405
2095
3830
4338
3376
1806
103
-877
-1267
-1842
-3422
-5053
-5983
-6622
-7497
-7600
-6236
-4630
-3538
-2359
-317
1777
3696
5396
6531
6452
6283
7430
9189
9421
7524
5471
4354
3934
2812
1044
-240
1136
4452
6544
5679
4202
4917
6618
6869
5086
3963
4055
4044
1514
-3117
-7737
-9763
-8938
-7637
-7178
-7062
-5837
-4491
-3879
-4507
-5330
-6117
-6320
-5462
-3524
-1706
-626
755
2770
4547
4439
2693
538
-180
53
-33
-1735
-4122
-5787
-6444
-6880
-7567
-7167
-5649
-3774
-2595
-1384
123
2030
3858
5022
5414
5540
6415
7939
9315
9108
7524
5632
4484
3780
2781
1065
337
2627
6340
7730
5765
3933
4645
6770
6754
4354
2477
2591
2596
-397
-5765
-10147
-10376
-8172
-7073
-7455
-7158
-5430
-3773
-3223
-3883
-4861
-5724
-5879
-4727
-2746
-1251
-391
802
2407
3757
3517
1488
-629
-775
258
-1
-2369
-5174
-6606
-6855
-6907
-6826
-6257
-5257
-3734
-1727
-68
947
2268
4093
5497
5836
6110
6936
8263
8736
8038
6555
5130
4233
3467
2563
1747
3135
5557
6936
6019
5021
5011
5947
6688
5773
4068
2381
1935
307
-3479
-8597
-10565
-8598
-6132
-5465
-5767
-4998
-3972
-2897
-2980
-3899
-5325
-5845
-5074
-3872
-3274
-2765
-983
1270
2599
2394
1398
298
242
832
742
-951
-3222
-4959
-5817
-6406
-6976
-6717
-5548
-4230
-3296
-2092
-776
693
2276
3426
3730
4006
5154
6860
7935
7501
6252
5484
5231
4722
3920
2809
2730
5003
7890
8019
5725
4694
6170
7837
6912
4144
2222
1682
826
-1739
-5770
-9355
-9719
-7527
-6357
-7000
-6783
-4573
-2464
-2095
-3065
-3940
-4447
-4344
-3312
-2211
-2010
-1686
-142
1291
1432
757
256
83
304
260
-672
-2437
-4106
-4808
-5019
-5461
-5901
-5661
-5149
-4267
-2643
-814
302
1112
2326
3667
4608
5076
5814
6998
7611
6819
5450
4698
4605
4251
3264
3168
5242
7820
8201
6596
5207
5019
5676
6031
5323
3760
2043
229
-2326
-5870
-9023
-9757
-8260
-6453
-5553
-5384
-5469
-4819
-3197
-2141
-2891
-4423
-4808
-3757
-2510
-1625
-460
799
1294
1187
1007
395
-517
-623
70
143
-1042
-2775
-4327
-5377
-5647
-4976
-4195
-4216
-4293
-3280
-1783
-851
-97
1187
2667
3770
4580
5414
6345
6972
6799
5929
5112
4943
4822
3738
2987
4703
7439
7721
5683
4725
5798
6726
5977
4386
3350
2776
1538
-1070
-4804
-8052
-8813
-7524
-6296
-5629
-4858
-4435
-4657
-4360
-3197
-2663
-3583
-4479
-3853
-2613
-2105
-1677
-456
741
882
184
-648
-1119
-933
-378
-343
-1175
-2268
-3245
-4114
-4481
-3937
-3347
-3838
-4629
-3917
-1909
-667
-683
-420
927
2721
4305
5374
5830
5916
6037
6230
6141
5560
4829
4022
3300
4169
6925
8665
7563
5852
5671
6137
5865
5152
4729
4135
2309
-639
-3932
-7011
-8603
-7912
-6606
-6317
-6089
-5186
-4660
-4640
-4118
-3338
-3464
-4275
-4221
-3097
-2228
-1656
-185
1570
1938
968
-378
-1591
-1950
-972
5
-497
-2196
-3681
-4466
-4874
-4679
-3767
-3121
-3572
-3969
-3217
-1838
-740
193
1172
2021
2965
4339
5902
6677
6396
6023
6500
7206
6765
4873
2808
2892
5602
8239
7890
5587
4733
6101
7131
5635
3184
2314
2958
2646
-406
-5172
-8733
-9006
-7286
-6169
-6404
-6616
-5939
-4895
-4145
-3731
-3508
-3744
-3981
-3618
-2795
-2049
-1255
-199
725
893
89
-1194
-2128
-1734
-417
220
-985
-3063
-4353
-4473
-3864
-3165
-2894
-3449
-3944
-3422
-2015
-622
327
984
1380
1949
3327
5395
6837
6954
6555
6580
6894
6899
6172
5049
5271
7342
9088
7966
5248
4379
5986
7370
6159
3874
2609
2613
1926
-1103
-5857
-9300
-8724
-6139
-5072
-6312
-7369
-6741
-5506
-4871
-4605
-4339
-4126
-3894
-3244
-2478
-1967
-1233
-220
558
153
-1213
-2841
-3450
-2579
-954
-285
-1580
-3579
-4752
-4585
-3845
-3033
-2381
-2145
-2220
-1912
-1265
-460
126
851
1732
2471
3437
4710
6068
6496
6045
5442
5641
6092
6009
5258
5323
7086
8768
8230
5884
4755
5723
7049
6456
4819
3493
3165
2072
-816
-4548
-7031
-6927
-5929
-5683
-6576
-6705
-6188
-5507
-5573
-5628
-5574
-5267
-4355
-3279
-2234
-1599
-474
666
1370
843
-157
-1381
-2068
-1716
-834
-713
-2064
-3697
-4661
-4554
-3899
-3081
-3064
-3485
-3543
-2539
-1591
-1191
-770
204
1207
1865
2638
3699
5076
6108
6656
6325
6168
6120
5734
4874
5681
8350
9643
7487
4412
4144
5807
6780
5689
4479
3818
3509
2116
-951
-4840
-6838
-5686
-3990
-4205
-5579
-5817
-5560
-5779
-6303
-5864
-5410
-5540
-5319
-3968
-2715
-2290
-1550
135
1675
1395
-417
-2426
-2769
-1590
-297
-614
-2256
-3857
-4560
-4645
-4136
-3002
-2289
-2437
-2830
-2303
-1428
-719
-307
213
684
1370
2642
4207
5431
5886
5973
5936
6337
6800
6941
6888
7893
9217
8650
6175
4541
5105
6003
5962
4945
3688
2377
1627
688
-1667
-4972
-6497
-5247
-3932
-4263
-5255
-5703
-6270
-6399
-5645
-4951
-5508
-5933
-4716
-3001
-2385
-2294
-1185
-2
245
-328
-1125
-2285
-2722
-1719
-642
-1017
-2241
-2947
-3401
-3688
-3123
-1765
-1375
-2188
-2585
-1904
-1389
-1187
-422
629
1129
1643
3087
4652
5298
5258
5556
6046
6193
5827
5752
6854
9032
10426
9356
6853
5340
5571
5907
5028
3375
2409
2147
1403
-987
-4317
-6371
-5952
-4587
-4270
-4701
-4812
-4713
-5090
-5669
-6183
-6621
-6938
-6455
-5198
-4003
-3266
-2289
-684
813
1386
480
-1423
-2906
-2626
-1433
-1061
-1998
-3186
-3737
-3631
-2940
-1976
-1298
-1379
-1539
-1317
-778
-53
720
910
297
115
1380
3457
4862
5466
5813
6207
6412
6568
6884
7609
9034
10362
10170
8073
5959
5133
5137
4758
3780
2394
951
-63
-845
-2154
-4211
-5431
-4818
-3426
-2960
-3390
-4064
-4747
-5377
-5805
-6200
-6839
-7178
-6619
-5364
-4222
-3278
-2344
-1486
-948
-751
-1217
-2323
-2941
-2347
-1344
-1425
-2633
-3726
-3782
-2932
-1613
-533
-358
-825
-915
-411
-42
111
403
662
672
981
2010
3273
4135
4883
5929
6748
6517
5613
5603
7770
11011
12273
10316
7410
6253
6370
5760
3800
2021
1527
1577
540
-2236
-5366
-6708
-5559
-3962
-3623
-4022
-3668
-2929
-3058
-4189
-5421
-6063
-6208
-5991
-5895
-5833
-5208
-3545
-1761
-941
-1203
-2032
-2903
-3196
-2230
-915
-786
-2179
-3715
-4277
-3771
-2522
-1092
-199
-214
-441
-135
629
1214
1411
1267
883
682
1205
2491
3765
4393
4431
4684
5400
5893
5940
6802
9321
11461
10836
8272
6877
7245
7309
5749
3442
1858
1140
483
-1397
-4381
-6544
-6261
-4630
-3854
-4225
-4432
-4096
-3883
-3762
-3770
-4337
-5629
-6355
-5734
-4794
-4507
-4253
-3201
-1960
-1483
-1974
-2811
-3409
-3128
-2215
-1674
-2161
-3087
-3473
-3236
-2607
-1686
-753
-333
-177
71
485
938
1458
1748
1430
944
1013
1957
3047
3917
4505
4962
5077
5021
5150
5966
8360
11091
11725
9589
7551
7121
7100
5734
3470
2043
1734
1526
-340
-3611
-6803
-7301
-5337
-3853
-4212
-4400
-2988
-1651
-1664
-2619
-3384
-4294
-5000
-5126
-4808
-4880
-4941
-3853
-2381
-1928
-2843
-4231
-5235
-4726
-2939
-1490
-1812
-2896
-3070
-2528
-2360
-2437
-1632
-125
1029
1399
1165
699
745
1551
2046
1500
870
1352
2431
2834
2865
3066
3719
4377
5082
5590
6631
8876
11083
11000
8485
6719
6774
7480
6271
3827
1449
324
-178
-1846
-4954
-7689
-7147
-4907
-3649
-4574
-5017
-4111
-2914
-2497
-2657
-3106
-3915
-4118
-3598
-2886
-3000
-3054
-2801
-2303
-2419
-3119
-4490
-5794
-5639
-3997
-2425
-2505
-3206
-3434
-2788
-2029
-1017
-62
627
981
1260
1650
2074
2682
2908
2558
1966
2046
2575
3050
3226
3466
3874
4087
4117
4044
5233
8181
11147
11356
9275
8115
8524
8519
6505
3990
2313
1267
-219
-2497
-5350
-7846
-8190
-6718
-5267
-4728
-3899
-3085
-3388
-4218
-4081
-3445
-3939
-4909
-4542
-3225
-2908
-3222
-2813
-1987
-2083
-3117
-4484
-5559
-5547
-4525
-3753
-4000
-4299
-3867
-3414
-3418
-2464
-19
2033
2280
1874
2156
2988
3732
3949
3496
2747
2488
2923
3411
3373
3242
3619
4136
4149
3888
4345
6525
9727
11423
10229
8269
8005
8882
8486
5816
2631
960
721
-438
-3806
-7858
-9264
-7331
-5238
-5406
-6235
-5317
-3500
-2511
-2715
-3181
-3680
-3781
-3067
-2054
-2103
-3152
-3326
-2411
-1846
-2656
-4157
-5610
-6325
-5879
-4872
-4562
-5087
-5175
-4274
-3158
-2183
-728
940
1665
1586
1940
2967
3749
3910
3644
3239
2902
3107
3742
3936
3466
2897
3118
3443
3576
3605
5215
8174
10542
10510
8787
7781
7634
8074
7095
5329
2818
1222
-62
-2354
-5783
-8403
-7733
-6192
-5243
-5658
-5114
-4276
-3262
-2600
-2515
-3200
-4362
-3993
-2938
-1961
-2093
-1797
-1393
-1331
-1980
-3195
-4536
-5727
-5762
-5208
-4672
-4894
-5277
-5461
-5117
-3909
-1984
-147
670
1108
1867
2929
3637
3941
4026
3707
3275
2977
3357
3897
4259
4148
3835
3071
2301
2647
4284
6980
9037
9619
8469
7753
7834
8459
8088
5934
3201
1499
930
-901
-3650
-6459
-7104
-6405
-5764
-5877
-5520
-4497
-3653
-2708
-2562
-3045
-3854
-3576
-2968
-2587
-2790
-2493
-1212
-404
-1025
-2763
-4464
-5674
-5474
-4693
-4528
-5171
-5656
-5643
-5151
-4235
-2704
-926
-8
-47
226
1398
2621
3539
3858
3676
3283
3439
4025
4490
4351
4009
4008
3882
3471
3085
3386
4659
7024
8988
8887
7343
6821
7959
8500
6780
4204
2886
2405
1114
-1830
-5222
-7326
-7096
-5801
-5188
-5457
-5243
-3981
-2925
-2685
-2807
-2684
-2831
-2720
-2169
-1719
-2016
-2223
-1563
-1019
-1611
-3206
-4233
-4753
-4983
-5131
-5030
-5127
-5403
-5320
-4830
-3737
-2253
-581
253
607
1168
2324
3046
3086
3057
3196
3268
3076
3286
3502
3621
3283
3303
3367
3312
3022
3698
6282
9239
10128
7909
5824
5938
7778
7893
5899
3439
2149
1260
-889
-4236
-7179
-7409
-6099
-5152
-5940
-6248
-5214
-3604
-3012
-2927
-2373
-2075
-2022
-1879
-1178
-1169
-1360
-1110
-283
-530
-2086
-3762
-4682
-4759
-4426
-4044
-4602
-5488
-5703
-5031
-4530
-3658
-1770
351
1035
673
1077
2507
3742
4050
3997
3760
3554
3620
4070
4073
3707
3361
3439
3424
3032
2752
3815
6549
8772
8749
6917
6180
6958
7489
5900
3396
1946
1526
738
-1807
-5083
-7313
-7040
-5918
-5464
-5667
-5243
-4198
-3708
-3693
-3569
-3063
-3149
-3202
-2585
-1559
-1242
-1303
-929
-459
-710
-1998
-3391
-4367
-4246
-3502
-3131
-3898
-4865
-4997
-4613
-3905
-2517
-441
767
768
660
1389
2400
3123
3629
3604
3010
2694
3685
4925
5008
4012
3371
3615
3984
4030
4188
5443
7238
8240
7708
6703
6279
6408
6070
4681
2887
1393
457
-1060
-3652
-6443
-7511
-6784
-5861
-5542
-5326
-4747
-4313
-3750
-3048
-2629
-2990
-3220
-2401
-1382
-1156
-1404
-1011
-442
-589
-1513
-2716
-3803
-4431
-4270
-4038
-4408
-5069
-5184
-4757
-4263
-3337
-1780
-175
544
931
1807
2977
3687
3917
3941
3608
3280
3375
3952
4196
4168
4089
4038
3611
3254
3590
4864
6722
8036
8348
7477
6721
6290
6123
5331
4030
2521
869
-573
-2228
-3855
-5505
-6151
-6209
-6044
-5943
-5479
-4787
-4445
-4120
-3695
-3145
-3229
-3249
-2845
-2011
-1362
-914
-623
-765
-1356
-2403
-3393
-4098
-4131
-3859
-3722
-4222
-5004
-5311
-4715
-3382
-1843
-556
154
531
931
1568
2281
2936
3193
3064
2931
3312
4013
4332
4230
4153
4393
4486
4305
4061
4667
6486
8695
9482
8267
6621
5858
6027
5618
4329
2398
827
-412
-1806
-3828
-5810
-6334
-5892
-5638
-6259
-6075
-4972
-3717
-3258
-3091
-2894
-2902
-2933
-2825
-2379
-1946
-1125
-455
-395
-1191
-1933
-2774
-3869
-4696
-4374
-3354
-3067
-3597
-4408
-4430
-3754
-2266
-904
-215
6
530
1491
2198
2740
3165
3283
2746
2207
2507
3371
4120
4302
4125
4004
4006
4407
4602
5620
7284
8863
8357
6391
5341
5261
5518
4215
3143
1730
636
-1099
-3049
-4991
-6740
-6537
-5833
-4687
-4712
-4113
-3775
-3556
-3606
-3473
-3012
-3143
-2480
-1709
-818
-1233
-1351
-985
-653
-1246
-2464
-3277
-3807
-3591
-3232
-2950
-3393
-3732
-3723
-3521
-3199
-2227
-962
-281
-96
454
1323
1771
2065
2473
2805
2466
2303
2880
3863
4465
4510
4349
4116
4078
4346
4931
5917
6916
7516
7027
6054
5206
4738
4364
3517
2481
880
-539
-2076
-3428
-4733
-5215
-4850
-4541
-4502
-4581
-3925
-3442
-2921
-2735
-2413
-2559
-2835
-2806
-2375
-1617
-1144
-818
-1435
-2170
-2642
-2389
-2480
-3131
-3642
-3424
-2754
-2667
-3070
-3564
-3251
-2153
-692
165
361
409
757
1285
1806
2235
2211
1805
1544
2078
2934
3479
3480
3350
3557
4165
4838
5153
5817
7271
8719
8527
6875
5415
4872
4642
3663
2268
746
-315
-1270
-2562
-4237
-5623
-5774
-5482
-5146
-4964
-4105
-3304
-3211
-3443
-3280
-2641
-2549
-2594
-2551
-1977
-1387
-917
-1026
-1820
-2454
-2639
-2728
-3386
-3711
-3306
-2652
-2637
-3078
-3460
-3393
-2453
-940
243
368
270
673
1558
2257
2553
2437
2161
2243
2722
3223
3441
3730
4039
4181
4097
4124
4440
5427
7168
8524
8266
6740
5643
5259
4765
3790
2882
2092
859
-889
-2987
-5059
-6286
-5955
-4993
-4906
-5518
-5423
-4343
-3435
-3184
-3091
-2834
-2482
-2047
-1570
-1565
-1884
-1741
-1091
-930
-1800
-2941
-3674
-3943
-3873
-3350
-2676
-2406
-2590
-2904
-2971
-2417
-1003
597
1357
1234
1078
1378
1777
1982
1974
1796
1623
1650
2133
2849
3653
4114
4157
4029
3998
4283
4866
6244
7642
8052
6915
5510
4720
4435
4187
3378
2174
465
-796
-1956
-3421
-5209
-5952
-5337
-4688
-4655
-4808
-4243
-3699
-3131
-2649
-2110
-1998
-1987
-1748
-1689
-1802
-1771
-1233
-1130
-1547
-2191
-2581
-3101
-3559
-3518
-3175
-2994
-3306
-3581
-3560
-2846
-1558
-109
714
905
914
1088
1432
1801
2289
2502
2370
2025
2126
2573
3017
3196
3292
3577
3765
3883
4177
5585
7441
8316
7228
5359
4369
4336
4590
4056
2879
1028
-556
-1743
-2824
-4093
-5016
-4848
-4621
-4708
-4751
-3835
-2940
-2609
-2391
-1751
-1366
-1938
-2396
-2249
-1700
-1564
-1452
-1309
-1432
-1931
-2596
-3110
-3531
-3504
-3139
-2703
-2715
-2997
-3184
-2877
-1798
-436
480
553
613
1083
1671
1817
1803
1926
1934
1734
1479
1694
1986
2485
2963
3503
3833
3759
3661
3891
5514
7403
8067
6385
4358
3882
4668
5021
3593
1564
-434
-1327
-2055
-2970
-4389
-5424
-5361
-4947
-4331
-4018
-3406
-3158
-2712
-1970
-1172
-1110
-1732
-1670
-962
-288
-851
-1771
-2219
-1771
-1263
-1771
-3108
-4183
-3725
-2537
-2060
-2947
-4002
-3845
-2374
-438
673
718
357
564
1417
2095
2288
2139
1924
1669
1513
1533
1784
2372
3132
3548
3195
2659
2709
3679
5225
6675
7104
6145
4794
4304
4538
4192
2944
1646
1046
592
-488
-2378
-4259
-5070
-4607
-3805
-3899
-4332
-4008
-2837
-2116
-2372
-2702
-2345
-1542
-1027
-925
-1215
-1459
-1371
-1014
-1128
-2050
-3077
-3699
-3847
-3724
-3246
-2717
-2676
-3068
-3101
-2288
-1038
5
595
1128
1789
2305
2273
1727
1441
1698
2060
2068
1749
1683
2032
2665
3159
3329
3337
3322
3384
3999
5344
6335
6075
5055
4884
5140
4475
2873
1558
1046
448
-620
-2029
-3479
-4603
-4644
-4317
-4460
-4933
-4526
-3309
-2658
-2369
-1813
-1322
-1758
-2160
-1548
-617
-1050
-2031
-2077
-1376
-1036
-1657
-2497
-3254
-3276
-2615
-2010
-2446
-3169
-3127
-2259
-1354
-899
-384
39
733
1595
2334
2306
1906
1926
2402
2603
2307
2054
1751
1855
2327
3175
3496
3001
2590
3147
4574
5839
6141
5477
4952
4731
4444
3253
1883
1260
1153
559
-986
-2630
-3674
-3789
-3729
-3817
-4181
-4053
-3400
-2916
-2882
-2865
-2264
-1647
-1444
-1510
-1333
-1175
-1151
-1276
-1387
-1582
-1868
-2171
-2657
-3230
-3403
-2945
-2566
-2628
-2780
-2415
-1823
-1239
-542
312
856
1004
1182
1438
1678
1831
1976
1837
1545
1518
1922
2267
2446
2682
2959
3087
3145
3401
3639
3990
4645
5378
5256
4266
3431
3278
3113
2290
1298
674
274
-616
-1995
-3327
-3826
-3490
-3195
-3510
-3779
-3067
-2018
-1788
-2270
-2141
-1230
-639
-867
-1225
-1229
-1236
-1600
-2056
-2257
-2349
-2679
-3399
-3881
-3373
-2190
-1614
-2138
-2685
-2159
-1118
-531
-335
212
1183
1855
1776
1287
1121
1513
2058
2037
1536
1140
1329
1989
2500
2480
2217
2280
2798
3438
3938
4520
4869
4688
4259
3917
3493
2704
1745
1056
424
-299
-771
-1211
-1861
-2740
-3306
-3316
-3015
-2395
-1575
-1242
-1362
-1217
-696
-400
-963
-1510
-1379
-1053
-1189
-1893
-2641
-2911
-2799
-2690
-3038
-3741
-3710
-2916
-2167
-2036
-2270
-2039
-1414
-858
-395
-72
318
922
1484
1736
1534
1395
1538
1486
1207
1002
996
1108
1306
1698
1951
1854
2020
2582
3134
3596
4319
5337
5503
4485
3391
3031
3120
2911
2232
1276
155
-737
-1179
-1709
-2395
-2672
-2139
-1382
-1085
-986
-995
-1244
-1299
-752
-270
-763
-1805
-1997
-1540
-1797
-2908
-3802
-3674
-3083
-2920
-3375
-4023
-3832
-2560
-1548
-1749
-2536
-2565
-1609
-671
-156
85
102
177
516
949
1131
1029
1010
1051
1036
1151
1413
1720
1898
1869
1883
2076
2481
2915
3177
3682
4441
4804
4481
3896
3789
3915
3546
2732
1763
925
383
-41
-550
-1221
-1708
-1755
-1813
-1962
-1678
-909
-401
-702
-1176
-1099
-954
-1323
-1961
-2526
-2937
-3195
-3129
-2991
-3362
-3904
-3935
-3577
-3334
-3201
-2769
-2140
-1761
-1604
-1499
-1326
-832
-26
672
780
494
472
852
1335
1688
1820
1631
1256
1127
1439
1823
1957
2061
2367
2699
2773
2824
3264
3961
4415
4375
3951
3368
2943
2993
3338
3127
1772
-87
-1074
-866
-483
-842
-1611
-1801
-1143
-310
-68
-552
-1169
-1247
-890
-765
-1290
-2145
-2837
-3285
-3574
-3722
-3803
-3942
-3978
-3680
-3276
-3194
-3259
-2925
-2187
-1599
-1530
-1800
-1916
-1469
-442
660
1088
778
439
630
1159
1496
1462
1235
1012
882
938
1177
1495
1860
2232
2503
2647
2866
3334
3906
4295
4436
4372
4044
3514
3100
2968
2743
2035
1122
576
384
39
-573
-1088
-1196
-1016
-813
-809
-1085
-1297
-1177
-995
-1138
-1428
-1540
-1742
-2504
-3527
-4032
-3892
-3595
-3506
-3559
-3625
-3597
-3345
-2930
-2528
-2082
-1452
-836
-604
-719
-728
-313
369
890
1001
804
672
853
1203
1387
1353
1228
1078
958
1026
1374
1730
1820
1858
2168
2607
2795
2757
2979
3551
3866
3468
2690
2271
2441
2589
2002
806
-95
20
721
862
12
-1035
-1254
-631
-76
-258
-926
-1330
-1158
-844
-1050
-1871
-2656
-2798
-2452
-2325
-2753
-3314
-3453
-3145
-2807
-2725
-2793
-2704
-2271
-1675
-1240
-1093
-1025
-798
-472
-96
259
370
145
-99
74
544
740
477
196
251
526
781
997
1241
1540
1851
2053
2091
2172
2585
3121
3263
2947
2700
2764
2719
2270
1779
1594
1511
1314
1152
1085
853
445
240
398
595
560
402
172
-199
-588
-731
-727
-922
-1366
-1854
-2250
-2548
-2624
-2476
-2493
-2905
-3262
-3146
-2801
-2632
-2524
-2220
-1913
-1735
-1511
-1184
-942
-763
-415
-78
-179
-540
-570
-201
58
-60
-281
-393
-385
-128
340
677
778
968
1440
1849
1910
1918
2228
2774
3185
3134
2602
2083
2146
2645
2768
2178
1546
1477
1652
1503
1192
1240
1602
1676
1100
320
141
708
1203
900
59
-562
-843
-1285
-2013
-2529
-2492
-2289
-2537
-3281
-3925
-3919
-3386
-2908
-2722
-2584
-2252
-1874
-1632
-1415
-1065
-622
-297
-258
-518
-900
-1122
-1007
-667
-377
-335
-521
-735
-658
-123
618
1144
1301
1358
1656
2203
2678
2906
3053
3235
3229
2750
2051
1799
2233
2755
2643
1956
1394
1429
1681
1514
894
489
817
1477
1649
1046
192
-355
-621
-907
-1212
-1306
-1279
-1530
-2262
-3096
-3481
-3376
-3201
-3310
-3502
-3392
-2981
-2577
-2349
-2143
-1797
-1422
-1163
-935
-548
-52
240
180
3
-12
134
207
131
113
283
502
613
732
1031
1437
1734
1890
2105
2435
2702
2729
2628
2644
2764
2739
2396
1901
1603
1619
1700
1570
1243
993
932
906
727
443
333
482
633
406
-237
-922
-1246
-1208
-1191
-1510
-2070
-2529
-2778
-2933
-3178
-3436
-3508
-3363
-3160
-3073
-3029
-2859
-2480
-2004
-1561
-1197
-936
-764
-598
-319
65
381
472
407
398
511
610
580
562
762
1134
1430
1512
1586
1838
2177
2411
2551
2773
3075
3175
2893
2447
2134
2093
2188
2282
2322
2096
1415
507
11
316
996
1203
701
51
-199
-197
-443
-970
-1318
-1255
-1123
-1353
-1881
-2295
-2398
-2398
-2554
-2830
-3002
-3008
-2929
-2819
-2662
-2472
-2331
-2242
-2095
-1827
-1492
-1154
-748
-261
175
391
416
476
718
1033
1179
1116
1052
1154
1272
1243
1176
1300
1625
1823
1746
1648
1825
2174
2293
2073
1822
1828
1969
1918
1602
1232
1016
962
946
871
714
474
241
146
148
92
-104
-309
-384
-457
-705
-1131
-1492
-1597
-1567
-1641
-1912
-2227
-2407
-2455
-2447
-2399
-2308
-2208
-2114
-1979
-1733
-1414
-1133
-927
-671
-337
-62
66
133
318
624
845
827
667
598
703
869
950
904
832
844
949
1080
1156
1191
1285
1465
1564
1455
1254
1198
1328
1386
1155
774
583
632
680
483
153
26
183
386
358
167
88
231
380
273
-28
-236
-230
-206
-396
-751
-1028
-1092
-1064
-1125
-1282
-1406
-1402
-1321
-1215
-1110
-1039
-1010
-960
-842
-681
-588
-593
-584
-452
-226
-90
-114
-158
-80
95
211
224
234
302
366
314
203
181
282
403
443
412
376
359
362
386
465
593
668
620
497
438
495
567
533
430
386
411
405
304
194
172
215
223
126
13
4
67
75
-48
-209
-267
-246
-259
-350
-431
-406
-333
-316
-360
-386
-320
-185
-78
-25
3
81
153
125
60
55
139
201
114
-36
-90
-48
-24
-76
-137
-134
-122
-206
-353
-405
-288
-172
-207
-317
-365
-307
-248
-265
-277
-201
-84
-53
-114
-130
-45
99
188
153
125
178
268
328
314
321
410
508
512
371
251
293
369
371
274
188
224
234
133
-12
-96
-27
77
58
-41
-101
-48
17
-40
-115
-86
4
41
-27
-102
-104
-76
-51
-73
-123
-129
-130
-129
-182
-260
-260
-215
-181
-211
-266
-297
-282
-252
-238
-221
-219
-225
-266
-282
-235
-166
-80
-46
-42
-20
11
55
94
143
202
255
283
264
241
249
285
308
305
296
270
242
233
218
195
162
135
128
115
82
38
34
64
86
84
59
46
73
62
19
-19
-26
6
19
-15
-71
-107
-109
-103
-123
-153
-179
-188
-182
-182
-194
-201
-186
-176
-179
-210
-235
-218
-182
-139
-117
-117
-113
-96
-72
-54
-55
-47
-8
30
40
17
16
56
93
111
99
98
130
141
145
166
183
186
156
100
72
71
86
101
115
151
169
149
93
32
35
73
91
104
100
90
52
17
15
27
23
-19
-60
-65
-49
-28
-28
-39
-26
-30
-78
-167
-212
-172
-101
-67
-80
-107
-102
-97
-143
-205
-207
-122
-31
-24
-70
-80
-29
14
-1
-20
7
66
98
65
38
64
112
127
86
45
60
101
125
128
125
137
134
98
61
52
86
130
130
87
33
11
16
1
-7
-5
12
11
-33
-77
-101
-96
-109
-145
-173
-188
-192
-192
-188
-173
-155
-158
-182
-183
-181
-195
-193
-171
-122
-100
-103
-102
-81
-39
-28
-32
-8
19
55
106
158
202
209
211
205
194
221
263
306
341
349
352
332
299
287
275
287
301
299
299
278
238
198
162
133
107
85
66
44
10
-29
-87
-165
-233
-265
-265
-275
-305
-357
-416
-463
-483
-494
-511
-501
-494
-498
-509
-528
-516
-486
-469
-450
-425
-406
-378
-352
-302
-233
-171
-91
-32
15
60
103
168
234
313
381
453
513
545
575
593
621
646
659
677
706
735
740
703
637
584
551
532
519
488
442
375
285
201
114
52
6
-46
-105
-181
-267
-345
-417
-478
-530
-582
-613
-630
-643
-662
-696
-731
-761
-760
-720
-654
-596
-582
-591
-603
-597
-549
-462
-357
-276
-243
-225
-206
-153
-53
73
193
273
308
314
322
367
466
577
665
700
687
649
621
629
644
664
674
662
633
599
561
519
479
441
403
370
341
310
279
222
142
57
-32
-96
-132
-154
-178
-235
-313
-405
-507
-581
-602
-574
-548
-551
-586
-627
-663
-674
-656
-622
-582
-556
-535
-509
-458
-388
-333
-318
-332
-340
-303
-202
-69
44
96
89
64
57
122
235
346
436
465
451
419
385
408
462
523
557
518
475
442
420
443
468
477
453
379
310
264
243
247
221
177
114
38
-3
-41
-72
-98
-146
-203
-271
-314
-324
-307
-301
-336
-378
-414
-438
-418
-367
-319
-286
-302
-349
-387
-399
-330
-202
-84
-15
-41
-126
-206
-244
-193
-66
89
213
235
174
86
31
45
106
197
290
349
350
309
266
231
226
232
249
281
302
306
284
243
204
176
148
109
71
54
55
55
59
46
20
-29
-108
-186
-237
-216
-159
-116
-109
-156
-222
-279
-311
-310
-271
-215
-172
-143
-146
-164
-171
-177
-183
-172
-145
-101
-50
-5
7
-28
-69
-93
-77
-17
50
116
152
138
92
36
12
48
131
215
262
255
203
136
96
105
161
234
267
254
202
131
91
88
120
172
206
191
136
68
9
-16
-18
4
30
21
-34
-108
-173
-213
-227
-224
-216
-196
-176
-178
-208
-251
-270
-278
-269
-239
-209
-163
-134
-127
-133
-134
-122
-114
-100
-84
-31
22
46
54
56
44
27
21
39
90
148
202
228
225
196
178
185
195
227
265
288
288
262
215
170
138
136
164
175
167
141
117
90
47
19
4
8
8
-31
-69
-101
-118
-117
-131
-151
-169
-176
-189
-214
-241
-250
-234
-226
-232
-249
-258
-250
-224
-205
-196
-174
-154
-149
-142
-145
-138
-113
-82
-59
-46
-26
6
33
50
72
97
118
133
143
166
184
194
204
213
237
251
271
313
335
340
336
329
327
326
323
322
326
310
288
255
216
173
137
105
64
29
-15
-59
-106
-151
-178
-222
-276
-316
-352
-366
-377
-401
-416
-427
-435
-439
-442
-435
-436
-423
-401
-384
-359
-336
-299
-269
-241
-202
-161
-121
-75
-30
11
56
87
123
168
211
261
283
303
335
356
382
401
415
429
426
416
408
403
413
411
393
387
379
368
343
304
279
257
228
187
151
118
81
39
-16
-62
-115
-173
-220
-250
-279
-328
-375
-412
-439
-464
-483
-494
-497
-493
-505
-496
-487
-474
-451
-436
-398
-353
-317
-293
-269
-230
-169
-113
-65
-12
46
94
124
153
189
242
286
319
355
389
416
431
439
460
489
511
518
509
488
460
436
397
368
356
336
313
281
241
209
163
98
47
15
-18
-48
-83
-145
-212
-277
-331
-357
-362
-362
-374
-403
-427
-446
-454
-438
-415
-379
-346
-337
-351
-371
-370
-328
-256
-192
-133
-92
-85
-99
-101
-67
2
79
148
211
231
216
186
178
220
278
338
383
386
347
284
234
227
257
291
303
278
224
162
121
114
132
159
165
145
92
29
-16
-34
-28
-17
-27
-64
-115
-173
-227
-257
-256
-242
-238
-248
-282
-313
-323
-326
-299
-274
-245
-213
-203
-200
-190
-175
-141
-106
-70
-38
-13
25
48
77
119
144
175
210
244
271
273
282
302
314
340
356
351
341
303
274
254
224
228
216
206
196
135
83
37
2
-2
-13
-18
-29
-53
-76
-125
-173
-198
-215
-211
-208
-224
-249
-304
-359
-381
-380
-331
-290
-291
-311
-377
-406
-388
-343
-240
-177
-164
-205
-289
-301
-259
-156
-11
51
60
22
-32
-8
57
179
307
337
331
279
236
265
313
404
500
508
471
404
358
383
421
480
515
479
415
322
258
262
270
294
294
222
150
50
-12
1
12
22
-12
-82
-144
-221
-261
-260
-259
-265
-306
-375
-429
-472
-488
-475
-455
-447
-466
-502
-533
-547
-529
-485
-440
-409
-403
-398
-374
-335
-290
-244
-189
-132
-98
-61
-27
11
63
114
172
230
289
336
363
388
414
456
501
534
559
563
560
555
542
558
572
566
557
522
471
413
359
331
312
291
248
181
110
35
-37
-96
-134
-153
-189
-243
-307
-385
-443
-472
-484
-478
-480
-501
-530
-557
-566
-556
-534
-512
-496
-469
-446
-422
-398
-369
-334
-301
-261
-221
-176
-123
-67
-15
25
67
115
156
201
264
321
367
404
417
430
443
451
464
469
485
493
504
507
482
469
445
416
397
374
367
350
321
283
232
195
159
117
78
33
-4
-45
-99
-143
-178
-230
-258
-290
-323
-334
-373
-390
-406
-428
-422
-441
-441
-422
-420
-403
-394
-380
-358
-363
-336
-302
-278
-234
-208
-161
-117
-93
-55
-39
-18
30
62
100
142
156
190
190
190
216
207
230
237
216
241
245
245
246
210
222
223
201
207
180
183
187
162
166
138
121
125
89
95
79
52
60
17
9
-8
-39
-29
-58
-66
-50
-97
-115
-134
-162
-153
-177
-163
-153
-172
-146
-156
-153
-132
-152
-118
-99
-100
-57
-59
-39
-11
-5
16
0
15
50
50
80
81
74
101
86
93
94
79
107
101
81
79
67
72
65
39
30
13
10
13
2
-4
-6
-24
-40
-53
-65
-65
-91
-103
-104
-120
-130
-147
-157
-161
-170
-175
-175
-162
-150
-129
-105
-101
-89
-90
-79
-61
-47
-13
30
61
87
109
114
124
139
165
199
223
239
261
265
258
252
242
246
244
250
241
225
222
193
155
124
96
85
68
47
25
-4
-36
-69
-89
-113
-130
-146
-161
-180
-195
-202
-218
-230
-236
-235
-227
-232
-243
-241
-250
-245
-238
-232
-211
-202
-180
-170
-159
-138
-126
-109
-94
-71
-36
-22
-5
7
6
26
45
64
92
111
128
137
144
167
185
210
226
233
242
243
243
238
232
230
232
234
230
224
212
193
164
142
133
110
93
82
57
40
20
1
-29
-53
-61
-80
-95
-115
-131
-142
-166
-184
-192
-203
-203
-207
-211
-203
-208
-202
-195
-192
-173
-167
-162
-158
-156
-148
-152
-138
-113
-102
-78
-62
-41
-14
-10
5
23
41
70
84
106
131
139
142
150
149
161
165
166
177
170
179
183
175
173
155
152
146
136
128
110
108
105
94
76
52
35
28
14
-6
-25
-26
-42
-72
-80
-82
-96
-119
-127
-135
-147
-160
-172
-166
-165
-173
-177
-176
-173
-173
-178
-180
-166
-148
-141
-129
-106
-87
-77
-67
-52
-35
-12
6
23
50
77
96
113
130
141
146
147
154
158
167
176
179
187
186
185
185
179
167
164
167
156
138
116
95
85
68
48
30
3
-12
-14
-29
-44
-56
-60
-71
-90
-104
-122
-135
-153
-163
-150
-153
-163
-162
-166
-155
-135
-128
-121
-108
-102
-109
-117
-108
-93
-79
-66
-55
-39
-33
-25
-12
0
23
34
40
59
72
79
82
89
94
99
99
101
118
115
110
106
97
93
92
99
103
103
85
67
53
36
16
2
-8
-10
-3
0
-22
-40
-51
-73
-74
-67
-51
-29
-31
-47
-64
-86
-91
-79
-61
-38
-34
-42
-54
-58
-64
-61
-37
-14
5
3
-11
-22
-25
-8
6
27
45
50
48
41
40
47
59
78
82
73
66
60
57
57
68
72
56
43
33
25
23
16
15
15
14
6
-1
-4
-7
-11
-16
-16
-27
-34
-39
-54
-64
-72
-72
-69
-63
-62
-69
-74
-85
-94
-79
-67
-57
-46
-57
-52
-48
-47
-38
-32
-17
-8
-21
-21
-19
-14
-3
8
21
27
32
26
16
28
43
56
77
87
87
73
57
59
76
96
114
115
98
81
51
39
44
68
92
77
57
43
17
4
2
2
6
3
3
-8
-25
-32
-43
-52
-42
-33
-30
-36
-53
-58
-63
-71
-73
-67
-58
-73
-95
-96
-92
-82
-67
-62
-53
-56
-62
-53
-49
-30
-17
-15
-5
-11
-14
-14
1
26
38
46
51
46
40
38
43
56
58
55
48
38
29
25
32
44
61
67
62
54
45
29
28
36
34
38
36
27
15
-13
-24
-7
-4
0
2
2
-1
-24
-39
-36
-26
-26
-26
-12
-1
-21
-43
-52
-44
-34
-37
-27
-8
-4
-21
-38
-30
-21
-25
-34
-20
3
3
-14
-29
-32
-21
-17
-11
7
15
20
16
10
16
28
32
38
55
66
52
22
14
20
21
19
34
61
68
47
13
-3
1
-7
-16
-4
7
12
-2
-27
-33
-30
-32
-40
-31
-9
-4
-11
-38
-62
-59
-54
-51
-36
-21
-11
-7
-24
-33
-22
-12
-4
3
3
12
10
-5
-5
-1
6
13
18
32
41
37
29
19
26
32
28
29
34
35
26
18
4
11
24
25
25
10
15
21
6
2
7
11
9
-9
-6
-15
-27
-25
-24
-9
-6
-3
3
-12
-19
-23
-29
-19
-24
-30
-25
-18
-6
-20
-24
-19
-16
-2
-9
-9
1
-1
-1
-9
-8
5
-1
-4
-4
-1
8
6
5
13
19
22
22
24
19
10
9
10
17
24
23
17
14
2
2
2
-3
6
-2
-8
-3
-8
-13
-22
-26
-14
-10
-7
-7
-5
2
0
-6
-7
-13
-11
-13
-16
-6
-11
-9
-4
-12
-7
3
7
13
0
-6
1
-4
12
9
4
7
-4
7
7
8
24
15
17
19
3
9
15
14
13
15
19
9
7
7
-3
4
1
0
7
0
5
18
11
10
2
-3
2
-12
-25
-23
-22
-14
-12
-16
-6
-8
-12
-16
-27
-23
-21
-22
-20
-19
-19
-23
-18
-8
-5
-2
-9
-13
-8
-13
-8
-5
-3
1
-7
5
10
6
3
3
19
36
33
27
29
23
26
9
2
20
16
10
7
10
18
16
19
24
30
25
5
3
14
19
17
11
3
4
2
2
12
21
21
4
0
2
-8
-15
-19
-19
-9
-8
-23
-24
-26
-28
-29
-28
-31
-31
-29
-41
-38
-40
-43
-33
-36
-31
-25
-27
-27
-25
-12
-1
-5
0
9
3
0
-4
-2
5
9
11
17
30
29
32
35
29
35
30
26
37
31
39
37
39
40
23
20
19
12
8
7
12
15
-1
-7
-16
-19
-5
-12
-6
1
-3
-6
-17
-15
-9
-21
-16
-24
-30
-23
-29
-28
-23
-11
5
6
4
0
-14
-13
-7
5
15
6
4
-1
-14
-17
-6
-2
3
5
4
4
3
-5
-1
10
10
2
6
8
16
10
2
18
13
13
16
8
14
3
-10
-4
-7
-2
0
-4
0
-3
-1
0
-1
2
-2
-3
11
6
-3
-4
-10
-9
-10
-24
-22
-13
-5
-6
-13
-3
1
-10
-11
-6
4
1
-1
4
-1
-4
-1
-4
-3
2
1
9
16
21
13
10
22
21
19
13
8
7
-2
-8
-15
-14
-2
-1
-9
-5
1
0
-6
-6
-4
-1
4
1
-2
8
5
3
3
-7
6
11
9
6
2
-6
-3
-12
-11
3
0
6
-1
-3
3
4
6
-1
5
2
-5
-8
-3
6
4
-2
-7
2
0
-5
-11
-8
5
6
-3
-3
6
8
5
-6
-4
7
-3
-14
-10
-9
-11
-12
-6
6
0
-4
-11
-9
-7
-9
-6
-1
13
13
4
0
14
15
-1
-7
-2
3
8
-3
-11
-4
0
-9
-18
-19
-17
-12
-8
-2
10
10
6
4
2
11
12
6
18
19
17
7
8
21
19
11
7
15
20
9
0
4
10
12
7
2
6
7
3
-5
-3
-5
0
-2
-11
-10
-9
-5
-14
-20
-11
-8
-14
-17
-12
-4
-4
0
-9
-13
-14
-22
-14
-16
-16
-10
-4
1
-3
1
-1
-13
-23
-24
-8
-8
-13
-5
-10
-5
-4
-3
11
17
12
5
11
20
18
10
18
20
20
21
12
19
19
19
20
18
32
22
10
8
-1
5
5
3
4
-2
-3
6
4
3
12
10
5
-4
-16
-23
-24
-12
-3
-12
-5
-2
-4
-9
-23
-23
-16
-13
-17
-10
-4
-3
-5
-3
1
-3
-4
-8
-13
-9
0
7
13
4
4
4
-8
-2
-8
-4
-8
-6
-3
-13
-7
-8
-8
-8
-9
-5
7
11
1
-6
-5
6
10
11
17
12
12
6
7
24
20
19
12
5
17
16
11
4
2
6
-7
-7
3
14
22
6
5
4
1
6
-7
-7
2
-5
-10
-11
-15
-16
-17
-15
0
8
6
9
8
0
-3
-10
-18
-21
-14
-9
-13
-15
-8
-11
-16
-5
0
3
-1
-4
2
-1
1
0
1
-6
-12
-14
-17
-9
-5
1
5
2
2
7
1
3
9
11
17
14
13
15
22
13
6
5
8
16
13
10
8
9
8
6
3
11
25
28
16
4
3
-2
-1
0
5
3
-10
-20
-30
-22
-10
-5
6
2
-6
-15
-21
-16
-17
-7
-5
-10
-18
-23
-19
-15
-7
-4
-3
-4
-9
-9
-10
-14
-16
-13
-5
3
7
4
3
4
-1
1
6
10
17
13
6
0
-11
-12
-1
10
20
17
21
26
19
15
7
7
6
5
10
10
8
9
3
-3
-5
-6
-8
-11
3
9
21
29
14
7
-10
-13
-8
-4
7
12
19
17
8
-6
-13
-18
-10
-8
-7
0
2
4
3
2
-3
3
1
-1
-2
-4
-8
-14
-16
-20
-17
-15
-13
-6
7
7
2
-2
-4
1
-5
-8
-12
-20
-19
-22
-23
-24
-22
-14
-18
-14
-4
-3
4
3
0
5
9
8
15
21
18
23
20
18
13
7
13
7
4
1
2
9
12
16
17
8
6
9
9
14
7
6
1
-15
-13
-10
-6
-4
-5
13
18
12
8
5
11
7
6
12
15
19
14
4
-2
1
-5
-9
-12
3
10
-1
1
-9
-11
-12
-27
-24
-17
-16
-13
-13
-7
-13
-21
-22
-27
-28
-23
-18
-17
-6
-5
-7
-6
-7
-3
7
7
7
6
5
8
5
10
8
9
5
-12
-8
-8
9
20
19
23
15
18
12
6
3
-5
0
6
3
4
16
21
26
22
14
24
22
18
17
8
6
-6
-19
-20
-13
-4
-1
2
2
0
2
-9
-15
-9
-4
0
-6
-13
-19
-18
-10
-13
-20
-13
-7
0
-1
-3
4
4
4
-3
-5
-4
-15
-14
-14
-20
-13
-14
-11
-12
-20
-17
-3
11
15
15
6
5
3
8
16
11
17
22
15
3
3
7
5
4
9
17
10
6
10
10
13
13
11
13
9
2
-11
-14
-10
-9
-4
-4
2
9
3
-3
-8
-15
-16
-5
8
13
9
1
0
-8
-8
-5
4
15
16
7
-9
-12
-4
4
3
5
9
6
-6
-14
-15
-16
-10
-5
-11
-9
-11
-14
-14
-14
-12
-9
-5
-10
-10
0
-1
0
0
-10
-12
-19
-18
-7
-1
11
12
7
6
-5
1
1
-3
15
26
26
22
12
9
12
8
18
26
16
23
17
15
12
8
20
22
11
2
-14
-10
-15
-23
-10
-12
-6
-6
-16
-12
0
4
-2
-12
-14
-2
-8
-17
-20
-9
0
-1
3
-2
-2
9
6
-2
0
-1
-4
-10
-16
-6
-1
10
12
4
9
13
9
-2
-4
12
6
0
10
6
8
8
5
2
-9
-7
-2
-5
-3
-2
-5
-7
-1
-1
3
0
-2
8
8
8
9
5
1
-17
-28
-20
-22
-19
-17
-12
-7
2
3
-6
-7
-8
5
6
-4
-9
-9
-11
-8
-3
2
14
9
8
10
12
13
2
-6
0
4
3
6
9
16
21
20
20
18
19
17
18
21
7
-1
-2
-1
7
4
-2
-1
7
4
0
-3
-5
-1
-6
-5
-13
-18
-9
-6
-8
-2
5
-4
-12
-16
-11
-9
-7
-7
-1
0
-9
-14
-15
-10
-8
1
14
17
12
8
4
-5
-11
-12
-11
-9
-10
-15
-14
-9
-10
-6
4
12
9
0
-2
-7
-16
-11
-3
-5
2
-3
-16
-6
-2
0
4
6
16
13
12
18
9
11
14
12
15
11
2
5
8
7
6
10
17
22
23
19
15
11
6
6
4
10
14
11
1
-2
-8
-8
-6
-1
9
-1
-6
-1
-14
-15
-21
-24
-10
-12
-4
-5
-6
-3
-8
-14
-14
-10
1
-1
-18
-20
-22
-15
-5
-8
2
3
0
-8
-19
-11
-4
-1
2
3
4
-6
-20
-17
-16
-14
3
5
11
14
1
1
-3
-5
6
10
24
16
6
9
1
-1
5
6
15
11
0
-1
-7
0
8
18
25
11
10
13
5
4
8
20
31
18
7
-2
-3
3
-2
1
6
9
-1
1
4
8
14
13
7
0
1
6
10
12
13
8
6
3
-10
-12
-18
-25
-20
-14
-8
-14
-18
-17
-23
-34
-38
-31
-29
-25
-23
-14
-22
-32
-28
-25
-12
-1
-6
-13
-6
-3
-4
-7
-7
0
8
5
3
12
12
8
8
12
23
32
32
36
39
37
42
39
31
32
28
16
17
17
12
12
2
4
1
4
3
-1
11
3
0
0
4
8
-3
-11
-21
-17
-18
-20
-22
-24
-16
-20
-16
-8
-16
-15
-15
-27
-30
-37
-31
-16
-15
-6
-4
-7
-6
-9
-2
-3
-4
0
-3
-5
1
-6
-14
-9
0
5
15
23
21
26
30
24
28
16
7
16
12
23
21
12
13
11
7
4
7
12
12
11
14
4
-5
-11
-10
-5
-4
7
18
23
22
16
7
0
-6
-7
-13
-20
-20
-18
-21
-21
-21
-13
-8
-11
-4
2
2
0
-7
-9
-9
-10
-15
-22
-17
-22
-27
-21
-11
-3
6
10
8
7
-3
-11
-16
-12
-1
6
11
5
-5
-6
-4
6
16
11
7
7
4
6
5
-2
-3
-7
4
13
13
15
14
15
18
7
6
11
10
24
22
18
13
3
-2
-6
4
7
9
2
-14
-9
-6
-5
3
7
11
8
-5
-6
1
6
2
-5
-7
-8
-19
-18
-13
-7
3
-6
-4
2
-1
2
-2
-12
-7
-11
-15
-9
-17
-14
-18
-15
-3
-11
-7
0
-5
-2
0
1
4
-4
0
1
-4
-2
-5
4
10
2
7
10
6
2
-11
-8
-3
1
2
-2
10
9
7
0
-4
8
10
9
19
24
16
2
-3
-2
2
2
3
13
15
14
9
3
0
-1
1
2
2
5
6
9
14
12
16
22
24
12
3
0
0
1
2
5
-3
-12
-11
-10
-12
-12
-10
-14
-15
-8
-17
-17
-20
-24
-15
-23
-30
-31
-27
-22
-24
-24
-16
-8
-1
1
-8
-10
-12
-11
0
7
12
17
13
-1
-8
-6
0
6
10
18
24
20
