SAMPLES:	17782
BITSPERSAMPLE:	16
CHANNELS:	1
SAMPLERATE:	16000
NORMALIZED:	FALSE
-2
2
3
-6
-2
-4
-16
-23
-25
-18
-16
-14
-20
-14
-14
-24
-21
-12
-7
-9
-11
-7
0
-6
-11
-25
-20
-18
-24
-19
-10
4
10
4
-8
-13
-10
-4
4
13
21
12
0
0
6
13
9
17
18
18
20
15
12
5
4
4
8
16
16
13
13
14
13
5
6
14
12
4
9
12
14
9
-8
1
-4
-7
-2
-7
5
8
-1
-8
-8
-7
-5
-13
-5
-4
-14
-23
-30
-20
-4
-3
-9
-10
-3
10
5
-4
-6
-12
-11
-10
-13
-11
-9
-6
-10
-17
-16
-15
-12
-13
-16
-8
-7
-3
5
7
8
2
4
10
17
22
20
19
21
16
10
6
3
9
2
-1
1
1
2
0
8
17
18
22
24
12
15
11
13
19
11
6
2
2
4
-4
0
-5
-11
-8
-16
-12
-5
-5
-13
-12
4
8
1
-7
-14
-17
-10
-1
-6
-13
-10
-10
-13
-20
-17
-7
-8
-8
-4
7
1
-10
-17
-18
-11
-19
-11
-8
8
23
10
11
-2
-5
8
2
5
9
6
5
-6
0
-2
-5
-3
-9
1
2
-3
10
20
20
6
6
8
3
10
10
11
10
12
16
11
14
9
3
-2
-13
-6
-6
-9
-2
-1
-4
6
9
10
10
1
-4
-8
-4
-4
-4
-6
-5
-7
-16
-12
-6
1
6
0
0
0
1
2
-1
-1
-2
-5
-2
-4
-3
-7
-13
-4
-7
-2
12
17
17
12
4
-4
-1
1
-4
-6
-3
-1
3
17
18
14
0
-15
-20
-22
-25
-31
-32
-14
3
10
16
10
10
4
-5
-4
-4
1
3
-3
-1
-6
-4
-2
2
11
9
13
12
8
15
18
7
7
-1
-4
0
-5
7
15
17
5
-11
-8
-2
8
5
-13
-16
-11
-8
-10
-20
-7
7
4
-1
-3
-7
-5
-19
-25
-19
-26
-24
-17
-3
9
8
4
12
18
20
13
20
26
23
24
4
-4
-10
-17
-11
2
18
27
23
16
8
6
20
26
20
7
-3
-1
2
0
4
-4
-11
-12
-13
-6
5
2
-6
-15
-38
-38
-34
-21
-3
-7
-2
1
7
9
2
-12
-17
-16
-15
-23
-23
-19
-9
3
-3
14
19
11
8
8
8
5
10
7
5
9
10
2
-2
-2
-5
-1
5
4
6
5
-2
-13
-17
-6
-8
-4
2
7
17
16
2
3
14
15
18
14
16
18
13
8
8
8
11
9
4
5
3
16
15
9
5
-12
-11
-21
-19
-16
-7
-1
-4
6
11
16
15
10
6
-10
-20
-24
-25
-10
-7
-12
-16
-14
-10
-11
-2
-9
-8
-14
-25
-20
-10
-7
-15
-17
-17
-21
-22
-12
0
15
18
21
16
-7
-11
-16
-12
-1
-6
3
16
26
24
12
11
15
11
11
10
4
12
7
2
16
17
19
19
19
28
25
22
27
28
29
16
-3
-9
-13
-8
-5
-9
-1
1
8
18
12
9
-2
-15
-11
-14
-19
-22
-25
-17
-15
-12
-17
-24
-17
-13
1
2
3
3
-6
-13
-9
-12
-22
-26
-30
-32
-32
-24
-4
1
12
18
12
10
-16
-24
-10
-4
10
1
-1
11
-1
0
-9
-17
-5
3
11
15
18
20
24
14
13
23
15
28
37
45
51
41
45
33
24
11
-1
14
10
12
13
4
13
11
8
10
10
18
12
8
1
2
-1
-10
-16
-25
-26
-41
-43
-52
-49
-25
-33
-25
-32
-45
-38
-64
-56
-45
-44
-29
-49
-41
-29
-30
-16
-28
-18
-3
3
13
0
6
6
-2
3
3
16
30
35
36
36
38
36
30
27
31
35
38
42
45
50
53
41
56
74
72
64
51
42
29
18
10
7
4
-2
-15
-26
-31
-26
-11
-4
2
-2
-14
-27
-40
-36
-31
-26
-25
-43
-49
-51
-46
-31
-28
-26
-30
-42
-52
-49
-37
-35
-48
-53
-54
-43
-30
-23
-10
-13
-17
-23
-21
1
14
28
28
9
-14
-24
-12
21
47
52
51
28
3
1
17
49
70
81
67
47
41
40
44
47
62
76
70
58
35
26
29
28
40
37
35
33
19
14
5
1
5
10
6
-10
-20
-25
-37
-41
-31
-20
-17
-37
-54
-57
-68
-60
-50
-46
-42
-49
-56
-75
-86
-80
-57
-42
-42
-60
-66
-68
-83
-80
-64
-36
-24
-32
-28
-27
-16
-5
-3
3
13
16
11
14
15
14
26
38
49
64
69
59
56
66
79
95
111
120
112
96
89
81
71
61
62
73
80
73
62
60
56
50
40
32
39
35
31
29
30
47
36
16
-10
-35
-34
-47
-52
-35
-27
-26
-45
-89
-126
-157
-170
-159
-140
-116
-105
-97
-95
-111
-133
-154
-155
-128
-108
-96
-70
-42
-23
-22
-35
-52
-70
-75
-60
-36
-10
12
34
51
40
2
-27
-17
8
29
49
74
114
137
108
74
66
82
100
100
107
147
176
169
125
92
114
135
138
126
125
147
158
134
109
85
85
79
60
68
70
83
82
59
35
-13
-40
-54
-84
-99
-113
-113
-96
-96
-108
-119
-121
-120
-122
-148
-179
-188
-184
-173
-166
-153
-128
-120
-113
-131
-138
-129
-120
-93
-82
-57
-34
-23
-3
-28
-42
-37
-17
33
45
73
95
95
95
42
46
91
124
152
128
128
130
103
98
71
97
141
124
109
60
38
49
41
47
42
54
84
59
25
0
-2
37
36
30
30
24
36
-7
-47
-54
-24
30
17
-5
-21
-25
-9
-47
-71
-66
-55
-35
-79
-94
-90
-97
-84
-115
-113
-75
-59
-39
-70
-79
-56
-60
-59
-83
-80
-51
-38
-35
-63
-52
-28
-19
-6
-5
11
25
35
29
27
39
44
53
57
61
78
84
97
97
75
80
80
91
90
64
75
84
94
78
61
96
90
82
70
54
67
54
41
13
-4
6
3
1
-19
-26
-24
-32
-41
-63
-73
-71
-71
-72
-84
-80
-72
-80
-73
-78
-79
-81
-86
-78
-88
-72
-72
-74
-54
-61
-56
-61
-51
-49
-52
-39
-45
-27
-24
-34
-19
-19
-1
-12
-14
15
10
24
22
33
56
58
65
50
68
73
62
87
63
82
90
85
104
82
96
85
72
82
59
74
63
54
68
47
60
49
31
39
24
34
28
10
9
-22
-30
-43
-61
-48
-57
-44
-42
-53
-57
-71
-66
-73
-69
-66
-75
-55
-60
-55
-54
-54
-32
-47
-33
-26
-23
-13
-41
-39
-33
-22
-24
-41
-25
-30
-24
-14
-19
7
24
47
54
39
39
19
4
-4
-3
23
19
19
22
15
22
13
10
13
17
21
27
21
13
5
14
24
32
40
53
71
60
55
48
38
35
14
7
13
11
10
-3
-8
2
10
17
16
17
6
-8
-18
-34
-36
-32
-39
-38
-21
-7
-8
-28
-40
-36
-24
-24
-23
-13
-7
-9
-25
-40
-51
-61
-54
-41
-30
-15
-9
-5
-12
-10
-8
-3
2
-1
6
5
-2
6
-2
-7
-8
-14
6
22
35
28
22
27
19
14
18
32
40
36
27
10
7
9
13
34
40
42
38
20
7
7
15
10
12
11
7
5
-4
-17
-30
-36
-22
-10
-6
2
-1
-15
-24
-18
2
6
10
14
2
5
-12
-31
-24
-17
-3
3
-4
-1
-4
-5
-22
-35
-20
2
8
1
3
1
5
-6
-21
-9
0
16
19
16
19
6
-11
-28
-36
-18
-9
-9
-8
-18
-19
-16
-11
-2
-3
5
15
6
5
0
5
7
5
12
5
5
14
15
14
1
-11
0
4
7
14
23
32
14
0
-1
6
22
33
31
25
15
-1
-3
1
1
-7
-4
1
-3
-2
-6
-8
-13
-15
-15
-20
-8
-1
2
-1
-15
-23
-23
-14
-3
5
5
4
0
-7
-11
-8
-1
-3
-12
-7
-8
-11
-1
1
5
5
-4
-8
-10
11
24
19
16
11
6
-5
-13
-11
-1
12
3
3
16
13
12
3
-3
-11
-17
-17
-7
-1
2
-2
-9
-1
-1
-10
-13
3
11
17
13
5
12
6
4
11
10
16
17
10
12
7
4
-4
-3
-5
-22
-17
-8
5
11
8
19
21
14
11
0
-3
-2
0
-5
-16
-9
-10
-11
-11
-19
-21
-21
-19
-18
-12
-11
-18
-20
-30
-26
-17
-15
-4
1
16
18
5
10
3
3
15
-2
-5
3
6
3
-9
0
19
24
20
11
10
15
13
13
9
8
12
7
11
17
18
20
10
9
8
5
9
2
-4
0
-5
-6
-11
-11
-9
-9
-1
2
-9
-10
-1
3
0
-6
1
5
7
3
-9
-6
-8
-7
-12
-16
-21
-23
-16
-21
-13
-14
-6
-6
-15
-6
-12
-2
9
-2
6
10
8
19
13
2
-1
-8
-10
-3
5
12
22
24
14
5
4
10
6
-3
-6
6
11
8
8
5
8
3
-4
4
8
6
2
-6
0
2
-3
-8
-19
-8
-4
-6
-6
-7
6
-3
-18
-3
-3
-13
-8
-2
10
13
5
8
1
-5
-2
-5
3
12
-1
-18
-25
-34
-25
-14
-11
-6
0
-1
-15
-7
5
8
24
28
28
24
9
7
-5
-17
-2
10
22
19
5
9
3
-3
-3
0
2
5
-3
-12
-11
2
10
8
18
14
23
29
21
25
14
11
20
20
10
-8
-12
-15
-20
-20
-16
-12
-3
-5
-18
-29
-27
-15
-11
-9
4
9
11
6
1
8
3
-9
-29
-37
-37
-35
-36
-39
-23
-25
-25
-17
-21
-14
-16
-14
-3
-3
5
15
16
25
18
11
15
26
35
21
16
15
10
15
21
24
21
13
17
14
6
14
5
7
7
11
24
9
8
19
28
27
17
17
20
10
5
-2
-7
-5
-7
-8
-25
-31
-16
-6
-9
-8
-19
-20
-14
-19
-11
-8
-13
-9
-17
-10
1
8
15
-4
-10
-7
-1
5
-3
-5
-12
-26
-33
-45
-37
-33
-30
-10
-3
12
15
10
15
17
16
6
7
16
10
11
4
-6
-11
-9
6
-1
4
14
8
24
19
10
10
-4
-11
-18
-3
14
7
14
10
8
15
10
16
13
13
14
14
14
10
6
3
-1
-5
-5
-7
-4
0
1
7
8
8
10
10
17
3
-10
-14
-30
-21
-19
-18
-12
-11
-6
-9
-15
-16
-13
-19
-19
-9
-3
8
4
0
-3
-14
-5
-1
9
10
3
6
-1
-12
-17
-22
-15
-7
-5
0
-4
-1
7
6
11
7
8
10
5
3
8
17
14
18
19
15
18
23
14
11
22
11
10
11
5
8
-6
-8
-4
1
7
2
2
1
-14
-20
-15
-19
-5
1
5
3
-5
5
-2
-7
-8
-9
-7
-15
-18
-18
-25
-19
-14
-16
-2
-6
-5
-1
-10
2
1
6
18
15
20
13
9
1
-15
-10
-15
-16
-16
-12
-7
-18
-14
-6
6
12
3
3
13
19
10
8
12
12
6
3
11
12
20
22
20
22
15
10
-3
-7
-3
-3
-4
-4
-5
2
8
8
14
14
10
8
0
2
8
6
7
6
-1
-13
-16
-14
-14
-8
-10
-3
0
-2
-5
-17
-23
-24
-18
-10
-14
-5
-5
-9
-5
-5
6
14
12
0
-13
-16
-13
-9
-4
-9
-13
-14
-12
-6
5
9
9
7
3
1
-4
-9
-7
4
9
10
10
15
21
14
21
13
7
8
-2
-1
-5
0
0
-7
1
7
15
19
13
14
12
13
11
11
14
7
3
5
6
4
-11
-8
9
16
11
6
2
-8
-15
-28
-30
-21
-8
0
-8
-8
-6
-15
-17
-26
-25
-13
-15
-9
-7
-4
2
-2
-10
-10
-13
-4
5
3
-1
-4
-4
-5
-1
6
5
4
8
9
8
-3
5
14
15
26
16
13
21
19
12
11
11
10
2
9
12
3
4
-10
-7
7
8
10
4
5
6
-1
-1
-1
3
7
5
5
2
3
-6
-15
-18
-21
-16
-14
-26
-29
-28
-24
-21
-17
-9
-5
0
0
2
2
5
3
-2
9
3
-9
-12
-14
-13
-8
-3
-1
4
6
9
6
2
-6
-6
5
7
11
11
5
13
12
16
22
16
11
1
4
8
6
6
14
19
18
9
-7
-9
-7
0
-2
-3
6
6
7
8
14
16
12
4
12
15
7
9
1
1
-3
-10
-11
-10
-6
-15
-9
-9
-14
-8
-14
-16
-22
-12
0
-11
-19
-17
-10
-4
2
1
-2
0
-4
-14
-16
-19
-26
-18
-10
-4
-1
-1
-1
-6
-8
-9
1
8
4
9
0
-6
-8
-8
-1
5
15
15
11
10
13
14
4
0
3
3
5
-7
-4
0
-1
16
21
25
18
19
20
21
27
20
24
23
24
18
8
-2
-10
-3
10
9
-1
3
3
-1
-10
-17
-18
-18
-11
-7
5
15
11
7
3
-4
-10
-14
-11
-7
-7
-16
-16
-25
-36
-36
-39
-21
-14
-22
-22
-12
-15
-26
-29
-20
-7
-12
-20
-27
-15
-5
-6
2
12
28
21
10
17
27
20
7
0
10
18
1
0
9
15
23
24
33
36
27
30
25
24
23
19
31
21
19
16
0
12
1
-7
-4
-4
9
-1
-8
-4
-12
-17
-18
-19
-1
10
-2
-11
-22
-26
-23
-22
-8
-11
-14
-15
-22
-8
-10
-16
-9
-15
-16
-18
-14
-1
-6
-13
-6
-2
8
2
-6
-2
-12
-5
-2
-5
3
-4
-3
10
4
10
-6
-10
11
6
11
1
-6
4
5
15
20
23
34
30
17
24
26
34
33
18
26
27
25
25
16
14
14
5
1
-7
-14
-9
-13
-14
-6
-9
-7
-6
-3
1
-5
-12
-15
-8
-8
-18
-22
-17
-15
-24
-30
-36
-35
-38
-31
-9
-2
-12
-21
-21
-19
-11
-12
9
17
4
-6
-13
2
-7
-14
-6
1
24
24
18
20
8
9
-1
-6
7
9
9
16
11
-2
10
20
17
21
22
25
33
27
22
15
8
11
1
0
-6
-8
-1
-4
7
10
15
16
3
-2
-8
-20
-12
-4
-7
-7
-6
-3
-3
-4
-6
-5
-9
-6
-5
-5
3
-12
-26
-20
-28
-25
-11
-8
-1
-9
-2
0
-7
-3
-8
-7
-2
-4
-2
13
16
7
8
13
13
8
9
5
2
4
-10
-20
-26
-25
-17
-7
7
21
22
7
0
1
5
16
15
12
12
13
10
-9
-9
-3
7
16
14
8
-6
-7
-2
-7
-6
-12
-8
-1
-4
6
13
9
4
-1
1
13
15
15
10
6
6
1
6
4
-2
-1
-14
-13
-3
0
2
12
2
-6
-9
-29
-33
-35
-25
-1
-8
-15
-16
-16
-3
-7
-1
-4
-10
7
-1
-4
-6
-9
10
13
0
-2
-12
-12
-9
-13
12
24
36
35
11
15
16
13
12
0
20
21
-1
-9
-13
-3
4
-3
11
21
12
9
-7
-1
19
11
4
-3
0
5
-12
-15
5
26
42
14
-8
-13
-20
-18
-23
-12
9
8
-15
-30
-23
-9
-20
-22
-13
-6
7
-3
-16
-7
-4
-6
-11
-13
-1
3
-4
-17
-9
-6
-10
-9
-10
12
5
-12
-10
8
27
21
4
9
13
9
5
7
29
30
12
6
14
22
16
7
16
18
19
13
3
-1
-3
-11
-8
6
11
8
-5
-5
4
-12
-19
-6
0
-4
-5
-12
-13
-15
-20
-21
-13
-4
-28
-28
-13
-8
-3
-14
-13
-10
-16
-16
-13
-6
2
-9
-15
-5
-5
-8
5
18
25
20
16
18
18
18
0
-9
0
-6
-14
-6
10
27
30
21
13
8
5
16
16
17
29
24
32
22
-2
-2
-5
8
17
13
17
15
3
0
-6
-3
-4
-10
-16
-24
-11
0
-1
0
-1
-2
-1
-11
-20
-20
-22
-15
-19
-21
-17
-23
-17
-20
-18
-4
-4
-6
-5
-13
-9
-13
-21
-17
-16
-10
-18
-21
-2
11
22
14
4
4
-3
-2
-8
0
9
-4
-3
2
16
20
10
4
5
8
1
10
16
25
26
26
33
27
21
14
14
23
28
33
30
23
18
12
3
3
12
13
17
16
22
21
13
14
11
18
22
13
3
-7
-11
-11
-12
-3
-10
-14
-20
-44
-40
-37
-34
-17
-13
-15
-14
-26
-42
-51
-55
-44
-42
-24
-13
-9
3
-11
-21
-27
-38
-28
-26
-28
-20
-23
-12
-17
-29
-17
-18
-6
0
-3
18
33
28
21
22
27
28
33
35
35
41
37
39
36
32
24
17
11
11
26
32
27
19
16
5
7
10
10
7
0
-3
-2
2
3
8
1
-8
-16
-14
-16
-18
-12
-7
2
-4
-7
-22
-25
-15
-19
-16
-10
-2
-2
-18
-22
-20
-17
-9
4
12
7
-2
-12
-12
-12
-11
-5
-2
-3
-2
-13
-19
-18
-24
-18
-10
5
15
13
6
-5
3
12
13
18
15
12
12
9
3
14
17
17
11
3
15
20
21
21
21
17
9
9
3
6
6
6
11
13
14
2
8
20
10
6
1
-10
-9
-13
-16
-9
-8
-9
-8
-15
-15
-14
-11
-13
-19
-13
-16
-15
-15
-21
-10
-2
-6
-14
-9
1
4
-5
-11
-10
-10
-17
-22
-12
-9
-5
-3
1
-2
-1
0
4
10
7
10
0
3
4
2
2
-3
0
9
9
1
4
0
5
4
2
6
3
14
10
1
15
24
28
22
23
31
26
19
9
1
9
8
3
14
18
14
3
-11
-1
1
-2
-2
-4
-6
-9
-8
-15
-16
-10
-15
-18
-8
-3
-10
-8
-6
0
3
-9
-15
-20
-23
-16
-20
-4
2
-10
-8
-21
-17
-12
-15
1
2
7
18
6
0
-5
-9
-7
-7
-11
-7
-5
-3
-1
3
10
0
-8
-7
1
8
7
11
16
20
16
15
17
23
17
13
10
3
8
13
22
18
7
7
4
8
5
1
13
4
1
-7
-13
-6
-13
-6
-4
8
20
16
18
16
13
8
-5
-5
10
5
-17
-26
-24
-28
-27
-23
-20
-16
-20
-34
-36
-26
-16
-1
-4
-8
0
-5
4
0
-5
10
4
6
4
-6
1
-4
-13
-16
-15
-10
-5
-7
1
15
15
21
21
11
9
-3
-2
14
11
29
39
27
19
8
15
10
10
13
11
18
7
2
0
-5
3
-2
-6
-9
-7
-6
-7
0
0
2
0
-3
0
-4
-7
2
10
4
0
-6
-7
-6
-12
-12
-11
-7
-9
-16
-10
-7
-1
-2
-4
1
-5
-6
-4
3
6
-2
-5
-1
0
-10
-15
-15
-6
-1
-9
-18
-23
-1
9
-2
0
-13
-13
-22
-16
17
27
29
16
-2
-7
-10
-12
-5
1
17
24
20
18
10
19
21
15
13
12
15
21
23
23
28
20
15
12
10
16
13
17
28
20
13
3
4
-1
-22
-38
-43
-31
-17
-17
-12
-13
-17
-28
-39
-23
-14
-9
-12
-15
-19
-35
-38
-37
-25
-11
-8
-10
-27
-28
-27
-23
-6
-9
3
-5
-13
0
-9
12
25
38
43
32
34
22
40
43
27
27
15
11
3
-1
9
23
36
34
27
18
3
4
4
4
13
6
1
-14
-10
-3
0
15
12
20
8
-8
-1
-8
-3
-11
-19
-23
-35
-37
-41
-30
-25
-14
-2
-11
-11
-16
-18
-19
-12
4
0
-1
-3
-2
0
-9
-5
-9
1
2
-16
-10
-17
-18
-12
-8
-1
-4
3
8
17
22
8
6
10
23
25
21
28
16
15
14
15
24
26
25
23
11
5
15
24
27
26
6
-1
1
2
11
17
19
14
6
0
4
19
24
22
21
7
-7
-19
-33
-28
-21
-24
-28
-39
-57
-71
-69
-67
-59
-55
-45
-33
-42
-42
-42
-39
-32
-29
-25
-23
-15
-16
-6
-9
-5
4
-8
-6
-11
4
23
34
45
34
39
34
39
43
46
58
61
70
57
44
36
34
45
44
45
38
28
31
23
28
24
29
38
18
17
5
4
11
-8
-7
-10
-8
-2
-9
-3
-6
-16
-22
-20
-11
-7
-15
-27
-42
-62
-56
-38
-31
-30
-32
-31
-33
-39
-27
-12
-3
-6
-14
-19
-23
-25
-31
-24
-18
-20
-24
-26
-23
-22
-16
-17
-21
-11
-12
-6
-3
-6
-1
-1
6
7
13
25
33
41
38
35
35
24
30
37
42
44
30
32
34
45
51
37
35
35
20
20
29
35
44
33
16
9
1
10
24
28
31
14
4
-7
-20
-11
-9
-9
-19
-29
-41
-52
-52
-53
-49
-40
-37
-44
-64
-88
-90
-67
-52
-37
-34
-42
-43
-53
-62
-56
-40
-29
-22
-20
-25
-21
-16
-9
-11
-11
-5
6
19
24
37
54
70
71
63
64
63
67
70
72
79
90
88
72
68
61
61
59
49
54
65
74
68
61
58
46
34
21
19
22
23
14
-10
-17
-21
-36
-69
-92
-97
-93
-84
-81
-85
-79
-80
-87
-90
-99
-95
-92
-93
-85
-86
-79
-66
-54
-38
-43
-42
-41
-54
-49
-36
-15
4
11
11
15
24
22
40
49
55
55
58
74
76
80
69
65
75
74
85
83
78
62
52
49
37
47
52
64
60
38
24
9
23
22
31
31
5
-3
-31
-34
-29
-11
12
4
3
-20
-12
10
8
16
-8
-18
-29
-42
-22
-25
-13
-17
-37
-49
-74
-64
-49
-44
-30
-34
-26
-37
-54
-57
-58
-43
-40
-40
-40
-48
-55
-57
-47
-33
-28
-28
-34
-34
-31
-27
-11
1
7
9
0
13
23
29
39
44
63
53
40
33
34
47
38
31
42
56
67
53
45
47
44
44
48
69
81
58
22
17
47
64
58
42
33
23
2
-2
9
19
6
-22
-28
-16
-4
-20
-36
-45
-58
-54
-48
-35
-21
-28
-48
-64
-52
-35
-37
-47
-50
-51
-47
-41
-36
-32
-47
-60
-46
-26
-10
-11
-27
-19
-14
-9
0
2
17
15
1
-1
5
28
38
38
41
35
33
30
19
19
21
25
18
14
23
36
38
15
-4
0
15
33
28
27
36
44
40
28
28
33
34
20
9
16
33
25
11
3
12
14
-21
-48
-51
-28
-10
-16
-21
-18
-16
-29
-42
-36
-29
-28
-45
-50
-21
-8
-14
-19
-26
-23
-38
-59
-57
-29
-2
-7
-21
-29
-29
-23
-16
-5
13
13
-1
-11
-5
26
35
25
13
6
4
6
9
19
38
31
26
12
2
6
18
28
22
32
28
23
20
18
27
41
46
34
27
18
26
43
27
10
11
14
10
-7
-3
1
1
-8
-34
-31
-18
-9
-3
-6
2
5
-9
-23
-29
-17
-5
4
6
-10
-21
-34
-48
-56
-47
-21
-8
-4
-14
-17
-22
-46
-37
-20
-6
10
21
26
5
-15
-13
-4
3
6
4
8
-2
-16
-26
-8
3
5
20
10
16
21
19
22
20
22
12
0
-20
-19
14
24
34
28
9
10
-8
4
19
26
41
20
12
4
1
-1
-19
-5
16
9
-5
-18
-5
2
12
17
17
22
4
0
-4
-2
-7
-33
-23
-7
11
18
0
-2
-19
-31
-39
-32
-10
-13
-6
-14
-18
-14
-25
-17
-14
1
10
0
-1
-4
-6
-7
-19
-31
-21
-12
3
9
4
9
8
4
7
16
22
23
11
13
7
-4
9
12
20
20
20
37
36
28
16
12
22
14
-10
-15
-17
2
8
0
7
10
9
-3
-2
6
12
15
12
4
-3
-10
-20
-14
-4
-4
-12
-26
-23
-22
-30
-27
-17
-8
-11
-24
-28
-26
-21
-12
-7
1
5
6
12
6
5
8
9
-1
-13
-9
-9
-6
-4
-4
0
6
8
0
-16
-14
-10
-12
-1
10
25
28
26
18
12
15
10
20
27
24
13
2
-3
-3
3
4
5
0
0
4
1
3
15
12
9
4
11
16
18
13
2
8
3
-2
-2
-1
6
5
7
8
0
-10
-19
-17
-13
-9
-12
-18
-4
-4
-9
-2
-2
-9
-19
-26
-24
-26
-25
-19
-11
-15
-20
-19
-26
-21
-19
-12
6
2
1
6
9
7
2
15
20
14
2
-2
19
31
23
8
3
9
11
18
20
11
5
3
6
16
22
22
16
2
-1
-15
-24
-27
-30
-6
2
-1
7
6
23
30
23
16
21
25
5
-33
-55
-48
-36
-20
-20
-21
-17
-20
-16
-5
2
21
34
37
47
31
10
-8
-12
7
34
34
11
1
7
12
-2
-18
-31
-29
-32
-45
-54
-48
-14
13
22
29
34
50
55
39
22
12
4
11
22
18
13
13
9
-10
-33
-43
-45
-45
-58
-69
-84
-94
-79
-54
-14
25
68
104
111
111
90
58
36
24
22
12
-8
-27
-30
-36
-36
-28
-51
-49
-46
-66
-61
-75
-60
-33
-27
11
23
60
108
120
140
129
119
103
61
20
-35
-80
-125
-125
-109
-117
-98
-106
-76
-64
-55
-18
-27
10
27
43
78
59
72
85
87
114
88
65
48
28
17
-4
-14
-23
-18
-18
-20
-37
-61
-52
-57
-36
-4
2
43
55
58
77
62
86
88
66
53
4
-26
-52
-75
-61
-46
-29
-31
-54
-77
-93
-102
-86
-50
-32
0
23
24
46
44
46
53
33
26
9
-1
-9
-34
-56
-82
-96
-102
-104
-80
-42
-11
-1
-4
-25
-47
-45
-46
-26
7
36
65
75
67
54
40
24
20
26
41
37
29
12
-2
3
1
10
18
44
65
60
52
46
50
58
67
71
69
54
43
44
37
28
23
2
-7
-14
-11
-12
-23
-26
-44
-48
-40
-37
-21
-8
-8
-19
-26
-19
-14
-2
20
26
23
7
-15
-21
-27
-28
-30
-38
-48
-47
-36
-23
-18
-16
-8
-4
-13
-15
-5
4
12
8
-6
-22
-28
-28
-9
11
11
6
-7
-14
-10
-18
-19
-9
-8
3
11
12
11
5
-3
-11
-13
-6
9
27
41
41
30
14
8
17
25
45
51
40
26
0
-10
-8
1
11
2
-7
-3
11
24
20
7
5
12
21
25
28
25
9
-9
-19
-22
-13
-13
-26
-11
-14
-21
-23
-36
-32
-34
-33
-25
-23
-6
15
2
2
2
-19
-35
-42
-8
5
-27
-23
10
49
61
13
9
20
4
-13
-39
-29
-9
-12
-10
-24
-28
-42
-63
-41
19
71
83
72
82
113
63
11
-5
-2
30
43
59
62
28
39
47
31
57
73
75
83
271
533
416
-17
-211
-93
-203
-700
-964
-780
-609
-521
-479
-431
-434
-270
239
601
569
466
679
895
776
324
-102
-299
-336
-232
-33
138
203
419
850
1019
473
-306
-746
-935
-1209
-1579
-1664
-1453
-872
67
836
1200
1500
2003
2139
1710
1081
550
145
-176
-364
-543
-702
-643
-294
32
-9
-334
-593
-557
-485
-666
-997
-1047
-728
-371
-135
68
325
609
900
993
667
166
-129
-219
-367
-540
-500
-286
-37
240
462
476
278
-10
-265
-526
-790
-924
-762
-289
184
465
690
961
1117
1056
886
729
465
87
-191
-374
-517
-595
-482
-274
-158
5
276
467
420
238
128
85
-3
-97
-111
-40
46
84
129
95
-79
-258
-346
-445
-638
-794
-728
-486
-282
-150
-91
-123
-168
-170
-157
-207
-260
-240
-184
-180
-229
-175
26
260
405
441
382
270
127
-13
-110
-142
-64
63
173
234
305
421
562
677
712
644
511
360
242
170
161
190
252
337
380
327
236
281
476
710
856
914
935
895
789
603
381
176
-13
-223
-475
-802
-1197
-1525
-1746
-1865
-1898
-1969
-2098
-2217
-2334
-2434
-2576
-2658
-2518
-2272
-1967
-1541
-1010
-486
-39
448
963
1354
1542
1608
1660
1604
1493
1570
1808
2080
2451
2986
3723
4303
4661
5016
5292
5324
5055
4658
4151
3374
2364
1345
378
-604
-1561
-2328
-2889
-3351
-3704
-3879
-3904
-3899
-3859
-3813
-3877
-4124
-4451
-4723
-4940
-5051
-5021
-4904
-4742
-4482
-4119
-3818
-3613
-3340
-2889
-2422
-2183
-2065
-1798
-1345
-857
-358
285
1225
2476
3916
5440
7087
9051
11324
13518
15223
16390
17058
17036
16008
13930
10990
7437
3573
-349
-4211
-7834
-10646
-12119
-12260
-11495
-9982
-7651
-4867
-2433
-990
-702
-1427
-2953
-4864
-6664
-8094
-8864
-8581
-7189
-5304
-3663
-2538
-1902
-1948
-2862
-4487
-6484
-8483
-10033
-10651
-10167
-8723
-6468
-3452
121
3930
7602
10769
13257
15430
17989
20753
22642
23134
22994
22770
21669
18760
14389
9532
4616
-424
-5750
-11303
-16316
-19426
-19920
-18326
-15483
-11598
-6774
-1790
2179
4147
3949
2337
184
-1977
-3845
-5199
-5880
-5695
-4587
-3189
-2527
-2912
-3904
-5460
-7956
-11214
-14444
-17074
-18698
-18736
-16884
-13311
-8262
-2134
4065
9211
12919
15501
17103
17584
17231
16825
17003
17849
19438
21755
23553
23235
21072
18265
14124
7407
-542
-7210
-12169
-15812
-17710
-18047
-17555
-15616
-11236
-5636
-1046
2112
4667
6619
7050
5397
2227
-1253
-4204
-6181
-6842
-6325
-5281
-3947
-1984
-225
-386
-2770
-6325
-10215
-14238
-17946
-20623
-21876
-21377
-18905
-14866
-9881
-4292
1566
7005
11382
14532
16385
16760
15844
14235
12188
9776
7665
6647
6452
6453
7059
8790
10844
11847
11730
11331
10520
8596
6178
4607
3336
801
-2341
-4016
-4690
-6383
-8292
-7846
-5116
-2354
-341
1231
1820
1231
521
-274
-2313
-5297
-7381
-7816
-7700
-7844
-7746
-6891
-5693
-4903
-4724
-5033
-6093
-7810
-9280
-9970
-10665
-11841
-12372
-11379
-9466
-7318
-4807
-1941
884
3505
5766
7265
8079
8761
9216
9046
8743
9133
10233
11625
13473
15947
18258
19497
19653
19054
17215
13573
8960
4670
862
-2924
-6254
-8339
-9428
-9912
-9286
-7216
-4696
-2757
-1211
180
636
-545
-2851
-5442
-8119
-10537
-11808
-11688
-10818
-9366
-6773
-3442
-943
-75
-462
-1900
-4664
-8350
-11808
-14399
-16074
-16573
-15416
-12726
-9198
-5280
-1148
2922
6352
8769
10222
10851
10901
10521
9842
9287
9473
10521
11842
13098
14715
16887
18811
19648
19332
18221
16240
13195
9448
5620
1962
-1436
-4302
-6690
-9001
-11055
-11932
-11404
-10255
-8973
-7350
-5583
-4325
-3958
-4420
-5845
-8120
-10102
-10920
-10799
-10258
-9133
-6867
-3745
-801
1240
2037
1478
-355
-3127
-6367
-9809
-12974
-14911
-15095
-13907
-11777
-8558
-4110
829
5285
9076
12190
14143
14615
14106
13227
11845
9979
8688
8666
9078
8866
8436
9018
10334
11104
10915
10338
9907
9469
8766
7581
5778
3733
2115
826
-883
-3318
-5813
-7488
-8250
-8500
-8549
-8463
-8061
-7315
-6513
-6081
-6513
-7778
-9327
-10548
-11253
-11748
-11926
-11220
-9254
-6182
-2876
-268
1359
2270
2729
2439
929
-1420
-3736
-5610
-6813
-7325
-7118
-6270
-4862
-2703
-97
2204
3864
5006
5841
6435
6675
6742
6913
7309
8033
8947
9849
10650
11467
12682
14314
15814
16625
16810
16859
16555
15151
12564
9537
6418
2800
-1516
-6094
-10626
-14939
-18278
-19786
-19472
-18037
-15462
-11400
-6581
-2516
-127
585
-141
-2087
-4560
-6675
-8210
-9028
-8526
-6383
-3411
-892
912
2210
2448
892
-2166
-5785
-9599
-13246
-15677
-16183
-15002
-12570
-8936
-4241
614
4803
8050
10136
10919
10517
9517
8597
7906
7427
7524
8535
9978
10967
11786
13645
16319
18095
18187
17574
16995
15729
13226
10075
6960
4030
1248
-1648
-5247
-9659
-13699
-16092
-16826
-16515
-15264
-12779
-9381
-6004
-3505
-2403
-2790
-4322
-6202
-7686
-8612
-9011
-8472
-6305
-2682
1109
3793
5027
5052
3895
1363
-2376
-6714
-10816
-13908
-15480
-15340
-13651
-10661
-6697
-2300
1730
4616
6052
6407
6211
5765
5338
5414
6402
8181
10383
12707
14733
16032
16719
17334
17895
17618
16362
14944
13881
12662
10673
8178
5630
2981
15
-3473
-7743
-12514
-16659
-19140
-19977
-19578
-17768
-14355
-9954
-5717
-2562
-935
-922
-2176
-4047
-5822
-7014
-7323
-6347
-3901
-410
3073
5579
6822
6651
4871
1644
-2590
-7433
-12244
-16010
-17957
-18093
-16583
-13370
-8859
-3893
830
4879
7727
9134
9569
9493
9117
8910
9489
10804
12202
13490
14788
15738
16098
16412
16931
16883
15837
14679
14048
13082
10939
8100
5300
2350
-1255
-5668
-10771
-16105
-20568
-22916
-23050
-21644
-18861
-14355
-8511
-2964
813
2509
2404
728
-2192
-5323
-7697
-9170
-9328
-7416
-3692
246
3043
4666
5218
4171
1251
-3111
-8131
-12847
-16216
-17539
-16778
-14043
-9528
-3833
1972
6798
10002
11400
11302
10308
8896
7549
6845
7134
8385
10331
12698
14986
16520
17221
17675
17973
17306
15354
13164
11683
10358
8374
6019
3836
1689
-909
-4404
-9075
-14513
-19302
-22082
-22768
-21901
-19455
-15115
-9376
-3695
386
2179
1927
105
-2721
-5739
-8405
-10412
-11185
-9745
-6167
-2126
984
3159
4645
4786
2915
-727
-5320
-9803
-13137
-14804
-14693
-12729
-8879
-3678
1727
6298
9430
10971
11191
10432
9108
7831
7223
7556
8661
10345
12301
13932
14813
15281
15869
16290
15764
14248
12746
11860
10994
9374
7245
5243
3174
381
-3375
-8085
-13430
-18200
-21077
-21838
-21095
-18883
-14927
-9873
-5053
-1626
-266
-1020
-3240
-5965
-8441
-10408
-11603
-11264
-8616
-4060
637
4130
6475
7776
7420
4930
643
-4503
-9259
-12584
-14243
-14404
-12739
-9074
-4297
411
4415
7345
8815
9015
8497
7609
6761
6607
7485
9089
11063
13135
14764
15429
15515
15965
16633
16282
14598
13102
12729
12203
10181
7334
4878
2538
-619
-4791
-9737
-14970
-19357
-21858
-22405
-21332
-18470
-13791
-8196
-3060
573
2129
1387
-1306
-4949
-8448
-11113
-12489
-11971
-9041
-4302
677
4618
7153
8191
7388
4574
138
-5066
-9882
-13241
-14698
-14367
-12379
-8825
-4306
238
4108
6837
8064
7896
7063
6198
5463
5243
6214
8342
10688
12664
14363
15443
15469
15292
15796
15943
14638
13136
12755
12213
10090
7508
5714
3820
811
-3064
-7842
-13685
-19032
-21886
-22343
-21562
-19333
-14866
-8954
-3510
151
1682
1183
-972
-4064
-7107
-9342
-10461
-9969
-7088
-2197
2819
6586
9129
10244
9038
5420
282
-5585
-11337
-15745
-17955
-17806
-15288
-10759
-5494
-707
3268
6253
7779
7709
6667
5478
4688
4691
5674
7561
9893
12220
14456
16262
16860
16263
15689
15444
14249
11857
9931
9108
8028
6071
4133
2364
11
-2802
-5840
-9812
-14667
-18398
-19379
-18197
-15914
-12528
-7944
-3017
886
2607
1777
-903
-4327
-7659
-10320
-11612
-11019
-8469
-4005
1563
6623
9915
11247
10771
8097
3218
-2788
-8648
-13542
-16786
-17898
-16878
-13920
-9377
-4442
-389
2436
4144
4678
4263
3757
3657
3928
4969
7170
9951
12455
14568
16297
16978
16238
14914
13870
12650
10791
9215
8903
8968
8010
6384
5039
3348
354
-3611
-8033
-12984
-17613
-20021
-19597
-17342
-13890
-9207
-3873
875
3967
4729
3081
-216
-4173
-7855
-10361
-11036
-9748
-6544
-1593
3953
8214
10301
10516
8856
5093
-260
-6118
-11720
-16382
-19084
-19099
-16710
-12808
-8221
-3685
157
2859
4228
4465
4172
4030
4324
5285
7204
9774
12223
14118
15654
16665
16466
15387
14574
14021
12723
10900
9985
9950
9314
7824
6411
4835
2190
-1235
-4968
-9534
-14618
-18041
-18590
-17380
-15355
-11905
-7082
-2472
626
2007
1516
-911
-4489
-7898
-10278
-11330
-10785
-8498
-4508
513
5211
8324
9425
8534
5654
991
-4720
-10469
-15346
-18567
-19649
-18483
-15341
-10976
-6338
-2012
1788
4658
6056
6309
6272
6419
6914
8151
10328
12693
14517
15954
17093
17245
16261
15226
14912
14428
12967
11561
11213
10865
9292
7206
5502
3414
272
-3310
-7184
-11800
-16060
-17836
-17004
-15033
-12313
-8419
-4033
-480
1530
1584
-484
-3893
-7459
-10491
-12557
-13019
-11489
-7934
-2735
2602
6360
8186
8459
6890
3075
-2205
-7732
-12972
-17255
-19612
-19660
-17793
-14498
-10157
-5408
-925
2731
5098
6231
6782
7260
7731
8308
9419
11098
12701
13866
14818
15508
15508
15089
15081
15207
14471
13285
12824
12587
11267
9235
7577
5773
2860
-646
-4277
-8625
-13269
-16254
-16711
-15623
-13624
-10375
-6213
-2374
136
767
-738
-3843
-7353
-10384
-12583
-13473
-12379
-9212
-4553
656
5356
8621
9947
9216
6358
1594
-4216
-9976
-14879
-18419
-20074
-19391
-16542
-12360
-7843
-3595
163
3101
4921
5921
6620
7184
7771
8863
10665
12542
13985
15200
16163
16334
15849
15751
16157
15847
14552
13493
12986
11849
9717
7570
5619
2987
-379
-3971
-8129
-12872
-16656
-18089
-17562
-15945
-13163
-9274
-5243
-2033
-260
-405
-2473
-5621
-8748
-11198
-12481
-12105
-9785
-5597
-321
4691
8291
10094
9977
7720
3496
-1974
-7931
-13555
-17810
-19896
-19723
-17560
-13792
-9082
-4165
322
3800
5962
7195
8085
8625
8757
9161
10420
12137
13613
14826
15901
16435
16242
16073
16320
16110
14893
13549
12729
11618
9580
7347
5460
3235
318
-3002
-6857
-11465
-15730
-18110
-18516
-17718
-15714
-12308
-8254
-4632
-2133
-1296
-2442
-4965
-7746
-10087
-11668
-11898
-10202
-6619
-1803
3117
6895
8914
9147
7626
4194
-809
-6381
-11649
-15957
-18653
-19154
-17433
-13983
-9498
-4663
-69
3776
6439
8028
9005
9573
9850
10186
11049
12438
13858
15015
15935
16543
16556
16088
15979
16442
16068
13968
11735
10873
9914
7177
3933
1828
45
-2744
-6399
-10794
-15719
-19247
-19506
-17543
-15348
-12563
-8163
-3183
254
1064
-526
-3757
-7639
-11021
-13214
-13928
-13013
-10074
-4738
1810
6898
9277
9846
9152
6460
1505
-4525
-10503
-15548
-18540
-19070
-17701
-14725
-10027
-4382
656
4397
7007
8485
8800
8474
8237
8276
8642
9693
11465
13280
14460
14977
15093
14840
14331
13771
12895
11612
10853
11080
11177
10099
8571
7485
5968
2967
-1280
-6145
-11171
-15441
-17866
-18362
-17495
-15255
-11529
-7138
-3414
-1350
-1252
-2786
-5512
-8800
-11640
-13205
-13180
-11444
-7640
-2098
3336
7135
9256
9855
8454
4780
-491
-6387
-12089
-16682
-19403
-19925
-18219
-14581
-9703
-4495
275
3907
6063
7146
7688
7919
8105
8698
9874
11297
12685
14210
15665
16486
16803
17349
18025
17674
16167
15006
14578
13475
11225
9060
7544
5507
2141
-2139
-6933
-11950
-16167
-18566
-19084
-18028
-15403
-11464
-7197
-3573
-1230
-607
-1889
-4696
-8051
-10958
-12780
-13301
-12207
-8996
-4162
637
4178
6483
7544
6506
3027
-1808
-6886
-11953
-16386
-18909
-18940
-16967
-13520
-8952
-3995
547
4260
6918
8461
9066
9057
8822
8930
9788
11119
12480
13902
15308
16120
16300
16700
17333
17036
15646
14517
14120
13228
11282
9335
7913
6064
3027
-918
-5481
-10570
-15325
-18347
-19105
-18100
-15720
-12093
-7751
-3880
-1627
-1360
-2815
-5626
-9095
-12070
-13759
-14235
-13302
-10059
-4727
730
4761
7464
8964
8337
5147
384
-4910
-10233
-14813
-17492
-17779
-16158
-13230
-9297
-4842
-718
2459
4657
6166
7120
7605
7961
8585
9596
10910
12516
14291
15803
16675
17185
17915
18498
17908
16329
15170
14628
13502
11428
9361
7550
5239
2216
-1401
-5961
-11256
-15694
-18063
-18683
-18112
-16159
-12630
-8211
-4187
-1685
-1209
-2516
-5007
-8026
-10784
-12688
-13579
-12917
-10028
-5452
-816
2838
5749
7614
7267
4470
176
-4718
-9653
-13821
-16368
-16992
-15789
-12943
-8971
-4629
-512
2970
5390
6651
7246
7615
7875
8339
9474
11213
13001
14637
16227
17409
18027
18693
19365
18932
17288
15820
14898
13290
10717
8302
6274
3855
804
-2830
-7365
-12426
-16465
-18523
-19049
-18435
-16320
-12742
-8637
-5116
-2852
-2196
-3300
-5842
-8933
-11520
-13165
-14011
-13390
-10315
-5460
-606
3405
6600
8265
7520
4828
945
-3999
-9338
-13656
-16076
-16592
-15197
-12018
-7817
-3274
1148
4666
6655
7455
7918
8209
8270
8664
9835
11546
13433
15425
17240
18322
18878
19665
20335
19687
17815
16090
14793
12741
9729
7010
4922
2577
-472
-4116
-8491
-13211
-16914
-18762
-19201
-18566
-16353
-12496
-8077
-4537
-2628
-2403
-3680
-6197
-9394
-12299
-14251
-14969
-13915
-10811
-6407
-2033
1722
4784
6538
6165
3719
-123
-4735
-9346
-13080
-15232
-15427
-13526
-9945
-5704
-1641
1889
4610
6277
7030
7374
7661
8105
9101
10720
12406
13831
15354
17002
18080
18614
19396
20054
19284
17379
15867
14651
12429
9523
7399
5822
3493
267
-3416
-7724
-12349
-15941
-17723
-18210
-17736
-15824
-12374
-8437
-5368
-3671
-3184
-3941
-6216
-9457
-12290
-13938
-14370
-13143
-9967
-5709
-1638
1916
4789
6030
5140
2700
-764
-5124
-9624
-13078
-14892
-14901
-12955
-9470
-5453
-1626
1766
4362
5763
6187
6274
6475
6977
7900
9299
11171
13381
15577
17312
18451
19423
20422
20745
19733
17904
16177
14584
12476
9807
7145
4774
2497
-227
-3917
-8451
-12689
-15531
-16942
-17417
-16908
-14900
-11443
-7589
-4563
-3050
-3025
-4255
-6436
-8982
-11455
-13467
-14184
-12721
-9428
-5593
-1842
1887
4819
5833
4849
2428
-1219
-5683
-9837
-12728
-14100
-13879
-11951
-8699
-4925
-1393
1496
3548
4766
5302
5351
5301
5590
6498
8022
9991
12229
14525
16607
18434
20097
21229
21136
19853
18183
16492
14443
11876
9257
6935
4802
2463
-686
-4836
-9265
-12953
-15535
-17158
-17721
-16781
-14151
-10377
-6720
-4249
-3149
-3200
-4404
-6639
-9130
-11174
-12478
-12420
-10449
-7163
-3695
-320
3014
5401
5768
4148
993
-3237
-7656
-11291
-13699
-14618
-13639
-11006
-7590
-3938
-373
2554
4440
5413
5684
5420
5229
5748
6862
8347
10481
13260
16029
18334
20442
22272
22968
22096
20318
18263
15829
12743
9451
6669
4429
2206
-539
-3944
-7799
-11531
-14419
-16164
-16971
-16846
-15379
-12472
-9022
-6262
-4651
-4075
-4658
-6406
-8496
-10193
-11646
-12661
-12079
-9614
-6519
-3538
-432
2403
3830
3376
1365
-1922
-5851
-9275
-11609
-12736
-12296
-10233
-7204
-3740
72
3562
5767
6654
6707
6107
5193
4833
5521
6975
9139
12118
15188
17624
19949
22602
24464
24295
22616
20483
17744
14119
10271
7018
4424
2263
174
-2554
-6256
-10153
-13266
-15361
-16690
-17203
-16495
-14358
-11162
-8061
-6104
-5311
-5298
-6092
-7646
-9428
-10921
-11934
-11833
-10083
-7458
-5003
-2621
68
2313
2871
1487
-1320
-4839
-8225
-10904
-12572
-12786
-11086
-7947
-4288
-508
3014
5539
6756
7131
6742
5466
4226
4259
5509
7276
9720
13074
16566
19658
22525
24605
24792
23276
21189
18667
15252
11424
8168
5694
3731
1925
-366
-3434
-6759
-9784
-12498
-14764
-16063
-16199
-15205
-12975
-10034
-7556
-6121
-5382
-5328
-6257
-7830
-9540
-11186
-12201
-11776
-10055
-7988
-5847
-3386
-1081
302
464
-659
-2929
-5787
-8581
-10822
-11926
-11351
-9378
-6558
-2953
1163
4636
6581
7395
7535
6838
5620
4853
5092
6151
7989
10666
13639
16451
19352
22300
24177
24096
22691
20793
18129
14553
11031
8362
6163
3932
1588
-1187
-4721
-8464
-11568
-13886
-15561
-16308
-15784
-14010
-11319
-8541
-6557
-5511
-5113
-5500
-6778
-8480
-10120
-11473
-11848
-10670
-8646
-6784
-4893
-2600
-659
-118
-1046
-2974
-5453
-7913
-10019
-11549
-12008
-10861
-8300
-4782
-718
3109
5671
7027
7767
7635
6310
4751
4271
4800
6081
8429
11847
15378
18818
22312
25003
25516
24298
22683
20409
16728
12345
8750
5853
3300
940
-1323
-4097
-6990
-9463
-11650
-13773
-15190
-15254
-13996
-11722
-9299
-7463
-6432
-5595
-5534
-6482
-8022
-9334
-10439
-10950
-10399
-9025
-7679
-6356
-4498
-2694
-1684
-1932
-3151
-5161
-7292
-9322
-10859
-11374
-10235
-7932
-5072
-1528
2480
5775
7456
8076
7933
6898
5319
4416
4436
5175
6806
9685
13015
16019
19167
22362
24187
23777
22374
20603
17782
13729
10028
7412
5291
3132
828
-1833
-4947
-7820
-10179
-12178
-13913
-14787
-14619
-13337
-11281
-9044
-7327
-6292
-5909
-6246
-7050
-7973
-8819
-9432
-9157
-7982
-6572
-5528
-4480
-3306
-2352
-2052
-2663
-4333
-6590
-8591
-10120
-11240
-11445
-9962
-7213
-3937
-475
2841
5313
6726
7311
6900
5515
4267
4137
4788
6018
8283
11580
14863
17929
21115
23631
24135
23086
21711
19747
16481
12566
9311
6649
4197
1862
-581
-3623
-6736
-9209
-11171
-13109
-14502
-14516
-13184
-11218
-9310
-7722
-6599
-5933
-5902
-6456
-7313
-8216
-9136
-9384
-8549
-7191
-6229
-5543
-4551
-3507
-3068
-3500
-4739
-6603
-8503
-10174
-11580
-12232
-11286
-8826
-5576
-2011
1645
4755
6779
7760
7746
6840
5742
5385
5696
6379
7833
10495
13612
16324
19023
21884
23628
23312
22017
20565
18245
14567
10946
8420
6339
3890
1092
-1879
-5176
-8316
-10777
-12485
-13710
-14168
-13602
-11924
-9798
-7883
-6461
-5486
-5253
-6067
-7237
-8338
-9581
-10935
-11010
-9645
-8021
-6924
-5576
-4007
-3232
-3513
-4504
-6069
-8052
-9708
-10924
-11595
-11308
-9540
-7019
-4130
-802
2657
5293
6791
7464
7242
6393
5738
5973
6822
8219
10217
12960
15656
18041
20315
22366
23165
22442
21161
19481
16703
13056
10074
7748
5518
3119
805
-2080
-5337
-8180
-10351
-12327
-13734
-13936
-13164
-11578
-9598
-7676
-6556
-5912
-5861
-6463
-7528
-8394
-9321
-9945
-9482
-8186
-7088
-6439
-5462
-4592
-4405
-4885
-5779
-7421
-9208
-10613
-11614
-12108
-11248
-8900
-6034
-2911
543
3684
5618
6510
6774
6451
5703
5365
5890
6985
8450
10448
13083
15802
18213
20332
21780
21773
20655
19443
17921
15246
12084
9839
7991
5667
3017
370
-2843
-6301
-9107
-11124
-12796
-13655
-13103
-11484
-9377
-7387
-5823
-4960
-4668
-5404
-6793
-8163
-9316
-10452
-10689
-9465
-7704
-6275
-4812
-3132
-2328
-2546
-3490
-5027
-7272
-9371
-11045
-12336
-12690
-11363
-8791
-5824
-2387
1208
4057
5619
6335
6291
5703
5063
5132
5885
7191
9014
11390
14062
16502
18761
20812
22125
21830
20690
19327
17342
14186
11033
8789
6714
4148
1497
-1119
-4294
-7585
-10299
-12137
-13442
-13785
-12892
-10910
-8648
-6827
-5750
-5134
-5173
-6253
-7857
-9246
-10320
-11148
-10806
-9087
-7030
-5404
-3618
-1981
-1383
-2246
-4009
-6206
-8634
-10779
-12341
-13141
-12661
-10660
-7721
-4334
-856
2477
5106
6598
7022
6546
5709
5247
5583
6717
8419
10529
13110
15750
17883
19689
21133
21836
21062
19579
18108
16157
13171
10256
8310
6590
4246
1564
-1047
-4313
-7675
-10304
-11899
-13131
-13512
-12532
-10432
-8410
-6863
-5729
-5174
-5483
-6790
-8345
-9846
-11087
-11829
-11153
-9365
-7383
-5750
-3896
-2139
-1472
-2211
-3906
-6012
-8337
-10455
-12134
-12926
-12507
-10541
-7576
-4288
-1208
1615
3942
5255
5569
5410
5400
5629
6362
7662
9493
11494
13760
15975
17907
19616
21025
21555
20860
19656
18243
16332
13659
11116
8907
6728
4116
1105
-2255
-5779
-8898
-11245
-12757
-13652
-13427
-11949
-9382
-6783
-4873
-3965
-3829
-4580
-6409
-8812
-10974
-12309
-12650
-11509
-9254
-6707
-4588
-2585
-925
-402
-1587
-3979
-6601
-9038
-11324
-13316
-14101
-13172
-10685
-7533
-4107
-762
2148
4131
5055
5196
4910
4693
4948
6037
7612
9620
11983
14508
16378
17863
19563
21062
21037
19711
18599
17499
15414
12337
9973
8206
6428
4061
1438
-1967
-5704
-8695
-10463
-11707
-12702
-12319
-10486
-7846
-5876
-4605
-4246
-4294
-5190
-6797
-9085
-11187
-12435
-12252
-10561
-8243
-5878
-3894
-1803
-346
-104
-1816
-4457
-7324
-9751
-11986
-13718
-14167
-12941
-10304
-7231
-3925
-996
1508
3135
4206
4473
4341
4317
5080
6544
8241
10226
12380
14664
16300
17613
18783
19824
19798
18880
17891
16950
15288
12821
10714
8940
7020
4406
1449
-2125
-5827
-8979
-11144
-12502
-12907
-11931
-9927
-7335
-5001
-3427
-3187
-3776
-5149
-7255
-9833
-11893
-12902
-12729
-11227
-8665
-5767
-3250
-1021
434
533
-1201
-3937
-6903
-9670
-12330
-14234
-14470
-13007
-10646
-7859
-4456
-1027
1641
3228
4278
4756
4908
5201
6019
7185
8649
10712
13089
15038
16124
17187
18615
19660
19311
18251
17474
16690
15000
12644
10519
8474
6359
4192
1705
-1899
-5914
-9016
-10973
-12477
-13194
-12244
-9972
-7421
-5236
-3705
-3434
-4277
-5773
-7527
-9657
-11728
-12963
-12670
-10851
-8180
-5431
-2979
-798
686
820
-836
-3630
-6710
-9430
-11832
-13688
-14162
-12884
-10422
-7495
-4381
-1424
955
2538
3528
3816
3827
4393
5851
7671
9347
11186
13515
15605
16701
17501
18721
19822
19510
18345
17373
16221
14148
11780
9924
8159
6079
3738
988
-2777
-6591
-9417
-11346
-12799
-13172
-11824
-9368
-6703
-4248
-2658
-2665
-3897
-5835
-8017
-10316
-12177
-12934
-12211
-10150
-7423
-4774
-2352
-237
919
582
-1410
-4315
-7362
-10243
-12835
-14600
-14687
-12991
-10464
-7596
-4366
-1144
1452
3078
4048
4583
4834
5285
6291
7690
9402
11461
13777
15801
17107
18321
19671
20434
19869
18698
17658
16226
13964
11631
9850
7967
5773
3372
539
-3209
-6827
-9330
-10963
-12295
-12603
-11257
-8998
-6683
-4841
-3770
-3949
-4962
-6655
-8747
-10970
-12427
-12707
-11763
-9829
-7331
-4848
-2772
-1152
-465
-965
-2988
-5832
-8892
-11489
-13547
-14601
-14245
-12502
-9900
-6871
-3558
-449
2049
3654
4586
4835
4865
5167
6327
8061
10138
12402
14733
16625
18152
19879
21383
21615
20579
19489
18211
15992
12970
10412
8310
6261
4107
1792
-1244
-4638
-7271
-8965
-10349
-11366
-11090
-9563
-7458
-5625
-4468
-4423
-5071
-6125
-7541
-9535
-11519
-12575
-12164
-10633
-8774
-6770
-4483
-2077
-643
-669
-2116
-4350
-7125
-9794
-12096
-13759
-14302
-13243
-10916
-8249
-5326
-2229
536
2248
3446
4294
4775
4945
5781
7307
8945
10688
12900
15295
17030
18585
20109
21109
20676
19640
18307
16528
13975
11413
9279
7306
5418
3335
792
-2503
-5528
-8002
-9823
-11245
-11547
-10723
-8962
-6855
-4967
-3968
-4008
-4482
-5579
-7319
-9476
-11021
-11649
-11114
-9679
-7750
-5947
-4166
-2299
-1050
-1285
-3038
-5235
-7366
-9502
-11813
-13451
-13610
-12264
-10097
-7447
-4468
-1523
860
2636
3901
4359
4314
4652
5872
7335
8868
10930
13518
15468
17067
19026
20749
20863
19914
19146
17955
15424
12368
10171
8260
6402
4577
2742
-255
-3639
-6298
-8208
-10097
-11380
-11124
-9748
-7966
-6357
-5011
-4596
-4578
-5031
-6036
-7992
-9987
-11161
-11048
-10055
-8700
-7088
-5177
-3028
-1596
-1306
-2324
-4034
-6185
-8335
-10597
-12537
-13386
-12562
-10704
-8604
-5984
-2798
100
1915
3180
4197
4685
4745
5429
6681
8083
9714
12019
14480
16669
18943
21155
22130
21504
20426
19080
16843
13604
10651
8396
6421
4258
1846
-994
-3931
-6424
-8387
-10012
-11095
-11000
-9929
-8345
-6797
-5580
-5000
-4911
-5152
-5895
-7294
-8868
-10051
-10394
-9739
-8543
-7222
-5861
-4290
-2917
-2515
-3175
-4541
-6207
-7906
-9564
-11191
-12351
-12173
-10519
-8205
-5679
-2810
23
2148
3456
4248
4416
4198
4466
5466
6781
8310
10474
13127
15658
18038
20174
21365
21304
20582
19423
17332
14355
11601
9453
7421
5315
3274
1044
-1795
-4665
-6853
-8521
-9933
-10587
-10078
-8777
-7399
-6169
-5322
-5148
-5496
-6113
-7038
-8351
-9519
-9915
-9588
-8930
-7999
-6742
-5301
-3980
-3037
-2878
-3738
-5259
-6977
-8735
-10416
-11540
-11585
-10646
-9105
-7044
-4500
-1894
221
1804
3039
3729
3810
3917
4682
6021
7647
9655
12060
14407
16589
18725
20400
20894
20378
19568
18316
16056
13249
10883
8955
6952
4616
2041
-985
-4184
-6823
-8631
-9947
-10710
-10490
-9277
-7502
-5871
-4642
-4035
-3797
-3948
-4805
-6398
-8064
-9242
-9653
-9240
-8183
-6853
-5691
-4458
-3279
-2720
-3337
-4730
-6285
-7815
-9558
-11124
-11913
-11533
-10029
-7868
-5266
-2725
-526
1187
2435
3028
3079
2965
3561
4756
6222
8034
10333
12841
15088
17291
19299
20294
19943
19284
18400
16787
14160
11638
9607
7728
5701
3371
440
-2807
-5508
-7594
-9436
-10948
-11027
-9957
-8424
-6914
-5319
-4130
-3676
-3821
-4223
-5193
-6738
-8102
-8777
-8692
-8143
-7123
-6003
-4934
-3881
-2790
-2494
-3471
-5169
-6674
-8168
-9985
-11402
-11498
-10256
-8398
-6099
-3491
-1060
563
1692
2496
2804
2661
2837
3814
5077
6505
8522
11218
13629
15694
17686
19371
19654
18848
17863
16599
14520
12052
10173
8533
6840
4888
2784
-110
-3241
-5907
-7840
-9485
-10566
-10507
-9460
-7795
-6022
-4358
-3539
-3265
-3471
-4042
-5405
-7025
-8307
-8889
-8761
-7979
-6816
-5686
-4438
-3244
-2403
-2623
-3696
-5414
-7245
-9101
-10558
-11433
-11285
-9905
-7636
-5010
-2568
-477
1043
2174
2766
2822
2576
2969
3951
5142
6439
8555
11342
14238
16938
19141
20239
20126
19479
18169
16002
13281
11031
8911
6775
4516
2219
-656
-3489
-5618
-7283
-8895
-10000
-9832
-8968
-7743
-6374
-4757
-3722
-3214
-3230
-3601
-4628
-5837
-6706
-7118
-7248
-7154
-6404
-5398
-4507
-4139
-3792
-3800
-4512
-5980
-7395
-8701
-9970
-10644
-10138
-8665
-7042
-4947
-2477
-174
1135
2007
2526
2540
2134
2320
3471
4902
6594
8783
11513
13599
15130
16345
17308
17149
16292
15435
14446
12785
10724
9238
7967
6730
5170
3503
923
-2127
-4999
-7214
-9284
-10908
-11173
-10104
-8366
-6681
-4777
-3251
-2285
-2168
-2475
-3645
-5394
-7147
-8212
-8573
-8389
-7534
-6368
-4949
-3665
-2566
-2350
-2856
-3862
-5164
-6892
-8638
-9576
-9453
-8471
-7033
-5057
-2941
-1005
348
1245
1666
1692
1652
2064
3153
4591
6372
8572
11086
13170
14901
16252
16914
16410
15538
14895
13860
11952
10013
8987
8083
6759
5034
3362
1169
-1357
-3947
-6338
-8566
-9935
-10014
-9193
-7875
-6248
-4293
-2777
-1854
-1856
-2525
-3988
-5655
-7168
-8115
-8508
-8246
-7222
-5763
-4254
-3230
-2556
-2565
-3181
-4428
-5847
-7434
-8908
-9727
-9550
-8633
-7342
-5497
-3385
-1519
-396
437
1006
1229
1353
2031
3343
4868
6724
9093
11643
13474
14815
15952
16781
16563
15646
14614
13399
11755
10031
8890
7801
6499
4940
3453
1312
-1467
-4334
-6686
-8559
-9853
-9984
-9051
-7412
-5637
-3641
-2046
-1201
-1421
-2301
-3750
-5467
-7072
-8229
-8648
-8434
-7438
-6023
-4355
-3100
-2334
-2260
-2831
-4040
-5586
-7207
-8540
-9162
-9023
-8182
-7004
-5325
-3462
-1747
-570
325
961
1233
1473
2221
3580
5054
6752
8881
11205
12774
13705
14450
14922
14562
13497
12519
11563
10291
8856
7924
7152
6145
4839
3587
1875
-687
-3437
-5653
-7222
-8483
-8890
-8134
-6538
-4916
-3326
-1954
-1118
-1255
-2087
-3340
-4910
-6432
-7528
-7803
-7470
-6567
-5223
-3721
-2637
-1975
-1802
-2081
-3068
-4555
-6105
-7425
-8259
-8490
-8047
-7206
-6085
-4806
-3512
-2528
-1673
-916
-129
739
2033
3816
5695
7609
9616
11609
12993
13753
14235
14481
14067
13136
12177
11387
10458
9252
8156
7184
6251
4969
3186
917
-1591
-4034
-6162
-7858
-8863
-8880
-7920
-6249
-4470
-2847
-1645
-1015
-1207
-2123
-3416
-4817
-6196
-7248
-7504
-6904
-5874
-4780
-3526
-2384
-1865
-2289
-3263
-4367
-5626
-7073
-8278
-8766
-8580
-7979
-7035
-5636
-4038
-2614
-1530
-691
-90
407
1144
2391
3993
5647
7456
9500
11421
12737
13531
14071
14190
13475
12220
11092
10116
8982
7910
7312
6966
6290
5203
3991
2466
375
-1937
-3866
-5361
-6525
-7106
-6792
-5797
-4654
-3565
-2704
-2299
-2588
-3461
-4626
-5846
-6901
-7469
-7394
-6786
-5830
-4611
-3390
-2680
-2644
-3034
-3652
-4671
-5964
-7026
-7562
-7760
-7750
-7350
-6543
-5552
-4496
-3375
-2334
-1542
-846
26
1102
2365
3947
5916
8029
9954
11502
12516
13000
13177
13065
12558
11646
10784
10242
9732
9029
8323
7807
7145
6062
4580
2820
651
-1647
-3616
-5075
-6182
-6708
-6260
-5041
-3727
-2858
-2392
-2339
-2780
-3785
-5095
-6397
-7381
-7863
-7724
-7090
-6056
-4731
-3348
-2361
-2198
-2708
-3561
-4594
-5877
-7157
-8124
-8657
-8815
-8519
-7749
-6692
-5481
-4114
-2768
-1753
-961
-13
1278
2790
4498
6353
8160
9715
11012
11985
12377
12198
11794
11326
10632
9718
9030
8842
8791
8564
8294
8010
7386
6162
4530
2617
326
-2038
-3950
-5226
-6000
-6120
-5386
-4151
-3052
-2383
-2104
-2276
-3067
-4351
-5748
-6973
-7823
-8157
-7898
-7032
-5655
-3959
-2386
-1441
-1261
-1701
-2737
-4411
-6314
-7765
-8527
-8859
-8789
-8122
-6945
-5625
-4365
-3100
-1793
-537
545
1358
2046
2989
4322
5799
7136
8481
9997
11243
11648
11284
10755
10309
9640
8710
8097
8001
8007
7852
7715
7622
7082
6010
4796
3448
1569
-654
-2585
-4006
-5140
-5899
-5964
-5505
-4927
-4331
-3782
-3690
-4181
-4828
-5341
-5911
-6539
-6851
-6566
-5906
-5184
-4405
-3580
-2801
-2274
-2244
-2742
-3681
-4909
-6263
-7610
-8654
-9138
-9010
-8343
-7280
-5958
-4401
-2666
-909
818
2565
4263
5751
7027
8141
9017
9538
9858
10228
10405
10213
10002
10036
10046
9742
9553
9754
9848
9376
8673
7985
6741
4840
2946
1342
-411
-2306
-3637
-4342
-4982
-5486
-5382
-4856
-4516
-4363
-4091
-4083
-4691
-5531
-6097
-6507
-6996
-7116
-6494
-5562
-4759
-4029
-3258
-2819
-3014
-3569
-4262
-5326
-6706
-7809
-8395
-8717
-8845
-8312
-7079
-5672
-4253
-2601
-818
754
2219
3856
5430
6610
7584
8583
9380
9654
9682
9737
9641
9227
8764
8600
8579
8443
8454
8828
9168
9148
8885
8493
7576
6050
4432
2888
1019
-1142
-2954
-4225
-5300
-6169
-6413
-6080
-5631
-5252
-4921
-4873
-5280
-5848
-6197
-6476
-6818
-6883
-6483
-5846
-5299
-4798
-4158
-3618
-3507
-3795
-4374
-5212
-6283
-7287
-7939
-8273
-8263
-7672
-6541
-5252
-3945
-2337
-453
1248
2686
4138
5584
6635
7271
7864
8433
8791
9062
9427
9747
9782
9758
9964
10172
10172
10139
10245
10228
9758
9004
8201
7135
5655
3995
2325
510
-1451
-3188
-4428
-5340
-6039
-6347
-6293
-6195
-6206
-6156
-6112
-6312
-6700
-6977
-7071
-7143
-7082
-6656
-6014
-5430
-5014
-4732
-4628
-4914
-5487
-6118
-6765
-7489
-8102
-8293
-8115
-7682
-6841
-5422
-3758
-2202
-596
1212
2861
4079
5157
6286
7177
7647
8060
8605
8989
9183
9507
9969
10227
10256
10457
10795
10833
10584
10416
10296
9798
8921
8020
7026
5618
3885
2158
364
-1638
-3519
-4899
-5934
-6874
-7433
-7383
-7114
-7015
-6936
-6687
-6533
-6707
-6912
-6935
-6977
-7066
-6894
-6423
-6019
-5774
-5376
-4919
-4842
-5161
-5522
-5831
-6374
-7024
-7355
-7305
-6981
-6300
-5075
-3511
-1943
-216
1652
3310
4514
5418
6327
6958
7197
7388
7685
8078
8415
8799
9338
9765
10117
10550
10906
10964
10741
10527
10271
9561
8417
7191
5960
4528
2830
1081
-532
-2072
-3446
-4538
-5453
-6146
-6558
-6609
-6492
-6500
-6492
-6365
-6201
-6169
-6338
-6376
-6258
-6185
-6104
-6011
-5820
-5665
-5602
-5454
-5399
-5544
-5714
-5815
-5906
-6129
-6255
-6014
-5583
-4973
-4045
-2801
-1447
-90
1387
2822
3934
4836
5745
6562
7058
7386
7826
8219
8370
8486
8753
9005
9136
9332
9709
9951
9882
9761
9580
9025
8013
6812
5579
4072
2314
666
-850
-2381
-3841
-4978
-5770
-6459
-6923
-6957
-6737
-6505
-6287
-5980
-5705
-5735
-5922
-6088
-6280
-6511
-6654
-6482
-6102
-5751
-5317
-4768
-4387
-4326
-4459
-4600
-4883
-5356
-5652
-5555
-5216
-4679
-3741
-2404
-959
452
1956
3470
4681
5541
6258
6843
7130
7190
7305
7561
7791
8064
8634
9336
9866
10265
10656
10852
10584
9993
9299
8358
7007
5546
4156
2652
956
-679
-2071
-3427
-4768
-5813
-6490
-6969
-7285
-7278
-7011
-6742
-6523
-6276
-6069
-6072
-6228
-6377
-6540
-6724
-6795
-6605
-6245
-5838
-5367
-4837
-4412
-4238
-4200
-4216
-4392
-4651
-4736
-4540
-4137
-3495
-2451
-1103
283
1675
3131
4497
5536
6298
6965
7450
7675
7795
8008
8266
8405
8604
8971
9310
9480
9526
9562
9436
8971
8351
7711
6907
5848
4688
3572
2326
850
-679
-2128
-3591
-5055
-6268
-7112
-7697
-8053
-8028
-7673
-7252
-6890
-6490
-6149
-6081
-6212
-6390
-6605
-6862
-7033
-6920
-6581
-6145
-5552
-4818
-4099
-3563
-3199
-2958
-2913
-3043
-3162
-3123
-2933
-2576
-1879
-855
325
1569
2883
4179
5247
6062
6740
7311
7691
7950
8258
8630
8928
9172
9448
9673
9732
9621
9417
9092
8548
7860
7135
6324
5377
4325
3226
2027
643
-846
-2340
-3821
-5266
-6479
-7337
-7901
-8180
-8102
-7699
-7204
-6746
-6317
-5980
-5870
-6020
-6245
-6451
-6700
-6891
-6857
-6569
-6183
-5785
-5285
-4754
-4367
-4190
-4120
-4059
-4034
-3979
-3742
-3251
-2467
-1402
-95
1324
2724
4106
5328
6228
6833
7293
7662
7895
8078
8372
8792
9292
9848
10372
10748
11009
11110
10829
10044
9011
8008
6806
5264
3721
2462
1219
-274
-1790
-3054
-4239
-5414
-6316
-6844
-7181
-7345
-7132
-6771
-6569
-6529
-6472
-6566
-7015
-7581
-7900
-7971
-7950
-7669
-6943
-5972
-5059
-4230
-3444
-2870
-2733
-2902
-3219
-3729
-4326
-4677
-4605
-4201
-3405
-1982
-87
1855
3706
5522
7104
8092
8560
8759
8716
8397
8044
7918
7926
8004
8287
8731
9003
8962
8789
8462
7706
6580
5476
4574
3651
2652
1827
1165
410
-536
-1515
-2502
-3564
-4587
-5401
-6035
-6600
-6964
-7005
-6936
-6948
-6879
-6641
-6445
-6517
-6639
-6634
-6692
-6852
-6895
-6621
-6082
-5443
-4633
-3637
-2727
-2013
-1539
-1322
-1415
-1756
-2058
-2208
-2176
-1817
-985
224
1540
2894
4318
5641
6601
7197
7660
8030
8136
8055
7997
7990
7918
7756
7660
7588
7382
7127
6929
6644
6110
5446
4794
3925
2682
1391
328
-691
-1872
-2929
-3658
-4324
-5109
-5782
-6133
-6350
-6525
-6404
-6054
-5831
-5794
-5747
-5668
-5825
-6166
-6305
-6224
-6118
-5927
-5458
-4769
-4092
-3452
-2752
-2153
-1833
-1680
-1562
-1548
-1651
-1646
-1376
-950
-428
327
1333
2407
3392
4348
5312
6156
6812
7342
7815
8172
8385
8491
8455
8240
7860
7394
6862
6265
5657
5088
4574
4037
3411
2718
2040
1341
545
-322
-1164
-1984
-2883
-3834
-4719
-5496
-6158
-6667
-6951
-6980
-6896
-6734
-6504
-6359
-6323
-6357
-6375
-6323
-6245
-6048
-5687
-5271
-4823
-4349
-3834
-3299
-2768
-2149
-1544
-1048
-610
-228
154
493
837
1342
1877
2374
2908
3490
4159
4844
5623
6587
7534
8368
9045
9489
9643
9386
8818
8145
7330
6474
5715
5068
4569
4140
3765
3453
3037
2500
1855
1052
101
-1036
-2241
-3410
-4542
-5523
-6292
-6819
-7116
-7282
-7315
-7282
-7281
-7308
-7369
-7415
-7446
-7422
-7238
-6924
-6481
-5934
-5308
-4597
-3903
-3278
-2697
-2206
-1819
-1543
-1345
-1128
-861
-524
-33
607
1369
2210
3092
3986
4820
5591
6289
6947
7540
8020
8413
8716
8909
8970
8916
8794
8580
8247
7804
7241
6523
5665
4695
3678
2648
1630
683
-202
-1017
-1794
-2544
-3259
-3958
-4612
-5225
-5792
-6308
-6771
-7201
-7602
-7960
-8246
-8457
-8602
-8630
-8532
-8278
-7869
-7322
-6636
-5866
-5049
-4203
-3384
-2633
-1962
-1376
-859
-402
20
466
928
1402
1918
2512
3159
3836
4549
5284
6003
6665
7251
7737
8060
8249
8364
8382
8306
8160
7977
7796
7556
7221
6817
6283
5587
4726
3727
2632
1434
202
-967
-2019
-2931
-3660
-4154
-4481
-4748
-5018
-5324
-5718
-6265
-6921
-7573
-8173
-8687
-9055
-9215
-9148
-8895
-8432
-7714
-6810
-5834
-4820
-3800
-2881
-2190
-1710
-1341
-1089
-900
-617
-151
448
1124
1902
2750
3496
4143
4769
5343
5804
6144
6472
6758
6930
7041
7192
7356
7458
7561
7693
7726
7554
7204
6756
6122
5247
4288
3329
2311
1211
200
-645
-1425
-2130
-2633
-2958
-3280
-3634
-3971
-4351
-4887
-5563
-6212
-6825
-7455
-7988
-8301
-8415
-8423
-8274
-7876
-7355
-6822
-6215
-5498
-4760
-4126
-3497
-2780
-2082
-1428
-760
16
828
1568
2362
3195
3952
4539
4975
5313
5420
5297
5131
5005
4957
5029
5313
5802
6364
6879
7259
7473
7413
7084
6536
5839
5098
4273
3457
2696
1953
1276
590
-35
-629
-1233
-1738
-2260
-2748
-3221
-3734
-4215
-4784
-5342
-5853
-6364
-6779
-7143
-7381
-7503
-7549
-7438
-7241
-6939
-6558
-6106
-5561
-4976
-4309
-3602
-2877
-2155
-1469
-779
-136
478
1110
1762
2463
3176
3896
4567
5104
5477
5647
5645
5489
5232
5016
4863
4828
4921
5121
5404
5665
5850
5920
5839
5586
5158
4602
3963
3244
2482
1741
1039
357
-279
-818
-1291
-1752
-2167
-2538
-2931
-3372
-3841
-4283
-4708
-5106
-5415
-5628
-5780
-5925
-6029
-6100
-6209
-6311
-6336
-6246
-6009
-5616
-5033
-4299
-3462
-2557
-1661
-827
-93
551
1096
1531
1898
2243
2607
2991
3388
3799
4196
4527
4760
4903
4948
4897
4776
4631
4498
4390
4328
4312
4299
4273
4189
4050
3814
3459
3016
2503
1953
1384
864
427
54
-265
-518
-735
-972
-1284
-1675
-2142
-2698
-3305
-3887
-4388
-4805
-5083
-5193
-5163
-5039
-4865
-4683
-4543
-4460
-4437
-4437
-4444
-4383
-4207
-3888
-3406
-2780
-2018
-1189
-343
461
1179
1784
2249
2592
2824
2961
3053
3102
3139
3180
3235
3314
3376
3465
3539
3610
3678
3723
3787
3820
3820
3766
3641
3449
3155
2803
2402
1981
1593
1224
940
720
509
321
95
-157
-489
-907
-1358
-1872
-2355
-2806
-3183
-3425
-3570
-3604
-3581
-3540
-3512
-3548
-3637
-3807
-4020
-4212
-4349
-4369
-4264
-3965
-3493
-2875
-2161
-1463
-752
-115
458
951
1328
1672
1906
2103
2264
2364
2516
2648
2797
2931
2994
3044
2982
2870
2736
2581
2502
2426
2405
2418
2447
2484
2443
2363
2198
1982
1709
1368
1033
673
356
40
-247
-475
-705
-879
-1075
-1283
-1489
-1743
-1973
-2198
-2367
-2452
-2512
-2511
-2513
-2528
-2572
-2686
-2787
-2881
-2921
-2891
-2795
-2602
-2338
-2005
-1628
-1215
-791
-385
8
346
631
888
1125
1340
1532
1724
1910
2077
2221
2330
2406
2445
2418
2344
2248
2126
1996
1884
1814
1763
1724
1667
1567
1427
1219
968
702
443
237
74
-28
-72
-72
-55
-58
-85
-150
-253
-395
-591
-809
-1026
-1230
-1410
-1554
-1674
-1799
-1925
-2070
-2240
-2434
-2624
-2780
-2865
-2849
-2726
-2481
-2149
-1775
-1404
-1060
-756
-515
-311
-127
53
256
470
715
988
1273
1556
1813
2025
2163
2204
2132
1971
1759
1508
1294
1165
1124
1205
1367
1578
1807
2008
2145
2207
2180
2050
1856
1585
1270
956
644
391
190
50
-34
-111
-173
-244
-350
-492
-667
-859
-1069
-1289
-1524
-1761
-1987
-2203
-2377
-2497
-2550
-2532
-2451
-2333
-2199
-2087
-2006
-1952
-1914
-1866
-1805
-1703
-1546
-1341
-1086
-790
-462
-104
257
598
880
1099
1233
1265
1237
1187
1161
1170
1220
1306
1427
1560
1681
1777
1840
1876
1884
1871
1830
1740
1639
1541
1439
1376
1356
1375
1431
1453
1441
1385
1252
1064
828
592
387
201
38
-125
-299
-494
-728
-983
-1256
-1541
-1800
-2062
-2285
-2467
-2610
-2659
-2656
-2605
-2504
-2368
-2203
-2028
-1838
-1648
-1475
-1295
-1114
-946
-775
-602
-434
-264
-115
42
190
304
431
548
670
791
901
1030
1161
1290
1422
1542
1669
1775
1835
1892
1915
1928
1949
1956
1963
1955
1939
1917
1823
1681
1505
1285
1059
797
549
334
108
-88
-270
-453
-600
-766
-936
-1100
-1273
-1424
-1576
-1737
-1886
-2020
-2116
-2191
-2243
-2245
-2212
-2142
-2057
-1974
-1859
-1734
-1606
-1456
-1291
-1074
-830
-581
-327
-109
75
218
306
387
468
564
680
831
1013
1191
1345
1457
1548
1621
1681
1737
1821
1925
2003
2047
2039
1972
1884
1803
1762
1765
1792
1804
1758
1618
1376
1087
791
533
335
183
45
-143
-406
-743
-1137
-1537
-1879
-2129
-2275
-2312
-2301
-2255
-2219
-2206
-2206
-2253
-2280
-2271
-2226
-2140
-2025
-1886
-1750
-1626
-1505
-1348
-1136
-884
-600
-285
-2
201
306
325
303
269
288
410
619
922
1264
1605
1908
2135
2283
2373
2446
2498
2549
2582
2568
2497
2375
2207
2009
1809
1636
1521
1433
1354
1263
1134
958
723
443
134
-195
-504
-817
-1125
-1414
-1687
-1919
-2103
-2213
-2250
-2216
-2140
-2077
-2041
-2054
-2133
-2248
-2392
-2522
-2609
-2612
-2501
-2286
-1967
-1568
-1130
-693
-299
23
240
371
433
438
437
483
595
794
1076
1414
1786
2116
2361
2490
2493
2403
2227
2023
1849
1719
1666
1680
1751
1848
1937
1978
1955
1854
1661
1404
1080
728
384
48
-231
-455
-640
-778
-895
-1014
-1140
-1303
-1513
-1750
-1998
-2222
-2407
-2553
-2641
-2674
-2677
-2649
-2601
-2515
-2383
-2219
-2000
-1745
-1456
-1154
-865
-597
-396
-246
-144
-83
-20
62
193
392
658
993
1350
1704
2039
2293
2476
2559
2550
2496
2389
2288
2194
2130
2120
2121
2166
2240
2304
2329
2281
2157
1938
1630
1254
854
475
137
-140
-357
-528
-685
-832
-1010
-1232
-1481
-1754
-2022
-2302
-2584
-2823
-3029
-3185
-3271
-3296
-3202
-3040
-2857
-2654
-2479
-2328
-2216
-2122
-1991
-1809
-1590
-1322
-1020
-711
-393
-104
191
501
810
1122
1375
1609
1807
1948
2110
2240
2408
2586
2704
2832
2861
2866
2892
2873
2916
2937
2922
2888
2728
2534
2292
2011
1781
1522
1279
1035
726
419
60
-299
-591
-876
-1102
-1324
-1573
-1792
-2049
-2279
-2463
-2621
-2715
-2795
-2866
-2922
-2998
-3031
-3026
-2975
-2866
-2733
-2543
-2354
-2151
-1917
-1676
-1395
-1129
-875
-635
-426
-212
-17
204
472
739
1035
1317
1576
1804
1964
2102
2198
2305
2418
2509
2589
2619
2644
2632
2600
2594
2590
2564
2477
2325
2135
1905
1638
1355
1097
879
660
412
133
-152
-433
-713
-977
-1193
-1364
-1534
-1746
-2019
-2272
-2463
-2604
-2682
-2707
-2678
-2632
-2586
-2536
-2468
-2331
-2166
-1998
-1848
-1729
-1595
-1446
-1254
-1008
-713
-380
-82
166
384
606
854
1078
1274
1429
1531
1604
1637
1693
1807
1977
2166
2316
2431
2514
2548
2544
2491
2389
2244
2037
1796
1531
1298
1115
965
834
677
522
360
180
-2
-205
-421
-672
-979
-1317
-1672
-1998
-2238
-2394
-2450
-2425
-2381
-2319
-2253
-2199
-2160
-2150
-2147
-2145
-2147
-2103
-2011
-1851
-1631
-1384
-1096
-795
-471
-163
81
248
344
421
528
714
967
1234
1459
1611
1716
1837
2002
2179
2332
2395
2366
2299
2216
2145
2107
2071
2040
1990
1900
1789
1666
1527
1362
1165
936
685
398
104
-192
-456
-674
-851
-978
-1089
-1198
-1344
-1530
-1721
-1903
-2058
-2166
-2255
-2330
-2391
-2441
-2447
-2424
-2359
-2230
-2062
-1867
-1688
-1515
-1356
-1226
-1103
-966
-804
-608
-397
-201
7
226
449
662
882
1146
1411
1631
1774
1875
1975
2039
2052
2052
2095
2183
2231
2228
2224
2242
2258
2196
2071
1942
1815
1623
1354
1069
820
626
413
195
16
-122
-243
-431
-661
-876
-1079
-1307
-1561
-1771
-1916
-2011
-2090
-2161
-2185
-2158
-2117
-2100
-2113
-2105
-2074
-2051
-2022
-1952
-1826
-1653
-1465
-1259
-1036
-817
-603
-420
-235
-35
176
386
578
769
952
1144
1334
1523
1703
1848
1968
2037
2064
2068
2053
2039
2021
1993
1947
1868
1774
1668
1552
1432
1326
1213
1061
883
681
489
322
172
30
-103
-236
-385
-553
-746
-924
-1069
-1200
-1320
-1446
-1564
-1676
-1806
-1933
-2034
-2081
-2085
-2047
-1988
-1913
-1836
-1767
-1693
-1603
-1469
-1307
-1141
-976
-797
-614
-419
-185
69
332
557
760
947
1105
1244
1361
1483
1586
1658
1703
1711
1710
1704
1706
1724
1760
1794
1799
1763
1682
1562
1412
1272
1145
1019
871
681
445
208
26
-108
-165
-205
-269
-378
-566
-788
-1045
-1284
-1466
-1597
-1675
-1725
-1775
-1830
-1893
-1950
-1963
-1903
-1771
-1609
-1458
-1358
-1305
-1276
-1242
-1163
-1006
-747
-460
-178
46
200
336
451
592
766
946
1108
1204
1232
1223
1230
1293
1385
1505
1628
1695
1684
1627
1556
1491
1432
1374
1330
1267
1171
1044
895
766
647
541
449
351
247
128
-37
-220
-409
-578
-712
-851
-953
-1053
-1169
-1303
-1449
-1535
-1592
-1617
-1608
-1601
-1597
-1622
-1671
-1692
-1677
-1601
-1468
-1303
-1117
-956
-850
-750
-631
-465
-262
-50
183
370
497
567
622
727
881
1061
1247
1385
1492
1556
1545
1539
1562
1610
1673
1688
1670
1624
1525
1421
1315
1220
1160
1081
985
843
658
474
278
91
-83
-219
-321
-440
-589
-734
-882
-1046
-1202
-1328
-1397
-1449
-1501
-1552
-1598
-1622
-1650
-1675
-1680
-1665
-1604
-1518
-1412
-1288
-1183
-1079
-975
-858
-689
-483
-255
-41
150
324
471
600
750
903
1066
1229
1357
1453
1526
1568
1603
1628
1646
1657
1640
1586
1494
1407
1332
1261
1184
1083
969
841
697
553
420
299
184
54
-84
-216
-350
-480
-597
-711
-801
-881
-978
-1071
-1156
-1245
-1337
-1435
-1506
-1551
-1597
-1630
-1649
-1654
-1626
-1584
-1530
-1436
-1315
-1182
-1055
-934
-785
-633
-487
-323
-158
13
188
357
514
669
829
978
1123
1251
1374
1480
1560
1628
1679
1707
1723
1724
1705
1679
1651
1627
1592
1525
1444
1339
1221
1102
965
809
636
462
295
120
-58
-234
-382
-500
-615
-742
-873
-989
-1112
-1238
-1348
-1462
-1550
-1612
-1669
-1711
-1736
-1735
-1716
-1683
-1641
-1586
-1520
-1460
-1379
-1290
-1204
-1089
-968
-820
-644
-465
-281
-125
26
176
315
482
630
762
891
990
1110
1216
1305
1423
1503
1570
1623
1641
1677
1674
1654
1656
1625
1605
1550
1471
1400
1290
1182
1052
911
800
659
518
386
219
66
-110
-314
-473
-650
-799
-935
-1099
-1176
-1272
-1374
-1464
-1580
-1616
-1666
-1730
-1738
-1730
-1678
-1654
-1649
-1580
-1500
-1412
-1329
-1222
-1027
-835
-680
-557
-442
-282
-161
-50
146
378
594
714
767
848
921
1023
1159
1304
1457
1556
1563
1541
1529
1530
1553
1566
1596
1571
1463
1332
1184
1085
1006
898
799
676
528
368
202
77
-35
-151
-274
-421
-562
-691
-804
-884
-972
-1075
-1175
-1286
-1357
-1394
-1424
-1429
-1464
-1499
-1515
-1514
-1448
-1354
-1222
-1093
-1006
-929
-874
-798
-668
-492
-264
-53
108
224
298
361
451
602
791
980
1115
1180
1204
1188
1188
1225
1286
1358
1421
1445
1413
1342
1246
1149
1067
1023
981
921
811
674
524
356
203
57
-85
-204
-307
-416
-527
-664
-823
-979
-1120
-1221
-1279
-1291
-1278
-1285
-1327
-1397
-1473
-1519
-1518
-1438
-1293
-1128
-974
-876
-803
-755
-712
-617
-459
-231
20
245
423
536
612
669
740
866
1003
1144
1263
1372
1449
1456
1396
1295
1229
1227
1293
1383
1442
1401
1246
995
722
559
547
623
667
609
455
214
-64
-312
-469
-525
-540
-596
-666
-738
-835
-980
-1198
-1407
-1540
-1577
-1516
-1399
-1281
-1229
-1332
-1560
-1765
-1783
-1580
-1277
-987
-783
-687
-700
-732
-663
-430
-83
220
426
546
634
718
806
954
1140
1298
1398
1427
1456
1509
1530
1525
1480
1446
1438
1406
1370
1346
1317
1241
1071
876
722
618
567
527
483
376
172
-54
-228
-311
-348
-438
-585
-746
-912
-1009
-1042
-1049
-1039
-1137
-1311
-1513
-1644
-1610
-1514
-1385
-1285
-1266
-1280
-1344
-1386
-1338
-1237
-1078
-920
-765
-621
-538
-489
-459
-424
-316
-138
99
361
553
684
732
721
746
847
1038
1292
1505
1630
1650
1585
1534
1520
1573
1671
1724
1729
1665
1561
1460
1370
1301
1211
1069
923
779
668
573
444
297
109
-104
-303
-503
-665
-806
-935
-1028
-1133
-1233
-1351
-1482
-1588
-1681
-1740
-1767
-1791
-1786
-1751
-1704
-1630
-1583
-1544
-1497
-1437
-1308
-1127
-906
-680
-508
-378
-305
-229
-88
85
319
534
675
773
823
866
958
1081
1221
1330
1376
1375
1324
1274
1262
1252
1256
1262
1247
1233
1176
1079
969
826
711
623
571
558
534
463
340
146
-64
-245
-379
-427
-444
-472
-559
-708
-885
-1039
-1134
-1161
-1150
-1116
-1101
-1133
-1152
-1157
-1116
-1042
-959
-855
-753
-654
-576
-487
-356
-232
-130
-27
78
204
320
408
504
588
645
685
738
842
931
963
954
937
929
894
886
874
870
858
786
714
625
538
452
372
336
277
195
87
-5
-81
-187
-279
-364
-417
-496
-636
-744
-853
-930
-996
-1040
-1035
-1084
-1168
-1259
-1291
-1277
-1230
-1135
-1012
-884
-829
-784
-700
-592
-447
-300
-107
81
197
295
368
484
598
713
854
968
1061
1082
1101
1130
1123
1129
1150
1179
1193
1152
1087
1017
936
871
835
816
810
767
695
622
504
382
288
213
167
99
19
-74
-204
-326
-457
-576
-655
-726
-800
-896
-1016
-1129
-1227
-1292
-1326
-1349
-1356
-1368
-1397
-1421
-1409
-1343
-1242
-1128
-1015
-918
-836
-755
-658
-523
-352
-182
-13
138
269
387
491
617
741
849
954
1023
1081
1146
1202
1249
1288
1308
1303
1285
1262
1233
1198
1160
1121
1065
984
881
766
660
563
477
410
342
261
144
18
-114
-244
-344
-424
-497
-588
-703
-813
-932
-1034
-1111
-1163
-1183
-1222
-1266
-1302
-1341
-1346
-1323
-1272
-1186
-1092
-993
-923
-861
-765
-638
-484
-325
-178
-21
111
217
313
425
563
691
794
877
960
1034
1088
1124
1144
1165
1185
1172
1117
1053
1021
994
940
859
785
746
689
594
493
428
391
339
244
160
95
16
-93
-249
-376
-462
-518
-581
-675
-762
-837
-918
-994
-1065
-1111
-1121
-1143
-1156
-1151
-1125
-1051
-975
-930
-895
-860
-804
-736
-645
-522
-388
-264
-173
-119
-76
-3
88
200
327
449
584
682
753
810
855
905
939
985
1033
1071
1122
1156
1164
1136
1094
1037
971
929
877
834
770
693
608
506
419
332
235
129
21
-96
-206
-278
-331
-380
-433
-535
-674
-835
-978
-1067
-1094
-1083
-1069
-1081
-1150
-1241
-1320
-1349
-1300
-1188
-1062
-940
-851
-798
-747
-668
-547
-406
-244
-81
52
166
271
363
473
589
703
787
830
854
856
875
916
976
1017
1016
978
909
838
775
746
735
739
720
639
532
411
311
257
225
199
146
50
-64
-154
-187
-188
-207
-264
-345
-431
-502
-548
-583
-602
-614
-631
-640
-642
-650
-672
-700
-706
-689
-641
-584
-515
-445
-408
-375
-329
-254
-160
-91
-35
21
98
195
283
354
396
416
425
431
464
498
512
514
488
491
516
524
517
475
398
297
216
179
200
229
234
205
132
65
-3
-50
-77
-105
-128
-140
-140
-145
-151
-182
-236
-293
-366
-449
-498
-507
-489
-434
-394
-376
-376
-423
-460
-460
-409
-329
-260
-189
-149
-139
-121
-95
-55
-13
31
80
165
263
358
443
485
480
420
329
265
255
296
377
466
532
557
511
416
327
254
212
220
262
305
320
300
267
222
155
91
17
-59
-118
-163
-173
-158
-138
-127
-161
-244
-376
-533
-649
-706
-679
-586
-482
-392
-360
-373
-427
-488
-528
-535
-523
-481
-386
-282
-151
-24
41
33
-21
-73
-83
-20
108
260
388
452
443
409
362
345
394
471
517
523
502
475
473
518
585
633
622
542
428
313
240
228
266
313
322
278
187
83
-14
-84
-131
-165
-215
-281
-331
-379
-417
-441
-479
-521
-571
-627
-687
-729
-757
-762
-740
-718
-685
-649
-619
-588
-567
-544
-497
-427
-331
-247
-167
-107
-57
-3
42
120
215
323
432
507
541
558
574
593
617
650
691
731
774
823
855
857
816
742
672
626
622
659
691
695
643
529
389
237
125
64
35
27
5
-39
-114
-223
-323
-411
-485
-569
-662
-722
-749
-746
-701
-658
-637
-645
-702
-766
-807
-825
-797
-744
-670
-596
-555
-503
-475
-449
-434
-445
-432
-392
-324
-205
-74
45
128
162
171
154
148
183
251
360
456
533
581
576
563
534
512
521
534
552
546
530
544
547
545
558
547
507
417
314
254
221
230
262
271
259
194
92
-6
-83
-97
-84
-61
-37
-64
-141
-245
-331
-360
-336
-292
-258
-268
-309
-363
-411
-422
-393
-328
-279
-251
-272
-327
-348
-327
-261
-205
-165
-135
-133
-155
-178
-161
-98
-39
9
26
39
61
58
80
131
184
229
245
247
257
251
227
205
217
243
247
234
207
198
171
127
101
102
129
129
91
45
16
-17
-65
-101
-100
-84
-109
-143
-147
-140
-151
-192
-213
-197
-169
-161
-178
-169
-142
-131
-156
-177
-126
-48
-13
-16
-8
32
54
26
22
77
142
166
139
127
151
152
126
123
175
219
190
123
91
104
119
114
105
115
103
62
11
-6
7
11
4
-17
-28
-36
-59
-85
-100
-102
-108
-115
-123
-121
-119
-123
-114
-117
-121
-134
-141
-124
-113
-109
-97
-79
-67
-71
-73
-46
-7
7
15
34
62
76
78
89
112
130
129
122
121
126
123
131
142
149
144
112
93
91
91
101
108
108
89
55
30
6
6
20
27
28
5
-30
-61
-83
-91
-94
-108
-122
-142
-161
-170
-168
-163
-172
-172
-155
-147
-155
-164
-159
-138
-130
-138
-143
-127
-111
-111
-118
-110
-78
-53
-30
-27
-8
19
32
42
44
75
115
129
151
178
212
242
235
232
243
262
285
275
279
303
316
308
269
264
269
255
239
197
190
197
171
141
104
96
79
32
-13
-62
-81
-106
-137
-142
-160
-173
-216
-281
-343
-406
-436
-437
-405
-364
-331
-305
-343
-382
-436
-489
-468
-450
-366
-264
-183
-75
-81
-101
-154
-251
-255
-253
-158
-26
101
242
271
260
183
70
31
31
119
252
365
468
490
458
380
259
207
206
249
333
416
488
488
432
357
257
174
113
82
103
140
169
167
149
126
80
21
-31
-76
-104
-124
-130
-117
-115
-102
-116
-145
-156
-188
-217
-251
-273
-256
-221
-169
-137
-134
-142
-180
-208
-222
-230
-188
-123
-49
4
24
27
-17
-59
-81
-82
-53
-13
42
79
81
66
50
32
15
20
45
64
65
49
53
79
90
91
81
74
66
33
-14
-46
-29
18
51
73
86
72
19
-44
-86
-95
-72
-43
-12
20
47
24
-35
-77
-96
-90
-76
-45
4
43
49
30
-1
-26
-41
-53
-37
-7
36
75
88
87
77
55
31
10
26
62
91
116
127
139
130
103
74
66
74
76
67
71
89
81
56
15
12
28
22
8
-11
-17
-32
-60
-72
-79
-66
-63
-79
-97
-129
-152
-178
-182
-150
-118
-100
-108
-125
-147
-170
-179
-162
-132
-100
-75
-71
-69
-77
-93
-84
-60
-13
14
27
38
34
68
87
112
135
128
132
106
76
77
92
146
175
162
158
121
99
72
57
90
120
159
161
118
78
52
40
39
29
31
37
30
14
-21
-38
-39
-69
-98
-115
-121
-113
-127
-120
-97
-94
-96
-119
-137
-144
-148
-134
-120
-96
-50
-43
-30
-19
-21
0
-2
1
21
23
27
33
53
80
92
100
93
81
68
62
81
107
124
124
101
87
79
57
47
44
53
67
46
26
26
14
5
-2
2
17
9
-10
-36
-35
-20
-27
-41
-55
-61
-74
-98
-114
-94
-61
-57
-83
-110
-125
-137
-163
-168
-139
-106
-91
-106
-111
-102
-87
-87
-107
-108
-89
-64
-43
-15
23
56
52
20
7
13
37
65
95
147
184
188
165
133
133
139
137
143
153
174
188
189
186
177
174
166
142
119
108
104
96
88
93
85
49
23
-8
-35
-37
-48
-62
-80
-85
-96
-120
-141
-159
-165
-167
-172
-163
-140
-124
-131
-146
-153
-160
-171
-178
-179
-160
-127
-112
-86
-69
-70
-61
-64
-49
-28
-38
-40
-24
17
66
86
101
106
94
80
57
62
103
141
167
182
181
165
124
89
87
86
91
84
57
57
64
82
96
84
77
34
-31
-61
-76
-34
23
47
66
18
-63
-119
-161
-136
-89
-65
-41
-61
-94
-105
-112
-89
-82
-98
-101
-122
-122
-100
-73
-30
-10
-9
-17
-33
-35
-39
-23
18
47
80
96
92
87
72
62
68
88
116
135
131
134
127
115
112
98
89
68
43
35
37
45
50
49
44
5
-41
-68
-92
-85
-65
-36
-8
-21
-64
-117
-142
-150
-145
-110
-72
-47
-49
-74
-94
-106
-98
-74
-55
-39
-34
-31
-27
-14
-6
-7
-1
8
21
37
60
78
77
55
34
24
37
67
89
96
99
83
62
50
46
64
79
82
88
76
52
27
15
13
28
46
55
46
17
-14
-29
-27
-48
-65
-69
-66
-56
-42
-48
-59
-72
-105
-112
-98
-87
-81
-87
-93
-110
-120
-118
-101
-65
-44
-35
-48
-66
-69
-46
0
42
63
55
39
16
2
19
71
118
140
148
136
118
101
96
104
123
147
147
145
140
123
120
115
96
78
63
57
58
70
79
73
38
-14
-58
-90
-102
-94
-79
-60
-68
-102
-137
-163
-175
-179
-172
-156
-151
-146
-156
-167
-156
-134
-118
-113
-110
-113
-113
-106
-80
-39
-11
10
20
16
7
7
30
54
71
85
119
150
158
150
129
110
92
78
91
121
150
158
142
128
119
104
80
70
73
77
65
51
55
65
59
32
5
-3
-4
-16
-17
-7
10
5
-34
-70
-87
-97
-97
-90
-78
-59
-62
-80
-103
-113
-112
-122
-123
-123
-122
-123
-116
-100
-62
-39
-32
-44
-57
-58
-62
-52
-30
-6
23
42
37
44
36
20
13
12
31
40
45
56
52
70
85
84
88
78
73
77
81
84
86
91
92
89
70
53
25
4
-3
3
23
27
26
23
0
-19
-42
-68
-69
-70
-52
-22
-18
-7
-16
-29
-35
-54
-63
-69
-62
-47
-33
-22
-21
-17
-18
-30
-34
-38
-44
-30
-9
15
33
46
57
56
38
18
24
17
8
20
36
60
74
77
67
41
4
-29
-31
-22
-12
9
12
14
3
-18
-35
-40
-24
-17
-8
-9
-20
-24
-31
-33
-45
-57
-53
-56
-64
-58
-52
-42
-30
-17
-2
-14
-35
-55
-75
-66
-48
-13
34
62
67
51
40
25
21
30
30
54
70
67
61
36
36
48
58
100
119
126
111
64
39
0
3
9
9
38
31
46
44
34
33
3
12
-4
-14
-12
-43
-41
-65
-66
-64
-76
-63
-75
-61
-56
-75
-66
-84
-80
-73
-84
-62
-56
-48
-37
-46
-47
-54
-56
-51
-37
-9
-3
-4
-13
-16
-11
-15
6
24
44
64
64
74
68
55
53
53
70
88
97
102
79
53
38
39
38
38
58
63
56
39
19
-2
-19
-16
-3
11
21
13
-7
-24
-40
-35
-36
-16
21
25
6
-30
-53
-59
-63
-60
-49
-36
-18
-35
-61
-86
-98
-75
-69
-54
-27
-16
-19
-53
-74
-60
-36
-13
13
41
51
15
-18
-25
-5
18
14
32
59
50
20
-7
9
42
54
71
90
99
84
54
44
55
62
74
89
106
105
67
40
45
52
51
31
11
16
4
-19
-35
-31
-17
-42
-64
-69
-63
-42
-49
-46
-37
-63
-91
-113
-100
-56
-56
-53
-54
-85
-107
-136
-117
-67
-54
-41
-31
-25
-24
-50
-44
-19
3
27
33
51
55
38
23
17
41
67
73
88
92
86
78
54
38
38
38
41
50
48
52
39
22
11
5
15
18
21
25
14
6
-13
-33
-26
-9
7
-4
-24
-39
-51
-48
-34
-13
7
13
-2
-21
-45
-51
-44
-37
-14
3
17
18
8
3
-2
-5
10
24
24
24
21
25
22
7
-10
-24
-29
-15
1
15
14
-4
-16
-10
0
12
19
10
1
-10
-18
-24
-12
-2
-1
9
7
-1
-13
-23
-30
-26
-19
-14
-5
-6
-6
-14
-23
-13
-16
-11
3
6
14
15
0
-8
0
5
7
1
-6
-3
4
8
5
8
18
19
14
0
-4
7
14
26
33
41
40
29
12
10
28
47
52
29
7
-16
-33
-27
-10
8
7
-1
-8
-8
-11
-18
-19
-13
2
-7
-19
-19
-20
-9
-1
-3
2
0
-14
-31
-31
-17
-13
-19
-35
-39
-32
-19
-20
-12
7
11
0
-5
9
12
12
14
15
14
17
14
8
12
2
0
-4
3
19
25
37
33
28
18
5
1
6
16
25
26
24
19
15
5
-3
4
10
12
16
22
16
6
-10
-17
-18
-21
-19
-20
-25
-21
-30
-37
-26
-23
-19
-20
-22
-12
-7
-8
-12
-26
-27
-35
-43
-39
-35
-29
-20
-13
-4
-6
-5
-2
-14
-6
3
15
20
11
7
12
18
18
22
39
56
56
45
37
33
35
27
24
17
16
24
20
22
19
4
0
-7
0
11
14
22
13
5
-3
-9
-1
7
2
-4
-15
-17
-12
-16
-14
-15
-15
-14
-25
-21
-17
-23
-18
-27
-34
-27
-22
-9
-9
-10
-8
-13
-14
-14
-18
-7
-8
0
9
3
-4
-9
-12
-12
-14
-3
12
16
19
5
-1
2
5
2
12
28
33
26
14
14
11
3
-3
2
2
-1
-4
-8
-4
19
21
12
16
6
8
10
2
18
22
12
-1
-3
-7
-5
13
12
18
20
15
3
-12
-15
-20
-27
-29
-21
-14
-13
-6
-4
-3
-5
-7
-7
-8
2
2
0
-2
-13
-21
-26
-23
-7
6
9
10
10
8
10
14
15
14
11
1
-5
-17
-16
-9
-4
2
3
10
4
-3
-9
-11
0
-4
0
-1
4
10
0
-9
-17
-7
-5
-3
11
9
-4
-4
-4
-15
-23
-26
-14
-8
3
19
30
28
16
8
0
8
13
17
21
20
27
20
7
4
8
11
12
15
19
32
34
30
24
22
16
1
-2
-3
-6
2
7
13
3
-18
-36
-41
-40
-47
-44
-36
-26
-30
-35
-40
-39
-26
-22
-17
-21
-29
-19
-6
-5
-5
-3
-9
-18
-30
-44
-37
-9
6
21
35
29
17
6
-1
4
15
40
54
51
36
18
2
4
24
28
38
45
36
16
-3
-8
-7
12
21
22
27
7
-4
-6
-7
7
11
13
14
5
-3
-9
-13
-16
-15
-13
-19
-12
-16
-16
-12
-16
-15
-30
-45
-44
-39
-26
-13
-5
0
-9
-26
-21
-15
-8
3
9
14
7
-8
-21
-19
-10
-6
2
8
21
16
9
20
26
29
24
18
26
33
39
39
40
43
20
8
14
23
31
24
18
15
5
7
13
10
14
4
-12
-18
-17
-16
-21
-14
-13
-22
-29
-33
-30
-18
-19
-24
-22
-7
-7
-23
-22
-16
-17
-31
-31
-30
-20
-16
-15
-9
-9
-3
-10
-20
-13
-11
-24
-27
-31
-13
2
1
10
14
19
17
5
5
20
27
17
9
10
15
11
7
15
34
51
52
37
20
10
17
14
9
18
19
21
17
8
11
13
10
15
25
26
32
28
17
13
-6
-13
-12
-2
-2
-15
-20
-24
-29
-33
-25
-13
-3
2
-6
-11
-7
-15
-21
-28
-23
-9
-5
-8
-4
-7
-4
0
-11
-15
-22
-20
-16
-17
-14
-7
4
0
-16
-15
-14
-6
8
-1
-3
-7
-7
1
-10
-8
2
4
17
11
0
-2
-6
-8
-7
3
9
9
6
11
15
31
42
38
37
26
11
1
-5
4
-4
-3
9
11
21
12
2
4
4
10
11
2
2
0
-9
-4
-2
1
6
-3
1
-5
-5
2
-2
1
-11
-22
-19
-26
-27
-29
-24
-9
-5
3
7
11
13
-1
-15
-9
5
-2
-1
5
15
16
0
-9
-3
-3
-7
-8
-3
7
7
7
-5
-13
-10
-1
8
1
-2
1
2
1
-4
0
8
3
1
-2
8
17
0
0
-4
-11
-1
-1
-2
-2
-8
-6
-3
1
5
3
8
12
17
21
23
20
23
24
10
7
11
18
6
-8
-9
-5
-6
-16
-17
-10
3
6
-6
-16
-22
-24
-22
-21
-16
-13
-12
-23
-31
-31
-33
-29
-23
-19
-17
-12
-15
-19
-25
-16
-5
1
13
12
16
24
24
18
8
4
2
4
12
17
33
38
40
40
35
38
46
60
60
56
46
33
32
29
33
39
44
38
28
10
-8
-12
-2
3
6
3
0
-15
-42
-52
-42
-22
-27
-32
-38
-52
-58
-66
-65
-53
-47
-50
-64
-78
-64
-53
-48
-41
-32
-23
-27
-31
-30
-17
-14
-18
-26
-22
-9
-1
14
26
40
49
43
32
30
30
35
40
40
35
41
60
51
44
52
53
56
50
55
61
54
51
38
22
9
3
3
10
9
3
6
4
7
-5
-5
9
7
10
3
-5
-8
-18
-20
-15
-14
-16
-19
-24
-33
-50
-60
-58
-61
-51
-50
-49
-41
-52
-48
-45
-46
-28
-6
3
8
-2
-13
-23
-32
-25
-13
9
23
14
-2
-11
-15
-4
19
32
38
36
19
-5
-16
-15
-5
10
15
33
33
24
28
21
30
27
29
39
35
36
22
18
15
12
14
6
13
7
5
-1
-4
3
-1
10
11
15
2
-10
7
9
5
-6
-19
0
-3
-11
-7
-14
-14
-13
-12
-4
5
5
0
-12
-17
-11
-15
-13
-10
-12
-2
-5
-2
-7
-25
-20
-29
-15
-14
-26
-13
-18
-18
-31
-35
-17
-16
-3
-3
-3
10
4
1
-7
-4
10
12
13
5
3
3
13
28
23
22
22
8
8
9
14
11
5
10
14
28
23
14
13
19
21
16
18
11
10
8
-3
-3
0
11
12
7
0
-8
-2
0
7
1
-1
5
-6
-9
-10
-16
-18
-22
-14
-5
-3
-3
-16
-20
-20
-27
-20
-22
-20
-20
-26
-18
-19
-22
-14
-21
-9
-6
-18
-15
-7
4
-4
-11
-10
-13
-14
-16
-4
4
12
18
15
14
8
15
12
14
24
25
20
21
18
15
28
36
40
39
43
46
47
55
60
67
60
50
51
53
42
34
38
39
49
43
32
33
19
16
8
1
0
-15
-12
-23
-33
-30
-40
-54
-61
-64
-68
-80
-90
-95
-112
-113
-111
-109
-117
-122
-122
-114
-106
-113
-107
-101
-95
-92
-87
-81
-76
-60
-42
-20
-3
16
27
32
44
52
55
66
71
82
92
102
116
120
118
118
119
122
127
120
117
116
113
114
114
113
109
102
89
78
83
79
64
50
22
9
-1
-19
-26
-40
-47
-43
-47
-47
-51
-57
-48
-62
-82
-80
-81
-81
-81
-85
-87
-83
-89
-85
-84
-91
-82
-82
-72
-66
-61
-49
-50
-46
-43
-39
-35
-27
-15
-15
-4
16
23
24
22
16
21
36
36
54
54
42
34
12
11
16
21
26
27
26
23
11
14
26
24
34
45
51
49
34
25
6
1
6
6
12
17
19
3
-18
-23
-16
-7
0
5
-6
-14
-27
-32
-31
-35
-18
-8
6
19
26
26
19
10
-7
-1
1
-4
-8
-8
-1
-13
-28
-27
-24
-6
12
10
11
4
-6
-7
-3
1
0
1
-1
0
-3
-3
1
2
7
6
13
18
10
2
-10
-13
-9
-10
-3
5
7
13
18
7
2
5
3
-1
4
22
14
5
2
-6
-6
-10
-8
-3
-5
0
2
13
16
3
-3
-2
-4
-12
-13
-5
6
11
10
12
17
13
8
-4
-8
2
3
1
0
-2
-6
-14
-19
-15
-14
-12
-19
-15
-6
-12
-8
-15
-14
-10
-16
-10
-20
-27
-23
-28
-16
-10
-13
-4
-15
-14
-12
-13
-2
-3
1
12
11
14
15
12
25
26
24
37
44
51
56
55
50
34
19
19
18
30
31
26
36
38
37
20
18
24
22
25
27
37
45
51
46
33
18
-1
-13
-21
-13
-3
-9
-21
-43
-50
-60
-62
-56
-58
-57
-69
-79
-87
-88
-80
-67
-63
-67
-69
-78
-81
-82
-69
-45
-38
-39
-52
-55
-52
-48
-25
-9
2
3
-9
-12
-12
1
23
35
49
59
58
61
74
86
106
108
104
104
96
91
87
90
86
85
69
60
60
55
52
46
51
42
25
19
5
2
-5
-15
-17
-15
-14
-34
-36
-31
-24
-22
-39
-40
-41
-48
-61
-67
-50
-44
-44
-51
-55
-47
-42
-42
-59
-65
-55
-49
-43
-37
-33
-27
-29
-39
-47
-37
-25
-21
-14
-11
11
17
1
6
21
30
19
6
19
38
41
34
33
53
64
66
49
48
69
60
51
49
58
64
51
37
31
41
41
27
21
31
39
27
13
14
17
11
-4
-2
2
-8
-25
-35
-24
-24
-36
-48
-52
-55
-69
-83
-82
-70
-67
-64
-61
-51
-54
-71
-75
-69
-42
-34
-45
-31
-12
-12
-26
-33
-15
-1
2
-1
13
34
36
26
12
30
28
18
17
25
71
93
80
75
73
73
64
49
62
80
88
85
78
78
68
42
26
24
32
24
5
9
11
9
-6
-19
-15
-26
-38
-43
-35
-12
-19
-35
-38
-34
-35
-53
-63
-77
-70
-56
-62
-52
-41
-36
-48
-66
-69
-74
-73
-66
-49
-16
-2
-4
-13
-19
-22
-45
-47
-24
8
30
36
43
40
20
3
-1
10
30
39
40
42
40
27
12
21
39
55
59
43
32
25
19
29
51
67
75
56
22
-2
-8
9
25
36
48
62
44
2
-20
-18
-7
-10
-8
15
32
25
-6
-13
-2
-5
-11
-16
5
20
1
-12
-19
-8
-4
-29
-44
-51
-44
-45
-58
-43
-17
-13
-35
-74
-81
-68
-79
-95
-83
-48
-32
-60
-82
-77
-46
-51
-84
-77
-45
-27
-44
-59
-36
-11
-17
-24
-13
25
42
28
27
53
96
107
96
101
121
131
106
92
107
128
133
120
108
102
83
67
82
95
103
101
85
63
25
4
14
39
53
40
18
-3
-39
-76
-88
-76
-45
-30
-48
-75
-94
-124
-142
-128
-91
-45
-39
-63
-87
-103
-123
-133
-112
-78
-39
-36
-65
-81
-92
-64
-29
-18
4
8
13
0
-22
-2
27
61
52
35
32
23
24
10
34
81
99
91
44
42
55
53
53
57
88
91
58
37
40
73
77
61
51
52
53
27
21
35
49
47
21
0
-8
-3
1
10
27
21
7
-22
-48
-49
-49
-38
-43
-50
-58
-87
-88
-83
-63
-43
-48
-55
-77
-96
-111
-109
-75
-42
-25
-31
-24
-19
-44
-42
-37
-4
21
17
16
6
5
-9
-18
-12
6
32
33
34
35
35
41
29
42
50
43
39
31
44
45
45
32
24
40
40
36
24
26
46
47
39
25
24
28
10
7
10
17
18
0
12
32
45
45
19
-2
-10
-15
-18
-26
-9
5
4
-12
-33
-33
-31
-35
-41
-39
-36
-41
-49
-45
-34
-30
-42
-55
-56
-45
-36
-37
-34
-17
0
-7
-24
-24
-19
-21
-20
-22
-10
24
24
13
7
-5
-3
-11
-8
23
33
36
26
33
50
42
48
53
62
61
29
10
9
16
15
20
27
34
29
20
12
12
22
12
19
20
6
-2
-16
-21
-15
-19
-18
-17
-14
-10
-20
-9
-6
-7
-4
-18
-13
-15
-31
-35
-37
-19
-18
-22
-21
-26
-16
-19
-26
-22
-20
-13
-14
-17
-13
-8
-2
-5
-11
4
12
6
6
0
7
-1
-8
-6
-11
2
9
18
25
27
52
47
35
37
19
13
2
-2
1
4
5
0
4
6
3
-5
0
9
19
30
37
37
25
8
-17
-27
-20
-6
11
6
12
9
-14
-11
-2
11
26
23
23
29
11
-7
-30
-40
-27
-24
-14
-8
-1
15
-3
-10
-2
-5
5
-6
-24
-23
-24
-23
-34
-38
-25
-31
-40
-44
-38
-19
-11
-10
-5
0
4
6
-9
-10
-6
-8
8
11
15
9
-4
3
8
20
28
24
29
20
12
12
14
17
8
10
23
24
15
21
18
21
20
4
16
26
28
26
15
9
7
1
-12
-12
11
23
21
22
20
10
-20
-43
-37
-20
-7
-3
10
5
-3
-15
-36
-25
0
13
21
27
12
0
-15
-34
-38
-30
-23
-6
5
10
-2
-25
-38
-42
-29
-6
3
11
21
20
10
-7
-12
-6
-14
-10
-7
-2
7
-4
-5
4
3
7
4
-3
6
1
6
16
12
9
-6
-3
-4
-9
4
12
21
11
-6
-4
5
13
14
15
13
0
-31
-45
-24
0
38
50
51
28
-23
-56
-67
-37
9
34
53
47
7
-35
-54
-45
-18
5
16
30
33
6
-26
-44
-31
3
19
22
21
17
6
-23
-33
-12
15
33
28
36
38
12
-17
-44
-45
-27
-6
11
27
37
25
-7
-36
-33
-8
12
25
38
43
22
-10
-28
-34
-27
-14
10
33
39
20
-9
-24
-20
-9
-14
-8
-2
8
7
-12
-21
-11
-11
-15
-23
-22
-1
6
10
5
4
10
10
1
2
9
16
19
10
2
-3
-13
-20
-29
-33
-20
-12
-5
13
9
14
22
20
28
29
22
7
-2
-5
-9
-14
-7
13
19
21
10
6
16
3
-15
-19
-6
-5
-13
-25
-25
-1
0
-16
-10
-2
10
10
7
15
23
16
-8
-20
-21
-18
-20
-16
3
14
17
12
3
-8
-11
-6
5
20
23
13
-7
-22
-24
-6
9
15
23
18
21
4
-14
-13
-5
1
-10
-10
-10
-3
-8
-20
-2
14
34
36
22
10
8
3
-12
-19
-11
2
11
3
-4
-10
-12
-2
-9
-4
-1
-9
-12
-16
-16
-13
-12
-5
0
-2
-1
-1
6
-1
7
8
-12
-22
-28
-23
-11
-4
7
20
13
3
7
20
41
49
51
52
25
0
-21
-31
-1
30
49
65
49
21
-13
-38
-19
11
42
42
9
-25
-50
-47
-46
-33
-13
2
-4
-25
-37
-35
-26
-34
-41
-34
-26
-17
-18
-21
-20
-30
-31
-40
-32
-11
4
1
-18
-33
-50
-35
-12
9
39
50
44
28
15
17
21
38
71
77
73
47
25
19
14
16
26
63
72
47
17
-6
-5
-8
-17
-14
-1
16
16
-2
-12
-9
-6
-20
-25
-2
26
28
-2
-13
-17
-24
-31
-35
-27
-28
-35
-48
-55
-45
-42
-48
-37
-30
-19
-9
-11
-14
-13
-19
-18
-9
-5
10
19
25
19
9
13
6
10
22
35
42
39
21
10
10
7
13
23
35
49
50
36
28
23
7
0
-6
-1
1
1
6
-10
-12
-18
-23
-12
-8
5
6
-2
-6
-24
-18
-19
-19
-2
-13
-10
-13
-18
-11
-3
17
32
24
4
-4
-28
-40
-30
-14
12
13
19
16
-9
-4
-27
-35
-11
-6
26
24
16
13
-22
-28
-38
-35
-1
20
42
33
19
11
-6
-7
-16
-16
-21
-15
-12
-14
3
-10
-15
-12
-10
5
0
24
47
52
49
8
-4
-21
-44
-19
-4
23
35
18
27
19
17
19
4
18
24
15
0
-16
-7
7
12
18
24
18
8
-10
-30
-31
-22
-5
6
7
4
-17
-25
-35
-50
-35
-26
3
29
16
12
0
-11
-14
-25
-13
-1
1
11
-7
-9
-5
-27
-25
-29
-24
5
13
23
19
7
-2
-20
-20
-12
2
18
27
27
24
11
0
1
-1
10
4
-9
-1
-7
-8
-3
13
34
18
-3
-29
-24
-4
5
16
31
38
15
-2
-5
0
11
15
38
46
28
5
-18
-17
-3
19
29
26
18
3
-6
-18
-24
-26
-23
-4
6
24
33
21
5
-12
-31
-33
-13
12
38
