SAMPLES:	9031
BITSPERSAMPLE:	16
CHANNELS:	1
SAMPLERATE:	16000
NORMALIZED:	FALSE
-10
-3
5
9
6
-2
-8
-9
-6
2
5
6
8
5
6
9
8
8
3
1
2
4
9
13
13
11
8
6
5
-1
-4
-4
-5
-7
-8
-10
-7
-1
-1
-5
-9
-12
-12
-7
-1
3
-4
-14
-21
-21
-9
-1
6
7
0
-3
-7
-4
1
4
9
10
7
3
4
5
8
9
5
6
4
1
0
1
7
10
8
7
4
-1
-4
-5
-4
-1
1
4
4
6
5
1
-8
-13
-7
-3
3
8
5
4
-4
-5
-8
-9
-2
2
1
-3
-7
-4
-5
-4
-1
-3
3
7
7
5
-3
-2
-3
-3
-1
-5
-5
-4
0
4
3
6
7
2
3
-3
-5
-5
-6
-1
1
3
2
-3
-6
-5
-3
1
3
4
9
5
4
1
-5
-6
0
7
8
6
1
-6
-8
-4
-4
-4
-5
-6
-5
-7
-3
5
5
2
2
-1
2
4
3
5
4
7
7
5
-1
-6
-7
-2
0
0
-1
-7
-7
-7
-4
2
3
5
6
4
4
4
7
10
5
1
0
-2
-4
-4
-4
-5
-3
-1
1
5
2
-5
-7
-4
4
8
3
-6
-13
-14
-4
5
11
12
6
-1
-5
-5
-3
-1
0
0
-1
0
5
5
1
2
3
3
7
4
1
-4
-8
-5
-4
-1
2
6
5
2
-2
-8
-8
-4
-1
-2
-1
-1
-4
-3
1
6
11
5
-5
-14
-17
-10
-5
-1
0
-6
-8
-9
-4
1
6
9
8
4
1
-1
1
5
10
12
16
17
10
1
-8
-7
-1
3
3
2
-1
-2
-6
-11
-10
-7
-1
3
6
9
6
6
6
5
9
8
2
-3
-7
-1
4
4
6
-2
-8
-8
-7
-3
-3
-3
-1
-5
-5
-5
-2
1
-4
-2
1
1
3
0
-1
0
0
3
-3
-3
-1
0
6
5
-1
-6
-12
-8
-1
1
0
-3
-6
-3
0
1
-3
-3
0
3
9
10
7
7
-2
-4
-1
1
9
16
19
14
6
-4
-8
-7
-1
7
7
2
-3
-4
-3
-5
-7
-10
-9
-4
2
8
10
8
5
1
-3
-6
-5
-4
-4
-7
-11
-12
-13
-7
-1
2
0
-4
-6
-4
2
5
8
7
-1
-3
-1
4
13
15
11
8
1
-2
1
4
4
2
-3
-3
0
4
6
4
0
-2
-1
4
6
3
-3
-9
-8
-7
-5
-1
3
5
0
-9
-13
-13
-7
0
-1
0
-3
-1
1
4
7
3
5
1
-2
-5
-8
-3
1
4
4
2
-3
1
6
8
5
2
2
1
7
9
9
6
-8
-13
-12
-7
2
6
4
-3
-4
1
4
1
-2
-8
-14
-17
-15
-4
9
14
10
2
-1
2
8
10
6
-1
-9
-9
-1
4
9
6
-1
-2
-4
-4
-3
3
6
4
0
-3
-5
-5
-3
5
13
15
17
5
-2
-9
-7
0
2
2
0
-3
-1
-1
0
2
-2
-5
-7
-9
-7
-5
-3
-4
-6
-9
-12
-9
-2
6
10
7
4
1
0
-2
-2
1
0
-2
-1
-2
0
4
2
-1
-2
-4
0
6
8
9
11
11
10
4
0
-3
-3
0
5
7
9
7
1
-2
-2
2
4
5
2
-1
-2
-2
3
1
-5
-8
-15
-14
-13
-10
-2
0
-1
-5
-11
-12
-4
1
7
9
6
4
-1
-5
-8
-7
-3
1
6
11
7
4
1
-4
2
3
6
6
2
-1
-4
1
6
7
7
2
0
0
-1
-3
-6
-9
-8
-3
1
5
7
5
1
-1
-6
-7
-1
1
-5
-8
-9
-9
-5
-2
1
1
-3
-1
2
7
8
5
1
-3
-3
-1
2
3
4
4
4
2
3
6
6
4
-2
0
8
9
4
0
-1
0
3
5
7
7
3
-2
-6
-6
-8
-11
-9
-4
0
-1
-2
-8
-13
-10
-7
-2
-4
-5
-3
-3
-5
-5
1
6
8
9
11
10
5
-1
-4
-2
1
7
9
9
5
-3
-9
-9
-9
1
10
11
9
-1
-9
-9
-8
-1
4
1
-4
-6
-3
1
5
8
4
2
0
1
-1
-4
-4
-1
-2
-6
-9
-11
-6
0
7
12
11
5
-3
-4
-7
-10
-5
0
4
8
11
11
5
-2
-6
-4
2
7
5
-2
-6
-5
-2
2
5
1
-3
-3
0
7
6
4
1
-6
-7
-3
8
12
7
4
-2
-1
1
-1
1
0
1
5
2
-2
-9
-13
-12
-8
3
12
14
11
0
-10
-17
-15
-6
2
7
12
7
1
-4
-10
-8
-4
1
5
4
3
-2
-7
-6
-9
-4
3
7
13
8
0
-5
-5
2
6
6
5
1
-1
-3
-4
-3
1
7
5
0
-3
-6
-5
-3
4
6
-1
-7
-7
-6
2
8
5
-1
-8
-6
-1
6
4
2
-2
-3
-1
-2
-4
-2
1
3
5
2
0
-9
-12
0
12
17
12
3
-3
-4
3
9
10
4
-4
-9
-8
-1
3
7
8
2
0
1
3
6
5
7
3
-5
-6
-6
-7
-9
-10
-9
-8
-3
1
-1
1
2
1
4
4
2
0
0
0
-3
-4
-2
4
6
1
-4
-7
-9
-4
-2
-3
-4
-3
-1
3
3
-1
-4
-8
-9
-3
3
11
10
4
0
-4
-3
1
7
8
4
-2
-2
-2
0
2
-2
-2
-1
2
7
8
9
2
-3
-3
1
10
11
1
-8
-16
-18
-8
-1
7
9
5
-2
-9
-7
-2
4
8
8
9
3
1
2
3
9
10
4
1
-1
1
3
0
-2
-10
-15
-10
-9
-2
2
1
-1
-4
-6
-5
-4
-2
5
9
9
7
0
-5
-5
-3
1
4
5
2
-2
-8
-11
-13
-13
-6
0
5
11
8
5
3
1
-3
-1
1
0
-1
-3
1
7
3
2
2
0
1
5
3
1
-4
-5
0
3
8
5
2
2
2
1
-3
-3
0
1
4
4
3
0
-4
-10
-15
-13
-4
8
11
8
2
-1
-2
-4
-4
-1
2
3
0
-3
-6
-6
0
8
8
5
5
-1
-6
-8
-9
-6
-2
0
-2
-4
-2
2
6
8
3
-3
-6
-5
-1
5
7
9
2
-3
-5
-6
1
10
18
17
9
1
-8
-8
-2
0
2
2
3
5
5
7
4
-1
-1
0
-1
-6
-9
-7
-9
-5
0
3
6
-1
-7
-10
-10
-10
-7
-1
0
4
7
8
6
1
-1
0
-1
-1
-2
-1
2
5
9
5
1
-8
-14
-8
0
7
11
7
2
-2
-7
-4
0
2
4
0
-1
-5
-9
-2
10
20
18
9
-5
-18
-18
-12
0
7
4
4
2
-1
1
0
3
5
4
3
-1
0
2
1
2
1
-2
-1
-1
2
2
-1
-4
-10
-9
-6
-3
-2
-3
-1
1
1
5
2
0
-1
0
2
9
19
21
16
3
-8
-12
-10
-1
4
5
5
-1
-5
-8
-8
-4
-3
-5
-9
-13
-11
-4
2
7
7
4
-3
-4
-3
-1
6
5
-2
-4
-2
3
7
8
9
4
1
-1
-1
-2
-5
-7
-6
-5
-3
7
14
12
5
-4
-4
4
12
17
14
-1
-17
-21
-13
-2
6
11
9
4
-4
-12
-17
-13
-4
-1
-2
-2
-1
-1
-1
-1
3
8
8
6
3
2
3
7
4
-2
-9
-13
-7
0
1
2
0
-2
1
2
6
-1
-7
-8
-6
0
6
14
18
14
9
1
-4
-4
1
6
5
-1
-6
-10
-5
2
-1
-2
-1
-1
-4
-8
-12
-9
-5
-2
1
1
-4
-5
-5
-3
3
9
13
9
2
-2
-4
0
3
0
1
-1
0
5
5
8
4
1
0
-3
-2
2
5
5
1
-3
-4
3
12
12
10
5
-1
-5
-8
-6
-4
-8
-16
-21
-24
-24
-21
-29
-32
-27
-24
-23
-24
-31
-32
-27
-17
-1
9
18
20
22
22
23
26
24
27
24
20
24
25
26
28
30
40
48
50
46
40
37
37
33
28
23
11
-1
-9
-15
-13
-14
-14
-10
-13
-19
-24
-35
-40
-40
-35
-26
-17
-8
-3
1
10
23
34
36
23
3
-17
-19
-12
1
22
38
64
97
137
183
226
254
269
256
226
172
92
-1
-124
-270
-432
-605
-780
-946
-1110
-1236
-1322
-1370
-1365
-1315
-1226
-1082
-876
-640
-362
-61
254
590
926
1239
1558
1830
2064
2272
2413
2494
2544
2509
2439
2335
2147
1960
1727
1437
1171
864
539
274
-60
-367
-649
-996
-1294
-1576
-1910
-2138
-2390
-2628
-2747
-2898
-2967
-2925
-2915
-2784
-2579
-2432
-2136
-1863
-1618
-1262
-991
-746
-435
-271
-72
144
244
418
567
630
792
902
990
1156
1246
1337
1456
1488
1519
1547
1503
1494
1467
1428
1412
1414
1449
1534
1645
1788
1928
2083
2218
2296
2350
2312
2183
2033
1781
1456
1157
788
430
134
-206
-497
-725
-1021
-1237
-1433
-1694
-1875
-2050
-2286
-2390
-2528
-2682
-2703
-2754
-2790
-2684
-2669
-2592
-2438
-2402
-2300
-2169
-2164
-2057
-1945
-1918
-1748
-1620
-1497
-1240
-1034
-850
-543
-371
-155
113
266
475
781
973
1320
1696
2023
2505
2948
3328
3838
4217
4500
4850
4979
5011
4971
4716
4378
3998
3360
2800
2233
1562
1034
594
95
-216
-561
-906
-1106
-1436
-1786
-1990
-2338
-2666
-2853
-3154
-3316
-3384
-3555
-3522
-3485
-3576
-3439
-3375
-3369
-3197
-3103
-3013
-2780
-2678
-2471
-2158
-1959
-1685
-1309
-1140
-869
-590
-421
-190
114
339
755
1171
1580
2233
2812
3364
4091
4710
5162
5656
5912
6033
5996
5724
5319
4871
4093
3416
2774
1983
1335
805
228
-173
-621
-1003
-1284
-1637
-2008
-2219
-2503
-2844
-3010
-3254
-3452
-3568
-3757
-3828
-3836
-4007
-3955
-3931
-3966
-3865
-3731
-3619
-3320
-3102
-2820
-2391
-2070
-1731
-1280
-1042
-723
-407
-280
15
306
510
966
1430
1946
2647
3281
4002
4819
5419
6012
6578
6795
6856
6752
6379
5862
5171
4360
3634
2778
1926
1266
620
-25
-479
-913
-1306
-1660
-2054
-2380
-2650
-2980
-3218
-3392
-3582
-3735
-3839
-3965
-4055
-4162
-4305
-4352
-4420
-4499
-4490
-4366
-4158
-3869
-3482
-2988
-2496
-1961
-1452
-946
-545
-181
145
483
802
1105
1516
1964
2532
3143
3788
4481
5167
5715
6235
6610
6773
6693
6517
6138
5643
4920
4184
3499
2663
1905
1233
542
-107
-702
-1207
-1690
-2221
-2661
-2997
-3296
-3585
-3720
-3891
-3974
-4012
-4067
-4054
-4132
-4227
-4290
-4356
-4423
-4484
-4486
-4379
-4154
-3899
-3502
-3000
-2516
-1957
-1366
-876
-437
-40
379
700
1054
1415
1874
2358
2956
3677
4347
5020
5763
6415
6929
7330
7521
7521
7355
7020
6460
5739
4850
4016
3142
2203
1314
522
-293
-912
-1495
-2071
-2563
-2994
-3389
-3639
-3900
-4196
-4384
-4564
-4728
-4846
-5057
-5227
-5349
-5568
-5641
-5677
-5704
-5648
-5380
-5036
-4623
-4088
-3453
-2737
-2036
-1378
-655
-111
381
856
1313
1742
2126
2625
3141
3806
4469
5144
5993
6676
7396
7992
8457
8797
8697
8486
8113
7410
6437
5363
4316
3064
1869
800
-117
-964
-1851
-2270
-2694
-3195
-3506
-3805
-4044
-4406
-4779
-5048
-5400
-5749
-6091
-6214
-6457
-6591
-6565
-6561
-6354
-6204
-5927
-5450
-4955
-4354
-3645
-2845
-2027
-1230
-402
374
1042
1577
2070
2532
2784
3111
3450
3828
4316
4862
5575
6298
7026
7763
8359
8803
8975
8925
8556
7826
6911
5668
4353
2981
1574
305
-780
-1722
-2377
-2894
-3193
-3411
-3548
-3749
-3872
-4141
-4488
-4748
-5183
-5523
-5814
-6130
-6327
-6467
-6522
-6465
-6392
-6154
-5797
-5323
-4738
-3938
-3147
-2270
-1318
-435
401
1106
1715
2213
2580
2849
3080
3229
3413
3679
4054
4532
5154
5853
6612
7428
8087
8577
8742
8611
8117
7273
6124
4793
3362
1968
694
-356
-1245
-1902
-2342
-2572
-2769
-2959
-3190
-3408
-3677
-4054
-4376
-4752
-5142
-5460
-5785
-6066
-6371
-6706
-6873
-6961
-6972
-6905
-6605
-6168
-5467
-4585
-3524
-2311
-1083
86
1241
2087
2694
3043
3207
3287
3259
3275
3283
3530
3817
4291
4889
5621
6457
7367
8230
9053
9549
9681
9405
8733
7528
5935
4222
2395
785
-581
-1600
-2215
-2570
-2685
-2600
-2645
-2749
-3000
-3350
-3846
-4356
-4924
-5460
-5878
-6284
-6582
-6818
-7098
-7326
-7496
-7641
-7626
-7468
-7107
-6388
-5467
-4343
-2947
-1509
-130
1159
2195
2942
3412
3556
3524
3401
3138
2980
2930
3035
3366
3959
4764
5844
7023
8206
9306
10102
10446
10258
9525
8291
6650
4793
3018
1438
172
-702
-1177
-1401
-1486
-1595
-1721
-2060
-2552
-3125
-3709
-4317
-4866
-5325
-5678
-6017
-6410
-6793
-7187
-7662
-8142
-8492
-8741
-8782
-8544
-7954
-6974
-5641
-4065
-2255
-464
1106
2377
3240
3667
3737
3562
3236
2927
2612
2379
2323
2427
2798
3526
4587
5982
7589
9170
10558
11451
11658
11083
9851
8074
6042
4033
2316
1041
255
-109
-172
-132
-198
-414
-869
-1523
-2309
-3092
-3857
-4521
-5087
-5528
-5938
-6290
-6666
-7028
-7458
-7945
-8441
-8923
-9330
-9538
-9417
-8864
-7833
-6347
-4488
-2459
-488
1201
2498
3290
3602
3561
3277
2888
2459
2065
1805
1676
1729
2066
2812
3956
5513
7320
9208
10825
11894
12196
11705
10414
8586
6517
4522
2831
1635
971
768
820
917
933
698
169
-597
-1494
-2467
-3389
-4227
-4887
-5443
-5889
-6262
-6574
-6966
-7406
-7940
-8527
-9165
-9743
-10145
-10244
-9930
-9088
-7691
-5877
-3801
-1707
208
1721
2768
3315
3446
3249
2882
2463
2071
1749
1552
1534
1761
2322
3295
4700
6429
8336
10135
11545
12291
12251
11400
9888
7958
5985
4233
2916
2119
1816
1861
2018
2105
1958
1478
660
-380
-1559
-2743
-3832
-4699
-5361
-5859
-6287
-6644
-7014
-7407
-7873
-8425
-9065
-9722
-10291
-10659
-10750
-10410
-9552
-8113
-6197
-4040
-1873
54
1602
2634
3125
3135
2845
2452
2110
1843
1657
1559
1617
1869
2392
3263
4545
6216
8109
9981
11449
12244
12194
11340
9799
7821
5794
4103
2991
2521
2600
2999
3461
3700
3604
3051
2066
772
-612
-1965
-3180
-4235
-5077
-5743
-6291
-6727
-7107
-7488
-7896
-8350
-8871
-9468
-10122
-10652
-10924
-10840
-10249
-9099
-7422
-5385
-3244
-1241
388
1463
2051
2222
2127
1939
1756
1701
1686
1679
1718
1842
2140
2811
3902
5467
7291
9124
10698
11663
11836
11230
9917
8188
6370
4795
3779
3354
3459
3942
4471
4806
4764
4202
3213
1843
336
-1107
-2448
-3594
-4543
-5360
-5998
-6544
-6991
-7329
-7669
-7952
-8239
-8649
-9156
-9717
-10216
-10454
-10324
-9674
-8428
-6764
-4783
-2782
-1052
257
1085
1518
1721
1746
1806
1896
2008
2080
2040
1905
1785
1912
2435
3484
4965
6759
8512
9917
10637
10581
9721
8351
6746
5290
4227
3691
3674
4037
4582
5085
5349
5206
4622
3616
2289
737
-844
-2347
-3633
-4669
-5404
-5878
-6166
-6334
-6443
-6547
-6694
-6942
-7335
-7878
-8504
-9109
-9563
-9734
-9478
-8729
-7503
-5944
-4187
-2455
-927
222
999
1469
1756
1946
2113
2285
2436
2473
2360
2143
1953
2019
2469
3442
4844
6544
8162
9397
9946
9761
8877
7570
6109
4857
4015
3693
3826
4243
4765
5149
5221
4860
4077
2894
1449
-152
-1720
-3135
-4296
-5140
-5659
-5896
-5927
-5852
-5732
-5690
-5756
-6027
-6492
-7190
-8011
-8844
-9497
-9789
-9555
-8721
-7347
-5598
-3704
-1890
-358
749
1479
1918
2224
2431
2602
2717
2682
2453
2002
1512
1114
1108
1577
2640
4145
5887
7525
8733
9264
9051
8190
6931
5573
4436
3739
3597
3877
4420
4960
5311
5283
4788
3899
2659
1270
-246
-1687
-2995
-4035
-4776
-5162
-5196
-4977
-4658
-4397
-4369
-4618
-5209
-6032
-7000
-7952
-8800
-9384
-9611
-9375
-8604
-7308
-5557
-3594
-1644
-25
1141
1785
2069
2133
2139
2156
2182
2136
1918
1444
861
399
334
824
1913
3523
5378
7108
8336
8876
8655
7791
6460
5051
3857
3164
3029
3437
4165
4923
5398
5395
4875
3933
2719
1385
96
-1084
-2103
-2975
-3642
-4073
-4197
-4071
-3816
-3626
-3643
-3989
-4667
-5632
-6726
-7790
-8638
-9171
-9296
-8978
-8183
-6932
-5308
-3486
-1714
-216
833
1429
1623
1580
1453
1347
1284
1189
959
543
14
-446
-565
-154
921
2557
4541
6462
7956
8704
8612
7761
6422
4970
3746
3007
2846
3189
3843
4574
5146
5421
5331
4839
4012
2915
1660
365
-857
-1846
-2551
-2899
-2996
-2921
-2848
-2872
-3099
-3551
-4244
-5139
-6157
-7216
-8179
-8909
-9232
-9066
-8347
-7156
-5624
-3925
-2330
-975
-18
525
695
617
419
238
138
61
2
-192
-444
-713
-779
-446
428
1857
3617
5466
6969
7895
8022
7445
6334
5014
3811
2957
2612
2756
3323
4123
4973
5669
6037
6016
5499
4607
3379
2011
663
-529
-1432
-2075
-2402
-2594
-2641
-2744
-2903
-3219
-3715
-4367
-5203
-6100
-7033
-7830
-8401
-8583
-8298
-7537
-6346
-4924
-3434
-2129
-1142
-560
-356
-380
-519
-589
-603
-508
-446
-456
-592
-789
-897
-771
-197
810
2243
3849
5401
6576
7198
7161
6534
5506
4350
3375
2794
2757
3254
4142
5217
6181
6835
6999
6656
5845
4697
3348
1942
616
-561
-1478
-2128
-2463
-2557
-2487
-2386
-2394
-2629
-3170
-3978
-4994
-6060
-7034
-7778
-8182
-8228
-7872
-7184
-6218
-5098
-3938
-2881
-2052
-1500
-1230
-1141
-1126
-1069
-917
-710
-536
-501
-657
-935
-1148
-1072
-504
611
2165
3881
5410
6442
6791
6454
5628
4594
3692
3136
3100
3528
4334
5307
6259
6990
7373
7312
6800
5888
4643
3225
1782
476
-549
-1229
-1556
-1600
-1509
-1406
-1445
-1699
-2216
-2980
-3943
-5019
-6108
-7118
-7921
-8451
-8591
-8332
-7653
-6640
-5426
-4180
-3095
-2281
-1816
-1595
-1526
-1473
-1339
-1160
-969
-902
-994
-1245
-1518
-1601
-1322
-514
722
2311
3899
5285
6174
6471
6193
5496
4622
3837
3377
3349
3826
4691
5759
6826
7581
7894
7629
6857
5704
4360
3011
1816
870
179
-232
-502
-613
-712
-827
-1046
-1451
-2100
-3004
-4133
-5403
-6655
-7763
-8548
-8915
-8843
-8362
-7570
-6572
-5485
-4442
-3546
-2868
-2422
-2168
-1988
-1868
-1718
-1588
-1510
-1529
-1695
-1910
-2089
-1996
-1523
-539
841
2502
4168
5592
6559
6940
6742
6109
5252
4447
3909
3777
4065
4767
5678
6631
7387
7762
7710
7174
6260
5064
3749
2457
1372
528
-4
-315
-472
-599
-808
-1218
-1864
-2772
-3861
-5018
-6156
-7160
-7963
-8511
-8748
-8657
-8258
-7587
-6702
-5693
-4635
-3653
-2869
-2323
-2039
-1940
-1968
-2033
-2087
-2079
-2031
-1932
-1833
-1685
-1401
-894
-67
1097
2516
4046
5430
6424
6877
6723
6099
5244
4461
4001
4017
4509
5371
6379
7321
7966
8198
7953
7297
6288
5081
3772
2530
1433
556
-100
-554
-875
-1152
-1474
-1934
-2561
-3393
-4365
-5431
-6512
-7500
-8280
-8755
-8876
-8633
-8066
-7261
-6317
-5370
-4496
-3829
-3349
-3071
-2871
-2707
-2513
-2299
-2085
-1903
-1794
-1734
-1686
-1515
-1117
-372
708
2063
3524
4905
5970
6585
6685
6366
5783
5197
4788
4734
5035
5680
6518
7383
8073
8424
8347
7817
6920
5740
4453
3151
1986
978
184
-466
-989
-1468
-1950
-2465
-3031
-3649
-4328
-5081
-5880
-6726
-7501
-8144
-8510
-8564
-8267
-7680
-6917
-6083
-5322
-4654
-4137
-3690
-3297
-2890
-2474
-2085
-1779
-1621
-1623
-1721
-1809
-1705
-1334
-560
547
1936
3370
4699
5701
6254
6362
6068
5593
5090
4809
4821
5211
5873
6703
7526
8180
8512
8448
7948
7083
5908
4604
3257
2010
903
9
-679
-1203
-1586
-1938
-2263
-2669
-3149
-3757
-4481
-5316
-6216
-7085
-7845
-8388
-8641
-8574
-8199
-7604
-6815
-5972
-5108
-4318
-3616
-3033
-2561
-2166
-1854
-1606
-1459
-1394
-1399
-1416
-1353
-1121
-615
187
1293
2583
3918
5114
6015
6524
6600
6342
5879
5438
5149
5176
5518
6145
6927
7682
8234
8405
8106
7348
6185
4785
3281
1867
605
-396
-1136
-1630
-1920
-2112
-2248
-2468
-2800
-3335
-4041
-4923
-5909
-6898
-7782
-8458
-8845
-8900
-8602
-8016
-7165
-6195
-5169
-4237
-3427
-2778
-2303
-1940
-1689
-1482
-1364
-1290
-1273
-1250
-1175
-947
-448
339
1417
2687
3973
5126
5935
6396
6450
6242
5874
5545
5378
5433
5767
6293
6953
7549
7965
8044
7693
6911
5772
4411
3004
1695
614
-232
-834
-1297
-1617
-1927
-2221
-2566
-3002
-3554
-4274
-5098
-6016
-6941
-7774
-8427
-8807
-8878
-8601
-8016
-7175
-6196
-5170
-4183
-3377
-2705
-2241
-1879
-1608
-1392
-1198
-1076
-1031
-1037
-1039
-947
-605
52
1061
2371
3763
5117
6175
6790
6960
6718
6247
5720
5341
5241
5474
5965
6622
7277
7702
7838
7536
6827
5792
4516
3174
1886
733
-222
-954
-1515
-1901
-2159
-2408
-2631
-2953
-3420
-4028
-4828
-5781
-6742
-7675
-8409
-8803
-8880
-8541
-7874
-7011
-6008
-5018
-4132
-3338
-2706
-2217
-1800
-1505
-1287
-1115
-1093
-1101
-1147
-1174
-1032
-652
11
1040
2296
3661
4998
6052
6736
6995
6794
6332
5769
5267
5045
5157
5562
6213
6907
7440
7704
7500
6877
5885
4628
3266
1958
775
-188
-905
-1429
-1785
-2045
-2310
-2607
-3025
-3579
-4267
-5066
-5931
-6797
-7582
-8220
-8601
-8684
-8431
-7846
-7010
-6007
-4917
-3887
-2978
-2238
-1733
-1391
-1212
-1165
-1167
-1234
-1314
-1375
-1357
-1201
-757
-16
1046
2388
3785
5160
6253
6924
7167
6968
6522
5986
5573
5347
5462
5775
6231
6719
6990
7054
6781
6188
5349
4301
3154
2020
936
-26
-794
-1441
-1933
-2301
-2710
-3073
-3534
-4089
-4724
-5468
-6292
-7055
-7766
-8297
-8519
-8489
-8078
-7375
-6518
-5514
-4538
-3658
-2866
-2255
-1820
-1443
-1222
-1082
-969
-1029
-1051
-1086
-1084
-853
-393
347
1453
2711
4049
5375
6376
7083
7377
7200
6809
6253
5688
5370
5278
5437
5894
6323
6687
6851
6586
6036
5139
3979
2757
1570
452
-429
-1142
-1739
-2096
-2489
-2825
-3190
-3723
-4317
-5026
-5851
-6672
-7411
-8074
-8424
-8521
-8338
-7760
-7028
-6068
-5039
-4051
-3142
-2356
-1768
-1331
-1006
-895
-799
-879
-1025
-1152
-1270
-1195
-848
-186
826
2145
3557
4951
6124
6881
7299
7239
6889
6367
5798
5374
5199
5261
5554
5992
6310
6546
6429
5979
5265
4247
3105
1945
789
-208
-990
-1666
-2084
-2396
-2707
-2945
-3378
-3923
-4576
-5401
-6245
-7028
-7762
-8235
-8404
-8351
-7851
-7147
-6231
-5164
-4169
-3248
-2463
-1887
-1464
-1118
-972
-843
-793
-863
-888
-953
-923
-677
-208
546
1614
2840
4151
5437
6424
7120
7406
7280
6905
6370
5810
5407
5204
5197
5423
5684
5932
6049
5894
5491
4794
3839
2724
1536
347
-684
-1545
-2215
-2647
-3007
-3293
-3606
-4048
-4598
-5274
-6070
-6867
-7608
-8207
-8488
-8486
-8114
-7404
-6485
-5404
-4320
-3345
-2518
-1902
-1510
-1237
-1123
-1064
-987
-960
-852
-741
-594
-336
41
617
1462
2530
3752
5061
6183
7031
7475
7433
7062
6445
5779
5266
5011
5028
5324
5716
6059
6285
6172
5774
5064
4074
2953
1772
613
-413
-1297
-2059
-2614
-3097
-3481
-3801
-4176
-4568
-5057
-5661
-6335
-7033
-7717
-8187
-8426
-8333
-7830
-7069
-6042
-4905
-3830
-2876
-2094
-1582
-1184
-937
-817
-664
-611
-548
-468
-416
-284
-1
436
1159
2142
3250
4508
5649
6559
7189
7360
7193
6760
6161
5599
5226
5054
5161
5445
5726
5966
5948
5637
5041
4171
3113
2009
861
-209
-1141
-1978
-2638
-3137
-3567
-3859
-4124
-4444
-4776
-5259
-5861
-6548
-7286
-7944
-8362
-8518
-8235
-7573
-6599
-5363
-4119
-2968
-1999
-1332
-899
-624
-519
-447
-363
-353
-305
-266
-240
-55
277
845
1715
2794
3991
5238
6251
6996
7357
7268
6901
6319
5684
5230
4974
4939
5176
5455
5717
5872
5718
5316
4653
3694
2633
1446
203
-925
-1940
-2750
-3241
-3592
-3742
-3837
-4074
-4368
-4853
-5529
-6251
-7039
-7785
-8264
-8549
-8444
-7913
-7127
-6028
-4774
-3591
-2463
-1615
-1096
-771
-681
-670
-563
-470
-321
-140
-46
96
313
694
1382
2354
3508
4801
5977
6842
7292
7251
6821
6206
5571
5158
5029
5133
5437
5804
6085
6223
6069
5602
4883
3889
2794
1678
560
-471
-1391
-2221
-2834
-3317
-3653
-3854
-4077
-4357
-4711
-5255
-5908
-6624
-7398
-7998
-8372
-8474
-8155
-7526
-6660
-5544
-4415
-3294
-2251
-1470
-884
-497
-348
-246
-234
-254
-213
-191
-77
157
509
1086
1864
2788
3874
4945
5930
6706
7129
7223
6995
6543
6036
5590
5312
5255
5370
5593
5792
5853
5657
5157
4389
3387
2266
1143
28
-955
-1791
-2529
-3042
-3461
-3781
-3950
-4179
-4418
-4710
-5253
-5845
-6563
-7365
-7933
-8354
-8431
-8028
-7377
-6347
-5115
-3939
-2745
-1809
-1163
-672
-469
-360
-244
-241
-166
-119
-149
-80
32
324
935
1775
2909
4220
5464
6560
7282
7523
7367
6836
6129
5466
4944
4710
4750
4997
5351
5683
5839
5729
5307
4540
3484
2277
955
-324
-1429
-2379
-3036
-3424
-3670
-3713
-3760
-3930
-4149
-4617
-5243
-5934
-6745
-7461
-7979
-8316
-8227
-7792
-7042
-5962
-4781
-3590
-2442
-1553
-870
-407
-204
-101
-101
-166
-182
-198
-193
-69
123
509
1144
1994
3062
4267
5392
6363
7001
7212
7042
6573
5939
5359
4933
4742
4823
5071
5373
5601
5614
5347
4821
4012
3029
1946
817
-253
-1179
-1998
-2620
-3086
-3474
-3726
-3947
-4205
-4442
-4804
-5285
-5821
-6482
-7109
-7583
-7897
-7857
-7448
-6763
-5767
-4647
-3572
-2545
-1755
-1210
-787
-582
-442
-292
-237
-147
-66
-61
69
278
632
1281
2091
3067
4177
5131
5933
6462
6588
6480
6131
5649
5266
4980
4886
5038
5274
5573
5788
5778
5528
4999
4193
3253
2189
1103
65
-900
-1760
-2469
-3042
-3469
-3747
-3957
-4120
-4311
-4601
-5028
-5572
-6235
-6875
-7414
-7743
-7758
-7430
-6794
-5885
-4881
-3847
-2907
-2123
-1502
-1039
-690
-407
-175
-22
78
60
5
-51
5
249
773
1551
2550
3647
4705
5564
6178
6442
6411
6157
5743
5343
5020
4840
4835
4960
5158
5392
5489
5446
5156
4592
3815
2829
1734
652
-395
-1267
-1972
-2505
-2857
-3093
-3290
-3480
-3779
-4184
-4682
-5305
-5926
-6519
-6999
-7289
-7361
-7216
-6805
-6215
-5474
-4656
-3838
-3061
-2347
-1767
-1290
-919
-647
-434
-298
-198
-116
-19
94
289
590
1050
1692
2468
3354
4264
5102
5766
6170
6308
6172
5896
5525
5212
5031
5016
5171
5417
5660
5775
5696
5331
4699
3834
2791
1691
598
-405
-1262
-1948
-2488
-2865
-3143
-3387
-3593
-3892
-4236
-4671
-5191
-5752
-6315
-6825
-7182
-7318
-7208
-6794
-6161
-5353
-4478
-3656
-2921
-2349
-1906
-1572
-1279
-1009
-715
-433
-202
-4
86
175
268
482
890
1523
2373
3356
4359
5240
5903
6248
6286
6066
5679
5301
4997
4890
4981
5239
5566
5851
5966
5800
5359
4589
3638
2546
1447
427
-474
-1210
-1791
-2223
-2554
-2808
-3043
-3312
-3630
-4043
-4534
-5098
-5694
-6261
-6730
-7050
-7176
-7070
-6770
-6260
-5632
-4924
-4193
-3509
-2880
-2336
-1889
-1492
-1167
-873
-621
-418
-251
-119
10
189
470
921
1573
2395
3328
4268
5073
5692
6039
6127
6031
5793
5559
5402
5331
5427
5625
5844
6065
6124
5985
5638
5025
4226
3307
2276
1289
354
-513
-1224
-1828
-2354
-2729
-3092
-3420
-3713
-4118
-4550
-5044
-5638
-6158
-6657
-7067
-7261
-7338
-7203
-6845
-6386
-5759
-5048
-4384
-3665
-3056
-2516
-1990
-1577
-1180
-799
-529
-291
-108
-36
99
262
539
1079
1766
2660
3673
4618
5441
6045
6312
6342
6172
5845
5618
5431
5415
5591
5823
6113
6330
6367
6188
5788
5107
4291
3317
2250
1243
248
-594
-1305
-1886
-2364
-2749
-3118
-3487
-3844
-4298
-4732
-5219
-5732
-6209
-6690
-7092
-7359
-7487
-7442
-7163
-6769
-6183
-5489
-4787
-4010
-3302
-2649
-2010
-1492
-1049
-642
-402
-211
-66
-24
138
363
703
1296
2002
2852
3808
4662
5416
5996
6273
6383
6306
6077
5913
5763
5737
5882
6077
6332
6528
6560
6390
5978
5296
4423
3404
2285
1224
191
-689
-1423
-2003
-2437
-2794
-3101
-3434
-3802
-4257
-4764
-5339
-5923
-6493
-6998
-7388
-7665
-7760
-7722
-7493
-7103
-6575
-5875
-5112
-4294
-3490
-2780
-2152
-1605
-1174
-751
-395
-70
233
456
656
829
1026
1291
1755
2341
3135
4035
4898
5749
6376
6775
6951
6864
6655
6425
6203
6133
6176
6261
6392
6387
6243
5905
5347
4628
3766
2837
1847
894
-67
-934
-1715
-2394
-2931
-3380
-3741
-4075
-4417
-4822
-5265
-5778
-6330
-6874
-7397
-7823
-8103
-8207
-8095
-7748
-7208
-6484
-5636
-4770
-3902
-3116
-2435
-1817
-1304
-858
-439
-87
201
468
631
799
979
1182
1581
2132
2889
3868
4858
5853
6669
7193
7436
7342
7026
6596
6176
5864
5755
5803
5977
6176
6273
6185
5876
5281
4504
3553
2518
1509
525
-339
-1074
-1726
-2243
-2730
-3176
-3623
-4124
-4660
-5254
-5884
-6513
-7131
-7692
-8127
-8429
-8519
-8387
-8059
-7513
-6829
-6056
-5240
-4470
-3745
-3085
-2497
-1935
-1396
-890
-386
44
391
659
837
981
1179
1456
1930
2600
3427
4397
5371
6232
6966
7394
7577
7507
7191
6793
6345
5924
5636
5473
5432
5501
5564
5552
5429
5067
4500
3753
2807
1806
771
-241
-1139
-1944
-2667
-3260
-3841
-4374
-4872
-5384
-5872
-6330
-6788
-7140
-7434
-7651
-7735
-7746
-7639
-7378
-7023
-6514
-5890
-5224
-4496
-3769
-3090
-2415
-1796
-1247
-704
-236
182
564
863
1114
1363
1599
1919
2368
2921
3645
4453
5256
6040
6649
7031
7179
7047
6720
6283
5764
5314
4981
4789
4797
4943
5133
5340
5385
5245
4873
4225
3376
2384
1274
190
-858
-1823
-2654
-3400
-4051
-4593
-5071
-5482
-5805
-6133
-6413
-6676
-6937
-7155
-7306
-7425
-7397
-7250
-6969
-6502
-5929
-5304
-4610
-3995
-3396
-2814
-2293
-1720
-1127
-533
87
669
1141
1555
1857
2080
2349
2633
3009
3559
4117
4784
5402
5907
6297
6506
6518
6386
6103
5718
5331
4955
4668
4520
4478
4559
4717
4836
4890
4783
4442
3873
3071
2044
925
-271
-1423
-2441
-3291
-3950
-4412
-4754
-5005
-5201
-5433
-5658
-5884
-6137
-6312
-6483
-6595
-6601
-6561
-6419
-6187
-5908
-5540
-5107
-4637
-4067
-3499
-2893
-2274
-1665
-1046
-419
184
769
1317
1780
2182
2494
2721
2922
3104
3328
3671
4094
4616
5170
5668
6049
6245
6176
5922
5468
4926
4420
4007
3795
3791
3975
4269
4584
4766
4745
4448
3852
3009
1990
870
-226
-1247
-2132
-2842
-3393
-3827
-4134
-4411
-4659
-4879
-5145
-5377
-5622
-5849
-6033
-6173
-6256
-6267
-6210
-6086
-5868
-5583
-5211
-4759
-4237
-3642
-3018
-2345
-1675
-998
-320
319
931
1472
1934
2279
2525
2650
2712
2775
2870
3094
3425
3840
4344
4821
5227
5508
5578
5466
5202
4792
4351
3940
3595
3422
3391
3490
3699
3921
4078
4098
3865
3374
2661
1764
791
-184
-1108
-1886
-2523
-3023
-3394
-3682
-3923
-4119
-4317
-4546
-4769
-5025
-5252
-5436
-5589
-5673
-5670
-5590
-5411
-5176
-4900
-4583
-4223
-3836
-3394
-2908
-2363
-1750
-1128
-499
89
617
1087
1487
1794
2039
2212
2332
2433
2521
2636
2828
3098
3444
3856
4252
4592
4806
4837
4706
4416
4030
3642
3304
3070
2995
3054
3231
3482
3704
3844
3818
3583
3139
2495
1702
837
-26
-833
-1506
-2066
-2476
-2779
-3017
-3214
-3444
-3697
-4007
-4338
-4672
-4959
-5167
-5300
-5309
-5264
-5117
-4934
-4709
-4455
-4203
-3886
-3563
-3160
-2739
-2269
-1773
-1271
-737
-248
250
669
1033
1313
1492
1627
1690
1793
1910
2123
2426
2801
3251
3670
4060
4313
4424
4351
4105
3754
3340
2981
2727
2650
2759
3037
3428
3831
4178
4364
4361
4107
3636
2975
2198
1388
601
-101
-705
-1194
-1605
-1955
-2276
-2594
-2932
-3296
-3688
-4071
-4428
-4714
-4934
-5059
-5115
-5098
-5028
-4933
-4824
-4708
-4572
-4406
-4171
-3865
-3470
-2995
-2471
-1918
-1367
-853
-382
19
356
612
833
1024
1215
1428
1678
1987
2346
2747
3158
3539
3857
4062
4140
4080
3904
3653
3380
3161
3027
3046
3192
3472
3818
4184
4490
4677
4694
4517
4146
3611
2951
2238
1497
794
151
-406
-892
-1331
-1750
-2199
-2663
-3159
-3630
-4079
-4449
-4742
-4926
-4998
-4978
-4892
-4770
-4659
-4580
-4544
-4526
-4526
-4497
-4434
-4303
-4088
-3772
-3346
-2831
-2248
-1642
-1030
-456
81
539
930
1242
1492
1708
1913
2129
2389
2691
3038
3400
3753
4029
4226
4290
4213
4031
3773
3518
3312
3242
3305
3531
3859
4241
4606
4867
4980
4881
4579
4085
3439
2708
1929
1171
445
-202
-801
-1350
-1861
-2365
-2831
-3287
-3691
-4049
-4323
-4530
-4664
-4726
-4760
-4768
-4791
-4843
-4930
-5056
-5192
-5312
-5369
-5340
-5181
-4895
-4461
-3899
-3235
-2498
-1744
-986
-281
355
892
1321
1645
1879
2043
2169
2294
2442
2633
2892
3194
3527
3853
4109
4267
4298
4212
4030
3808
3583
3438
3401
3502
3716
4014
4343
4634
4832
4861
4706
4329
3777
3073
2282
1458
667
-63
-695
-1239
-1699
-2097
-2454
-2782
-3098
-3406
-3716
-4025
-4341
-4625
-4882
-5078
-5221
-5318
-5387
-5435
-5472
-5482
-5464
-5403
-5272
-5041
-4699
-4203
-3578
-2843
-2031
-1218
-438
255
849
1320
1680
1918
2078
2160
2199
2230
2278
2379
2568
2845
3205
3610
4008
4351
4603
4709
4663
4478
4173
3838
3511
3282
3182
3222
3379
3603
3815
3953
3956
3771
3395
2841
2176
1465
761
133
-405
-841
-1209
-1531
-1840
-2167
-2517
-2914
-3319
-3750
-4151
-4527
-4828
-5068
-5226
-5305
-5336
-5304
-5247
-5147
-5026
-4879
-4689
-4453
-4157
-3785
-3332
-2799
-2208
-1562
-914
-270
295
784
1157
1421
1596
1697
1789
1869
1997
2162
2405
2699
3046
3406
3746
4013
4169
4178
4053
3801
3481
3128
2824
2614
2539
2605
2787
3052
3329
3591
3766
3829
3732
3486
3095
2606
2048
1491
952
462
10
-400
-815
-1225
-1670
-2131
-2601
-3055
-3461
-3810
-4087
-4311
-4472
-4597
-4680
-4748
-4789
-4827
-4839
-4842
-4804
-4728
-4579
-4366
-4056
-3674
-3215
-2710
-2166
-1603
-1042
-498
14
475
845
1137
1321
1437
1487
1528
1585
1703
1904
2192
2553
2940
3312
3606
3780
3808
3683
3443
3138
2832
2601
2480
2519
2689
2981
3327
3683
3974
4165
4231
4166
3990
3695
3316
2863
2356
1815
1266
719
193
-309
-788
-1254
-1715
-2176
-2628
-3055
-3450
-3796
-4100
-4354
-4548
-4698
-4817
-4915
-5011
-5107
-5193
-5260
-5294
-5265
-5153
-4936
-4607
-4183
-3664
-3099
-2495
-1894
-1323
-803
-350
16
318
570
788
1008
1238
1508
1819
2182
2578
2982
3344
3628
3795
3843
3788
3651
3464
3277
3130
3071
3119
3282
3548
3893
4272
4650
4981
5203
5281
5193
4942
4551
4055
3492
2900
2292
1704
1141
607
103
-391
-892
-1422
-1988
-2586
-3187
-3761
-4280
-4721
-5066
-5325
-5506
-5632
-5723
-5800
-5879
-5962
-6045
-6114
-6140
-6111
-5990
-5753
-5399
-4914
-4321
-3649
-2923
-2195
-1489
-826
-240
274
706
1065
1373
1647
1903
2175
2467
2788
3148
3523
3891
4221
4473
4642
4718
4707
4642
4544
4441
4377
4377
4438
4563
4726
4901
5059
5164
5189
5127
4965
4713
4377
3964
3493
2975
2416
1832
1223
595
-47
-705
-1372
-2054
-2745
-3432
-4096
-4720
-5288
-5780
-6194
-6528
-6788
-6982
-7124
-7221
-7281
-7302
-7272
-7180
-7015
-6766
-6428
-6002
-5482
-4879
-4202
-3466
-2698
-1921
-1162
-441
229
825
1350
1809
2212
2580
2930
3278
3635
4009
4391
4773
5124
5422
5649
5778
5806
5738
5584
5377
5153
4946
4778
4664
4606
4601
4629
4678
4720
4723
4666
4521
4279
3947
3533
3052
2509
1916
1288
629
-63
-769
-1480
-2185
-2881
-3571
-4240
-4887
-5495
-6045
-6526
-6924
-7230
-7434
-7545
-7569
-7523
-7413
-7255
-7075
-6879
-6677
-6451
-6182
-5849
-5424
-4892
-4238
-3483
-2650
-1771
-892
-40
752
1465
2095
2645
3116
3529
3892
4225
4531
4813
5082
5333
5573
5791
5981
6133
6225
6231
6147
5968
5703
5371
4993
4608
4245
3935
3694
3525
3414
3335
3257
3154
2992
2762
2461
2099
1685
1230
753
259
-255
-792
-1362
-1963
-2595
-3247
-3899
-4537
-5132
-5667
-6128
-6504
-6787
-6967
-7046
-7034
-6958
-6839
-6688
-6510
-6309
-6073
-5804
-5491
-5119
-4690
-4204
-3666
-3089
-2474
-1825
-1157
-474
220
912
1586
2232
2833
3378
3854
4256
4582
4838
5031
5167
5271
5345
5407
5473
5533
5572
5564
5481
5321
5075
4751
4379
3971
3560
3168
2820
2543
2343
2207
2114
2035
1942
1817
1649
1430
1163
852
504
123
-285
-724
-1196
-1692
-2202
-2705
-3202
-3680
-4125
-4524
-4871
-5163
-5389
-5562
-5683
-5751
-5772
-5742
-5660
-5530
-5362
-5159
-4919
-4650
-4350
-4026
-3690
-3330
-2935
-2499
-2018
-1499
-949
-379
205
794
1373
1938
2462
2921
3310
3621
3869
4063
4216
4334
4429
4511
4588
4660
4722
4757
4753
4694
4567
4366
4091
3745
3335
2898
2468
2078
1755
1508
1338
1247
1220
1241
1286
1319
1317
1264
1155
988
762
490
170
-191
-576
-987
-1412
-1846
-2292
-2740
-3192
-3630
-4041
-4420
-4745
-5005
-5183
-5272
-5273
-5195
-5052
-4870
-4657
-4433
-4212
-3996
-3801
-3616
-3426
-3210
-2937
-2598
-2191
-1718
-1182
-598
15
633
1231
1780
2269
2695
3050
3336
3555
3720
3843
3931
3999
4050
4078
4089
4067
4023
3957
3865
3749
3600
3411
3194
2956
2709
2469
2245
2042
1870
1724
1607
1517
1444
1385
1332
1269
1184
1070
912
723
496
224
-73
-408
-768
-1137
-1530
-1932
-2343
-2766
-3175
-3578
-3963
-4297
-4599
-4835
-4984
-5076
-5086
-5029
-4933
-4773
-4589
-4392
-4157
-3934
-3698
-3432
-3168
-2853
-2489
-2102
-1651
-1180
-708
-199
297
783
1276
1714
2128
2514
2832
3130
3391
3603
3806
3975
4111
4244
4331
4385
4415
4381
4322
4225
4065
3876
3640
3360
3078
2777
2482
2221
1970
1755
1566
1373
1216
1078
961
871
778
691
605
497
376
219
13
-224
-521
-872
-1257
-1674
-2093
-2512
-2932
-3341
-3728
-4071
-4364
-4612
-4815
-4962
-5047
-5070
-5032
-4936
-4790
-4590
-4357
-4110
-3841
-3554
-3252
-2940
-2638
-2312
-1957
-1581
-1167
-738
-285
210
709
1218
1726
2205
2670
3090
3439
3733
3965
4160
4318
4415
4485
4529
4543
4539
4490
4404
4291
4121
3905
3632
3301
2936
2541
2134
1734
1362
1046
782
579
433
349
325
336
376
414
434
438
401
320
191
-4
-251
-559
-927
-1326
-1761
-2194
-2617
-3037
-3421
-3759
-4042
-4252
-4401
-4482
-4487
-4439
-4338
-4199
-4049
-3885
-3713
-3537
-3352
-3166
-2977
-2777
-2562
-2316
-2025
-1683
-1279
-827
-353
138
634
1124
1596
2044
2452
2807
3100
3331
3505
3639
3741
3820
3879
3913
3921
3909
3862
3798
3702
3566
3390
3160
2883
2564
2218
1859
1505
1174
875
622
424
282
191
146
130
139
161
179
189
185
160
108
21
-104
-268
-478
-734
-1024
-1344
-1687
-2033
-2367
-2680
-2955
-3187
-3374
-3521
-3635
-3712
-3744
-3736
-3696
-3633
-3560
-3473
-3357
-3210
-3029
-2820
-2582
-2310
-2008
-1678
-1326
-958
-577
-192
198
586
966
1342
1702
2037
2354
2639
2889
3110
3289
3438
3552
3623
3662
3665
3629
3567
3470
3337
3171
2971
2747
2500
2224
1939
1649
1359
1090
842
620
432
275
155
72
25
12
23
53
92
127
155
164
142
74
-34
-199
-414
-659
-947
-1267
-1604
-1946
-2270
-2566
-2837
-3061
-3250
-3406
-3514
-3584
-3601
-3574
-3513
-3421
-3311
-3194
-3065
-2915
-2744
-2551
-2339
-2116
-1877
-1619
-1335
-1029
-701
-347
27
406
784
1168
1546
1914
2260
2581
2868
3121
3339
3522
3658
3744
3776
3758
3692
3587
3447
3274
3066
2840
2599
2347
2095
1846
1602
1370
1154
956
784
629
499
387
294
222
173
134
104
77
46
2
-55
-125
-224
-348
-507
-702
-930
-1176
-1433
-1692
-1955
-2209
-2453
-2682
-2887
-3059
-3201
-3315
-3397
-3452
-3482
-3484
-3459
-3415
-3342
-3245
-3123
-2976
-2802
-2591
-2352
-2086
-1787
-1458
-1096
-716
-311
108
527
944
1353
1745
2119
2468
2784
3071
3321
3526
3685
3799
3879
3918
3921
3888
3817
3713
3575
3403
3198
2959
2684
2387
2068
1738
1409
1091
799
529
285
77
-95
-228
-319
-380
-408
-422
-429
-437
-456
-486
-531
-594
-670
-775
-906
-1057
-1225
-1396
-1580
-1770
-1967
-2168
-2367
-2549
-2723
-2883
-3021
-3140
-3233
-3294
-3329
-3327
-3295
-3229
-3129
-2996
-2829
-2637
-2412
-2157
-1855
-1522
-1163
-782
-390
6
404
799
1184
1558
1909
2238
2547
2822
3069
3280
3447
3578
3663
3718
3744
3737
3688
3590
3443
3262
3044
2802
2543
2270
1993
1714
1441
1172
906
641
382
134
-90
-299
-477
-631
-760
-851
-904
-915
-889
-838
-770
-697
-634
-590
-571
-585
-638
-737
-875
-1054
-1259
-1472
-1688
-1896
-2102
-2293
-2470
-2622
-2751
-2857
-2938
-2985
-3001
-2986
-2934
-2850
-2731
-2579
-2388
-2172
-1924
-1646
-1349
-1036
-703
-360
-3
355
711
1063
1406
1741
2058
2351
2620
2854
3048
3205
3316
3388
3419
3406
3352
3259
3140
2996
2828
2645
2438
2219
1983
1738
1483
1213
935
656
383
123
-125
-345
-533
-690
-805
-889
-934
-941
-923
-878
-822
-754
-685
-624
-574
-543
-537
-561
-611
-691
-805
-949
-1118
-1301
-1493
-1691
-1885
-2059
-2210
-2326
-2411
-2466
-2492
-2495
-2468
-2415
-2342
-2245
-2127
-1981
-1809
-1611
-1388
-1134
-854
-551
-229
102
431
742
1040
1323
1590
1843
2071
2275
2453
2604
2729
2825
2897
2932
2942
2914
2851
2755
2624
2465
2277
2064
1836
1591
1337
1072
803
545
302
75
-141
-338
-511
-658
-766
-842
-888
-906
-900
-873
-824
-759
-691
-624
-565
-520
-495
-502
-532
-591
-672
-768
-872
-978
-1092
-1204
-1312
-1419
-1511
-1587
-1649
-1701
-1744
-1772
-1789
-1798
-1787
-1762
-1711
-1629
-1524
-1391
-1239
-1063
-864
-640
-399
-146
122
388
655
915
1163
1394
1594
1766
1903
2001
2070
2102
2111
2096
2060
2007
1942
1867
1780
1695
1613
1531
1440
1335
1210
1071
921
765
602
428
250
67
-113
-276
-420
-538
-623
-681
-717
-732
-733
-712
-673
-622
-555
-486
-420
-363
-314
-270
-242
-231
-247
-292
-364
-455
-558
-671
-797
-924
-1055
-1181
-1293
-1394
-1473
-1521
-1544
-1533
-1496
-1440
-1359
-1262
-1143
-1013
-876
-731
-578
-418
-260
-106
39
181
320
447
569
685
797
902
1011
1115
1207
1284
1343
1389
1424
1448
1460
1460
1448
1422
1379
1325
1264
1192
1107
1007
894
763
626
496
367
248
135
30
-61
-140
-196
-230
-244
-239
-228
-206
-178
-146
-114
-88
-67
-54
-55
-69
-96
-141
-196
-271
-367
-476
-600
-726
-856
-986
-1115
-1240
-1353
-1452
-1527
-1575
-1600
-1602
-1577
-1530
-1461
-1367
-1253
-1117
-972
-825
-676
-525
-379
-234
-85
62
215
360
493
616
732
844
951
1050
1140
1217
1288
1350
1406
1459
1498
1526
1534
1517
1493
1451
1392
1321
1231
1118
989
850
708
565
427
298
185
89
3
-75
-148
-210
-256
-288
-307
-315
-320
-320
-316
-310
-311
-322
-336
-364
-399
-441
-492
-556
-638
-730
-830
-932
-1029
-1117
-1197
-1270
-1333
-1380
-1407
-1416
-1410
-1384
-1340
-1277
-1192
-1092
-975
-842
-698
-541
-374
-199
-23
150
321
479
624
758
874
982
1075
1161
1234
1288
1335
1365
1389
1400
1397
1387
1362
1331
1287
1227
1163
1086
1009
928
839
741
635
528
412
300
190
81
-19
-118
-208
-286
-350
-395
-424
-441
-445
-433
-421
-414
-408
-410
-413
-413
-425
-441
-478
-526
-585
-660
-734
-815
-889
-963
-1030
-1086
-1145
-1189
-1227
-1247
-1248
-1237
-1198
-1147
-1071
-986
-891
-781
-673
-539
-402
-260
-109
37
191
336
481
620
745
870
979
1092
1195
1281
1353
1393
1425
1446
1457
1463
1452
1429
1388
1332
1262
1181
1098
1001
896
778
649
525
398
280
164
65
-16
-89
-141
-192
-233
-259
-281
-290
-299
-309
-326
-351
-370
-401
-438
-481
-534
-592
-664
-740
-826
-916
-1005
-1099
-1183
-1257
-1322
-1373
-1414
-1451
-1477
-1488
-1485
-1460
-1414
-1350
-1260
-1156
-1029
-879
-714
-528
-340
-146
53
249
449
642
822
986
1133
1266
1384
1489
1583
1658
1711
1746
1760
1759
1740
1711
1672
1612
1539
1450
1350
1238
1118
997
872
744
609
472
342
216
98
-15
-125
-235
-338
-426
-503
-563
-613
-658
-691
-716
-738
-755
-768
-779
-792
-823
-864
-911
-963
-1021
-1077
-1130
-1181
-1234
-1287
-1335
-1367
-1382
-1381
-1366
-1335
-1293
-1240
-1172
-1089
-990
-876
-747
-605
-456
-298
-130
39
214
392
577
764
943
1112
1267
1411
1540
1654
1748
1824
1875
1902
1899
1881
1855
1819
1764
1678
1574
1459
1340
1216
1081
939
794
649
501
349
194
44
-96
-228
-346
-454
-556
-652
-740
-823
-899
-967
-1027
-1081
-1123
-1159
-1187
-1213
-1242
-1267
-1284
-1292
-1286
-1275
-1261
-1244
-1229
-1208
-1185
-1154
-1113
-1068
-1022
-975
-924
-866
-795
-716
-632
-543
-448
-339
-221
-94
43
185
328
474
619
766
912
1058
1204
1341
1465
1576
1668
1746
1808
1852
1876
1877
1862
1826
1770
1698
1600
1494
1376
1245
1104
948
788
629
470
314
160
10
-133
-270
-397
-510
-618
-721
-821
-912
-998
-1084
-1160
-1227
-1289
-1337
-1380
-1414
-1439
-1458
-1462
-1458
-1442
-1408
-1367
-1308
-1240
-1169
-1098
-1030
-954
-868
-775
-675
-577
-482
-393
-309
-222
-135
-45
46
135
223
309
392
474
554
641
732
818
907
989
1057
1119
1181
1239
1289
1333
1373
1403
1421
1426
1418
1394
1351
1288
1208
1113
1006
898
785
666
546
420
296
175
50
-73
-192
-305
-411
-519
-626
-734
-837
-927
-998
-1053
-1091
-1106
-1105
-1095
-1070
-1040
-1009
-968
-929
-899
-874
-854
-831
-800
-763
-717
-669
-617
-559
-498
-429
-361
-295
-239
-187
-136
-89
-39
8
50
90
135
190
245
297
348
402
457
517
578
631
682
727
763
793
819
843
859
866
861
848
833
806
770
727
681
631
584
535
482
426
371
311
246
174
95
18
-52
-116
-176
-234
-294
-357
-420
-477
-527
-565
-597
-629
-658
-681
-702
-717
-718
-706
-684
-657
-624
-593
-565
-525
-480
-430
-384
-339
-291
-249
-204
-159
-117
-77
-45
-18
6
28
55
77
93
107
118
122
130
141
155
172
188
207
230
255
281
303
316
326
336
351
368
381
389
388
390
395
397
401
407
408
407
401
387
366
338
307
283
262
236
209
173
134
93
61
27
-19
-65
-116
-161
-204
-247
-288
-332
-375
-412
-442
-462
-472
-478
-483
-483
-479
-465
-443
-418
-388
-356
-324
-289
-256
-226
-198
-173
-158
-152
-148
-145
-138
-119
-99
-80
-61
-46
-27
-3
21
38
51
68
80
90
100
105
110
119
133
164
200
239
274
301
330
356
386
414
439
462
472
468
454
434
420
416
413
406
380
340
294
252
212
171
131
85
36
-12
-54
-95
-133
-169
-212
-258
-304
-338
-364
-392
-419
-438
-445
-445
-443
-445
-440
-422
-400
-373
-344
-322
-303
-286
-270
-253
-233
-210
-183
-151
-120
-94
-72
-51
-28
-2
26
50
69
79
82
87
102
122
143
169
199
234
268
299
323
339
351
355
356
347
327
309
281
258
240
218
201
187
171
160
160
166
175
183
186
193
196
191
171
134
91
43
-5
-56
-111
-171
-225
-271
-309
-341
-368
-378
-373
-365
-361
-365
-369
-369
-371
-371
-369
-365
-361
-364
-361
-345
-312
-262
-213
-166
-114
-55
11
69
116
171
212
233
237
235
251
275
284
282
269
253
241
222
205
201
205
207
196
173
155
152
156
157
151
145
138
128
113
103
103
111
107
90
72
55
48
39
30
24
14
6
-12
-32
-49
-61
-63
-65
-74
-88
-101
-116
-134
-150
-169
-187
-205
-216
-222
-224
-218
-213
-210
-209
-213
-204
-194
-179
-168
-158
-142
-126
-105
-89
-74
-52
-23
8
34
52
66
76
80
87
98
121
140
152
153
145
144
150
160
166
163
157
143
130
119
105
104
95
80
67
56
50
45
32
19
10
-3
-14
-31
-49
-65
-73
-72
-66
-59
-53
-43
-35
-22
-8
8
25
41
56
61
64
67
66
70
72
74
74
65
56
43
24
11
0
-17
-27
-41
-53
-65
-76
-87
-94
-95
-95
-95
-101
-105
-106
-106
-99
-94
-89
-85
-86
-86
-76
-61
-44
-28
-19
-21
-27
-34
-37
-31
-20
-11
-12
-21
-25
-23
-12
4
16
24
20
16
17
19
30
46
62
70
69
66
73
85
100
116
124
129
130
128
123
117
117
124
124
122
114
106
94
82
71
52
37
21
4
-11
-32
-51
-66
-82
-91
-95
-99
-102
-110
-123
-132
-139
-136
-130
-121
-116
-116
-109
-103
-91
-78
-65
-52
-47
-48
-50
-46
-36
-24
-20
-16
-14
-10
5
17
31
44
47
49
52
58
63
66
69
74
76
76
74
75
75
72
71
70
65
60
53
51
52
53
49
41
30
19
15
15
17
17
11
0
-9
-12
-17
-23
-23
-25
-27
-30
-35
-42
-46
-48
-46
-43
-44
-50
-58
-67
-75
-80
-73
-60
-51
-49
-53
-57
-54
-45
-33
-19
-9
-5
0
7
14
22
33
41
43
41
36
36
37
40
41
37
33
28
27
26
23
15
5
-2
-3
2
6
3
-4
-10
-14
-12
-8
-1
5
11
17
17
16
21
22
24
26
30
32
37
38
38
34
26
24
23
23
21
16
7
-2
-6
-7
-9
-10
-10
-6
-1
-4
-6
-12
-17
-18
-18
-18
-20
-22
-23
-27
-36
-45
-56
-62
-59
-55
-51
-48
-51
-52
-52
-51
-47
-44
-38
-33
-25
-16
-7
-3
-7
-13
-14
-9
-3
1
-4
-7
-8
-3
1
1
3
0
-3
0
5
15
24
31
33
30
38
46
55
69
79
91
93
92
92
86
87
89
93
96
93
85
67
56
55
58
58
45
28
6
-15
-26
-36
-41
-43
-44
-54
-65
-69
-73
-72
-74
-69
-67
-71
-73
-68
-68
-68
-67
-63
-58
-59
-54
-55
-59
-58
-54
-47
-47
-47
-46
-48
-42
-31
-21
-11
-14
-12
-11
-17
-10
-2
6
7
13
12
13
15
23
35
42
53
59
64
65
75
88
94
99
104
109
102
102
110
112
114
118
115
100
87
81
81
67
53
37
2
-25
-42
-47
-55
-69
-80
-96
-115
-133
-131
-132
-134
-132
-130
-134
-142
-139
-133
-125
-123
-112
-97
-87
-77
-58
-43
-43
-32
-16
-11
-10
3
25
25
19
41
51
37
42
60
62
55
71
96
99
103
124
128
112
112
129
143
141
149
152
134
120
124
132
123
118
120
108
88
82
75
52
33
26
12
-10
-22
-32
-50
-79
-97
-106
-120
-139
-150
-164
-180
-188
-186
-183
-190
-196
-194
-192
-194
-183
-165
-149
-142
-135
-122
-113
-94
-75
-51
-31
-20
-6
11
29
46
57
67
74
81
91
96
95
97
102
107
104
105
113
115
115
124
130
128
121
114
111
110
114
120
120
109
101
99
93
85
79
68
57
50
45
32
18
6
-10
-22
-31
-38
-44
-54
-60
-71
-83
-88
-94
-100
-107
-111
-115
-117
-114
-107
-94
-85
-85
-84
-82
-80
-74
-68
-65
-60
-55
-48
-46
-43
-34
-25
-14
-6
-2
-3
-4
-5
1
6
12
17
20
24
27
32
38
41
47
48
53
55
57
60
60
54
51
50
47
50
53
57
55
52
47
33
31
29
28
30
30
31
31
24
12
1
-5
-7
-3
1
-3
-8
-13
-21
-27
-32
-34
-34
-33
-29
-27
-28
-32
-40
-43
-40
-35
-33
-34
-36
-36
-34
-28
-25
-24
-22
-17
-5
-2
-4
-9
-17
-18
-12
-7
-3
1
-1
0
0
-3
4
13
13
13
10
5
9
13
15
18
18
18
21
25
29
33
29
24
20
16
10
9
10
14
20
20
13
14
16
14
12
10
12
15
19
17
7
-4
-14
-13
-6
-2
4
5
0
-4
-5
-6
-3
-5
-12
-21
-25
-20
-13
-9
-6
-13
-25
-32
-30
-25
-22
-16
-14
-17
-13
-16
-14
-10
-12
-9
-3
-3
-4
-6
-6
-4
0
0
-2
-1
4
9
12
14
15
14
12
9
8
13
22
26
24
19
13
13
18
20
21
19
16
9
5
4
5
5
-3
-8
-6
-3
-4
-9
-13
-6
0
-2
-9
-17
-18
-15
-10
-8
-7
-5
-3
-6
-8
-8
-4
0
-4
-8
-9
-10
-6
4
11
6
4
1
-4
-2
1
6
6
-4
-8
-7
0
5
7
4
1
5
3
1
4
5
11
10
-2
-11
-12
-5
0
-3
-3
-4
-2
4
4
6
9
8
8
7
4
2
0
-4
-5
0
3
5
4
-6
-6
2
7
10
7
4
4
9
12
10
7
3
-2
-7
-9
-5
2
3
-2
-5
