SAMPLES:	13112
BITSPERSAMPLE:	16
CHANNELS:	1
SAMPLERATE:	16000
NORMALIZED:	FALSE
-11
14
2
-6
-2
-30
-79
-100
-19
139
239
222
125
27
10
61
141
197
124
-16
-112
-127
-38
52
71
45
-29
-83
-113
-141
-107
-37
17
39
29
47
68
36
17
16
18
37
71
134
139
25
-97
-161
-159
-110
-67
-42
-36
-15
41
78
94
148
211
221
167
109
87
49
0
-8
-17
-49
-47
10
43
-14
-71
-58
-38
-52
-97
-130
-111
-74
-54
-80
-141
-132
-71
-23
20
45
57
7
-83
-112
-97
-51
16
45
26
-39
-101
-91
-38
47
126
132
83
-9
-96
-127
-102
-18
26
-13
-106
-198
-205
-124
18
133
151
106
45
9
19
17
7
-12
-3
76
151
209
217
135
44
-29
-43
5
42
89
124
155
189
155
74
-34
-103
-74
-18
47
82
76
71
56
70
102
125
126
66
11
4
25
45
5
-53
-79
-92
-105
-150
-199
-213
-190
-125
-59
-38
-59
-113
-170
-195
-191
-157
-121
-97
-83
-108
-137
-140
-78
36
89
72
27
-1
29
70
117
146
98
-10
-131
-174
-91
26
100
102
77
89
112
120
75
-6
-44
-15
76
178
227
215
150
93
71
76
69
15
-23
-39
-51
-43
-58
-44
10
48
107
138
131
114
65
57
63
24
-9
-53
-74
-76
-127
-166
-154
-106
-41
-30
-75
-85
-38
20
57
38
1
-27
-61
-73
-56
-34
-18
-26
-36
-37
-67
-103
-135
-137
-70
15
65
64
11
-31
-14
19
34
7
-71
-128
-131
-76
20
95
128
125
112
98
46
-41
-129
-156
-95
4
68
61
-21
-87
-53
65
194
244
198
126
73
50
20
-32
-72
-59
14
84
87
36
-13
-2
79
177
232
191
75
-13
-28
21
68
49
7
-28
-53
-57
-75
-102
-119
-131
-120
-101
-88
-77
-68
-62
-53
-48
-54
-75
-115
-150
-168
-151
-83
8
84
105
43
-43
-81
-46
28
68
73
51
30
47
71
68
32
4
32
87
113
101
63
13
-18
-11
21
39
33
5
-33
-50
-34
-11
-25
-61
-73
-59
-31
6
20
12
-11
-19
3
33
40
-5
-94
-144
-112
-60
-20
34
113
161
145
115
96
69
49
52
40
7
1
28
19
-35
-58
-49
-65
-77
-5
101
138
101
23
-65
-127
-103
-25
4
-13
-8
-18
-83
-148
-137
-35
63
103
98
39
-44
-82
-68
-30
11
52
71
46
19
41
101
115
65
26
-2
-48
-56
-12
36
44
20
-12
-46
-67
-83
-87
-91
-84
-51
-28
-43
-58
-53
-41
-7
25
30
25
34
55
67
63
64
84
75
14
-45
-71
-90
-81
-38
-37
-72
-77
-48
4
62
97
117
129
107
101
106
70
15
-17
-43
-33
29
61
36
8
5
31
68
55
-5
-68
-96
-69
-12
33
43
8
-47
-91
-99
-69
-23
26
38
4
-44
-83
-121
-165
-187
-164
-102
-13
71
137
172
150
80
4
-15
45
108
98
23
-52
-67
-28
14
14
-26
-68
-91
-102
-87
-57
-28
-11
-15
-23
-24
-16
7
28
32
28
31
53
74
79
59
30
29
49
89
129
145
129
71
-10
-83
-98
-49
7
14
-21
-64
-88
-96
-98
-73
11
145
258
284
218
122
51
9
-22
-31
-25
-31
-72
-141
-186
-153
-58
29
49
-11
-106
-159
-144
-79
-7
33
33
13
3
26
85
147
156
80
-30
-71
-25
16
-26
-127
-197
-190
-147
-115
-99
-77
-32
8
17
19
41
71
71
47
37
43
41
13
-25
-28
5
39
51
50
65
83
78
52
21
-15
-59
-100
-112
-80
-13
41
40
6
3
34
46
27
7
8
8
-9
-17
-1
29
64
104
154
190
173
76
-55
-120
-85
-5
49
33
-24
-64
-72
-73
-89
-107
-107
-80
-38
2
50
71
45
24
33
42
29
15
32
83
145
150
48
-105
-191
-145
-18
58
31
-42
-93
-101
-76
-24
50
123
165
142
62
-48
-143
-166
-98
5
85
90
5
-104
-161
-132
-60
10
50
38
-12
-89
-150
-129
-46
42
86
50
-34
-95
-72
27
130
172
125
43
5
-1
33
109
158
157
107
24
-11
10
45
71
61
3
-87
-171
-199
-137
3
120
122
41
-69
-144
-124
-56
34
105
98
49
4
-13
20
64
75
41
-3
-13
-25
-64
-100
-94
-29
-1
-41
-90
-144
-202
-211
-156
-72
-31
-50
-45
1
52
71
51
-4
-29
48
174
217
126
-23
-95
-40
41
53
-1
-99
-183
-175
-71
48
118
145
168
219
277
265
151
-10
-126
-105
12
75
41
2
16
56
67
28
-12
11
55
67
34
5
44
131
181
146
69
-2
-62
-67
12
124
157
40
-148
-239
-187
-103
-60
-38
-1
40
13
-120
-275
-296
-156
3
36
-66
-198
-238
-164
-69
-60
-122
-167
-154
-82
6
25
-22
-31
28
66
36
-1
1
40
102
116
59
-12
-29
5
103
195
169
79
34
25
-13
-39
-11
50
144
247
256
119
-67
-168
-141
-18
96
90
-3
-79
-103
-70
18
85
96
86
40
-34
-63
-14
64
98
97
89
55
-25
-108
-135
-53
69
98
16
-58
-45
-20
-57
-147
-185
-95
58
144
133
88
86
149
217
211
118
17
-18
-20
-61
-141
-182
-148
-87
-88
-137
-114
-17
53
77
78
47
7
11
55
103
116
79
15
-76
-176
-252
-283
-287
-296
-293
-246
-192
-177
-165
-87
57
206
279
233
139
118
204
318
340
245
112
36
-5
-62
-121
-131
-78
-44
-54
-76
-79
-62
-29
17
59
106
105
38
-46
-75
-42
5
53
102
138
73
-94
-234
-175
60
225
165
-46
-178
-105
59
135
110
86
106
145
125
25
-44
-28
32
47
14
-37
-49
-9
74
191
248
183
26
-91
-102
-63
-92
-247
-409
-469
-391
-275
-208
-179
-161
-116
-71
-30
7
53
90
77
39
2
13
46
71
86
123
193
225
204
128
107
205
321
311
139
1
28
168
245
188
79
34
82
137
128
59
34
70
107
32
-131
-240
-267
-232
-229
-268
-323
-387
-421
-419
-375
-329
-304
-273
-160
50
167
58
-173
-304
-168
133
342
335
148
-5
20
118
224
265
246
188
99
-24
-157
-146
110
554
891
981
885
665
463
333
276
250
159
-8
-219
-450
-673
-949
-1187
-1206
-1002
-753
-658
-690
-721
-563
-155
315
621
662
599
549
511
496
461
404
323
174
-105
-470
-736
-738
-589
-471
-490
-544
-449
-232
32
248
498
673
698
798
1307
2050
2302
1726
768
116
-148
-267
-385
-315
-68
-49
-715
-1940
-2884
-2712
-1433
-14
583
141
-649
-960
-505
371
1212
1702
1697
1249
595
50
-220
-124
258
635
579
-35
-907
-1515
-1448
-750
19
224
-138
-536
-506
-50
537
988
1156
1077
864
583
268
0
-123
-109
-119
-346
-844
-1340
-1438
-1055
-489
-98
2
-85
-142
49
503
942
1076
970
860
778
614
359
117
-44
-142
-249
-431
-642
-751
-628
-317
14
169
136
66
78
207
358
455
398
238
167
218
189
-58
-353
-519
-509
-419
-387
-382
-353
-287
-307
-432
-485
-374
-84
208
365
339
259
245
286
307
306
326
252
127
39
-7
-25
-21
-12
-62
-157
-236
-262
-210
-97
74
194
178
85
10
31
109
242
294
259
220
153
63
-97
-169
-143
-59
-52
-124
-206
-310
-297
-188
30
243
329
272
163
154
215
226
167
50
-76
-181
-284
-313
-304
-189
-87
-24
71
164
246
132
-68
-180
-42
174
251
114
-168
-300
-272
-129
49
125
-5
-151
-151
-71
-25
-85
-141
-47
69
-44
-252
-421
-369
-153
10
117
219
341
367
334
189
26
-12
55
139
68
-207
-409
-424
-250
-48
29
99
134
222
212
243
254
283
404
349
208
-22
-108
15
179
175
31
-82
-125
-73
-32
-108
-186
-238
-265
-150
-64
15
139
220
81
-176
-283
-149
190
276
121
-10
-45
14
-24
-165
-269
-152
14
60
34
-41
25
164
127
5
-107
-174
-115
-4
102
98
12
-180
-248
-131
-50
101
166
196
171
80
-78
-286
-359
-278
78
310
150
-137
-308
-155
77
154
193
319
505
418
80
-266
-420
-173
115
265
177
-118
-371
-572
-527
-400
-143
175
254
153
-134
-302
-187
178
553
670
501
62
-252
-221
51
413
542
314
-124
-516
-607
-337
31
216
274
203
16
-149
-215
13
508
851
777
263
-352
-580
-257
231
414
294
-69
-330
-424
-515
-448
-344
-173
-33
6
-107
-335
-389
-277
42
262
198
-36
-299
-329
-87
303
463
250
-199
-512
-398
-104
37
-10
2
226
499
441
77
-164
75
625
871
490
-204
-396
23
550
603
147
-165
-95
244
393
313
157
100
217
148
-79
-370
-494
-467
-431
-416
-538
-661
-809
-856
-716
-585
-475
-472
-483
-376
-206
-97
-164
-173
-10
241
392
299
219
193
258
277
39
-193
-512
-625
-501
-118
1411
3646
4816
3806
1996
932
986
1505
1469
1572
1926
1426
-558
-3722
-6428
-6584
-4274
-1786
-1065
-2303
-4029
-4356
-2961
-619
1859
3406
3663
3221
2536
2064
2237
2690
3133
3062
1915
-182
-2543
-4114
-4174
-2948
-1928
-1967
-2724
-3246
-2493
-554
1645
3247
3914
3910
3747
3569
3329
2870
2286
1533
769
-191
-1570
-2959
-3878
-3774
-3134
-2416
-2186
-2227
-1856
-952
286
1059
1355
1586
2181
2949
3218
2810
1879
979
404
-96
-645
-1307
-1885
-2223
-2305
-2191
-1989
-1667
-1119
-266
715
1477
1707
1612
1594
1980
2407
2370
1724
615
-253
-781
-871
-877
-1169
-1471
-1670
-1605
-1478
-1299
-1039
-584
-1
421
703
734
741
808
793
724
371
-202
-666
-1017
-1272
-1456
-1604
-1728
-1755
-1606
-1344
-981
-611
-151
362
802
1157
1283
1236
1133
952
779
473
41
-289
-401
1018
4174
6511
5759
2983
829
560
1649
2225
2321
2743
2512
487
-3434
-7614
-8844
-6190
-2529
-901
-2269
-5265
-6719
-5138
-1775
1978
4383
4744
4155
3312
2705
3039
3922
4548
4601
3267
377
-3010
-5670
-6355
-4914
-3303
-3099
-4183
-5324
-4737
-1934
1670
4471
5937
6093
5635
5021
4370
3725
2887
1971
802
-874
-3208
-5450
-6517
-6187
-4865
-3477
-2710
-2550
-2273
-1172
690
2674
3959
4450
4719
4802
4427
3597
2539
1528
768
53
-1034
-2457
-3628
-4154
-3943
-3391
-2813
-2110
-1383
-425
801
2178
3328
3976
4151
4071
3886
3304
2320
951
-627
-1818
-2183
-1934
-1459
-1310
-1604
-1921
-1965
-1558
-828
144
1078
1708
1826
1304
485
-349
-901
-1104
-1348
-1771
-2493
-3383
-3991
-4089
-3529
-2648
-1890
-1406
-1098
-585
277
1351
2188
2596
2675
2534
2265
1946
1258
351
-733
-1406
-1667
-1397
1633
6347
8868
7215
4107
2249
2629
4175
4805
5407
5839
4227
-298
-6801
-12121
-12202
-7890
-3988
-3423
-6346
-9986
-10211
-6602
-1116
4348
7292
7449
6719
5611
5087
6207
7370
7678
6582
3139
-1913
-6565
-9412
-9203
-6800
-5524
-6303
-7824
-8155
-5707
-993
3618
7088
9055
9255
8762
8071
7187
6048
4473
2408
38
-2838
-6199
-8846
-9928
-9359
-7726
-6361
-5772
-5209
-3736
-1155
1922
4347
5872
7052
7859
8076
7505
6233
4735
3375
1762
-55
-2001
-3815
-5099
-5874
-5897
-5580
-4354
-2362
141
2983
5270
6650
6592
6105
5759
6040
6543
5967
3969
377
-3919
-7561
-9310
-9206
-8000
-7036
-7346
-8218
-8347
-6757
-3440
339
3422
5429
6319
6476
6546
6786
6908
6674
5402
3223
214
-3259
-6058
-7312
-7079
-6648
-6653
-7206
-7315
-5914
-3030
436
3061
4404
5154
5822
6592
6963
6482
5249
3163
758
-1551
-2944
-2517
156
3564
4779
3056
266
-986
185
2690
5222
7158
7528
5436
983
-3910
-6660
-6027
-3393
-1822
-3169
-6893
-10172
-10544
-7951
-3916
-236
1822
2193
1822
1832
2830
4795
6634
7250
6151
3406
95
-2795
-4402
-4506
-4015
-4435
-5996
-7290
-7184
-5118
-1805
1663
4205
5183
5146
5093
5401
5520
5282
4255
2643
583
-1814
-3756
-4891
-5064
-4815
-4648
-4799
-4765
-3969
-2451
-497
1338
2497
3110
3435
4071
5044
5830
7210
9058
10003
8393
5189
2299
568
-14
-753
-1512
-1916
-2371
-3766
-6341
-8756
-8846
-6053
-2552
-791
-1139
-2334
-2636
-1459
243
1776
2527
2413
1950
1281
354
-212
-29
584
760
-127
-1835
-3494
-4127
-3474
-1837
-652
-822
-1840
-2479
-1859
-271
1543
2888
3232
2514
1442
752
620
758
848
586
-408
-1890
-3275
-3779
-1933
2755
8255
10719
8749
4930
2747
3251
4867
6349
7257
6983
4399
-1061
-7596
-11924
-11610
-7704
-4509
-4956
-8294
-11100
-10787
-7246
-2134
2502
5416
6450
6184
5768
6162
7224
8245
7906
5928
2232
-2083
-5716
-7684
-7300
-6280
-6169
-7567
-8741
-7771
-4406
135
3705
5819
6545
6689
6967
7173
6893
5799
4243
2331
77
-2730
-5787
-7848
-8593
-8416
-8434
-8682
-8838
-7305
-4092
1148
9270
16517
19084
16243
13152
11897
12111
11404
9024
7330
4787
-719
-10174
-20233
-25007
-21573
-14001
-9287
-9672
-12353
-12322
-7182
473
7441
12089
13829
13533
12472
10240
8060
6924
6314
5042
1701
-3299
-8745
-12384
-13352
-11527
-9142
-8721
-9150
-8363
-4804
658
6036
9856
11711
12109
11645
10851
9418
6866
3571
273
-3068
-6587
-10265
-13010
-14207
-13758
-11744
-7947
-620
8107
13974
14683
13028
12319
12914
13757
13807
14106
13422
8803
-1032
-12774
-20221
-19766
-14121
-10094
-11014
-15047
-17627
-15321
-9097
-1610
4788
9050
11008
11060
9820
8566
8947
10239
10904
8826
3540
-3562
-9724
-12288
-11203
-8513
-7912
-9466
-10898
-9680
-5189
549
5779
9025
10601
10907
10593
9968
8832
7234
4877
1932
-1629
-5168
-8295
-10521
-11756
-11873
-10744
-8387
-2534
5662
11911
12843
10621
9385
10145
11873
12441
12723
12626
9796
2151
-8910
-17758
-19629
-15069
-9977
-9306
-13029
-16800
-16278
-11204
-4008
2715
7671
10342
11145
10175
8797
8959
10352
11390
10111
5993
-501
-6874
-10618
-10789
-8790
-7985
-9458
-11363
-10723
-6701
-955
4171
7400
9198
10126
10487
10302
9554
8159
6033
3096
-744
-4928
-8534
-10721
-11606
-11846
-11185
-8934
-3807
3631
10358
13375
12768
11289
10595
11168
12070
13263
13498
10259
2319
-8299
-16655
-18901
-15410
-10733
-8863
-10845
-14049
-14722
-11274
-4858
1904
7045
9596
9702
8246
6662
6593
7929
9216
8536
5182
-312
-6216
-9922
-10162
-8003
-6577
-7651
-9854
-10557
-7846
-2379
3465
7505
9055
9094
8850
8800
8520
7731
6276
3777
172
-3879
-7219
-9354
-10204
-10097
-9333
-7878
-5670
-361
7911
15037
16891
14615
12370
11798
12394
11984
11333
10476
7128
-444
-10924
-19203
-20495
-15206
-9893
-9693
-13646
-16762
-14962
-9324
-3088
2143
5946
8042
8624
7737
6225
6206
8121
10221
9578
4929
-1866
-7272
-9302
-8518
-6692
-6749
-9082
-11123
-10141
-5611
326
5489
8738
10406
10950
10859
10539
9949
8731
6551
3090
-1396
-6047
-9956
-12185
-12604
-11715
-10249
-8500
-4876
1937
9854
14638
14845
13056
11806
12290
13230
13408
12371
9069
2652
-6326
-14665
-18596
-16856
-12689
-10559
-11850
-14442
-14707
-11199
-5435
372
4887
7710
9023
9055
8250
7856
8660
9978
9812
6671
1016
-4800
-8502
-9541
-8719
-8265
-9374
-11241
-11540
-8478
-2959
2822
6839
9039
9920
10123
10160
9751
8681
6572
3504
-302
-4272
-7838
-10394
-11617
-11560
-10437
-8647
-5574
177
7919
13851
15566
14142
12351
11895
12412
12949
12949
11164
6100
-2048
-10851
-16867
-17518
-14022
-10732
-10408
-12336
-13519
-11978
-7973
-2788
2392
6445
8360
8290
7176
6314
6728
8147
8876
6902
2263
-3394
-7876
-10012
-9828
-8364
-7946
-9102
-10349
-9004
-4685
886
5825
8789
10134
10037
9500
8926
8237
7146
5134
2097
-1975
-5996
-9015
-10571
-10744
-10036
-8493
-6214
-2352
4639
12603
16885
15401
12131
11001
12015
13092
12395
10905
7813
1957
-6764
-15615
-20077
-18164
-12704
-9658
-10911
-13776
-14133
-10547
-4936
592
4852
7586
8508
8077
6899
6108
6902
8203
8041
5019
237
-4695
-8319
-9668
-9017
-7687
-8154
-9711
-9813
-6615
-1303
3619
7177
9473
11120
11749
11650
10637
8924
6725
3784
91
-4184
-8023
-10760
-11885
-11629
-10707
-9546
-7594
-2898
4953
12713
16513
15679
13246
12032
12420
12866
12131
10021
5992
-120
-8003
-15528
-19325
-17915
-13640
-10618
-10887
-12652
-12907
-10032
-4564
1690
6871
9597
9977
8679
7145
6873
8046
9263
8418
4901
-549
-6255
-10042
-10856
-9276
-7921
-8435
-9959
-10172
-7337
-2176
3735
8254
10722
11308
10845
10013
8854
7604
5875
3315
-531
-4889
-8768
-11114
-11444
-10290
-8770
-7228
-4391
987
8011
13376
15014
13880
12660
12662
13114
12710
11058
8292
4358
-1450
-8659
-14906
-17177
-15191
-12106
-11076
-12520
-13868
-12846
-9074
-3843
1289
5075
7196
7733
7240
6596
6830
8135
9022
7681
3388
-2240
-7001
-9487
-9718
-9007
-8575
-8999
-9374
-8276
-4979
-110
4813
8634
10592
10839
10251
9568
9057
8016
5848
2383
-1715
-5482
-8140
-9538
-9712
-9110
-8018
-5934
-1885
4535
10427
13543
13177
12025
11748
12356
12920
12221
10614
7404
2276
-5101
-12463
-16594
-16098
-13164
-11463
-12417
-14525
-14945
-12299
-7084
-1213
3464
6171
6978
6833
6500
7036
8257
9296
8570
5217
110
-5208
-8635
-9646
-8737
-8047
-8568
-9751
-9815
-6938
-1794
3857
7773
9761
10442
10793
11037
10567
9441
7349
4262
-75
-4656
-8179
-10029
-10412
-10090
-9402
-8357
-5666
-129
7285
12994
14719
13840
12933
13044
13319
13111
11830
9434
5303
-850
-8144
-14529
-17107
-15762
-13044
-12093
-13161
-14188
-13172
-9233
-3756
1492
5197
6975
7438
7150
7214
8014
9041
8994
6880
3099
-1725
-6066
-8895
-9694
-9346
-9283
-9978
-10655
-9486
-5951
-696
4155
7403
9241
10283
10889
10562
9376
7370
4843
1770
-1721
-5259
-8332
-9950
-9940
-9016
-8122
-6655
-2665
4260
11141
14459
14046
12705
12690
13681
14081
13033
11064
8062
3305
-3569
-11242
-16019
-16058
-12988
-10860
-11619
-13661
-14276
-11657
-6858
-1444
2822
5264
6129
6081
5901
6359
7556
8408
7885
5029
461
-4636
-8345
-9662
-9140
-8478
-9275
-10499
-10621
-8127
-3224
2170
6670
9384
10611
10867
10759
10472
9377
7455
4388
765
-2833
-5959
-8239
-9613
-9831
-9082
-7127
-4080
760
6463
11112
13130
12782
11957
11578
12311
12607
11856
9277
4504
-1689
-8604
-13760
-15697
-14397
-12209
-11393
-11924
-12758
-11808
-8647
-3926
841
4407
6372
6919
6783
6623
7254
8148
8392
6711
3113
-1455
-5646
-8382
-9593
-9568
-9483
-9760
-9902
-8612
-5325
-695
4054
7593
9757
10685
10984
10587
9456
7596
5107
2172
-1620
-5200
-8154
-9490
-9639
-8909
-8093
-7018
-3845
1911
8795
13112
14343
13607
12870
12459
12091
11585
10716
8983
4949
-1701
-9541
-15344
-16430
-13797
-10727
-10077
-11464
-12684
-11759
-8163
-3261
1531
4588
6118
6233
5727
5654
6371
7421
7431
5610
1808
-2670
-6387
-8525
-8863
-8418
-8431
-9189
-9797
-8721
-5127
66
4909
8139
9499
9842
10012
10027
9393
7703
5105
1717
-1894
-5279
-7944
-9179
-9016
-7875
-6901
-5749
-3327
2244
9170
13891
15035
13635
12830
12848
13110
11546
9101
6471
2888
-2279
-9386
-15024
-16737
-14610
-11803
-11123
-12172
-12896
-10709
-6458
-1954
1623
3942
5749
6735
7031
6936
7350
7949
7666
5567
1700
-2703
-6642
-8991
-9907
-9616
-9607
-10053
-10067
-8427
-4258
732
5368
8371
10116
10989
11242
11073
9741
7326
4210
938
-2262
-5296
-7729
-9190
-9689
-9489
-8528
-6293
-2168
3613
9568
13352
14018
13055
12182
12267
12396
11811
10491
7675
2891
-3809
-10540
-14831
-15396
-13206
-11338
-11249
-12684
-13200
-11142
-7007
-2236
1612
4329
5982
6891
7141
7219
7801
8329
7904
5629
1513
-3205
-7078
-9038
-9563
-9364
-9617
-10136
-9665
-7337
-3236
912
4541
7321
9512
10678
10654
10079
8731
6880
4047
751
-2471
-5179
-7157
-8625
-9116
-9208
-8217
-5608
-714
5553
10734
13191
13129
12966
13101
13617
13212
11924
9836
6621
1814
-5024
-11316
-14850
-14407
-12335
-11490
-12304
-13673
-13251
-10584
-6171
-1646
1695
4060
5269
6064
6408
7059
8164
8500
7503
4462
277
-4360
-7888
-9313
-9137
-8745
-9441
-10298
-9812
-7040
-2816
1604
5210
8030
10082
11151
11188
10282
8735
6559
3646
335
-2904
-5626
-7666
-8801
-8909
-8280
-6698
-3815
832
6245
10843
13237
13441
12743
12293
12580
12583
11482
8758
4527
-1100
-7196
-11852
-13890
-13256
-12051
-11766
-12652
-13396
-12404
-9468
-5118
-1031
2053
4082
5395
6272
6844
7625
8539
8701
7122
3778
-475
-4399
-7176
-8614
-9259
-9915
-10505
-10388
-8727
-5502
-1504
2394
5512
8217
10337
11563
11472
10098
8028
5302
2356
-684
-3385
-5792
-7903
-9249
-9905
-9520
-8006
-4257
1629
8104
12702
13807
12958
11882
12329
13232
13555
12430
9624
5291
-933
-7532
-12628
-14452
-13403
-11874
-11736
-13197
-14549
-13776
-10189
-4929
-84
3000
4390
4932
5700
7040
8719
9916
9349
7023
3311
-1138
-5338
-8185
-9175
-9087
-9286
-10298
-11117
-9855
-6167
-1054
3541
6551
8671
10104
11033
11042
10073
8319
5842
2914
-531
-3871
-6654
-8473
-9117
-9493
-9462
-8037
-4228
2125
8706
13089
14173
13289
12526
12583
13363
13525
12805
10505
5471
-1708
-9165
-13680
-14214
-12562
-11465
-12345
-14088
-14951
-13390
-9742
-5364
-1235
2095
4310
5252
5509
6130
8010
9758
9966
7623
3374
-1281
-5150
-7383
-8669
-9128
-9793
-10340
-10280
-9042
-5942
-1663
2970
6665
9056
10358
10998
11156
10353
8601
6004
2930
-224
-3326
-6116
-7906
-9034
-9595
-9557
-7808
-3465
2743
8499
11602
12257
11942
12267
12743
13088
12923
12494
10150
5089
-2202
-9294
-13098
-13423
-12019
-11525
-12641
-14215
-14542
-12722
-9291
-5229
-1249
1908
4056
5005
5723
7160
9131
10493
9969
7179
2867
-1570
-5055
-7084
-8063
-8750
-9836
-11044
-11201
-9288
-5298
-762
3288
6299
8471
10060
10747
10720
9793
8101
5625
2467
-742
-3773
-6102
-7991
-9239
-9607
-9102
-7106
-3342
2361
8158
11869
12881
12613
12672
13004
13344
13262
12402
9870
5045
-1623
-8126
-12235
-13219
-12403
-11895
-12491
-13693
-14165
-13002
-10034
-5787
-1401
2212
4295
5044
5651
6746
8362
9197
8581
6462
3100
-870
-5068
-7958
-9176
-9421
-9821
-10627
-10508
-8570
-4760
-465
3330
6165
8448
10428
11457
11264
10011
8370
6276
3489
-111
-3666
-6397
-8307
-9454
-9920
-9418
-7688
-3809
2081
8191
11813
12409
11984
12130
13193
14097
14296
12960
9774
4717
-1774
-8080
-12467
-13437
-12323
-11484
-12511
-14663
-15539
-13980
-9898
-5027
-761
2047
3620
4924
6356
8114
9556
10218
9446
6878
2887
-1555
-5406
-7898
-9019
-9503
-10247
-11273
-11408
-9364
-5253
-328
3882
6748
8562
9895
11154
11691
10971
8625
5660
2668
-69
-2815
-5552
-7794
-9367
-9968
-10036
-8515
-4579
2129
8880
12663
13163
12166
11918
12116
12977
13790
13813
11381
5607
-2290
-9885
-14164
-14521
-12565
-11465
-12558
-14775
-15815
-14128
-10118
-4979
-218
3275
5091
5700
6306
7594
9410
10440
9740
6990
2699
-2097
-6249
-8582
-9216
-9174
-9725
-10794
-11040
-9349
-5591
-675
4006
7516
9465
10484
11007
10964
10229
8595
6336
3314
-130
-3599
-6568
-8659
-9672
-9723
-8706
-6224
-1553
4022
8288
10448
11202
12063
12685
13540
14073
14011
12106
7611
1405
-5195
-9945
-12024
-11900
-11757
-12829
-14611
-15591
-14571
-11512
-7277
-3110
128
2399
4151
5728
7212
8741
10014
10169
8565
5209
800
-3422
-6423
-7983
-8834
-9985
-11331
-11835
-10362
-7207
-3141
968
4463
7316
9415
10961
11604
11175
9921
7858
4945
1255
-2241
-4892
-6846
-8169
-9195
-9426
-8096
-4168
2026
7647
10655
11204
11430
12084
12694
12914
12870
12642
10519
5208
-2590
-9850
-13309
-12448
-10400
-10339
-12827
-15520
-15657
-13081
-8890
-4820
-1290
1520
3479
4690
5287
6614
8618
10325
10137
7132
2479
-2171
-5270
-6632
-7340
-8338
-10141
-11537
-11310
-9053
-5022
-460
3926
7316
9207
9875
9951
10162
10303
9460
6962
3064
-1066
-4642
-7148
-8354
-8899
-8821
-7612
-4636
552
5743
9344
10645
10914
11384
12033
13024
13219
12842
10559
5531
-1538
-8474
-12240
-12331
-10647
-10090
-11607
-13952
-14860
-13039
-9126
-4767
-1121
1414
2893
3821
4358
5487
7311
9023
9405
7351
3473
-1196
-4568
-6100
-6509
-7197
-9331
-11402
-11898
-9765
-5899
-1537
2687
6124
8668
9884
10236
10308
10222
9561
7536
4014
-94
-3804
-6486
-8151
-8795
-8717
-7928
-5508
-1052
4583
8716
10388
10942
11728
12603
12854
12639
12023
10546
6965
953
-6037
-11360
-13128
-11949
-10817
-11616
-13476
-14196
-12596
-9483
-5983
-2891
81
2463
3960
4635
5385
7173
9011
9582
7759
4271
463
-2595
-4716
-6395
-7919
-9469
-10906
-11569
-10786
-7972
-3439
1388
5372
7720
9129
10177
11079
11408
10574
8376
4889
888
-2762
-5602
-7592
-8638
-9032
-8647
-7119
-2887
3254
8498
10841
10869
10904
11392
12048
12478
13015
12660
9580
2941
-5393
-11870
-13709
-11771
-9642
-10046
-12680
-14737
-14241
-11278
-7316
-3448
-73
2606
3811
3878
4048
5691
8165
9766
9141
5946
1649
-2456
-4779
-5587
-6117
-7712
-10386
-12308
-12068
-9028
-4429
387
4366
7083
8860
9847
10493
10816
10477
9104
6171
2045
-2315
-5804
-7931
-8698
-8554
-7737
-5829
-1875
3456
7869
9860
10082
10499
11060
11700
12106
12512
11982
8661
2176
-5660
-11340
-12857
-11211
-9461
-9893
-12015
-13505
-13046
-10573
-7017
-3139
261
2468
3326
3221
3631
5263
7586
9113
8353
5635
1625
-2117
-4586
-5642
-6150
-7536
-9690
-11678
-11747
-9521
-5333
-338
4072
7185
8944
9907
10363
10500
9915
8544
6031
2572
-1329
-5116
-8028
-9616
-9179
-7224
-3748
1406
6271
9205
9119
8847
9770
11440
12660
12513
12137
9953
5362
-1964
-9144
-12897
-12342
-9768
-8940
-10588
-12966
-13246
-10887
-7393
-4276
-1797
597
2859
4106
3952
3885
5129
7280
8360
6935
3681
-139
-2857
-4370
-5088
-6369
-8555
-10394
-11158
-9938
-7608
-4005
477
4533
7418
8686
9544
10165
10316
9613
7468
4391
482
-3298
-6550
-8643
-9341
-8804
-6625
-2610
3021
7848
10487
10948
11193
11611
11919
11582
11172
10979
9265
4256
-3877
-11355
-14633
-13292
-10607
-9483
-10438
-11657
-11343
-9255
-6329
-3575
-883
1858
3816
4219
3542
3312
4511
6069
6942
5890
3195
-303
-3224
-4700
-5442
-6125
-7721
-9448
-10295
-9431
-6739
-3020
1147
4853
7629
9288
9935
10150
9893
8954
7026
3942
47
-4163
-7641
-9905
-10549
-9472
-5912
107
6306
9982
10551
10498
11055
12238
12524
12481
12314
11187
6936
-793
-9321
-14660
-14866
-12139
-9974
-10329
-11757
-12271
-10543
-7431
-3671
-193
2392
3666
3719
3365
3435
4385
5443
5977
5335
3470
644
-2246
-3851
-4155
-4469
-6329
-9121
-10988
-10586
-8059
-4453
-594
2935
5875
7817
8859
9407
9667
9656
8680
6277
2494
-2042
-6059
-8955
-10327
-10094
-7935
-2897
3469
8961
11367
11412
11412
11917
12688
12794
12873
12220
9043
2289
-6526
-13774
-16190
-14281
-11231
-10292
-11628
-12679
-11747
-8403
-4232
-335
2612
3994
4292
3588
3024
3543
4786
6053
5485
3547
427
-2574
-4095
-4130
-3291
-4108
-6596
-9273
-10305
-8875
-5928
-1915
1977
4929
6925
7923
8525
8796
8795
8479
6656
3622
-320
-4100
-6987
-9164
-10015
-9823
-6994
-974
6118
11149
11969
11847
12542
13624
13508
12388
12176
11495
8020
47
-9789
-16857
-18024
-14686
-11114
-10631
-12067
-12783
-10825
-6613
-2155
1687
4262
5643
5453
4146
3206
3595
4976
5780
4968
2567
-1349
-4886
-6097
-4915
-3608
-4789
-7459
-9483
-9357
-7463
-4476
-548
3215
6389
8223
8798
8748
8534
8535
7799
5700
1995
-2112
-5690
-8234
-10003
-10621
-8985
-4353
1994
6926
10140
11927
13709
14400
13923
13221
13225
13256
10284
3656
-5434
-13049
-16366
-15754
-13639
-12249
-11922
-12009
-11378
-9408
-5798
-926
3523
6027
6196
4986
3877
4042
5103
6095
5992
4100
773
-2943
-5367
-5908
-5007
-4702
-6195
-8650
-10363
-9640
-6622
-2270
2054
5467
7537
8288
8324
8123
7910
7575
6397
3978
233
-4163
-7888
-10001
-10331
-9336
-6667
-1675
4527
9604
12116
13102
13780
14360
14476
14136
13487
11709
7590
494
-8041
-14939
-17599
-16211
-13481
-11965
-12232
-12751
-11598
-8123
-3412
1137
4554
6403
6635
5830
5189
5176
5850
6165
5445
2964
-1082
-4887
-6857
-6500
-5725
-6273
-8068
-9775
-9570
-7567
-4097
-123
3533
6653
8709
9735
9839
9496
8758
7224
4613
1239
-2573
-5868
-8555
-9993
-10506
-9832
-6594
-983
5779
10597
13054
13824
13971
13969
13617
13584
13238
11665
7059
-1024
-10185
-16612
-17838
-15353
-12589
-11698
-12331
-12566
-11010
-7390
-2718
1846
5427
7278
7190
5857
4698
4857
6122
6911
5744
2329
-1943
-5299
-6659
-6706
-6716
-7521
-8879
-9756
-9511
-7527
-4028
535
4908
8150
9678
9604
9179
8857
8566
7027
3954
-106
-4043
-7146
-9362
-10811
-10875
-8055
-1959
5003
9568
11249
11743
12989
14284
14884
14819
14447
13019
8606
816
-8458
-15202
-16967
-15192
-13089
-13071
-14115
-14286
-12345
-8394
-3720
794
4101
6144
6836
6645
6354
6738
7414
7522
6044
2962
-1109
-4836
-6500
-6582
-6283
-7528
-9618
-11054
-10599
-8008
-4331
-66
3682
6944
9437
10697
10670
9699
8665
7295
4920
1234
-3081
-6868
-9428
-10916
-11310
-9679
-4940
1937
7876
11199
12199
12929
13859
14670
15297
15474
14705
11037
3729
-5835
-13951
-17134
-15922
-13479
-12994
-14404
-15393
-14167
-10320
-5218
-60
3878
5980
6520
6242
6245
7074
8385
9122
8069
4824
87
-4413
-6917
-6981
-6140
-6632
-9015
-11532
-12220
-10394
-6516
-2027
2463
6140
8842
10241
10454
10385
10112
9540
7240
3276
-1458
-5935
-9188
-11241
-12007
-10698
-6443
-179
5310
8580
10733
12802
14824
15689
15931
16277
16013
13389
6676
-2799
-11604
-16367
-16560
-15103
-14466
-15175
-15588
-14287
-11503
-7337
-2593
2225
5947
7486
7093
6221
6636
8265
9409
8672
5768
1589
-2537
-5680
-6789
-6890
-7176
-8692
-10926
-12278
-11687
-8381
-3648
1222
5085
7904
9885
10945
11194
10930
10156
8283
5071
468
-4448
-8529
-10817
-11626
-11577
-9118
-3992
2797
7841
10377
11858
13264
15074
16067
16818
16535
14640
9662
1288
-8136
-15315
-17554
-16157
-14016
-13742
-14982
-15669
-13959
-9578
-4090
1252
5034
7152
7284
6567
6420
7333
8879
9109
7621
3939
-613
-4614
-6617
-6517
-6212
-7049
-9419
-11790
-12471
-10456
-6091
-801
3897
7257
9026
9800
10215
10523
10490
9270
6641
2570
-2325
-6895
-10431
-12259
-12305
-9705
-4600
1216
5501
8040
10194
12653
14778
15929
16695
16948
15938
11739
4145
-5418
-13183
-16536
-16103
-14831
-14832
-15615
-15684
-13927
-10475
-5901
-1148
3227
6276
7575
7297
6967
7516
8654
9116
8063
5390
1731
-2005
-4687
-6040
-6714
-7583
-9263
-11043
-12161
-11293
-8329
-3777
1028
5037
7909
9584
10464
10879
10808
9882
7869
4697
422
-4326
-8402
-11165
-12452
-11604
-7380
-1066
4373
6960
8292
10327
13091
15172
16279
17220
17337
14896
8212
-1476
-10607
-15289
-15386
-13814
-13791
-15496
-16742
-15798
-12483
-7987
-3333
892
4396
6561
6858
6511
6940
8424
9648
9171
6848
3055
-903
-3865
-5007
-5281
-6301
-8412
-10927
-12463
-12062
-9579
-5288
-725
3175
6087
8310
9932
10730
11098
10584
9143
6389
2357
-2294
-6499
-9565
-11204
-11419
-9041
-4093
1489
5445
7454
9448
11473
13414
14410
15633
17078
16843
12475
3608
-6612
-13754
-15505
-13994
-12714
-13745
-15621
-16217
-14313
-10518
-5740
-741
3153
5680
6235
5852
5866
6978
8977
9921
8993
5494
959
-2949
-4676
-4551
-4778
-6525
-9556
-12074
-12800
-11190
-7677
-3160
1173
4609
6904
8311
9175
9904
10463
10098
8218
4416
-560
-5212
-8533
-10202
-10328
-8190
-3515
1499
4813
5993
7495
9947
12341
14006
15182
16722
16427
12344
4023
-5314
-11747
-13700
-12778
-12297
-13574
-15511
-16157
-14705
-11383
-6841
-1896
2390
4947
5503
5179
5681
7334
9262
10100
8954
6104
2211
-1496
-3697
-4398
-4844
-6387
-9031
-11437
-12214
-10886
-7995
-4130
-146
3460
6469
8419
9428
9855
10113
9944
8488
5476
886
-3919
-7790
-10007
-10844
-10213
-6714
-1242
3700
6022
7030
8821
11228
13497
14914
16338
16811
14645
8517
-440
-8715
-13317
-13785
-12779
-12898
-14485
-15691
-15251
-12758
-8926
-4224
404
3906
5597
5532
5227
6108
8007
9716
9783
8025
4479
297
-2976
-4723
-5126
-6086
-7719
-10091
-12059
-12363
-10630
-6590
-1843
2617
5811
7760
8728
9142
9805
10248
9728
7523
3569
-1310
-5893
-9128
-10532
-10093
-7258
-2127
2658
5192
5828
7294
10103
12836
14471
15137
15787
14747
10666
2950
-5858
-11995
-13609
-12361
-11833
-13341
-15602
-16061
-13814
-9971
-5559
-1323
2155
4434
5043
4853
5102
6487
8202
9095
8413
5835
2125
-1383
-3496
-4100
-4672
-6239
-8663
-10898
-11689
-10653
-7766
-3962
153
3922
6651
8191
8802
9158
9476
9139
7561
4448
249
-4384
-7986
-9973
-10254
-8204
-4065
1203
4675
6266
7567
9839
12602
14451
15313
15373
14700
11711
5799
-2311
-9487
-12902
-12942
-12225
-12981
-14585
-15463
-14027
-10710
-6638
-2852
135
2500
4290
5393
5868
6506
7499
8323
8194
6617
3697
307
-2292
-3573
-4317
-5993
-8663
-10972
-11967
-11206
-9091
-5821
-1742
2309
5778
8122
9249
9531
9485
9333
8333
5927
2174
-2218
-6119
-9297
-10840
-10331
-6984
-1663
3197
5939
7033
8767
11134
13126
14011
14704
15393
14446
9771
1516
-7115
-12378
-13274
-12210
-12194
-13790
-15172
-14617
-12101
-8773
-4974
-965
2615
4591
4906
4577
5140
6878
8665
9086
7552
4792
1508
-1119
-2849
-3735
-4844
-6858
-9380
-11503
-11826
-10240
-7006
-3144
621
3949
6504
8355
9315
9748
9567
8694
6869
3704
-384
-4622
-7675
-9395
-9778
-8323
-4345
828
4722
6719
8259
10470
12511
13682
14469
15370
15109
11804
4930
-3479
-10247
-13135
-13034
-12360
-12969
-14294
-14870
-13874
-11043
-6976
-2260
1647
3882
4201
3716
4158
5870
7953
8912
8261
6200
3132
151
-2094
-3170
-3935
-5332
-7851
-10808
-12508
-11960
-8897
-4754
-802
2255
4785
6843
8321
9276
9765
9687
8502
5885
1830
-2507
-5984
-8058
-9028
-8793
-6588
-2437
2186
5442
7453
9433
11559
13019
13645
14270
14727
13496
8975
1499
-6259
-11546
-13207
-12705
-12291
-12983
-14094
-14029
-12258
-8819
-4590
-427
2598
3941
4200
4197
4946
6112
7552
8284
7722
5236
1620
-1300
-2668
-2841
-3820
-5968
-8934
-11039
-11565
-10289
-7540
-4047
-158
3297
5954
7306
7984
8604
9281
9115
7278
3803
-361
-3940
-6373
-7956
-8975
-8258
-5039
-5
4263
6768
8280
9956
11707
12835
13768
14493
14634
12244
6562
-1525
-8936
-12967
-13403
-12262
-12080
-13150
-14379
-13968
-11417
-7176
-2623
1049
3119
3740
3755
4096
5317
6858
8009
8076
6676
3781
355
-1912
-2634
-2832
-4234
-6904
-9738
-11585
-11583
-9577
-5794
-1598
1945
4365
6068
7423
8609
9474
9541
8522
6312
2977
-1036
-4911
-7710
-9105
-9172
-7909
-4881
-555
3906
7450
9873
11505
12374
13158
14005
14993
14460
11389
5591
-1636
-8107
-12332
-13696
-13575
-13218
-13364
-13545
-12854
-10823
-7386
-3317
54
2323
3156
3557
4371
6049
7850
8328
7700
6005
3985
1361
-1137
-2727
-3872
-5269
-7606
-10230
-12154
-12099
-9530
-5467
-1619
1221
3639
6082
8149
9343
9780
9433
8358
6216
2896
-889
-4446
-6564
-7976
-8761
-8691
-6078
-815
4323
8181
9956
11241
12116
12717
13265
13854
14406
12395
6990
-1286
-8956
-12886
-13249
-12006
-11652
-12555
-13569
-13250
-11179
-7726
-3934
-353
2343
3668
3725
3869
5407
7473
9141
9047
7384
4525
1322
-1089
-2691
-3740
-5489
-7938
-10711
-12968
-13041
-10324
-5672
-1229
1714
3766
5624
7733
9340
9996
9972
8939
6757
2925
-1512
-5330
-7432
-8089
-8839
-9274
-7534
-2436
3955
8400
10042
10624
11636
12924
13748
14371
14336
12616
7860
467
-7199
-12382
-13490
-12155
-11141
-12018
-13534
-13766
-11708
-8101
-4382
-1325
978
2495
3580
4602
5804
7264
8580
9165
8393
5859
2167
-1022
-2610
-3500
-5446
-8661
-11862
-13179
-12336
-9571
-5882
-2216
963
3715
6155
8040
9541
10554
10532
9059
6320
3136
-13
-3414
-6656
-9128
-10167
-9520
-6237
-995
4406
8076
9826
10473
11047
11914
13286
14990
15271
12683
6482
-1479
-8528
-12237
-12644
-11753
-11586
-12632
-13428
-12934
-10933
-7887
-4549
-1565
870
2470
3581
4550
5852
7600
9144
9456
7800
4647
1160
-1261
-2400
-3847
-6505
-9842
-12269
-12724
-11616
-9196
-5953
-2111
1523
4579
6906
8546
9868
10633
10531
9073
6179
2567
-948
-4237
-6919
-9344
-10695
-9961
-6131
-179
4875
7926
9118
10499
11902
13385
14695
15518
15024
11802
5962
-1432
-7902
-11804
-12566
-11997
-11954
-12807
-13744
-13093
-10907
-7687
-4429
-1590
608
2309
3941
5399
6833
8061
9070
9149
7466
4141
871
-1087
-2344
-4192
-7311
-10352
-12355
-12874
-11810
-9133
-5312
-1390
2154
4979
7264
8973
10232
10771
10420
8799
6151
2712
-1050
-4806
-7867
-9922
-11031
-10193
-6768
-848
4446
7792
9134
10262
12017
13689
15159
15407
14613
11581
6180
-938
-7575
-11208
-11947
-11232
-11524
-12803
-13852
-13438
-11192
-7952
-4482
-1702
702
2478
3909
5075
6486
8110
9229
9175
7230
4317
1076
-1167
-2880
-4620
-7131
-10075
-12086
-12868
-11666
-9150
-5597
-1974
1422
4505
6885
8985
10471
11312
10971
9184
6444
2891
-675
-4203
-7092
-9186
-10681
-10703
-8205
-2769
3131
7212
9276
10602
12102
13646
14690
15128
14779
13021
8928
2374
-5085
-10683
-12317
-11305
-10403
-11441
-13503
-14368
-13007
-9950
-6624
-3635
-916
1521
3464
4660
5875
7442
9124
9773
8372
5352
1935
-759
-2627
-4219
-6594
-9474
-11998
-13222
-12921
-10659
-6771
-2295
1642
4438
6642
8632
10364
11266
11244
10128
7779
4510
767
-3228
-6681
-9032
-10160
-10336
-9016
-5239
342
5585
8728
10086
11184
12630
14151
14865
14585
13360
10430
5422
-1498
-7986
-11612
-11666
-10564
-10887
-12909
-14653
-14310
-11841
-8239
-5018
-2201
312
3013
5205
6799
7866
8912
9909
9626
7577
3871
130
-2750
-4624
-6370
-8634
-11290
-13376
-13631
-11578
-7928
-3859
-127
3134
6050
8290
9925
10912
11364
10866
9022
5961
1794
-2619
-6515
-8781
-9572
-9604
-8687
-5942
-1305
3455
7191
9686
11698
13053
13636
14044
14397
13810
11120
6312
115
-5646
-9565
-11394
-11938
-12470
-13294
-13868
-13617
-12212
-9392
-5869
-2534
364
2735
4696
6381
7811
8815
9354
8949
7345
4623
1196
-1923
-4316
-6429
-8803
-10933
-12376
-12678
-11539
-8904
-4989
-713
3037
5852
8074
9862
11220
11666
10941
8895
5776
2032
-2061
-5784
-8505
-9638
-10113
-9999
-7972
-3359
2768
7653
10502
11750
12615
13377
13911
14429
14158
12843
9368
3426
-3850
-9750
-12028
-11649
-11108
-12335
-14174
-14780
-13321
-10288
-6949
-3688
-422
2595
4840
6048
6779
7803
8888
9101
7694
5034
1817
-1279
-3902
-6315
-8472
-10534
-12333
-12983
-12058
-9381
-5724
-1854
1724
4974
7931
10289
11830
12173
11391
9682
6845
3135
-1134
-5083
-7953
-9626
-10487
-10656
-8812
-4258
1943
6977
10008
11451
12462
13046
13676
14715
15191
14014
10040
4134
-2801
-8405
-11457
-12273
-12323
-12900
-13675
-14095
-13549
-11733
-8518
-4674
-839
2403
4578
5713
6496
7671
8762
9239
8416
6275
3107
-636
-3706
-6132
-7963
-9841
-11485
-12353
-12403
-10702
-7507
-2943
1465
5097
7944
9862
11100
11443
11205
10029
7665
4303
255
-3895
-7416
-9611
-10386
-10406
-9023
-5195
453
5575
8904
10900
12347
13139
13567
13898
14288
13763
11092
6344
-337
-6652
-10857
-12091
-12204
-12599
-13400
-14087
-13461
-11850
-9174
-5863
-2137
1351
3888
5188
5681
6587
7723
8437
8193
6773
4064
530
-2739
-5133
-6856
-8775
-10481
-11674
-11859
-10712
-7906
-3841
250
4086
7076
9563
10899
11316
11099
10088
8036
4651
745
-3302
-6672
-8873
-9980
-10578
-9697
-5994
138
5719
8749
9869
10949
12359
13418
14005
14352
14011
11749
6783
-398
-7027
-10788
-11308
-10980
-11652
-13254
-14389
-13774
-11776
-8645
-5106
-1398
1741
3535
4281
4624
5824
7310
8594
8572
6874
3649
-306
-3339
-5118
-5998
-7463
-9515
-11493
-12183
-10887
-7909
-3935
43
3760
6796
8915
10165
10637
10869
10376
8617
5240
1026
-2928
-6244
-8554
-9914
-10239
-9228
-6273
-1242
3981
7847
9915
11173
12275
13041
14023
14603
14604
12261
7800
1539
-4698
-9368
-11630
-11878
-12191
-12956
-14085
-14180
-12892
-10025
-6276
-2445
548
2418
3688
4811
6029
7240
8085
8257
7125
4623
1352
-1835
-4268
-5829
-7163
-9214
-11324
-12445
-11467
-8622
-4802
-897
2663
5863
8446
10329
11097
11236
10728
9239
6418
2610
-1319
-4928
-7731
-9522
-10352
-10003
-7730
-2963
2953
7513
9782
10464
11315
12355
13536
14515
14832
13740
9910
3587
-3903
-9626
-11848
-11342
-10771
-12070
-14025
-14949
-13744
-10781
-7057
-3349
-299
2000
3365
4127
4790
6169
8201
9319
8294
5153
1356
-1750
-3664
-4907
-6356
-8423
-10912
-12330
-11990
-9699
-6119
-1755
2419
5483
7572
8895
10168
10795
10740
9496
6929
3383
-831
-4714
-7752
-8847
-8917
-8521
-7364
-4159
1137
6207
9456
10748
11840
12807
13734
14091
13897
12873
10340
5571
-1153
-7402
-11241
-12126
-12020
-12452
-13560
-13807
-12710
-10688
-8165
-5464
-2256
935
3512
4888
5534
6377
7445
8312
7798
5810
2776
-333
-2778
-4753
-6496
-8380
-10256
-11559
-11570
-9899
-6673
-2630
1399
4730
7230
8809
9727
10251
10188
9414
7396
4199
341
-3714
-6943
-8991
-9499
-9426
-8735
-6552
-2049
4028
8632
11241
12298
12997
13516
14071
14371
13940
12327
8699
3126
-3611
-9541
-12725
-12995
-12577
-12832
-13626
-13927
-12833
-10448
-7120
-3639
-359
2289
4149
5485
6362
7342
7962
8060
7194
5150
2164
-1452
-4244
-6271
-7904
-9758
-11215
-11590
-10724
-8364
-5008
-1126
2337
5407
8010
9977
10906
10856
9969
8405
5990
2713
-1073
-4735
-7439
-8799
-9180
-8951
-7211
-3392
2024
6537
8987
10027
11244
12768
13912
14441
14054
12769
9334
3814
-2761
-7881
-10405
-10915
-11294
-12662
-13985
-14318
-13013
-10662
-7708
-4616
-1552
1167
3031
4187
5287
6581
7917
8285
7473
5427
2660
-233
-2780
-4653
-6505
-8252
-9889
-10732
-10399
-8659
-5430
-1672
1819
4301
6225
7865
9332
10212
9980
8566
6134
3190
-112
-3440
-6264
-7791
-8081
-7957
-7530
-5604
-1417
4172
8661
11010
11608
11982
12499
13193
13461
12773
10941
7267
2022
-4147
-9288
-12009
-12427
-12067
-12265
-12805
-13153
-12359
-10189
-6999
-3323
-43
2396
3616
4323
5294
6749
7862
7731
6440
4180
1291
-1782
-4166
-5893
-7370
-8786
-9864
-9982
-9200
-7164
-4120
-464
2931
5730
7974
9358
10135
10072
9283
7540
4684
1401
-1951
-4562
-6625
-7753
-8571
-9059
-7993
-4684
1168
6551
9897
11132
11840
12564
12990
13386
13279
12906
10906
6442
-173
-7180
-11548
-12410
-11426
-11193
-12197
-13520
-13730
-12101
-9196
-5511
-1987
922
2958
4169
4833
5658
6887
7903
8155
6947
4053
204
-3294
-5178
-6027
-6953
-8669
-10342
-10896
-9812
-6858
-3318
271
3268
6067
8251
9439
9761
9228
8459
6741
4551
1671
-1584
-4835
-7228
-8016
-8194
-7978
-6476
-2036
3873
8119
9523
9690
10364
11691
12958
13738
13561
12012
8663
3104
-3478
-9035
-11294
-10889
-10214
-11110
-13099
-14294
-13741
-11113
-7472
-3812
-689
1536
2978
3805
4862
6346
7955
8511
7644
5421
2102
-1252
-3759
-5113
-6343
-7582
-9133
-10198
-10250
-8650
-5044
-902
2576
4825
6564
7815
8610
8997
8743
8016
6116
3414
-39
-3503
-6041
-6952
-6868
-7041
-6591
-4395
258
5023
8210
9611
10333
11084
11771
12688
12888
12161
9867
5834
215
-5699
-9755
-11184
-10930
-11021
-11903
-12946
-13214
-11929
-9286
-5871
-2400
528
2443
3320
4005
5137
6741
7898
7899
6562
3904
577
-2491
-4599
-5883
-6722
-7698
-8988
-10026
-9617
-7168
-3486
240
3263
5573
7256
8333
9025
9113
8575
7156
4816
1722
-1824
-4743
-6582
-7082
-7247
-7106
-5701
-1868
3316
7338
9281
9932
11061
12196
13077
12976
12529
11257
8305
3135
-3562
-8846
-11177
-10961
-10869
-11981
-13569
-13963
-12669
-10105
-7116
-4118
-1091
1384
3023
3615
4316
5914
7777
8552
7307
4678
1424
-1343
-3178
-4257
-5458
-7233
-8982
-10186
-10014
-8459
-5373
-1588
1734
4330
6150
7441
8228
8680
8883
8521
6839
3873
136
-3089
-4975
-5789
-6243
-7183
-7107
-4103
1184
6111
8246
8678
9042
10342
11780
12523
12545
11524
9579
5550
-215
-6452
-10340
-11033
-10165
-9848
-11154
-12933
-13439
-11714
-8116
-4293
-1552
-75
889
2222
3802
5469
6606
7111
6840
5638
3404
552
-2112
-3763
-4544
-5488
-7154
-9282
-10390
-9429
-6216
-2289
702
2499
3954
5902
7928
9222
9245
8194
6307
4001
1490
-1221
-3766
-5461
-6192
-6721
-7010
-5571
-1431
3958
7652
8986
9263
10004
11050
11840
12317
12122
10816
7352
1917
-4148
-8627
-10235
-10066
-10103
-11429
-12862
-13064
-11573
-9124
-6367
-3673
-1204
737
1857
2724
4043
5988
7506
7774
6393
4063
1508
-620
-2088
-3397
-4978
-7020
-8819
-10029
-9891
-8007
-4744
-1015
1846
3686
5037
6713
8410
9527
9329
7829
5560
2910
181
-2524
-4463
-5497
-5820
-6510
-6512
-4020
874
5588
7717
8312
8767
9933
10905
11359
11521
11170
9810
6043
122
-6080
-9495
-9638
-8940
-9408
-11336
-12598
-12352
-10529
-7984
-5488
-3018
-894
869
1934
2947
4304
5969
7143
7056
5628
3201
765
-1223
-2486
-3544
-5139
-7231
-9314
-10212
-9241
-6485
-3049
-254
1656
3151
5086
7126
8702
9190
8523
6981
4735
2323
-233
-2404
-3900
-4647
-5450
-6511
-6034
-2669
2676
6687
8069
7915
8096
9189
10494
11388
11451
10531
7980
3411
-2580
-7446
-9302
-8589
-7801
-8771
-10939
-12558
-12113
-9770
-6611
-4015
-2187
-832
332
1469
2701
4407
5955
6688
6277
4937
3050
923
-915
-2324
-3713
-5641
-7830
-9552
-9767
-8137
-5178
-2044
250
2110
4068
6338
8000
8523
8072
7142
5947
4081
1667
-1062
-3116
-4349
-5073
-6092
-6103
-3514
1304
5323
6490
6450
6881
8413
9597
10598
11129
10900
8997
4976
-336
-5316
-7636
-7585
-7069
-8124
-10167
-11657
-11722
-10488
-8451
-5909
-3508
-1644
-376
401
1353
2884
4806
6406
6882
6268
4435
2186
177
-1197
-2471
-4437
-6568
-8394
-9095
-8631
-6681
-3760
-1086
1144
2915
4769
6349
7651
8475
8387
7123
4912
2508
-26
-2076
-3492
-4094
-5022
-6092
-5682
-2373
2511
5761
6985
6824
7521
8822
10224
10968
10876
10119
7872
4015
-1641
-6406
-8433
-7965
-7175
-8006
-10190
-12036
-12032
-10205
-7338
-4614
-2520
-1136
-244
400
1595
3497
5381
6906
7066
5860
3354
575
-1475
-2608
-3317
-4929
-6963
-9109
-9958
-8728
-5860
-2512
46
2019
3757
5721
7363
8335
8502
7928
6602
4620
2090
-577
-2534
-3623
-4235
-5519
-6156
-4500
-134
4414
6674
7084
6876
7569
8848
10338
11183
11031
9535
6128
1053
-4085
-7165
-7437
-6854
-7374
-9331
-11334
-12117
-11318
-9145
-6388
-3937
-2364
-1494
-823
453
2480
5073
7082
7689
6599
4485
2157
201
-1097
-2261
-3962
-6335
-8706
-10067
-9754
-7619
-4196
-903
1555
3022
4415
6006
7516
8503
8425
7380
5296
2969
752
-1138
-2725
-4143
-5490
-6722
-6069
-2724
1977
5178
6410
6869
7646
8814
9560
10456
10862
10820
9130
5253
-246
-4941
-6782
-6843
-6937
-8675
-10989
-12416
-12061
-10158
-7863
-5979
-4626
-3082
-1391
245
2034
3978
6039
7415
7556
6261
3995
1528
-399
-1518
-2976
-5237
-7805
-9664
-9981
-8640
-6350
-3775
-1305
1187
3783
6146
7830
8853
9188
8684
7307
5161
2698
119
-1960
-3446
-4357
-5734
-6905
-6147
-2796
1855
4940
6178
6588
7547
8887
10106
10994
11018
10261
8198
4640
-87
-4579
-7074
-7827
-8208
-9270
-10722
-11809
-12006
-10970
-9070
-6688
-4413
-2400
-622
988
3054
5365
7315
8075
7730
6618
4711
2422
-299
-2521
-4666
-6644
-8481
-9902
-10030
-8781
-5950
-3083
-435
1660
3899
6458
8385
9436
9167
8211
6617
4732
2439
-132
-2228
-3780
-4864
-6307
-7293
-5919
-1776
2873
5247
5832
6209
7683
9202
10332
11058
11435
11038
8621
4215
-1454
-5442
-6885
-6758
-7509
-9822
-12171
-13318
-12555
-10866
-8519
-6293
-4208
-2208
-482
1376
3282
5578
7447
8344
7981
6267
3758
891
-1115
-2548
-4295
-6680
-8979
-10065
-9830
-8145
-5536
-2558
132
2437
4769
6825
8375
9205
9442
8707
6929
4509
1965
-288
-2305
-3793
-5244
-6703
-7432
-5697
-1628
2549
4846
5419
6031
7436
9297
10664
11342
11366
10779
8672
4335
-1307
-5562
-6976
-6799
-7429
-9745
-12496
-13913
-13126
-10852
-8318
-6411
-4646
-2413
59
2239
4154
6056
7785
8905
8728
7076
4128
919
-1263
-2620
-4194
-6901
-9592
-11049
-10374
-8095
-5419
-2919
-777
1893
4783
7351
8771
9298
9264
8370
6862
4722
2405
-83
-2100
-3613
-5227
-7116
-8084
-5971
-1370
3030
4989
5132
5549
7035
9130
10717
11732
12178
11436
8721
3679
-1968
-5823
-6853
-6671
-7324
-9578
-12338
-14060
-13805
-11934
-9180
-6469
-4114
-1881
-21
1832
4006
6537
8695
9685
9046
6859
3722
636
-1511
-2802
-4500
-7037
-9513
-10704
-9965
-7835
-5037
-2335
227
2799
5276
7315
8524
9121
9133
8306
6575
4122
1484
-740
-2388
-3774
-5481
-7155
-6873
-4039
-94
2746
4041
5056
6300
7741
8726
10010
11332
11915
10568
6566
1304
-3192
-5321
-5974
-6603
-8272
-10566
-12400
-13244
-12623
-10644
-7957
-5303
-3041
-1311
271
2240
4796
7362
8908
8896
7435
5083
2245
-140
-1839
-3381
-5325
-7569
-9334
-10100
-9161
-6739
-3580
-709
1467
3478
5496
7326
8665
9176
8560
7074
5143
3249
1422
-577
-2483
-4331
-6028
-7382
-6744
-3591
703
3692
4570
4967
5949
7796
9237
10394
11217
11678
10436
6272
588
-4043
-5704
-5756
-6325
-8551
-11397
-13255
-13396
-12094
-10055
-7821
-5442
-3176
-1243
582
2694
5479
7842
9126
8686
6988
4548
1916
-6
-1551
-3103
-5477
-7947
-9834
-10303
-8928
-6253
-3097
-611
1413
3348
5574
7669
9028
9453
8694
7265
5309
3040
655
-1322
-2656
-3884
-5642
-7177
-6332
-2820
1309
3595
4383
5002
6413
8093
9334
10364
10901
10733
8815
4758
-412
-4210
-5402
-5454
-6331
-8828
-11551
-13119
-13101
-11756
-9686
-7451
-5216
-3059
-1089
827
3245
6048
8314
9232
8539
6632
4139
1668
-111
-1554
-3495
-6097
-8685
-9923
-9556
-7541
-4969
-2457
-284
1606
3721
5611
7380
8495
8884
8174
6523
4562
2509
790
-863
-2583
-4380
-6186
-7134
-6005
-2679
1317
3754
4614
4859
5971
7565
9055
10353
11238
11185
9012
4785
-344
-3989
-5423
-5758
-6748
-9013
-11664
-13204
-12964
-11346
-9112
-7010
-5009
-2999
-854
1522
4068
6410
7838
8335
7958
6663
4358
1554
-662
-2257
-3785
-6000
-8396
-9822
-9367
-7217
-4550
-2330
-677
1200
3630
6190
7993
8655
8216
7283
6022
4411
2618
671
-1231
-3073
-4554
-6124
-6733
-5215
-1598
2191
4167
4633
4887
6179
7659
9385
10722
11433
10543
7769
3268
-1367
-4267
-5421
-5821
-7080
-9302
-11668
-12935
-12749
-11216
-9022
-6901
-4777
-2476
-324
1867
4312
6702
8292
8626
7766
6092
3767
1425
-548
-2265
-4363
-6629
-8435
-9390
-8729
-6855
-4093
-1582
354
2090
4028
6145
7573
8222
7772
6831
5678
4319
2618
434
-1707
-3610
-4954
-6337
-6685
-4710
-928
2663
3948
4233
4751
6490
8167
9532
10837
11301
10459
7315
2767
-1857
-4642
-5403
-5813
-7284
-10097
-12543
-13520
-12813
-10974
-8471
-6001
-3910
-2078
-183
2126
4575
6859
8150
8363
7504
5798
3463
1002
-814
-2260
-4083
-6433
-8398
-9070
-8221
-6214
-3750
-1808
-270
1461
3868
6287
7772
8197
7630
6800
5600
4227
2424
479
-1275
-2904
-4324
-6002
-6758
-5223
-1458
2532
4554
4842
4632
5391
6825
8592
10065
10563
9781
7201
3068
-1456
-4105
-4783
-4727
-5731
-8136
-10750
-12270
-11760
-9792
-7307
-5485
-4213
-3009
-1742
126
2356
4714
6324
6782
6042
4320
2418
524
-499
-1374
-2653
-4447
-6140
-6902
-6597
-4937
-2899
-922
643
2088
3598
4954
6112
6622
6293
5313
4348
3203
1786
89
-1303
-2542
-3620
-4837
-5543
-4237
-913
3126
5164
5173
4366
4635
6053
7712
9147
9821
9294
6897
2663
-1973
-5054
-5445
-4559
-4559
-6379
-9190
-10995
-10882
-8951
-6515
-4560
-3438
-2633
-1724
-395
1550
3758
5292
5535
4754
3146
1386
-231
-1118
-1444
-2148
-3749
-5799
-6959
-6513
-4400
-1731
240
1267
1844
2892
4660
6282
6932
6472
5356
3985
2598
1202
-133
-1196
-2078
-3081
-4268
-5405
-4752
-1701
2577
5444
6083
5504
5204
6057
6950
8144
8779
8629
6647
3131
-1062
-4600
-5757
-5457
-4952
-6020
-8308
-10100
-10039
-8347
-6193
-4451
-3458
-2536
-1267
221
1708
3017
3958
4666
4771
3609
1448
-573
-1648
-1831
-2279
-3727
-5378
-6193
-5627
-4134
-2192
-454
997
2328
3649
5011
5849
6171
5783
4997
3863
2522
1294
-182
-1444
-2694
-3578
-4283
-5062
-4518
-1847
2333
5235
5789
5314
5196
6286
7522
8515
8940
8281
6475
3284
-637
-4117
-5461
-5240
-5060
-6096
-8228
-9761
-9998
-8650
-6518
-4504
-3061
-2003
-1007
-125
1159
2733
4122
4756
4507
3373
1603
-293
-1914
-2556
-3053
-3851
-4974
-5800
-5629
-4476
-2290
-203
1447
2657
3896
5319
6227
6673
6369
5484
4152
2632
1271
-117
-1375
-2517
-3575
-4497
-5348
-5454
-3984
-571
3475
5960
6487
6032
6133
6970
7796
8219
8444
8200
6581
3208
-1411
-5255
-6733
-6277
-5824
-6821
-8817
-10205
-9947
-8429
-6341
-4217
-2299
-835
140
881
1832
3228
4489
5183
4625
2814
306
-1857
-2985
-3086
-3072
-3958
-5279
-6234
-5691
-3890
-1516
505
2150
3673
4881
5935
6341
6262
5740
5082
4135
2740
882
-996
-2373
-3306
-4033
-4877
-5712
-5641
-3252
719
4357
6091
6400
6424
6851
7599
8298
9136
9173
8106
5460
1313
-3136
-6232
-6880
-6472
-6508
-7996
-9835
-10499
-9722
-7576
-4844
-2413
-792
133
776
1720
2990
4206
4863
4627
3169
781
-1396
-2800
-3047
-2855
-3278
-4312
-5548
-5722
-4518
-2362
-22
1746
3087
3902
4722
5517
6004
6147
5654
4869
3396
1576
-191
-1685
-2911
-3984
-4812
-5560
-5972
-5731
-3479
471
4723
6940
7212
6988
7406
8516
8849
8952
8575
7799
5392
1107
-3646
-6900
-7502
-6934
-6806
-8045
-9720
-10354
-9266
-6865
-4105
-1957
-612
335
1178
2094
2996
3804
4289
4150
3246
1331
-947
-2891
-3610
-3234
-3111
-3726
-4982
-5314
-4447
-2562
-335
1517
3020
4024
5088
6028
6531
6189
5333
4367
3175
1644
-327
-2320
-4069
-4901
-5243
-5330
-5562
-5245
-2716
1279
5378
7034
7174
6986
7746
8857
8976
8998
8197
7089
4205
125
-4176
-6946
-7485
-7199
-7046
-8243
-9462
-9768
-8593
-6296
-3582
-1263
128
798
1187
2038
3141
3919
3970
3368
2206
376
-1569
-3190
-3638
-3260
-3110
-3622
-4659
-4963
-4034
-2080
125
1984
3424
4323
5085
5656
5941
6010
5563
4558
3066
1246
-647
-2323
-3592
-4323
-4726
-5108
-5279
-4971
-3335
-75
3884
6654
7311
7012
7019
7855
8448
8371
7908
6691
4517
1041
-2917
-5966
-7100
-6674
-6468
-7222
-8690
-9267
-8167
-5916
-3486
-1728
-586
209
942
1651
2440
3217
3549
3086
1803
149
-1478
-2584
-2945
-2560
-2209
-2786
-3733
-4378
-3695
-2039
-16
1763
2948
3968
4686
5476
5831
5737
5159
4130
2760
884
-1012
-2712
-3758
-4369
-4745
-4715
-4490
-4004
-3243
-1629
1458
5047
7520
7918
7540
7266
7489
7545
6777
5720
4479
2984
485
-2791
-5993
-7617
-7636
-7110
-6839
-6989
-7014
-6524
-5152
-3224
-1107
400
1242
1768
1902
1953
2027
2043
1615
726
-328
-1536
-2434
-2858
-2571
-1962
-1824
-2336
-2842
-2625
-1678
-117
1503
2837
3821
4489
4821
4732
4201
3668
2947
2000
596
-1163
-2722
-3712
-3697
-3372
-3100
-3144
-2982
-2129
75
3278
6275
7447
6828
5959
5827
6444
6445
5928
4884
3438
1278
-1542
-4417
-6407
-6865
-6125
-5355
-5529
-6202
-6394
-5327
-3531
-1539
-178
289
241
128
431
839
1234
1164
591
-88
-823
-1303
-1598
-1471
-1061
-1062
-1667
-2325
-2161
-1152
125
1167
2044
2803
3343
3602
3638
3445
3005
2460
1408
52
-1314
-2187
-2301
-2027
-1816
-2057
-2363
-2405
-1901
-596
1571
4225
6224
6327
5260
4388
4734
5431
5433
4796
3707
2497
518
-2070
-4623
-5767
-5099
-3910
-3695
-4934
-6150
-5941
-4240
-2194
-866
-340
-521
-749
-845
-588
-28
425
742
512
59
-707
-1135
-935
-414
0
-434
-1167
-1815
-1736
-855
496
1617
2116
2319
2288
2457
2485
2312
1863
1195
499
-190
-625
-1135
-1357
-1455
-1367
-1284
-1276
-938
-230
1341
3325
4942
5206
4446
3630
3338
3736
4089
4120
3598
2379
486
-1520
-3163
-3904
-3637
-3232
-3196
-3784
-4606
-4975
-4381
-3212
-1950
-1117
-1057
-1262
-1493
-1494
-1026
-240
487
909
765
36
-661
-778
-351
245
236
-362
-861
-918
-538
55
735
1276
1817
2168
2072
1717
1297
1076
1054
909
584
234
-237
-700
-870
-675
-426
-279
-269
-212
110
904
2286
3715
4115
3352
2616
2570
3079
3371
3238
2649
1841
880
-380
-1655
-2866
-3198
-2899
-2895
-3547
-4413
-4693
-4206
-3171
-2289
-1885
-1900
-1972
-1735
-1170
-527
166
842
1155
1166
905
416
31
-15
232
397
92
-407
-816
-865
-710
-323
296
793
1225
1285
1161
953
978
1218
1361
1339
996
556
152
1
-64
-139
-345
-614
-637
-521
74
1027
1934
2426
2422
2432
2454
2703
2948
3256
3426
3029
2102
711
-688
-1751
-2305
-2609
-2964
-3401
-3892
-4280
-4489
-4249
-3529
-2560
-1903
-1649
-1406
-1018
-74
929
1802
2030
1668
957
167
-12
106
525
493
-45
-806
-1531
-1717
-1500
-847
-258
327
627
507
324
493
1260
1964
2225
1835
1245
689
457
646
751
505
-237
-894
-1241
-1118
-400
749
1811
2066
1902
2002
2506
3090
3456
3703
3671
3179
2233
848
-713
-2087
-2828
-3087
-3386
-3950
-4436
-4580
-4396
-3912
-3291
-2521
-1835
-1182
-459
268
871
1203
1406
1398
1230
934
559
332
244
231
-37
-736
-1463
-1718
-1351
-854
-533
-293
34
498
941
1374
1686
1815
1756
1729
1730
1510
1027
398
4
-310
-644
-1122
-1572
-1690
-1454
-666
343
1386
2100
2595
3151
3634
4082
4189
4151
3878
3240
2098
539
-1062
-2610
-3579
-3920
-3941
-4116
-4491
-4702
-4532
-3885
-2876
-1704
-784
-165
433
965
1139
1014
934
982
990
805
433
-50
-633
-964
-971
-961
-1170
-1489
-1485
-1258
-771
-103
615
1320
1782
2083
2187
2179
2126
2050
1982
1688
1118
355
-438
-1082
-1651
-2040
-2276
-2284
-1954
-1211
-57
1107
2273
3095
3689
4121
4372
4494
4268
3927
3136
1972
339
-1405
-2753
-3617
-3939
-4140
-4224
-4257
-4039
-3603
-2961
-2092
-1111
-122
522
713
521
315
442
760
943
763
372
-67
-371
-437
-545
-725
-1095
-1347
-1314
-1179
-1060
-898
-404
267
1079
1611
1818
1876
1947
2118
2140
1870
1142
355
-356
-762
-1060
-1397
-1839
-2235
-2139
-1387
158
1646
2539
2873
3284
3894
4342
4393
4033
3616
2942
1940
469
-1239
-2722
-3433
-3469
-3489
-3753
-4072
-3859
-3145
-2134
-1247
-615
-228
-60
121
167
167
147
251
314
91
-337
-838
-1029
-890
-466
-165
-257
-705
-1146
-1182
-894
-199
468
941
1142
1190
1321
1524
1798
1960
1995
1640
1076
348
-448
-1079
-1368
-1307
-1353
-1497
-1614
-1341
-643
343
1399
2290
3004
3600
4062
3975
3438
2885
2579
2245
1444
261
-1116
-2234
-2958
-3358
-3364
-3213
-2782
-2187
-1683
-1383
-1186
-985
-743
-340
17
315
178
-126
-367
-493
-366
-297
-166
-156
-262
-452
-605
-751
-766
-525
-355
-330
-562
-579
-257
314
900
1282
1524
1452
1282
1081
984
910
632
184
-371
-857
-1265
-1463
-1312
-836
-237
321
988
1669
2357
2988
3443
3600
3235
2669
2189
1871
1459
729
-237
-1352
-2322
-2815
-2823
-2517
-2086
-1687
-1288
-1050
-1055
-1123
-1009
-760
-611
-734
-1017
-1123
-1008
-642
-184
121
165
-56
-229
-207
-55
126
146
-109
-478
-820
-927
-715
-257
475
1095
1352
1186
909
854
895
993
921
579
54
-543
-915
-1003
-902
-675
-510
-365
-121
541
1406
1993
2330
2531
2801
2843
2587
2199
1802
1360
780
29
-870
-1637
-1998
-1828
-1573
-1330
-1280
-1303
-1399
-1513
-1255
-952
-713
-750
-808
-901
-1028
-1045
-856
-406
-141
-17
-127
-212
-184
-71
-62
-301
-592
-845
-850
-862
-657
-325
19
287
435
705
850
974
932
988
1054
928
770
504
426
438
574
665
778
1026
1498
2155
2394
2270
1890
1665
1611
1529
1348
954
427
-419
-1248
-1957
-2371
-2365
-2143
-1799
-1571
-1515
-1647
-1712
-1616
-1258
-791
-594
-709
-1064
-1281
-1230
-938
-622
-369
-156
-111
-155
-265
-193
197
632
735
401
-23
-144
206
726
1163
1453
1567
1530
1332
1096
948
934
842
529
14
-512
-807
-813
-571
-300
-133
-151
-211
-152
14
325
765
1297
1655
1685
1522
1382
1311
1189
1035
815
498
80
-328
-625
-813
-939
-1034
-1069
-1192
-1331
-1411
-1359
-1163
-973
-903
-1039
-1239
-1311
-1059
-709
-528
-505
-551
-503
-386
-221
-166
-255
-474
-710
-804
-816
-634
-320
-15
206
347
513
690
861
994
1112
1189
1182
1137
1098
1174
1391
1691
1876
1970
2022
2004
1909
1613
1350
1158
982
711
328
-60
-467
-789
-1111
-1425
-1755
-1956
-1940
-1812
-1682
-1657
-1587
-1509
-1390
-1300
-1249
-1159
-1015
-752
-580
-546
-619
-603
-411
-195
-98
-194
-287
-260
-65
126
200
154
82
213
520
888
1089
1149
1178
1151
1082
1007
1029
1105
1154
1126
991
788
707
933
1347
1736
1913
1866
1652
1309
988
655
320
12
-278
-581
-906
-1171
-1311
-1367
-1444
-1495
-1569
-1602
-1627
-1654
-1585
-1457
-1279
-1289
-1480
-1579
-1410
-1058
-786
-624
-467
-317
-247
-250
-324
-327
-243
-186
-252
-415
-397
-190
82
353
580
740
802
862
1075
1366
1550
1563
1407
1266
1226
1294
1455
1517
1483
1438
1421
1405
1311
1248
1255
1221
1060
780
478
242
26
-175
-349
-547
-747
-963
-1137
-1266
-1383
-1471
-1535
-1535
-1530
-1570
-1633
-1613
-1484
-1320
-1197
-1079
-918
-769
-640
-597
-623
-629
-563
-459
-421
-424
-418
-364
-281
-177
-86
11
168
426
739
946
1019
1063
1212
1438
1636
1802
1952
1954
1773
1650
1811
2175
2344
2147
1684
1157
715
388
214
65
-206
-621
-1022
-1303
-1492
-1620
-1657
-1566
-1471
-1433
-1412
-1353
-1270
-1213
-1150
-1076
-999
-951
-929
-867
-768
-690
-672
-694
-656
-546
-449
-394
-351
-284
-222
-161
6
274
554
766
939
1106
1149
1043
911
869
908
942
946
936
943
977
1018
1057
1127
1252
1411
1537
1570
1490
1312
1051
737
420
107
-153
-337
-488
-656
-873
-1055
-1145
-1165
-1130
-1119
-1190
-1327
-1423
-1365
-1195
-994
-853
-847
-924
-977
-941
-938
-1028
-1087
-1011
-858
-783
-760
-717
-597
-465
-381
-242
-11
314
600
815
965
1021
1117
1249
1368
1460
1478
1425
1323
1298
1393
1464
1445
1370
1240
1098
998
938
873
726
514
353
287
289
207
-37
-358
-725
-999
-1118
-1139
-1148
-1271
-1452
-1648
-1822
-1823
-1617
-1321
-1083
-956
-836
-655
-466
-319
-222
-135
-67
-108
-238
-403
-527
-506
-305
-22
133
158
188
308
484
608
697
792
898
991
1081
1196
1257
1220
1182
1239
1360
1417
1344
1144
869
628
502
404
161
-152
-315
-268
-202
-292
-445
-510
-441
-338
-345
-489
-712
-869
-899
-885
-946
-1122
-1306
-1393
-1345
-1204
-1053
-923
-824
-725
-625
-557
-441
-242
-22
94
72
22
9
45
115
197
285
384
508
619
674
699
760
883
1018
1119
1186
1207
1202
1228
1319
1412
1395
1232
964
684
458
326
228
51
-187
-390
-521
-636
-780
-932
-1036
-1045
-947
-796
-671
-597
-552
-533
-558
-596
-630
-684
-766
-835
-861
-883
-942
-1014
-1018
-951
-859
-720
-523
-285
-2
313
608
834
958
1013
1072
1108
1068
987
905
844
802
742
646
568
548
578
632
660
629
560
481
397
356
371
380
363
321
220
68
-100
-248
-326
-337
-382
-522
-744
-1018
-1265
-1412
-1489
-1496
-1389
-1171
-852
-478
-172
-7
60
101
142
177
136
-12
-194
-380
-525
-540
-429
-279
-168
-90
11
197
469
755
1027
1222
1227
1076
902
815
807
720
518
319
229
224
206
163
93
11
-54
-129
-146
-75
-2
52
65
75
126
159
161
125
79
30
-74
-178
-278
-406
-528
-652
-711
-697
-689
-677
-674
-664
-608
-491
-300
-122
23
157
252
300
264
149
14
-137
-285
-391
-454
-454
-406
-340
-281
-200
10
370
758
1010
1051
958
873
831
813
774
661
494
327
209
148
98
18
-90
-171
-180
-138
-104
-89
-89
-89
-108
-162
-208
-244
-291
-331
-327
-270
-245
-330
-486
-628
-682
-658
-610
-551
-480
-401
-336
-317
-298
-216
-67
106
262
427
602
723
729
626
466
302
168
93
63
22
-48
-103
-95
-34
50
121
193
301
431
534
552
509
493
528
528
398
162
-71
-237
-337
-410
-460
-464
-419
-318
-196
-129
-138
-199
-222
-152
-20
108
156
119
44
1
-10
-60
-171
-321
-425
-412
-372
-361
-384
-442
-445
-367
-247
-89
45
150
244
276
268
327
475
611
620
448
210
51
-56
-127
-172
-245
-280
-256
-209
-96
57
194
323
407
480
577
604
524
401
252
79
-81
-224
-337
-421
-494
-482
-393
-340
-289
-212
-150
-119
-142
-130
-9
139
226
190
51
-61
-63
-26
-24
-12
49
118
74
-113
-264
-276
-188
-48
79
178
255
269
237
192
190
266
357
374
296
160
-26
-226
-371
-435
-415
-363
-322
-282
-231
-108
84
222
247
226
258
348
406
355
212
61
-44
-99
-151
-215
-226
-210
-230
-274
-280
-214
-126
-55
21
117
211
290
368
432
414
305
161
19
-104
-204
-270
-292
-307
-347
-403
-454
-458
-358
-194
-38
73
114
95
40
7
71
181
199
114
14
-31
-1
35
33
26
12
-22
-71
-143
-157
-63
80
199
266
316
392
474
526
561
566
496
330
114
-53
-120
-126
-144
-224
-340
-402
-369
-255
-107
21
102
122
103
82
72
67
37
-60
-208
-351
-433
-459
-446
-375
-288
-238
-229
-215
-157
-106
-50
57
158
209
207
182
206
243
276
313
277
173
91
53
46
23
-58
-144
-185
-199
-162
-99
-70
-16
64
131
220
289
332
357
281
126
-8
-132
-228
-254
-280
-319
-357
-415
-367
-205
-66
38
61
76
197
333
386
342
237
159
134
120
89
28
-71
-155
-161
-141
-130
-125
-138
-100
7
123
235
290
285
276
223
125
22
-69
-100
-114
-156
-180
-171
-125
-85
-101
-120
-99
-16
57
41
-28
-78
-32
75
108
54
-41
-87
-50
-14
-25
-97
-211
-281
-287
-260
-222
-188
-132
-64
28
151
274
358
368
382
415
402
360
269
139
5
-147
-265
-357
-418
-366
-241
-133
-86
-60
18
111
189
231
206
159
108
79
57
-32
-130
-160
-151
-128
-121
-111
-74
-33
14
72
123
154
172
179
142
82
63
110
205
274
262
197
82
-68
-182
-244
-245
-212
-206
-258
-383
-508
-540
-457
-286
-96
82
198
227
236
289
364
385
278
96
-61
-141
-141
-131
-154
-173
-164
-133
-120
-96
26
233
407
450
379
284
231
215
177
103
26
-47
-98
-142
-179
-174
-135
-79
-32
-12
6
39
73
93
91
67
-4
-101
-137
-100
-69
-90
-152
-198
-182
-111
-12
49
28
-54
-143
-199
-222
-189
-79
63
183
272
312
304
241
156
120
135
140
67
-91
-286
-436
-479
-418
-319
-229
-152
-53
106
268
379
425
413
383
374
374
342
237
57
-145
-300
-380
-398
-366
-307
-258
-249
-241
-173
-21
157
269
285
229
180
175
173
104
-40
-146
-131
-42
28
9
-96
-192
-201
-131
-65
-50
-46
-26
-11
-5
28
96
160
193
209
204
207
242
225
121
-30
-180
-285
-368
-431
-422
-336
-182
-27
100
222
306
381
449
478
466
380
236
75
-93
-203
-229
-232
-232
-254
-244
-176
-121
-92
-67
-7
47
60
81
93
88
95
91
43
-90
-250
-299
-268
-204
-117
-83
-95
-136
-185
-165
-83
-8
40
46
51
96
163
250
346
394
379
337
274
190
100
21
-33
-104
-201
-258
-270
-226
-130
-35
50
100
111
126
146
198
270
311
277
114
-132
-329
-416
-441
-481
-513
-467
-395
-298
-137
16
142
219
212
214
238
273
339
347
295
225
88
-42
-121
-187
-183
-139
-117
-96
-112
-131
-135
-112
-19
58
68
49
51
142
205
167
145
124
117
153
131
100
93
48
-34
-194
-311
-254
-125
51
236
360
416
353
235
162
124
114
58
-67
-210
-359
-421
-381
-328
-287
-274
-259
-192
-161
-162
-128
-70
23
73
34
41
130
220
230
122
-28
-133
-162
-156
-186
-233
-251
-209
-100
2
86
198
322
454
527
478
321
121
-21
-42
46
123
89
42
-6
-38
-23
-55
-83
-92
-109
-78
-33
-15
-48
-82
-60
0
126
208
222
249
179
91
42
-56
-124
-183
-250
-251
-240
-259
-281
-293
-270
-202
-116
-79
-76
-91
-131
-108
-42
5
39
7
-45
-36
19
104
155
118
20
-72
-79
27
207
341
361
332
319
361
425
421
363
283
215
178
128
83
65
51
-1
-139
-277
-293
-198
-68
-4
-21
-68
-122
-159
-154
-97
-32
-34
-115
-223
-290
-268
-182
-108
-104
-183
-284
-340
-347
-299
-216
-153
-130
-145
-155
-106
15
169
253
188
49
-24
20
111
176
212
209
134
27
-34
3
113
228
291
266
169
94
126
232
304
305
253
181
111
72
96
143
172
164
106
15
-83
-130
-94
-42
-41
-86
-121
-108
-95
-108
-151
-209
-249
-254
-214
-177
-183
-218
-244
-221
-164
-116
-105
-133
-169
-176
-150
-124
-123
-101
-21
74
88
8
-55
-24
74
171
211
180
115
69
69
91
111
148
187
208
210
201
201
208
229
271
289
265
205
156
152
170
168
112
9
-81
-109
-56
23
62
68
62
30
-54
-181
-287
-347
-367
-360
-371
-411
-441
-410
-316
-222
-150
-110
-114
-138
-170
-177
-169
-149
-99
-73
-88
-111
-80
36
150
181
133
86
119
204
281
306
255
186
173
253
380
444
407
319
238
185
135
120
174
244
245
139
9
-45
-11
58
76
20
-67
-140
-158
-143
-134
-140
-168
-198
-212
-215
-209
-232
-272
-302
-332
-358
-367
-332
-270
-232
-214
-190
-144
-65
23
100
128
87
43
35
60
82
89
100
109
106
99
96
91
102
145
219
270
266
239
236
290
348
354
298
206
150
148
167
179
153
88
6
-70
-91
-65
-49
-89
-171
-223
-205
-145
-101
-103
-140
-190
-217
-195
-135
-93
-120
-202
-271
-294
-313
-365
-394
-313
-125
45
79
-2
-86
-99
-42
58
175
266
268
176
53
-38
-92
-132
-138
-75
24
69
47
29
98
229
303
284
228
204
228
254
248
222
191
146
112
108
126
136
112
82
86
98
70
-5
-69
-83
-79
-103
-140
-139
-96
-30
20
27
8
-39
-122
-224
-313
-342
-313
-277
-279
-289
-251
-166
-119
-148
-190
-173
-67
87
174
153
85
17
1
37
70
106
158
169
143
94
27
-23
-24
23
87
126
127
133
174
213
228
217
181
122
60
26
18
34
83
127
120
68
-25
-108
-162
-214
-225
-211
-211
-179
-99
-2
49
17
-49
-88
-91
-83
-99
-147
-202
-232
-234
-196
-132
-83
-72
-106
-135
-89
16
107
179
211
205
200
161
107
78
53
67
107
133
151
119
70
60
77
120
143
144
170
233
313
344
320
269
222
206
164
89
12
-70
-109
-137
-178
-207
-251
-281
-288
-302
-306
-316
-331
-332
-305
-234
-148
-76
-47
-67
-99
-153
-196
-202
-187
-139
-108
-111
-107
-121
-112
-84
-25
85
177
220
191
130
127
163
222
256
226
181
128
102
106
94
72
36
31
70
110
118
95
110
198
324
415
400
294
168
61
6
-26
-61
-74
-79
-74
-79
-97
-112
-125
-150
-188
-205
-185
-138
-115
-130
-143
-116
-82
-89
-134
-174
-158
-106
-73
-68
-59
-41
-41
-82
-149
-190
-173
-102
-11
79
158
204
193
158
147
172
205
199
138
62
33
49
67
57
19
-19
-31
-13
23
49
53
44
45
65
106
142
140
103
42
-25
-80
-106
-113
-113
-113
-128
-164
-193
-190
-153
-98
-55
-55
-90
-122
-129
-116
-77
-24
25
52
41
8
-2
22
47
37
-12
-65
-85
-66
-16
46
88
95
95
127
201
264
245
156
77
54
79
133
157
120
63
16
-12
-47
-130
-224
-233
-156
-35
84
146
154
133
85
45
28
-2
-39
-58
-66
-58
-36
-38
-77
-105
-117
-131
-139
-125
-67
16
61
60
51
34
1
-32
-30
15
73
105
91
52
-12
-79
-96
-81
-80
-94
-108
-104
-73
-9
71
118
94
38
18
47
82
97
73
22
-28
-73
-105
-146
-198
-204
-153
-79
-20
26
61
47
-6
-42
-5
104
216
254
191
70
-14
-30
-29
-75
-149
-187
-146
-48
67
149
148
73
-2
-13
34
95
145
184
205
193
150
88
15
-52
-80
-46
37
108
119
62
-53
-179
-231
-182
-87
-22
-10
-12
-6
8
24
-1
-79
-183
-254
-225
-128
-47
-13
-20
-48
-64
-62
-41
-9
3
24
54
64
85
133
195
240
201
108
20
-30
4
80
132
133
68
-24
-84
-120
-130
-119
-123
-106
-63
-17
18
20
16
36
42
38
39
23
-17
-62
-99
-111
-100
-82
-41
10
41
50
34
23
31
39
40
15
-41
-88
-121
-128
-104
-81
-66
-67
-70
-35
11
30
43
49
49
61
82
148
218
236
220
184
125
65
47
93
148
136
66
-13
-72
-80
-59
-44
-20
-8
8
40
40
12
-30
-57
-30
38
86
71
13
-38
-50
-30
-22
-77
-198
-316
-348
-282
-188
-154
-174
-181
-134
-47
28
47
32
37
79
145
202
234
206
107
-43
-147
-127
-64
-41
-93
-151
-141
-92
-21
59
122
111
35
-9
9
54
83
92
103
118
118
62
5
-4
-4
-1
-34
-87
-86
-31
40
107
207
282
262
203
153
157
169
121
43
-11
-11
-3
12
6
-83
-169
-191
-160
-112
-109
-139
-155
-114
-65
-61
-77
-96
-69
-8
15
-20
-63
-84
-104
-96
-59
-25
9
41
67
80
80
80
71
66
31
-17
-19
-12
12
56
91
106
67
23
-4
-11
21
38
39
23
-16
-18
7
9
-42
-128
-179
-164
-101
-48
-39
-42
-26
1
29
50
78
105
87
27
-28
-37
-17
-12
-2
23
41
25
-40
-95
-81
-10
55
63
10
-51
-81
-88
-95
-101
-89
-41
12
42
35
40
108
187
215
166
75
10
-29
-44
-14
83
195
218
150
53
-16
-42
-38
-8
42
72
54
21
17
34
21
-19
-44
-40
-23
-27
-27
2
28
-1
-92
-179
-214
-180
-115
-75
-75
-86
-85
-67
-35
-5
18
22
12
1
9
48
81
88
56
-17
-90
-137
-134
-84
-53
-65
-84
-52
11
26
-5
-20
36
116
118
71
54
87
141
151
131
123
116
99
78
80
81
56
36
6
-49
-123
-189
-175
-83
-19
-21
-35
3
64
98
90
58
27
-10
-58
-80
-74
-62
-37
-3
22
17
-34
-112
-175
-191
-166
-126
-97
-70
-6
95
175
187
146
86
34
-7
-34
-49
-69
-96
-82
-4
91
131
91
4
-78
-100
-59
16
93
132
126
108
89
58
23
27
85
153
155
89
19
0
33
68
72
55
40
15
-25
-62
-76
-61
-44
-50
-66
-71
-82
-119
-154
-153
-120
-84
-75
-79
-92
-120
-143
-144
-129
-107
-79
-54
-10
60
107
115
107
97
76
34
3
3
28
81
140
185
196
157
79
17
13
65
118
94
11
-31
-1
37
12
-63
-117
-129
-125
-99
-52
-15
10
4
-26
-45
-44
-44
-50
-30
-13
-55
-101
-86
-39
-11
-31
-66
-28
63
112
105
87
69
19
-51
-93
-108
-88
-53
-28
21
68
69
53
49
57
71
62
23
-6
-15
-18
-7
8
25
55
97
153
186
187
184
180
171
171
142
84
53
6
-36
-3
13
1
23
-8
-71
-108
-177
-244
-284
-278
-230
-199
-155
-115
-141
-124
-38
20
87
134
56
-26
-70
-153
-175
-124
-58
18
16
-32
-81
-130
-100
-64
-71
-25
-18
-70
-58
-50
-18
91
139
140
142
95
66
77
111
158
162
167
172
144
134
122
77
87
140
147
166
211
222
228
197
117
46
-24
-77
-117
-139
-101
-70
-48
-21
-85
-188
-257
-292
-250
-165
-84
-19
-29
-82
-117
-131
-111
-98
-85
-50
-51
-30
39
36
-29
-62
-48
-25
8
46
38
9
1
26
90
144
191
206
165
164
147
88
91
101
106
108
9
-114
-187
-223
-158
-23
92
176
161
30
-109
-187
-192
-164
-195
-201
-117
-46
8
27
22
73
110
90
31
-49
-81
-60
-48
-26
-23
-72
-89
-68
-44
-25
-55
-79
-37
43
152
211
183
147
138
126
127
134
115
115
122
111
102
66
35
33
31
30
-10
-94
-166
-184
-118
5
97
85
-9
-132
-202
-172
-77
48
121
112
73
22
-19
-36
-48
-60
-63
-71
-96
-124
-133
-96
-19
14
-28
-120
-198
-195
-124
-56
-33
-30
-11
51
117
139
118
60
26
62
122
173
190
132
43
-33
-80
-61
27
111
113
30
-62
-81
-23
46
41
3
10
60
90
65
37
17
6
-20
-78
-96
-37
45
59
22
-5
5
63
96
43
-54
-124
-144
-130
-79
-26
13
42
48
17
-37
-55
-52
-39
-24
-40
-63
-65
-21
39
78
86
35
-26
-45
-30
2
24
28
19
17
16
-30
-83
-102
-85
-39
-11
-10
-19
-4
17
12
11
14
-2
-31
-53
-63
-40
24
88
129
151
115
19
-69
-75
-12
80
146
129
91
81
91
100
110
116
96
70
40
7
-20
-66
-131
-160
-105
1
78
78
8
-71
-99
-83
-64
-73
-111
-150
