SAMPLES:	12482
BITSPERSAMPLE:	16
CHANNELS:	1
SAMPLERATE:	16000
NORMALIZED:	FALSE
-97
-115
18
50
134
117
-38
-101
-210
-149
-35
23
128
65
24
-41
-133
-97
-131
-103
-100
-176
-180
-296
-343
-338
-325
-177
-161
-159
-196
-294
-236
-215
-125
-41
-98
-96
-164
-146
-44
-21
45
22
20
86
97
158
163
167
202
169
173
164
172
232
256
312
344
339
327
244
183
119
52
42
19
46
90
89
111
84
65
63
-4
-30
-64
-76
-33
-57
-62
-100
-162
-144
-177
-166
-149
-157
-73
-59
-49
-58
-143
-123
-127
-81
8
3
57
55
65
121
78
88
77
101
224
264
316
284
195
172
107
112
100
67
92
66
64
20
-57
-97
-161
-160
-139
-134
-119
-162
-190
-206
-230
-218
-229
-265
-302
-339
-324
-294
-273
-254
-269
-262
-217
-163
-93
-82
-105
-120
-139
-91
-19
42
80
28
-7
-14
11
128
215
268
262
210
238
261
287
297
231
198
173
193
225
171
126
95
102
165
196
225
197
147
164
194
253
292
290
261
147
48
10
16
75
105
92
14
-90
-112
-107
-107
-156
-233
-260
-283
-245
-179
-169
-172
-212
-188
-155
-170
-132
-127
-117
-133
-184
-163
-180
-126
-13
82
173
124
63
-22
-123
-126
-149
-113
-119
-155
-116
-148
-108
-96
-100
-58
-116
-91
-105
-134
-73
-88
-17
-5
-21
48
34
114
146
123
150
59
62
76
96
215
217
238
197
94
100
75
138
212
227
286
237
190
138
52
57
32
62
101
89
95
13
-42
-58
-54
32
69
112
113
36
-50
-203
-291
-303
-270
-184
-141
-60
-1
0
-29
-126
-133
-99
-48
3
-37
-36
-33
-12
44
70
152
183
170
154
68
34
-16
-73
-91
-127
-111
-102
-85
-52
-81
-106
-162
-210
-176
-110
-4
79
107
76
2
-31
-30
11
59
51
12
-16
-47
-66
-51
-23
12
20
6
-16
-23
1
-4
-17
-16
12
66
87
64
10
9
62
130
229
281
269
192
62
-35
-63
6
85
124
122
63
11
-39
-57
-36
45
155
155
85
-68
-203
-194
-146
-50
-29
-89
-135
-237
-246
-229
-213
-111
-120
-127
-123
-144
-76
-30
35
64
45
96
91
87
51
-81
-138
-142
-77
20
59
79
74
132
206
223
232
199
208
266
285
269
165
31
-67
-127
-112
-88
-73
-75
-105
-130
-169
-174
-120
-23
101
165
122
10
-103
-152
-129
-60
22
84
86
13
-72
-114
-71
52
172
221
187
99
20
-20
-35
-6
66
147
205
203
152
91
63
76
104
120
90
34
-43
-139
-215
-247
-234
-203
-197
-211
-236
-264
-289
-296
-268
-236
-226
-239
-257
-217
-125
-34
2
-45
-107
-115
-77
-53
-70
-126
-185
-211
-196
-101
23
129
205
224
254
265
240
234
223
293
400
448
467
381
253
120
-5
18
144
313
410
334
212
104
65
99
136
186
220
202
147
77
29
25
59
91
94
54
-16
-83
-145
-160
-133
-90
-47
-42
-45
-53
-70
-85
-124
-175
-234
-293
-334
-366
-387
-404
-416
-408
-382
-328
-268
-226
-230
-266
-290
-293
-252
-198
-146
-100
-79
-58
-33
1
41
60
67
58
66
92
113
109
56
-2
-47
-62
-46
-20
34
84
119
136
143
183
231
252
222
151
106
110
156
204
204
184
171
202
278
347
395
407
416
431
426
377
290
222
218
251
271
229
142
65
40
73
112
118
71
-25
-122
-196
-231
-230
-220
-208
-198
-190
-184
-186
-187
-212
-247
-271
-283
-273
-279
-296
-321
-367
-418
-501
-554
-536
-454
-313
-183
-84
-43
-56
-84
-115
-107
-78
-68
-55
-24
40
129
187
200
187
157
151
135
85
26
-68
-108
-81
-22
69
66
26
-16
-43
25
57
89
95
53
102
134
205
262
223
214
127
76
65
56
166
220
270
272
155
79
-34
-41
69
177
297
239
102
-19
-96
-6
91
193
265
245
235
163
115
96
61
105
128
187
261
261
256
162
46
-59
-165
-184
-207
-210
-206
-233
-193
-153
-103
-53
-49
-42
-66
-107
-137
-177
-193
-208
-227
-236
-260
-305
-376
-448
-480
-476
-450
-416
-387
-342
-307
-308
-302
-313
-282
-223
-185
-110
-75
-34
0
-22
14
16
54
149
209
309
303
248
209
143
174
198
275
405
477
518
424
303
216
176
233
282
339
323
240
163
67
53
57
103
206
260
281
185
62
14
-5
79
163
228
272
193
101
14
-11
70
129
198
193
92
-29
-184
-253
-255
-222
-145
-122
-137
-202
-290
-312
-277
-188
-94
-29
-4
-51
-168
-317
-427
-438
-337
-200
-117
-142
-279
-413
-461
-368
-187
-56
-26
-128
-263
-330
-306
-175
-54
25
66
68
82
49
-17
-83
-126
-74
23
139
231
264
275
241
206
177
151
161
160
173
204
228
263
247
218
229
268
356
384
348
277
171
119
43
-34
-59
-60
39
113
131
96
-11
-44
-79
-98
-84
-101
-22
25
31
1
-110
-111
-71
40
195
267
338
272
131
13
-100
-81
-74
-97
-118
-188
-186
-208
-220
-176
-157
-92
-95
-169
-252
-354
-338
-253
-149
-47
-34
-24
-20
-42
-39
-75
-64
-13
20
75
65
43
24
-21
-23
-50
-64
-79
-106
-92
-112
-145
-185
-199
-141
-83
-60
-105
-157
-156
-125
-75
-78
-70
-36
-3
35
-21
-58
-42
40
193
263
284
227
136
110
103
211
335
454
553
530
509
405
314
283
242
329
365
391
406
275
190
44
-47
-14
-4
107
149
144
125
7
-68
-176
-233
-235
-263
-259
-319
-370
-408
-447
-408
-382
-301
-203
-177
-155
-233
-322
-339
-350
-261
-168
-113
-49
-64
-76
-102
-135
-113
-60
61
193
281
281
174
51
-69
-95
-21
79
191
190
97
-19
-130
-153
-152
-135
-116
-121
-112
-142
-170
-179
-172
-118
-93
-86
-105
-131
-127
-134
-99
-41
59
200
281
320
266
187
178
201
297
367
358
318
238
209
226
270
331
353
359
335
284
225
159
132
148
210
280
323
317
248
141
21
-65
-94
-76
-45
-48
-103
-175
-235
-254
-240
-225
-233
-250
-257
-252
-229
-242
-294
-359
-417
-407
-364
-319
-281
-276
-273
-271
-268
-256
-237
-196
-146
-81
-13
53
115
147
136
101
62
61
115
180
214
202
147
111
140
206
255
227
128
41
2
16
39
12
-62
-133
-159
-116
-28
32
34
5
-9
8
23
-6
-124
-246
-301
-257
-128
-17
63
78
47
27
-32
-60
-24
26
105
142
135
124
105
140
203
294
382
387
359
321
285
281
266
229
193
182
205
221
209
163
108
90
79
70
53
17
-27
-109
-191
-272
-354
-379
-389
-342
-238
-185
-145
-164
-211
-197
-192
-146
-110
-138
-129
-146
-162
-150
-150
-85
-20
20
10
-83
-140
-162
-102
16
61
60
-59
-197
-253
-281
-214
-156
-100
-5
43
124
123
53
-9
-142
-158
-118
-33
132
172
198
129
6
10
-1
92
171
158
183
110
114
143
143
238
236
288
319
253
247
174
189
232
234
297
261
283
270
174
145
31
48
136
183
286
207
104
8
-116
-79
-92
-104
-148
-317
-391
-485
-512
-445
-448
-377
-361
-363
-294
-321
-311
-317
-324
-225
-191
-150
-166
-242
-243
-267
-191
-64
33
154
159
149
125
73
92
73
113
169
177
204
136
96
77
57
120
146
217
289
279
265
164
83
36
-11
53
152
278
362
299
204
110
79
148
230
353
449
410
279
81
-43
-31
-9
24
11
-27
-17
-83
-155
-238
-337
-321
-302
-208
-87
-85
-107
-254
-375
-359
-303
-151
-121
-192
-290
-431
-403
-306
-164
-1
44
100
104
86
107
59
61
52
37
63
52
81
73
21
-20
-54
7
97
151
138
35
-85
-211
-295
-331
-311
-241
-181
-109
-84
-72
-77
-98
-43
28
135
197
158
119
39
33
81
139
280
364
432
438
354
327
283
290
298
246
257
238
252
246
134
31
-105
-141
-66
17
112
88
13
-80
-192
-236
-281
-233
-98
53
198
198
128
72
67
161
219
220
162
63
0
-49
-90
-128
-177
-204
-200
-171
-119
-76
-77
-117
-196
-272
-295
-298
-292
-321
-393
-418
-412
-359
-278
-222
-130
-92
-121
-181
-278
-264
-199
-127
-40
-48
-53
-95
-166
-157
-150
-61
28
46
66
1
-42
-48
-35
95
228
383
476
436
378
281
260
283
276
313
324
340
299
172
116
133
263
392
432
459
418
380
321
253
284
293
264
161
16
-9
-7
20
33
10
65
76
24
-84
-234
-276
-286
-270
-222
-180
-75
-11
-26
-106
-263
-374
-462
-503
-469
-457
-410
-380
-347
-277
-252
-210
-187
-167
-105
-95
-83
-117
-190
-193
-178
-83
16
41
64
32
57
121
156
196
142
97
89
82
113
98
106
152
194
240
199
117
7
-103
-130
-124
-71
-6
34
63
37
-6
-34
-26
36
115
185
190
112
-11
-117
-137
-82
11
81
105
95
58
38
20
27
55
85
165
227
249
220
162
128
85
106
188
283
380
373
325
262
189
163
112
112
108
52
6
-111
-195
-245
-270
-202
-185
-157
-152
-216
-249
-328
-354
-297
-229
-137
-117
-125
-163
-224
-246
-270
-236
-169
-115
-87
-94
-91
-125
-181
-237
-258
-176
-116
-75
-22
-36
-66
-95
-73
-3
44
123
121
44
79
127
147
155
100
119
177
208
270
206
132
120
84
184
188
314
593
253
-151
-77
295
377
-142
-78
398
491
442
-17
-186
46
175
212
-309
-581
-324
-61
28
-343
-455
-230
-175
-96
-295
-264
-145
-179
-52
-62
-43
-237
-495
-123
366
327
-201
-677
-288
315
370
-251
-580
344
1238
551
-397
104
1225
1065
-108
-429
340
1096
855
68
-253
356
972
835
455
416
751
1015
585
182
192
94
-150
-463
-671
-799
-800
-694
-659
-852
-1108
-1247
-1304
-1192
-1031
-1094
-1095
-1373
-1539
-1032
-875
-1217
-1444
-1098
-396
-273
-559
-524
-303
-290
-386
-351
-243
-49
167
448
565
424
804
1221
1139
1148
1463
1781
1593
1413
1813
2076
1915
1729
1797
2213
2394
2206
1944
1823
1930
1954
1675
1205
989
1107
842
184
-218
-319
-419
-686
-860
-954
-1192
-1625
-1837
-1746
-2038
-2484
-2376
-2170
-2446
-2660
-2336
-2141
-2378
-2545
-2450
-2153
-2013
-1984
-1804
-1673
-1565
-1476
-1317
-1070
-978
-697
-486
-652
-589
-365
34
579
1040
1412
962
701
1897
2969
2537
1497
1796
3355
4026
3405
2653
2631
3370
3838
3435
2791
2648
3054
3635
3159
2012
1752
1232
259
422
732
-200
-1744
-2045
-812
-702
-2052
-3243
-3422
-2338
-1600
-2348
-3453
-4068
-3516
-2302
-2361
-3556
-3963
-2804
-1693
-1734
-2454
-2749
-2147
-1244
-702
-664
-1242
-1283
-351
373
227
-456
-386
461
896
954
870
603
1035
1960
2227
1443
1356
2644
3528
2693
1771
2397
3533
3642
2858
2162
2434
3009
2927
2663
2358
2350
2618
2517
1906
1396
980
608
-44
-446
-648
-1115
-1456
-1482
-1518
-1827
-2364
-2605
-2702
-2706
-2283
-2484
-3148
-3706
-3342
-2478
-2667
-3501
-3483
-2678
-1935
-2297
-2898
-2523
-1941
-1653
-1782
-1780
-1485
-1077
-787
-711
-696
-354
-101
488
1176
1350
1659
1565
1295
2092
3420
3451
2269
2063
3635
4802
4603
3523
2853
3529
4613
4584
3483
2857
3298
4109
3745
2248
1380
1471
1237
703
36
-769
-1458
-1605
-1380
-1501
-2154
-2997
-3331
-2864
-2288
-2658
-3661
-3956
-3489
-3143
-2966
-3382
-3941
-3568
-2667
-2389
-2965
-3527
-2957
-1865
-1691
-2054
-2119
-1957
-1451
-906
-690
-694
-810
-201
728
1073
1522
1720
1085
1622
3563
4370
3227
2303
3305
4986
5394
4287
3029
3381
4800
5271
4409
3335
3192
3956
4211
3159
1857
1259
1005
576
218
-573
-1717
-2306
-2175
-1547
-1945
-3224
-3708
-3545
-2926
-3046
-3668
-4073
-4737
-4204
-3062
-3132
-4131
-4717
-3834
-2658
-2584
-3259
-3377
-2598
-2016
-1747
-1789
-2027
-1781
-998
-366
-169
-215
266
1193
1495
2104
2878
2442
2174
3340
4962
4953
3580
3545
4663
5559
5360
4336
4111
4649
5113
4986
4169
3368
3184
3570
3214
1899
988
492
69
-336
-768
-1505
-2284
-2504
-2315
-2358
-3366
-4201
-4222
-3886
-3715
-4274
-4663
-4787
-4728
-4066
-3824
-4153
-4452
-3965
-3010
-2921
-3422
-3591
-2686
-1837
-1878
-1845
-1673
-1427
-873
-149
453
219
265
1444
3464
4164
2203
1370
3892
6361
4882
2519
3460
5804
6351
5037
4046
4309
4907
4966
4524
4441
4006
3713
3557
2933
2451
1601
601
-127
-95
56
-1100
-3170
-3469
-2177
-2131
-3824
-4849
-4367
-4085
-4278
-4479
-4637
-5467
-6126
-4773
-3437
-4447
-5638
-4955
-3255
-2985
-3857
-3761
-2661
-2277
-2386
-1656
-1281
-1392
-1280
-447
488
775
767
1398
3401
4163
2783
2435
4507
6290
5332
4147
4934
6133
6618
5910
4870
4710
5444
5893
5390
4793
4448
4667
4443
3316
2269
1765
1085
391
-41
-529
-1393
-2595
-3016
-2507
-2542
-3775
-4791
-4846
-4220
-4322
-5113
-5681
-6202
-6035
-4937
-4636
-5815
-6469
-5046
-3736
-4235
-4939
-4454
-3067
-2937
-3288
-2738
-2152
-1885
-1318
-482
-15
372
917
2799
4162
2860
2005
4051
6450
5873
4173
4717
6265
6809
6159
5164
5010
5628
6577
6427
5400
4804
5102
5177
4129
2992
2432
1973
1115
672
204
-1201
-2589
-2665
-1838
-2186
-4147
-5115
-4761
-4118
-4428
-5815
-6393
-6352
-6067
-5454
-5308
-6107
-6413
-5144
-4059
-4506
-5073
-4517
-2915
-2443
-3198
-3168
-2540
-1575
-609
40
128
581
1389
2876
4574
3759
2333
3504
6411
7183
5044
4371
5641
7284
7831
5807
4556
5740
7971
7491
4959
4355
5438
5961
4454
2736
2255
1916
994
292
-273
-1474
-2568
-2929
-2881
-2890
-4321
-5613
-5959
-5364
-4879
-5974
-7134
-6950
-6185
-6030
-6455
-6627
-6731
-6052
-4937
-4940
-5143
-5248
-4414
-3106
-2821
-3362
-3237
-1849
-220
80
-336
305
2111
2638
3161
4348
4224
3684
4815
7142
7054
5311
5102
6868
8273
7534
6187
5933
6405
7182
6807
6008
5120
5070
5524
4889
3651
2134
1299
1178
768
-449
-1948
-3072
-2888
-2434
-3068
-4839
-5773
-5408
-4757
-5442
-6734
-6763
-6371
-6701
-6910
-6305
-6267
-6804
-6319
-5006
-4537
-5008
-5183
-4007
-3166
-3160
-3190
-2638
-1647
-984
-453
-21
473
1322
2175
4048
4890
3588
3285
5358
7313
6362
4845
5344
6958
7674
6986
6075
5845
6226
6979
6676
5642
4852
5268
5447
4150
2860
1979
1436
869
-75
-963
-1634
-2446
-2985
-3051
-3598
-4995
-5239
-5027
-5550
-6331
-6613
-6086
-6396
-7430
-7000
-5841
-6180
-6997
-6244
-4949
-4741
-5182
-4927
-3635
-3078
-3242
-2656
-1926
-1436
-821
210
818
1166
1996
3428
5390
4791
3240
4183
6736
7818
6184
5046
6076
7617
8256
7079
5942
5973
6840
7473
6059
4661
4539
5159
4712
3562
2484
1524
1124
714
-288
-1288
-2051
-2997
-3608
-3427
-3802
-4876
-5601
-6425
-6070
-5807
-6362
-7253
-8038
-7435
-5984
-5798
-7234
-7490
-5897
-4788
-4937
-5576
-5276
-3658
-2952
-2969
-2898
-2315
-1263
-78
618
901
1591
2495
4397
5103
3925
3704
5348
7204
6799
5603
6175
7450
8077
7204
6600
6866
6839
7219
6995
6191
5553
5513
5228
4361
3383
2669
2176
942
-306
-753
-1042
-2307
-3826
-3693
-3438
-4512
-5564
-6286
-6140
-6259
-6637
-6748
-7451
-7866
-6969
-5895
-6637
-7757
-6941
-5405
-5135
-5572
-5420
-4319
-3663
-3510
-3022
-2272
-1691
-616
629
1061
1469
2189
3817
4634
3862
3954
5454
6899
6562
5574
5988
7056
7813
7104
6458
6799
6876
7309
7002
5980
5418
5786
5711
4557
3391
2759
2723
1527
95
-395
-709
-1673
-3153
-3432
-3369
-3930
-4938
-6182
-6045
-5976
-6301
-6833
-7690
-7335
-6547
-6197
-6939
-7561
-6853
-5700
-5446
-5997
-5743
-4677
-3786
-3394
-3338
-2826
-2193
-976
267
620
978
1664
3579
4537
3671
3548
4928
6783
6479
5281
5865
6917
7672
7155
6562
6806
6848
7208
7050
6513
6176
5907
5406
4488
3877
3674
2674
1033
148
310
-45
-1902
-3509
-3287
-2644
-3515
-5291
-6415
-5985
-5253
-5539
-6760
-7860
-7696
-6343
-5899
-7000
-7987
-6989
-5073
-4964
-5705
-5799
-4952
-3838
-3143
-2688
-2738
-2495
-994
290
1146
1103
1634
3645
4208
3804
4362
5899
6419
5513
5506
6571
7376
7174
6395
6485
6858
7141
7003
6369
5887
6076
6387
5169
3781
3603
3215
1802
337
26
-14
-1396
-2790
-2933
-2783
-3837
-4965
-5212
-5688
-5963
-6090
-6673
-7382
-7745
-6817
-6097
-6856
-7655
-7035
-5394
-5064
-5656
-5611
-4692
-3825
-3714
-3428
-2899
-2278
-1016
-262
173
734
1662
3354
4005
3564
3858
5611
6453
5586
5317
6063
6983
7166
6468
6504
6844
6909
6843
6810
6531
6044
6357
5831
4483
4038
3767
2658
1240
393
631
-154
-2142
-3004
-2225
-2279
-4460
-5859
-5570
-5002
-5309
-6412
-7151
-7224
-6596
-6114
-6693
-7406
-7427
-5969
-5042
-5733
-6246
-5453
-4153
-3863
-3879
-3516
-2736
-1601
-885
-120
410
825
2587
3660
3288
3213
4728
6079
5233
4570
5652
6728
6783
6093
6266
7016
7038
6727
6507
6438
6008
5926
5658
4793
4395
3915
2756
1390
410
451
-181
-1979
-2923
-2249
-2235
-4227
-5572
-5433
-4848
-5059
-6347
-6988
-6687
-6185
-6119
-6725
-7128
-6949
-5810
-5238
-5831
-5987
-5206
-4031
-3823
-3830
-3120
-2075
-991
-481
246
999
1733
3001
3571
3625
4046
5469
6105
5241
5326
6162
6704
6381
5898
6534
6950
6606
6183
6375
6480
5874
5704
5101
4175
3926
3366
1884
540
211
125
-1009
-2551
-2850
-2209
-2925
-4815
-5427
-5163
-5178
-5613
-6252
-6911
-7001
-6383
-6210
-6782
-7317
-6747
-5300
-5080
-5871
-5633
-4417
-3635
-3719
-3512
-2942
-1822
-704
-94
651
1191
2277
3225
3205
3410
4745
5995
5273
4729
5876
6918
6720
5495
5486
6793
7190
6421
5939
6222
6092
6041
5557
4393
3980
3697
2828
1561
448
96
-547
-1718
-2357
-2182
-2705
-4471
-5154
-4941
-4958
-5558
-6639
-6987
-6741
-6258
-6290
-7054
-7306
-6677
-5508
-5284
-5811
-5567
-4495
-3458
-3588
-3721
-3055
-2084
-1066
-323
452
1095
2214
3254
3286
3479
4452
5703
5481
4605
5455
6893
7061
5973
5611
6769
7567
7236
6276
5947
6124
6255
6116
4797
3822
3755
3295
2149
794
256
-360
-1604
-2495
-2542
-2468
-4106
-5563
-5397
-4976
-5331
-6566
-7225
-7164
-6439
-6114
-6948
-7449
-7212
-5992
-5137
-5831
-6372
-5597
-4011
-3540
-3824
-3571
-2586
-1124
-303
216
984
2101
3246
3549
3644
4519
5481
5462
5025
5515
6407
6731
5990
5467
6099
6630
6797
6461
5953
5753
5916
5832
4667
3809
3479
2813
2265
1396
617
-511
-1707
-1903
-1803
-2431
-4300
-5094
-4664
-4788
-5359
-6416
-7148
-6825
-5901
-5526
-6404
-7071
-6898
-5730
-5127
-5953
-5892
-4645
-3571
-3442
-3419
-2911
-2136
-1071
-44
872
1679
2186
2758
3349
4090
5120
5372
4624
4550
5962
7188
6511
5237
5542
6804
7230
6463
5872
6048
6266
6082
5227
4236
3969
3539
2503
1670
1079
292
-1082
-2140
-2202
-2128
-3121
-4891
-5361
-4818
-4792
-5612
-6961
-7482
-6817
-6141
-6499
-7269
-7318
-6649
-5777
-5822
-6402
-6054
-4931
-3999
-3624
-3529
-3114
-2123
-874
116
737
1563
2435
3025
3230
3857
4681
4639
4516
5006
6255
6780
5891
5637
6427
7072
6776
6144
6343
6865
7036
6322
5150
4714
4511
3627
2687
2034
1278
257
-857
-1194
-1261
-2240
-3823
-4351
-3972
-4344
-5408
-6280
-6667
-6569
-6283
-6502
-7038
-7163
-6722
-6015
-5859
-6452
-6307
-5017
-3957
-3865
-3952
-3353
-2168
-1013
-294
261
1410
2567
3079
3600
4307
5309
5381
4607
4883
6100
6884
5926
4790
5546
6790
6802
5709
5199
5762
6247
6005
4646
3583
3413
3035
2185
964
159
-383
-1154
-2009
-2573
-2748
-3934
-5271
-5399
-5210
-5165
-5841
-6738
-7082
-6570
-5794
-6234
-7088
-7119
-5965
-4840
-5359
-6270
-5741
-3952
-2959
-3325
-3345
-2347
-690
495
935
1661
2598
3272
3793
4608
5472
5543
5198
5261
6052
6913
6702
5782
5552
6550
7343
6854
5881
5514
6197
6822
5749
3957
3575
3462
2462
1546
745
-193
-1308
-1807
-1737
-2182
-3567
-5185
-4981
-4425
-5196
-6078
-6788
-7055
-6872
-6294
-6467
-7511
-7367
-6310
-5372
-5630
-6492
-5764
-4195
-3463
-3674
-3411
-2508
-1503
77
1011
1320
2103
2998
3880
4479
4954
5165
5046
5106
5573
6705
6569
5123
5199
6505
7160
6436
5652
5808
6194
6238
5284
4195
3880
3353
2407
1505
760
-205
-1556
-2331
-2317
-2402
-3572
-5451
-5725
-4801
-5063
-6325
-7284
-7341
-6877
-6452
-6818
-7630
-7391
-6490
-5729
-5749
-6266
-5582
-4006
-3061
-3244
-3210
-2384
-1400
70
1134
1819
2531
2989
4042
5100
5492
5365
5521
6219
6754
7705
7533
5973
5723
6945
8051
7374
6011
5932
6933
7276
5562
4215
4156
3569
2591
1851
1249
-206
-1787
-2018
-1589
-1975
-4130
-5908
-5497
-4763
-5344
-6662
-7420
-7572
-7020
-6346
-6992
-7986
-7809
-6683
-5838
-6129
-6742
-6304
-4994
-4250
-4113
-3746
-3195
-2087
-297
971
1246
1234
1969
3573
4798
4894
4487
4694
5460
6394
7195
6606
5305
5570
7186
7808
6749
5883
6258
7314
7341
5770
4637
4252
3513
2753
2377
1568
-216
-1508
-1526
-1340
-2110
-4231
-5770
-5381
-4668
-5071
-6426
-7586
-7500
-6250
-5788
-7207
-8201
-7216
-5564
-4975
-5979
-6848
-5889
-4199
-3415
-3377
-3203
-2469
-885
928
1711
1818
2048
2887
4452
5581
5539
4901
4996
6091
7333
7776
6622
5585
6284
7733
8074
6651
5551
6032
7146
6953
5212
4107
3502
2755
2355
1774
138
-2046
-2541
-1777
-2086
-3899
-5990
-6098
-5078
-5352
-6574
-7621
-8046
-7721
-6866
-6877
-7994
-8294
-7398
-6253
-5959
-6734
-6735
-5371
-4066
-3723
-3475
-2734
-1999
-451
1096
1532
1906
2426
3572
4946
5579
5410
4998
5427
6179
7203
7492
6255
5993
7176
8169
7558
6273
6193
6858
7339
6475
5109
4205
3057
2414
2157
1509
-147
-2103
-2256
-1591
-1857
-3489
-5297
-5289
-4591
-4821
-6075
-7306
-7314
-6497
-5623
-6125
-7522
-7533
-6336
-5288
-5672
-6484
-5933
-4554
-3488
-3487
-3311
-2642
-1676
102
1385
1933
1835
2228
3949
5268
5307
4343
4418
5773
6827
7301
6348
5407
6035
7311
7678
6518
5794
5991
6598
6477
4988
4224
3718
2615
2048
1837
599
-1749
-2616
-1948
-2020
-3271
-5307
-5939
-5297
-5340
-6196
-7189
-7724
-7809
-6846
-6273
-7276
-8000
-7557
-6313
-5709
-6434
-6693
-5720
-4191
-3530
-3334
-2811
-2260
-615
1282
2158
2344
2424
3610
5252
6114
5621
4971
5893
7007
7836
7884
6832
6612
7580
8646
8129
6917
6622
6832
7278
6344
4999
4335
3330
2571
2177
1570
-264
-2271
-2425
-2030
-2492
-4575
-6565
-6379
-5710
-5805
-6838
-7913
-8269
-7605
-6626
-7274
-8398
-8283
-7190
-6137
-6334
-6977
-6624
-5171
-3944
-3548
-3013
-2465
-1268
679
1881
2250
2329
3196
4932
6219
6267
5450
5569
6494
7419
8092
7457
6605
6774
7894
8508
7486
6529
6474
7030
6875
5599
4799
3771
2593
2113
1894
668
-1945
-3015
-2252
-2183
-3936
-6448
-6783
-5814
-5925
-7101
-8382
-8673
-8243
-7288
-7333
-8560
-8774
-7949
-6977
-6745
-7023
-6704
-5866
-4773
-3917
-3305
-2887
-2427
-688
1306
2258
2319
2475
3993
5576
6434
6482
6051
6585
7784
8960
8680
7222
7071
8191
9353
8802
7379
7152
7837
8193
7079
5936
4910
3620
3145
2939
2019
-262
-2224
-2161
-1910
-2919
-5507
-7062
-6573
-6185
-6560
-7863
-8906
-9114
-8219
-7594
-8518
-9395
-9087
-7912
-7277
-7520
-7558
-7026
-5965
-4954
-4164
-3408
-2938
-1734
391
1942
2333
2437
3566
5198
6199
6508
6040
5981
6933
8202
8746
7942
7236
7721
8907
9168
8233
7596
7556
7860
7439
6372
5287
3826
2942
2617
2330
772
-1659
-2533
-2402
-2607
-4110
-6359
-6859
-6293
-6025
-6899
-8482
-9171
-8794
-7710
-8041
-9084
-9133
-8500
-7690
-7547
-7729
-7544
-6754
-5363
-4559
-3821
-3211
-2418
-418
1126
2219
2707
3253
4731
5980
6688
6313
5965
6796
7971
9021
8713
7835
8145
9254
9869
9064
8323
7907
8047
8098
7144
6166
4611
3581
3001
2418
1352
-995
-2176
-2192
-2526
-3622
-5813
-6799
-6807
-6583
-7069
-8490
-9094
-9216
-8446
-8305
-8955
-9117
-8856
-8165
-7846
-7785
-7408
-6892
-5883
-5039
-4226
-3525
-2884
-1202
481
1954
2754
3102
3910
5163
6655
6813
6275
6756
7837
9113
8905
7641
7558
8614
9669
8970
8115
7847
7897
8041
7037
6188
5001
3666
2984
2656
1918
-591
-2340
-2218
-2097
-2809
-5191
-6640
-6440
-6318
-6789
-8067
-8828
-9029
-8176
-7778
-8650
-9130
-9004
-8193
-7785
-8096
-7936
-7100
-5851
-5143
-4729
-3995
-3398
-1843
20
1297
1951
2532
3869
4968
5759
6211
6393
6727
7464
8480
8642
7979
7495
8076
9247
8948
8031
7803
8098
8260
7345
6777
6058
4847
3946
3253
2857
1137
-711
-1352
-1744
-2298
-4008
-5472
-6011
-6201
-5990
-6915
-8183
-8940
-8378
-7537
-8315
-8969
-9078
-8517
-7965
-8158
-8065
-7608
-6783
-5817
-5223
-4536
-4059
-2710
-775
263
608
1054
2734
4343
5125
5488
5697
6259
6922
7488
7706
7487
7650
8134
9005
9074
8242
8004
8161
8215
7363
7006
6616
5279
4457
3789
3167
1485
-410
-566
-643
-1479
-3557
-5083
-5136
-5779
-6166
-7109
-8121
-8548
-8357
-7752
-8752
-9353
-9073
-8475
-8029
-8563
-8453
-7793
-7227
-6581
-5957
-4775
-4198
-3104
-1080
167
944
1129
2420
4231
5142
5569
5527
6206
7032
7738
8512
8004
7897
8547
9445
9722
8725
8424
8757
9103
8296
7414
6768
5409
4725
4423
3857
1610
-694
-734
-657
-1361
-3475
-5274
-5351
-5791
-6348
-7333
-8347
-9085
-8728
-7714
-8528
-9533
-9459
-8498
-7859
-8237
-8270
-7740
-7051
-6491
-6031
-5123
-4749
-3965
-1853
-55
479
594
1950
3621
4555
4962
5068
5695
6591
7407
8017
7633
7292
7674
8620
9043
8359
8097
8386
8883
8458
7722
6975
5424
4738
4707
4361
2453
83
-177
221
-439
-2652
-4675
-4668
-4585
-5181
-6500
-7912
-8559
-8159
-7337
-8194
-9235
-9168
-8409
-7920
-8493
-8783
-8065
-7123
-6335
-5920
-5111
-4391
-3668
-1868
-405
173
431
1618
3242
4122
4657
5019
5387
6247
7150
7750
7509
7102
7591
8561
8888
8144
7933
8208
8515
8288
7593
6868
5470
4581
4659
4196
2411
248
-8
478
-418
-2406
-4462
-4669
-4564
-5297
-6277
-7466
-8127
-7881
-7307
-7971
-9080
-8878
-8297
-8072
-8274
-8439
-7799
-7255
-6733
-6260
-5557
-4886
-4217
-2348
-614
-103
78
1239
3137
4269
4742
4791
4827
6029
7293
7529
6940
6727
7676
8949
9106
8011
7807
8519
8690
8105
7475
7142
5893
4858
4675
4135
2610
223
-226
184
-540
-2283
-4412
-4628
-4690
-5280
-6099
-7368
-7735
-7550
-6901
-7599
-8811
-8610
-8242
-7908
-8305
-8374
-7460
-6761
-6292
-6073
-5262
-4374
-3720
-1988
-575
-28
343
1496
3440
4231
4442
4670
5004
6002
6868
7314
6922
6554
7331
8381
8831
7754
7403
8153
8512
7951
7086
6967
5670
4473
4229
4098
2920
558
-267
65
-184
-2015
-4246
-4317
-4144
-4613
-5603
-7058
-7900
-7677
-6643
-7460
-8851
-8722
-7747
-7270
-8100
-8719
-8026
-7036
-6658
-6513
-5667
-4946
-4411
-2687
-1056
-463
-447
727
2841
3868
4051
4082
4480
5484
6422
7043
6812
6288
6880
8106
8579
7463
7019
8133
8718
8019
7270
7136
6130
4934
4761
4423
3086
771
10
747
99
-1742
-3757
-3974
-3818
-4603
-5001
-5977
-6929
-7087
-6576
-6820
-8114
-8059
-7221
-6650
-7057
-7780
-7095
-6308
-6005
-5825
-5081
-4158
-3858
-2171
-365
-11
43
637
2624
3878
4176
4282
4183
5319
6367
6653
6079
5291
6293
7556
7833
6731
6201
7287
7602
7124
6172
5975
5476
4126
3821
3713
2694
592
-554
-88
-553
-2150
-4086
-4607
-4287
-4913
-5599
-6472
-7269
-7266
-6481
-6579
-7967
-8418
-7493
-6876
-7283
-7908
-7476
-6457
-5881
-5663
-5097
-4258
-3648
-2090
-378
137
216
1207
3106
3952
4029
4337
4821
5889
6649
7121
7083
6418
6734
7769
8572
7819
7153
7903
8284
7864
6962
6712
6091
4692
4225
4216
3355
1005
-475
149
26
-1495
-3551
-4369
-4201
-4704
-5485
-6603
-7385
-7449
-6657
-6742
-8091
-8377
-7605
-7056
-7482
-7863
-7113
-6260
-5889
-5715
-5172
-4306
-4084
-2774
-909
-497
-493
502
2466
3504
3518
3636
4005
4948
5857
6419
6528
5967
6140
7228
8055
7098
6221
7070
7681
7387
6593
6436
5991
4708
4283
4019
3146
1464
-59
173
-112
-1564
-3447
-4210
-3915
-4639
-5203
-6125
-7099
-7075
-6599
-6712
-8037
-8275
-7357
-6907
-7117
-7711
-7075
-6022
-5760
-5571
-4984
-3970
-3484
-2337
-495
116
227
895
2611
3906
3932
4265
4566
5291
6401
6882
6790
6006
6316
7534
8153
7567
6470
7090
7712
7419
6853
6436
6179
4920
4155
3819
3035
1383
-301
-10
-52
-1387
-3118
-4329
-4274
-4719
-5267
-6158
-7267
-7486
-6954
-6535
-7774
-8557
-7806
-7161
-7363
-8003
-7551
-6615
-6207
-5794
-5452
-4650
-4007
-2880
-845
104
278
671
2423
4010
3979
4113
4465
5241
6253
6767
6853
6228
6424
7317
7898
7570
6626
7103
7657
7195
6391
5873
5555
4500
3804
3773
3262
1673
-236
-399
-69
-1201
-3082
-4446
-4281
-4104
-4853
-5946
-6998
-7328
-6802
-6345
-7354
-8366
-7531
-6536
-6734
-7438
-7347
-6251
-5612
-5414
-5113
-4368
-3767
-3116
-1248
26
77
546
2172
3841
4238
4114
4240
4839
5952
6619
6679
6351
6106
6882
7996
7781
6533
6687
7559
7672
7165
6484
6067
4971
4153
3956
3420
2124
191
-107
175
-976
-2693
-4089
-4169
-4339
-4833
-5374
-6561
-7086
-6777
-6298
-7030
-8295
-8104
-7109
-6776
-7415
-7612
-6777
-6247
-5929
-5361
-4634
-3992
-3427
-1723
-242
-254
-299
830
2553
3591
4065
4208
4429
5265
6160
6392
5937
5778
6641
7817
8009
7056
6895
7553
7498
6942
6467
6247
5500
4512
4080
3353
2146
362
-651
-270
-703
-1982
-3671
-4411
-4273
-4823
-5403
-6516
-7156
-6871
-6546
-6906
-8117
-8000
-7255
-7070
-7199
-7344
-6525
-5791
-5491
-5087
-4523
-3649
-3052
-1725
-65
553
851
1520
3009
4172
4556
4623
4640
5703
6834
7094
6764
6360
6871
7788
8325
7621
6894
7698
7860
7339
6583
5970
5510
4387
3951
3200
2206
863
-874
-1006
-1445
-2468
-3700
-4750
-4666
-5332
-5872
-6622
-7544
-7493
-7257
-7113
-8100
-8486
-8007
-7712
-7529
-7909
-7485
-6655
-6012
-5277
-4929
-4235
-3733
-2821
-1074
-21
733
1076
2249
3849
4328
4639
4638
5271
6426
6953
7026
6581
6900
7561
7886
7896
7180
7473
7775
7469
7090
6507
6240
5111
4222
3682
2763
1902
205
-482
-423
-1169
-2309
-3890
-4450
-4740
-5164
-5603
-6796
-7359
-7291
-6892
-7132
-7969
-7904
-7503
-7117
-7129
-7167
-6750
-6415
-5834
-5116
-4393
-3594
-3004
-1702
-172
632
906
1504
3311
4371
4367
4289
4609
5854
6646
6657
6428
6697
7353
7358
7559
7311
6834
7271
7277
7056
6624
6106
5427
4192
3541
2909
2085
737
-764
-871
-1297
-2221
-3423
-4645
-4748
-5278
-5724
-6474
-7408
-7567
-7452
-7043
-7784
-8229
-7738
-7321
-6910
-7051
-6738
-6191
-5839
-5303
-4760
-3710
-3170
-2490
-712
573
1146
1445
2616
4052
4568
4773
4833
5370
6198
6681
6756
6499
6548
6859
7587
7869
7068
6884
7125
7150
6801
6234
5731
4623
3891
3465
2534
1379
-224
-855
-802
-1785
-2979
-4212
-4792
-5125
-5646
-5873
-6729
-7349
-7440
-7008
-6871
-7664
-7802
-7435
-6915
-6666
-6658
-6144
-5702
-5163
-4463
-3841
-3269
-2851
-1696
61
1129
1333
1898
3460
4598
4645
4559
5042
6009
6871
7135
6852
6614
6728
7094
7582
7271
6594
6998
7331
6852
6124
5420
4701
3883
3459
2936
2008
753
-615
-1036
-1432
-2644
-3877
-4531
-4823
-5343
-5615
-6356
-7406
-7713
-7557
-7111
-7514
-8188
-7944
-7328
-7023
-7304
-7097
-6338
-5795
-5298
-4634
-3677
-3066
-2502
-1009
431
951
1252
2235
3721
4558
4581
4625
4982
5863
6831
7233
7056
6648
6986
7855
8053
7210
6723
7461
7857
7323
6445
5686
5040
4462
3889
2700
1549
615
-50
-271
-1421
-2899
-3820
-4338
-4792
-5473
-5770
-6430
-7300
-7563
-7300
-7010
-7645
-8139
-7697
-7024
-6945
-7342
-6985
-6267
-5704
-5059
-4341
-3661
-3267
-2301
-665
513
932
1297
2771
4437
4974
4887
4911
5578
6381
6873
6943
6507
6718
7517
8159
7918
6905
6994
7543
7363
6599
5592
5003
4476
3967
3053
1773
820
-286
-835
-1144
-2231
-3339
-4297
-5019
-5551
-5836
-6175
-7149
-7766
-7663
-7180
-7284
-8349
-8560
-7552
-6899
-7191
-7352
-6720
-5855
-5293
-4882
-4297
-3549
-2703
-1622
89
1248
1363
1908
3234
4553
4796
4605
4933
5875
7147
7380
6876
6733
7066
7843
8499
8071
7195
7556
8132
7513
6615
5866
5210
4798
4112
3106
2073
996
-254
-973
-1174
-2372
-3471
-3969
-4670
-5197
-5798
-6382
-7248
-7664
-7138
-6758
-7142
-8195
-8114
-7147
-6944
-7378
-7375
-6233
-5424
-5192
-4750
-4210
-3438
-2753
-1502
277
950
898
1618
3301
4443
4439
4516
4898
5863
6989
6987
6514
6255
6657
7476
7712
7055
6334
7006
7393
6570
5802
4970
4547
4096
3410
2419
1029
125
-755
-1157
-1921
-3432
-4081
-4443
-4821
-5361
-5867
-6500
-7200
-6947
-6597
-6636
-7369
-7734
-6704
-6112
-6467
-6843
-6311
-5405
-5068
-4615
-3984
-3258
-2464
-1681
-164
1211
1500
1571
2708
4687
5287
4929
4885
5334
6514
7188
6897
6370
6566
7287
7688
7498
6452
6255
7266
7328
6303
5426
4896
4323
3639
2627
1441
624
-126
-1048
-1635
-2597
-3963
-4585
-4993
-5381
-5690
-6170
-6681
-7162
-7298
-7224
-7257
-7641
-7648
-6696
-6260
-6751
-7046
-6391
-5478
-5157
-4658
-4021
-3249
-2449
-1692
-134
998
1240
1722
3019
4658
4908
4696
5071
5666
6690
6998
6681
6435
6591
7241
7592
7510
6723
6674
7410
6950
6189
5665
5083
4415
3702
2827
1530
570
-379
-1145
-1548
-2646
-3558
-3996
-4643
-5434
-5954
-6100
-6596
-7109
-7268
-7060
-7000
-7606
-7689
-7175
-6798
-6676
-6505
-5958
-5504
-5004
-4336
-3774
-3108
-2357
-1194
392
1344
1582
2000
3351
4823
5064
4873
5040
5820
6945
7207
6847
6667
6969
7465
7721
7489
6686
6492
6713
6365
5869
5214
4583
3976
3160
2240
1096
48
-1057
-1628
-1708
-2813
-3894
-4446
-5020
-5390
-5994
-6440
-6862
-7445
-7555
-7168
-6970
-7588
-7631
-6973
-6736
-6653
-6489
-5753
-4936
-4596
-4162
-3459
-2558
-1891
-841
913
1917
2130
2487
3801
5044
5042
5053
5338
6100
7140
7314
6845
6356
6623
7271
7581
7333
6507
6602
7042
6477
5542
4692
3988
3394
2904
1963
724
-295
-1319
-1857
-2372
-3502
-4245
-4796
-5537
-5986
-6142
-6366
-7092
-7698
-7480
-6854
-6838
-7628
-7573
-6679
-6307
-6331
-6294
-5536
-4637
-4120
-3542
-3002
-2131
-1192
-37
1380
1926
2136
2929
4541
5678
5427
5213
5382
6352
7555
7588
7076
6681
6979
7665
7941
7162
6058
6524
7040
6403
5450
4364
3614
3290
2792
1476
301
-619
-1557
-1716
-2464
-3955
-5038
-5538
-5839
-6360
-6560
-7060
-7673
-7753
-7570
-7242
-7684
-8194
-7714
-6731
-6404
-6707
-6289
-5511
-4869
-4269
-3752
-3122
-2322
-1359
-96
1474
2199
2085
2958
4939
5906
5315
5066
5685
6814
7610
7166
6496
6581
7333
8007
7959
7068
6458
7106
7454
6670
5654
4940
4516
3828
2729
1747
760
-434
-1349
-1594
-2200
-3656
-4695
-5313
-5592
-5700
-6191
-6826
-7707
-7863
-7005
-6669
-7659
-8540
-7361
-6148
-6372
-6756
-6340
-5081
-4408
-4167
-3768
-3256
-2514
-1472
288
1498
1532
1867
3133
4672
4965
4712
5091
5784
6749
7153
7015
6626
6443
7085
7747
7542
6462
6254
6982
6705
5924
4944
4116
3733
3204
2421
1051
-263
-1346
-1707
-1790
-3034
-4256
-4956
-5450
-5782
-6265
-6759
-7552
-7932
-7545
-6835
-6677
-7680
-7791
-6665
-6022
-6360
-6552
-5636
-4713
-4159
-3591
-3022
-2259
-1531
-345
1364
2337
2484
2815
4254
5703
5796
5543
5657
6448
7645
7880
7253
6604
6781
7475
7778
7395
6360
6479
7124
6532
5534
4539
3858
3464
3013
2128
701
-494
-1510
-1988
-2421
-3733
-4700
-5261
-5810
-6174
-6608
-7227
-7977
-8275
-7868
-7255
-7297
-7987
-7729
-6623
-6285
-6594
-6610
-5900
-5009
-4349
-3765
-3184
-2499
-1643
-238
1405
2118
2126
2792
4473
5673
5515
5207
5506
6572
7400
7113
6675
6611
7129
7790
7863
7085
6191
6679
7058
6467
5738
4810
4312
3643
2635
1653
601
-514
-1619
-1687
-2027
-3534
-4831
-5629
-5633
-5621
-6132
-6883
-7671
-7759
-7234
-6765
-7486
-8359
-7392
-6037
-5938
-6545
-6379
-5198
-4303
-3851
-3476
-2858
-2076
-1308
289
1763
1980
2050
3285
5252
5715
5250
5361
5771
6742
7300
7072
6674
6567
7177
7780
7662
6486
5991
6864
6866
5970
5251
4516
3681
2992
2260
1188
-236
-1594
-2071
-1907
-2749
-4460
-5340
-5702
-5967
-6120
-6658
-7372
-7848
-7627
-7008
-7065
-7935
-8173
-6905
-5896
-6182
-6392
-5777
-4902
-4297
-3777
-3130
-2419
-1597
-482
1135
2204
2104
2327
3783
5403
5774
5407
5383
6172
7388
7535
6836
6423
6645
7303
7694
7246
6183
6285
7101
6711
5781
4914
4167
3529
2986
2248
938
-396
-1590
-1819
-1852
-3285
-4645
-5204
-5401
-5874
-6485
-6798
-7500
-7821
-7490
-6886
-6917
-7893
-7785
-6794
-6276
-6622
-6752
-5659
-4759
-4326
-3945
-3344
-2474
-1759
-285
1452
2159
2225
2858
4635
5747
5453
5052
5339
6598
7588
7557
6990
6599
7133
7840
7925
7061
6385
6969
7221
6566
5555
4607
3913
3190
2611
2093
956
-812
-1844
-1677
-2067
-3857
-5351
-5662
-5603
-5800
-6577
-7331
-7802
-7929
-7353
-7012
-7594
-8215
-7417
-6195
-6291
-6819
-6636
-5526
-4589
-4165
-3551
-2866
-2123
-1288
404
1882
1773
1967
3503
5426
5765
5004
5110
5713
6791
7421
7155
6810
6510
7027
7732
7604
6526
6043
7085
7133
6154
5351
4523
3647
2730
2214
1425
104
-1324
-1841
-1470
-2489
-4201
-5165
-5487
-5596
-5946
-6328
-7197
-7772
-7429
-6763
-6709
-7783
-7899
-6619
-5836
-6176
-6582
-5918
-4998
-4321
-3599
-3041
-2557
-2007
-521
1366
1895
1605
2120
4205
5819
5574
5149
5331
6335
7293
7272
6811
6296
6566
7274
7606
7014
5810
6033
6754
6475
5627
4649
4023
3449
2913
1967
806
-402
-1854
-2097
-2192
-3260
-4638
-5655
-5793
-5875
-5910
-6710
-7799
-7755
-7099
-6193
-6842
-8277
-8020
-6502
-5636
-6307
-6442
-5533
-4565
-3856
-3676
-3239
-2512
-1564
264
2010
2153
1633
2668
4922
5663
4867
4803
5820
7098
7459
7019
6634
6410
6697
7466
7923
6921
6064
6799
7118
6398
5475
4661
3770
3151
2759
1898
596
-1260
-2149
-1581
-2001
-3815
-5101
-5275
-5420
-5675
-6224
-7262
-7888
-7675
-6753
-6452
-7410
-8093
-7155
-5915
-6153
-6578
-6038
-5004
-4205
-3675
-3120
-2774
-2391
-1312
748
2052
1700
1798
3544
5403
5343
4610
4851
5859
7032
7172
6757
6323
6175
6881
7488
7049
5903
6056
6953
6636
5849
4930
4132
3491
2632
1886
1245
163
-1540
-2134
-1837
-2724
-4194
-5271
-5757
-5659
-5411
-6034
-7399
-7988
-7434
-6245
-6291
-7797
-8034
-6545
-5529
-5921
-6203
-5540
-4641
-3730
-3149
-2855
-2438
-1800
-101
1821
2081
1436
2222
4615
5854
5373
4878
5323
6621
7252
7070
6611
6231
6576
7326
7735
6767
5853
6368
6868
6615
5602
4564
3778
3077
2587
1854
648
-1144
-2156
-1763
-1965
-3540
-5148
-5765
-5824
-5761
-6098
-7108
-7876
-7804
-7025
-6612
-7320
-8031
-7336
-6059
-5842
-6221
-6182
-5499
-4536
-3776
-3365
-2984
-2398
-1294
949
2291
1588
1399
3275
5526
5581
4622
4576
5647
7165
7287
6554
6168
6396
7249
7862
7593
6444
6337
7234
7041
6173
5062
4301
3906
3148
2436
1529
345
-1274
-1972
-1399
-2278
-3895
-5046
-5559
-5333
-5666
-6587
-7757
-7966
-7055
-6345
-6521
-7815
-7841
-6421
-5947
-6353
-6541
-5750
-4820
-4209
-3789
-3456
-2725
-2160
-591
1473
1698
1270
2090
4339
5356
4703
4427
4919
6548
7265
6724
6348
6074
6642
7364
7695
6941
6083
6841
7028
6385
5515
4524
4105
3513
2788
1799
575
-767
-1853
-1644
-1930
-3414
-4661
-5318
-5352
-5489
-6129
-7130
-7719
-7226
-6527
-6376
-7192
-7714
-6736
-5822
-5960
-6374
-5870
-4897
-4290
-3833
-3550
-2874
-2195
-1199
813
1790
1451
1688
3681
5687
5525
4651
4537
5804
7107
6844
6276
6033
6341
6923
7232
6796
5972
6355
6911
6702
5903
4852
4245
3439
2597
1858
1135
-140
-1746
-1741
-1594
-2779
-4458
-5598
-5499
-5258
-5529
-6540
-7488
-7419
-6897
-6362
-6996
-7897
-7137
-5782
-5486
-6134
-6054
-5186
-4547
-4066
-3692
-3033
-2359
-1547
272
1720
1645
1525
3113
5168
5389
4665
4504
5428
6729
6888
6440
6106
6278
6990
7511
7189
6153
6264
6904
6612
5970
5095
4434
3817
3004
2095
1064
37
-1201
-1586
-1543
-2483
-3764
-4819
-5325
-5515
-5715
-6292
-7199
-7387
-6849
-6347
-6805
-7684
-7411
-6372
-5914
-6171
-6018
-5209
-4668
-4263
-3851
-3258
-2532
-1861
-208
1377
1611
1417
2420
4553
5176
4635
4455
5067
6496
6813
6361
5997
5992
6787
7257
7084
6218
6204
6990
6708
5968
5079
4453
3755
2933
2538
1787
476
-1250
-1694
-1278
-2164
-3540
-4753
-5083
-5121
-5513
-6059
-7125
-7486
-6954
-6307
-6621
-7465
-6983
-6005
-5659
-6058
-6148
-5157
-4406
-4026
-3755
-3284
-2573
-2021
-412
1181
1445
1446
2365
4402
5155
4702
4645
5017
6198
6785
6566
6129
5890
6650
7346
7348
6081
5635
6767
6762
6086
5184
4538
3822
2727
2204
1553
695
-912
-1685
-1023
-1920
-3697
-4987
-5303
-5099
-5283
-5770
-7014
-7596
-7020
-6209
-6407
-7820
-7648
-6050
-5372
-6042
-6527
-5586
-4638
-4289
-4049
-3515
-2637
-2076
-622
1110
1275
1014
1965
4217
5134
4532
4508
5098
6234
6682
6471
6170
5739
6258
7062
7316
6241
5525
6590
6888
6312
5476
4921
4406
3216
2599
2128
1199
-560
-1638
-865
-1418
-3320
-4616
-5007
-4777
-4971
-5609
-6834
-7681
-7099
-6077
-5907
-7226
-7578
-5964
-5166
-5843
-6465
-5703
-4668
-4405
-4159
-3825
-3149
-2523
-1102
1004
1226
657
1654
3920
4909
4068
3966
4903
6100
6644
6385
6236
5823
5990
6984
7352
6340
5520
6395
6865
6190
5266
4668
4271
3364
2788
2305
1193
-627
-1607
-866
-1283
-3085
-4453
-4799
-4617
-4925
-5462
-6545
-7433
-7121
-6202
-5962
-7137
-7498
-6216
-5307
-5794
-6366
-5584
-4665
-4328
-4093
-3685
-3075
-2672
-1311
646
1105
658
1447
3779
4889
4295
4062
4602
5825
6465
6221
5882
5611
6052
6809
7172
6369
5755
6612
6826
6269
5563
4907
4300
3262
2715
2372
1344
-479
-1433
-763
-1224
-2954
-4291
-4685
-4562
-4831
-5411
-6405
-7204
-6907
-6044
-6064
-7210
-7376
-6121
-5409
-5800
-6200
-5567
-4618
-4247
-3983
-3587
-2960
-2323
-958
874
1076
597
1364
3597
4870
4236
4164
4742
5805
6419
5882
5530
5374
5967
6844
6961
6068
5446
6350
6612
5978
5347
4736
4077
3225
2726
2247
1169
-616
-1577
-918
-1295
-3008
-4280
-4658
-4392
-4492
-5267
-6500
-7179
-6706
-5899
-6078
-7158
-7211
-5966
-5445
-5991
-6105
-5229
-4358
-4078
-3927
-3698
-3050
-2323
-813
786
826
559
1379
3545
4744
4157
4081
4685
5742
6325
5944
5697
5543
6093
6839
6802
5893
5568
6694
6923
5960
5216
4717
3896
3064
2737
2367
1122
-702
-1402
-693
-1086
-2868
-4152
-4519
-4499
-4569
-5237
-6535
-7235
-6658
-5595
-5849
-7158
-7140
-5790
-5309
-6044
-6304
-5284
-4278
-3960
-3761
-3519
-3019
-2435
-825
856
668
467
1855
4004
4542
3717
3903
4675
5659
6069
5806
5539
5251
5920
6693
6569
5488
5297
6631
6740
5759
5154
4729
3899
2907
2419
2033
882
-696
-1092
-494
-1291
-3091
-3921
-4084
-4397
-4622
-5052
-6198
-7047
-6520
-5696
-6142
-7359
-7148
-5505
-5217
-6137
-6068
-4730
-3938
-4147
-4055
-3569
-2979
-2333
-776
821
672
442
1901
4066
4405
3540
3965
4954
5875
6286
6137
5833
5468
6053
6846
6534
5366
5443
6778
6683
5575
5072
4838
3829
2849
2555
2069
719
-1081
-1142
-458
-1567
-3380
-4093
-3928
-4416
-5016
-5523
-6486
-6819
-6303
-5605
-6227
-7403
-6888
-5378
-5051
-6131
-6085
-4656
-3881
-3978
-3917
-3351
-2811
-2057
-337
1011
640
323
1898
4107
4309
3390
3728
4934
5939
5985
5548
5226
5229
5934
6693
6485
5186
5188
6530
6574
5545
4830
4449
3485
2667
2559
2158
585
-1234
-968
-30
-1371
-3698
-4399
-3840
-3835
-4644
-5665
-6612
-6682
-5823
-5292
-6215
-7430
-6559
-4872
-4857
-5994
-6003
-4398
-3585
-3762
-3659
-3085
-2406
-1884
-201
1178
695
471
2100
4450
4643
3511
3596
4531
5586
5931
5602
5121
5050
5979
6763
6363
5066
5110
6417
6236
4999
4280
4091
3476
2680
2343
1694
325
-1173
-1314
-715
-1767
-3548
-4207
-4024
-4138
-4515
-5214
-6397
-6812
-6146
-5533
-6178
-7230
-6684
-4970
-4497
-5478
-5764
-4626
-3674
-3492
-3412
-3108
-2513
-1687
-86
1152
825
588
2234
4510
4684
3668
3811
4946
6038
5967
5380
5093
5239
6024
6491
6149
5142
5294
6303
5995
5000
4494
4320
3482
2705
2392
1706
231
-1500
-1324
-540
-1748
-3762
-4558
-4080
-4206
-4669
-5498
-6585
-6495
-5775
-5322
-6308
-7516
-6827
-5171
-4815
-5866
-5811
-4419
-3676
-3539
-3447
-3071
-2406
-1598
21
1200
996
784
2192
4287
4479
3741
3958
4917
6110
6398
5831
5154
5151
6144
6739
6259
4918
5084
6340
6130
5117
4521
4322
3435
2711
2423
1598
71
-1570
-1424
-700
-1865
-3720
-4505
-4076
-4072
-4566
-5527
-6741
-6618
-5747
-5246
-6187
-7304
-6644
-5150
-4833
-5880
-6027
-4747
-3801
-3455
-3299
-3045
-2535
-1700
-204
869
876
861
2308
4444
4669
3805
3736
4549
5821
6232
5814
5279
5387
6257
6685
6188
4892
5003
6282
6209
5303
4575
4135
3422
2807
2367
1492
101
-1404
-1430
-777
-1812
-3765
-4609
-4243
-4147
-4561
-5378
-6403
-6485
-5820
-5351
-6154
-7299
-6717
-5065
-4568
-5577
-5708
-4375
-3437
-3319
-3330
-2964
-2182
-1485
-448
798
1200
1071
1780
3747
4828
4381
4013
4216
5328
6482
6286
5295
4772
5529
6501
6375
5107
4623
5923
6375
5331
4361
3957
3422
2916
2428
1619
496
-983
-1330
-797
-1449
-3346
-4522
-4326
-4332
-4716
-5385
-6350
-6614
-6099
-5393
-5719
-6730
-6923
-5904
-4988
-5479
-5869
-5136
-4073
-3535
-3279
-3049
-2823
-1951
-707
619
1396
1138
1418
2969
4411
4420
3880
4052
5047
6568
6802
5627
4946
5414
6520
6784
5698
4873
5634
6543
5920
4870
4257
3646
3284
3051
2476
1208
-580
-1393
-1007
-1174
-2765
-4204
-4236
-4000
-4222
-5000
-6242
-6829
-6302
-5556
-5759
-6621
-6862
-6021
-5131
-5402
-5936
-5520
-4436
-3549
-3128
-2975
-2899
-2257
-1208
-53
1032
1213
1278
2318
4001
4772
4161
3779
4287
5687
6428
5597
4947
5184
6133
6579
5776
4765
4860
5865
5866
5131
4473
3749
3142
2717
2325
1491
89
-1158
-1212
-910
-1933
-3581
-4399
-4303
-4143
-4470
-5387
-6428
-6358
-5687
-5554
-6091
-6739
-6332
-5232
-4851
-5286
-5356
-4609
-3751
-3094
-2770
-2825
-2317
-1306
-358
732
1338
1275
1564
3094
4713
4797
4085
3916
5166
6627
6275
5130
4775
5588
6541
6413
5291
4455
5257
6043
5521
4615
3872
3370
2901
2408
1558
336
-900
-1487
-1114
-1341
-2855
-4323
-4625
-4336
-4472
-5134
-6175
-6609
-6147
-5690
-5790
-6382
-6607
-5946
-5056
-5031
-5334
-5003
-4244
-3332
-2809
-2745
-2587
-1882
-902
187
1421
1567
1226
2190
4038
4948
4200
3582
4398
6019
6610
5508
4623
5093
6232
6676
6001
5083
5071
5894
5898
4994
4195
3661
3193
2796
2280
1231
-127
-1253
-1425
-1169
-1981
-3550
-4324
-4232
-4224
-4621
-5500
-6263
-6135
-5681
-5554
-5967
-6535
-6464
-5590
-4926
-5189
-5241
-4661
-3805
-3167
-2987
-2770
-2167
-1302
-535
620
1580
1405
1426
2885
4646
4679
3737
3752
4869
6170
6126
5238
4868
5246
5920
6066
5474
4674
5092
5982
5721
4869
3941
3016
2549
2578
2134
769
-829
-1588
-1155
-1273
-2896
-4330
-4478
-4098
-4147
-4729
-5756
-6420
-6091
-5588
-5486
-5877
-6308
-5838
-4895
-4729
-5184
-5149
-4285
-3367
-2824
-2528
-2394
-1851
-1062
21
1381
1595
1261
2078
3977
4928
4231
3722
4248
5585
6394
5697
4891
4971
5669
6149
5819
4879
4533
5330
5638
5119
4242
3227
2494
2339
2280
1217
-368
-1558
-1562
-958
-1889
-3625
-4453
-4300
-4024
-4507
-5346
-6230
-6263
-5672
-5437
-5549
-6144
-6158
-5188
-4461
-4754
-5185
-4594
-3567
-2894
-2595
-2390
-1841
-1201
-456
829
1819
1669
1504
2900
4779
4980
4078
3730
4649
6028
6048
5103
4596
5106
6019
6238
5535
4383
4517
5402
5216
4498
3642
2849
2499
2396
1800
368
-1158
-1829
-1218
-905
-2382
-4093
-4596
-4464
-4472
-4953
-5796
-6272
-5918
-5362
-5233
-5877
-6743
-6244
-4760
-4277
-4821
-4972
-4164
-3203
-2749
-2559
-2377
-1738
-876
246
1623
1853
1378
1875
3743
5151
4655
3865
3984
5400
6587
5751
4678
4526
5384
6341
6061
5027
4394
5138
5642
4957
4103
2995
2256
2360
2429
1461
-443
-1841
-1712
-1031
-1804
-3639
-4558
-4293
-4046
-4449
-5328
-6318
-6338
-5538
-4965
-5121
-6079
-6378
-5275
-4116
-4281
-4905
-4537
-3584
-2710
-2219
-2209
-2133
-1385
-285
929
1844
1645
1441
2561
4428
5121
4136
3468
4299
6016
6457
5113
4317
4867
5796
6001
5275
4500
4566
5223
5220
4400
3322
2400
2211
2276
1569
314
-972
-1708
-1471
-1355
-2496
-4160
-4801
-4435
-4186
-4521
-5429
-6223
-6223
-5772
-5398
-5570
-6103
-5866
-4573
-3747
-4230
-4559
-3832
-2689
-2012
-1965
-1968
-1531
-767
37
1319
2077
1602
1705
3282
4982
4837
3714
3627
4824
6275
6033
4814
4334
4928
6071
6000
4762
3860
4493
5553
5041
3817
2685
2066
2103
1954
1097
-569
-1768
-1620
-1081
-1798
-3653
-4551
-4292
-3942
-4201
-4974
-5694
-5991
-5524
-5153
-5343
-5945
-6202
-5146
-4028
-4058
-4583
-4346
-3271
-2360
-1959
-1963
-1814
-1008
-216
660
1695
1762
1534
2383
4256
5229
4307
3574
4158
5721
6317
5005
4083
4408
5575
6156
5250
4210
4237
5204
5177
4050
3165
2605
2444
2292
1466
-27
-1471
-1930
-1247
-1157
-2678
-4238
-4545
-3974
-3999
-4799
-5688
-6123
-5529
-4991
-5068
-5633
-6100
-5509
-4418
-3929
-4423
-4521
-3602
-2644
-2238
-2301
-2163
-1496
-661
-3
961
1711
1506
1642
3125
4795
4807
3831
3674
4754
6113
5896
4662
4248
4902
5820
5744
4743
4162
4886
5486
4637
3659
2887
2254
2270
2198
1223
-387
-1486
-1475
-957
-1594
-3519
-4343
-3931
-3727
-4146
-5137
-5904
-5858
-5346
-5265
-5591
-5800
-5683
-4770
-3959
-4271
-4635
-4105
-3052
-2300
-2193
-2249
-1881
-983
-262
529
1566
1720
1510
2234
3910
4746
4066
3547
4046
5412
5896
4827
4164
4575
5504
5779
5032
4210
4272
5035
4698
3620
3051
2619
2165
1703
1057
94
-920
-1484
-1235
-1208
-2532
-3888
-4140
-3896
-4033
-4593
-5114
-5473
-5359
-5083
-5068
-5286
-5624
-5183
-4186
-3906
-4263
-4243
-3407
-2604
-2309
-2039
-1745
-1182
-494
30
942
1654
1700
1924
3024
4393
4544
3996
3880
4511
5531
5441
4635
4373
4874
5533
5256
4440
3985
4347
4681
4198
3826
3234
2250
1761
1538
925
-326
-1436
-1526
-1098
-1616
-3158
-4073
-4061
-4008
-4286
-4839
-5425
-5611
-5313
-5177
-5298
-5476
-5436
-4746
-4086
-3987
-4115
-3860
-3059
-2456
-2168
-1981
-1625
-799
-136
441
1256
1625
1600
2021
3391
4488
4239
3747
3876
4930
5715
5175
4655
4676
5163
5454
4995
4407
3969
4227
4314
3878
3498
2542
1872
1671
1322
473
-1003
-1647
-1453
-1307
-2170
-3627
-3843
-3710
-3919
-4466
-5249
-5440
-5337
-5057
-5026
-5181
-5109
-4862
-4113
-3754
-3915
-3797
-3233
-2384
-2001
-1905
-1695
-1196
-478
-130
475
1377
1816
1950
2466
3754
4396
3899
3504
3968
5218
5501
4690
4229
4360
4955
5072
4667
4165
3976
4362
4100
3461
2700
1926
1790
1500
900
-191
-1245
-1517
-1484
-1604
-2781
-3772
-3656
-3558
-3743
-4451
-4949
-5033
-5159
-5105
-5124
-5062
-4974
-4564
-3803
-3621
-3761
-3622
-2903
-2055
-1861
-1812
-1440
-793
-239
-5
626
1461
1836
1893
2380
3555
4139
3954
3828
4346
5365
5374
4601
4113
4185
4694
4793
4426
3878
3888
4349
4030
3264
2346
1724
1661
1347
576
-468
-1141
-1359
-1515
-2081
-3186
-3630
-3463
-3516
-3883
-4338
-4601
-4919
-5202
-5295
-5055
-4773
-4735
-4371
-3878
-3641
-3602
-3371
-2677
-2033
-1641
-1400
-965
-258
168
410
1017
1770
1945
1840
2603
3827
4104
3621
3450
4129
4932
4791
4209
3964
4228
4716
4809
4281
3534
3610
4137
3861
3063
2158
1632
1549
1077
285
-597
-1336
-1692
-1767
-2003
-2990
-3695
-3681
-3700
-3817
-4280
-4581
-4605
-4760
-4766
-4827
-4964
-4931
-4245
-3279
-3062
-3130
-2911
-2211
-1516
-1552
-1499
-1033
-466
91
400
817
1228
1361
1398
2040
3321
3703
3527
3807
4473
5274
5333
4770
4316
4511
4994
4922
4430
3787
3840
4210
3641
2640
1884
1577
1235
555
-299
-1227
-1716
-1889
-2053
-2654
-3585
-3803
-3621
-3846
-4493
-5039
-5063
-4940
-4871
-4735
-4577
-4405
-4149
-3671
-3184
-2993
-2732
-2134
-1376
-950
-1039
-1005
-555
107
599
1107
1885
2268
2223
2474
3364
3829
3355
3160
3755
4719
5052
4584
4032
3886
4330
4571
4223
3481
3161
3584
3452
2577
1591
1049
912
614
-8
-1012
-1859
-2278
-2266
-2301
-3312
-4231
-4076
-3770
-4047
-4697
-4966
-4724
-4528
-4525
-4523
-4343
-4054
-3623
-3074
-2866
-2699
-2166
-1412
-670
-467
-504
-167
410
798
1017
1550
2044
2183
2378
3118
3903
3709
3258
3410
4147
4776
4526
4110
3963
4200
4563
4328
3620
2938
3216
3589
2820
1906
1303
1087
846
83
-821
-1687
-2099
-2145
-2390
-3186
-4109
-4144
-3908
-4230
-4630
-4676
-4458
-4440
-4635
-4561
-4169
-3849
-3695
-3356
-2927
-2706
-2370
-1825
-1284
-868
-607
-200
436
864
942
1344
2018
2211
2321
3032
3923
4027
3582
3535
4044
4592
4462
3998
3819
3962
4234
4125
3645
3112
3078
3276
2723
1830
1211
862
521
50
-575
-1466
-2127
-2424
-2525
-2784
-3484
-3858
-3870
-4098
-4487
-4652
-4511
-4424
-4357
-4304
-4172
-3854
-3608
-3236
-2743
-2445
-2196
-1652
-1028
-715
-503
-217
281
868
1101
1389
2011
2439
2516
2770
3391
3752
3658
3521
3754
4201
4213
3948
3755
3775
4034
4016
3571
3043
2888
2977
2618
1888
1302
1018
659
-70
-777
-1404
-1957
-2278
-2553
-2791
-3164
-3559
-3676
-3843
-4100
-4292
-4296
-4186
-4159
-4053
-3919
-3743
-3466
-3158
-2775
-2518
-2271
-1710
-1072
-748
-583
-351
-31
478
752
846
1433
2137
2457
2594
2932
3438
3654
3446
3254
3617
4136
4186
3987
3743
3657
3808
3674
3171
2926
3030
2852
2215
1481
1018
793
231
-606
-1204
-1573
-1874
-2260
-2700
-3083
-3373
-3511
-3641
-3770
-3894
-3999
-3970
-3948
-3845
-3738
-3678
-3363
-2920
-2544
-2332
-2154
-1770
-1284
-968
-893
-644
-122
376
729
848
1092
1737
2329
2471
2406
2704
3256
3572
3507
3356
3514
3742
3828
3716
3447
3413
3457
3265
2823
2373
2173
1945
1541
1019
598
316
-167
-693
-1141
-1560
-1934
-2307
-2478
-2677
-3092
-3437
-3572
-3545
-3642
-3771
-3768
-3676
-3451
-3331
-3250
-3005
-2715
-2454
-2214
-1870
-1382
-876
-639
-617
-353
156
665
1001
1122
1255
1736
2274
2296
2237
2630
3211
3340
3091
3154
3471
3717
3664
3452
3344
3285
3362
3222
2668
2102
1867
1826
1393
776
374
31
-344
-759
-1075
-1511
-2109
-2405
-2421
-2551
-3033
-3378
-3342
-3364
-3456
-3490
-3397
-3334
-3417
-3416
-3342
-3102
-2735
-2367
-2015
-1816
-1528
-1158
-967
-746
-338
144
464
705
1040
1431
1908
2189
2130
2135
2525
3122
3355
3194
3212
3554
3801
3659
3361
3225
3248
3333
3293
2866
2309
2075
2002
1650
1029
488
28
-414
-758
-1087
-1517
-2090
-2468
-2539
-2773
-3168
-3293
-3214
-3328
-3512
-3494
-3448
-3493
-3513
-3376
-3115
-2923
-2763
-2485
-2141
-1827
-1516
-1170
-823
-486
-150
143
404
685
1008
1368
1665
1943
2210
2414
2686
3044
3362
3439
3304
3321
3609
3895
3782
3393
3137
3069
3038
2710
2130
1740
1675
1599
1057
232
-362
-504
-572
-1040
-1609
-1918
-2027
-2218
-2642
-3063
-3286
-3286
-3284
-3401
-3523
-3574
-3487
-3446
-3436
-3239
-2886
-2533
-2314
-2072
-1705
-1322
-1041
-836
-435
47
382
559
630
856
1226
1546
1789
2047
2376
2632
2817
2957
3056
3158
3225
3391
3573
3571
3401
3170
2992
2780
2501
2160
1828
1605
1339
932
391
-83
-300
-528
-939
-1387
-1690
-1887
-2184
-2505
-2752
-2959
-3091
-3139
-3162
-3273
-3391
-3342
-3242
-3146
-2994
-2769
-2506
-2311
-2039
-1632
-1355
-1242
-1026
-576
-139
92
267
535
938
1372
1637
1746
1843
2171
2736
2984
2797
2687
2978
3383
3369
3081
2923
3012
3196
3086
2687
2230
1991
2066
1910
1256
529
241
301
101
-439
-933
-1137
-1135
-1339
-1868
-2441
-2764
-2721
-2631
-2862
-3251
-3402
-3250
-3112
-3187
-3225
-3060
-2802
-2574
-2415
-2142
-1798
-1533
-1263
-969
-666
-413
-145
237
558
813
1094
1291
1422
1587
1845
2120
2308
2585
2923
3071
3031
2912
2910
2935
2875
2896
2828
2663
2493
2291
2119
1841
1513
1132
686
414
196
-31
-387
-930
-1350
-1607
-1674
-1705
-1934
-2261
-2561
-2652
-2673
-2800
-2879
-2901
-2769
-2556
-2532
-2601
-2613
-2407
-2047
-1803
-1617
-1368
-973
-540
-303
-215
-168
19
418
746
910
1058
1308
1631
1800
1790
1839
2037
2286
2504
2598
2552
2458
2415
2432
2402
2282
2173
2151
2093
1864
1553
1228
900
593
286
-1
-241
-413
-620
-1007
-1466
-1754
-1855
-1935
-2044
-2162
-2222
-2299
-2544
-2752
-2692
-2491
-2359
-2312
-2240
-2028
-1746
-1649
-1629
-1410
-1043
-577
-152
-54
-78
178
545
772
918
1085
1397
1718
1737
1645
1745
1890
2006
2142
2188
2167
2271
2427
2390
2112
1781
1728
1903
1842
1480
1125
946
849
520
-30
-405
-432
-349
-560
-1072
-1443
-1477
-1482
-1682
-1965
-2123
-2059
-1952
-2047
-2253
-2341
-2246
-2071
-1984
-1959
-1822
-1583
-1421
-1370
-1285
-1058
-681
-346
-214
-108
128
443
740
915
1051
1285
1479
1540
1560
1597
1684
1786
1831
1831
1877
1956
1973
1916
1744
1535
1501
1547
1534
1436
1219
996
755
440
163
-46
-194
-307
-452
-633
-871
-1139
-1340
-1422
-1415
-1452
-1592
-1726
-1776
-1772
-1836
-1914
-1859
-1760
-1661
-1575
-1497
-1330
-1162
-1041
-923
-825
-619
-307
-37
140
225
319
462
604
716
774
931
1215
1413
1404
1251
1261
1470
1595
1643
1657
1612
1504
1346
1269
1214
1093
1037
1034
991
840
655
524
339
107
-142
-350
-435
-464
-468
-579
-795
-949
-1051
-1111
-1200
-1299
-1305
-1313
-1360
-1454
-1513
-1456
-1370
-1321
-1334
-1285
-1100
-884
-712
-668
-610
-431
-247
-88
13
159
342
424
459
495
647
874
1026
1082
1034
1059
1152
1177
1149
1059
1036
1115
1222
1303
1211
1069
978
850
697
598
658
706
543
277
1
-242
-435
-501
-479
-540
-668
-738
-722
-784
-952
-1055
-1043
-976
-971
-1038
-1079
-1073
-983
-899
-890
-853
-768
-595
-448
-404
-378
-395
-344
-243
-158
-29
98
271
394
384
390
445
605
755
744
686
624
642
736
808
921
962
868
786
755
741
661
577
616
643
546
432
379
305
110
-84
-140
-152
-225
-292
-300
-317
-423
-550
-554
-528
-567
-576
-539
-510
-584
-722
-765
-798
-786
-666
-582
-530
-530
-476
-366
-388
-339
-233
-168
-93
-92
12
56
-10
68
101
203
318
358
498
473
496
613
589
586
492
560
761
725
580
346
316
479
479
450
377
360
363
206
87
-46
-122
-49
29
39
-96
-199
-237
-349
-472
-592
-560
-470
-466
-479
-541
-488
-373
-318
-303
-373
-326
-265
-253
-191
-204
-199
-221
-217
-52
74
145
159
128
113
24
-32
-27
57
252
384
407
318
241
321
432
521
502
395
356
373
435
408
268
193
152
145
109
-8
-91
-132
-78
-44
-168
-254
-196
-59
-26
-200
-352
-414
-404
-319
-264
-221
-188
-179
-166
-236
-312
-277
-229
-177
-177
-237
-275
-321
-235
-66
-6
15
20
113
195
78
-26
-22
121
292
261
198
174
209
244
138
96
124
168
266
338
423
368
175
110
100
144
208
238
296
233
133
64
-84
-174
-237
-260
-172
-89
65
126
-10
-119
-199
-152
-34
-24
-39
-127
-166
-113
-174
-224
-188
-11
234
245
134
3
-142
-244
-313
-237
-91
-36
-78
-150
-159
-197
-272
-286
-214
-91
-36
12
46
18
6
25
69
44
39
130
153
69
-54
-114
-115
-116
-29
75
102
90
126
224
236
176
144
169
234
257
233
166
120
126
84
23
17
133
290
296
209
115
98
185
247
225
80
-83
-127
-134
-179
-252
-288
-249
-211
-201
-210
-249
-247
-208
-212
-229
-183
-71
-33
-156
-273
-289
-262
-195
-103
-33
-64
-167
-190
-131
-53
24
55
53
47
93
152
102
26
29
103
174
160
172
215
201
160
135
235
392
441
389
245
113
62
47
91
109
93
94
64
54
41
19
53
85
136
146
30
-91
-174
-171
-117
-133
-181
-245
-300
-255
-165
-93
-95
-194
-263
-288
-289
-219
-183
-203
-212
-175
-86
-103
-172
-118
-15
68
57
-15
-49
-69
-48
3
41
138
258
306
263
139
37
67
213
391
435
316
194
89
36
69
106
164
219
273
293
193
110
85
50
24
-1
-1
-44
-133
-155
-193
-264
-286
-228
-109
-91
-170
-251
-362
-445
-420
-300
-169
-115
-78
-27
-64
-166
-253
-277
-187
-62
24
51
33
73
134
125
100
112
200
308
327
299
246
182
161
131
108
132
210
320
346
271
192
104
26
15
81
157
123
4
-97
-126
-81
-35
-33
-52
-33
-3
-38
-131
-220
-188
-109
-112
-145
-194
-195
-176
-213
-214
-247
-234
-110
-52
-51
-123
-185
-164
-177
-88
72
155
121
-63
-164
-100
11
123
145
123
102
108
177
175
105
53
57
134
221
263
187
91
85
83
38
-45
-56
39
98
104
42
3
31
55
75
42
44
66
6
-85
-212
-215
-99
8
124
103
-3
-126
-223
-156
-78
2
24
-50
-22
-31
-76
-128
-207
-105
-24
-40
-27
-72
-33
2
-38
7
32
97
145
131
189
157
119
90
-23
-55
-124
-166
-82
-36
31
56
5
15
5
-12
-33
-62
0
46
34
11
-21
34
82
71
74
32
0
-36
-89
-73
-81
-73
-34
-8
70
108
105
95
93
162
158
69
-36
-136
-159
-205
-188
-35
99
168
79
-67
-97
-86
-13
54
96
187
206
157
53
-109
-229
-317
-269
-54
151
232
91
-125
-218
-218
-152
-72
54
213
215
64
-91
-148
-136
-131
-83
34
145
169
93
7
-36
-7
49
68
73
90
152
183
135
91
38
11
28
72
147
121
27
-33
-95
-103
-102
-72
22
44
46
-4
-108
-150
-193
-185
-172
-186
-128
-115
-127
-135
-156
-147
-181
-161
-40
81
141
81
0
-37
-44
-13
2
24
54
59
41
-2
9
69
119
148
146
159
200
239
263
222
140
75
70
136
187
156
47
-64
-96
-55
32
124
193
194
102
-1
-55
-65
-52
-31
-5
-30
-117
-198
-213
-161
-122
-116
-113
-116
-155
-272
-408
-474
-416
-255
-92
27
73
50
-25
-110
-118
-58
29
94
105
97
71
34
28
76
168
223
204
168
147
154
166
188
234
258
226
159
93
59
66
120
174
187
179
187
183
108
-41
-187
-234
-189
-128
-97
-123
-167
-188
-216
-249
-255
-213
-139
-134
-210
-288
-344
-337
-317
-301
-232
-143
-38
9
-21
-26
-25
-2
20
22
96
173
219
213
129
74
77
158
298
349
338
310
283
267
186
130
166
260
363
365
306
234
151
104
73
59
43
18
30
26
-30
-125
-193
-174
-127
-100
-112
-173
-254
-328
-331
-276
-247
-279
-357
-400
-385
-349
-320
-299
-266
-227
-214
-201
-133
-32
39
44
31
66
95
91
64
49
71
92
119
173
207
229
264
350
442
413
299
214
208
228
177
132
158
200
220
197
159
129
101
127
149
84
-26
-103
-112
-100
-114
-148
-228
-339
-381
-327
-228
-163
-157
-177
-241
-318
-332
-290
-227
-196
-191
-168
-128
-74
-52
-78
-82
-5
113
170
134
98
100
85
25
-19
3
49
96
180
298
377
373
338
319
275
158
27
-14
71
191
256
238
154
83
84
128
149
112
51
-16
-103
-211
-297
-313
-275
-226
-188
-167
-175
-200
-192
-138
-103
-123
-152
-143
-104
-96
-133
-168
-175
-168
-151
-108
-41
19
54
57
41
11
-16
-10
45
120
159
166
161
162
158
131
130
189
275
318
283
223
177
147
133
130
144
145
108
73
60
84
98
76
32
-57
-156
-232
-272
-277
-295
-297
-257
-175
-81
-78
-177
-301
-369
-316
-193
-92
-52
-79
-116
-146
-184
-189
-129
7
130
136
76
22
30
79
99
131
159
166
158
113
93
79
68
101
135
179
178
167
215
248
249
196
133
126
123
128
117
85
51
-13
-59
-82
-104
-84
-49
9
40
-2
-75
-184
-251
-259
-242
-197
-196
-204
-222
-261
-273
-276
-199
-65
22
54
-6
-68
-74
-72
-44
-21
34
127
169
166
115
87
137
197
253
260
209
168
145
173
219
240
268
265
241
159
38
4
52
143
178
134
95
37
-42
-137
-206
-189
-164
-174
-218
-264
-258
-244
-226
-213
-231
-248
-269
-280
-314
-392
-446
-418
-304
-165
-71
-43
-61
-89
-109
-114
-92
-8
142
260
265
158
59
68
135
203
241
278
321
333
344
361
352
315
284
310
361
353
279
158
57
2
1
68
140
174
151
73
-16
-104
-173
-202
-214
-218
-211
-212
-219
-245
-268
-275
-274
-271
-275
-268
-247
-229
-208
-185
-170
-157
-153
-108
-8
92
166
188
177
165
104
20
-30
-10
88
169
195
194
167
141
120
122
197
283
320
285
177
80
29
53
148
220
218
132
0
-76
-101
-110
-129
-184
-209
-188
-154
-132
-157
-184
-193
-195
-177
-155
-132
-137
-196
-261
-313
-344
-321
-264
-187
-127
-133
-146
-135
-93
-7
91
200
294
297
217
99
21
42
133
237
290
265
181
97
82
160
287
369
361
297
237
210
183
144
128
152
189
191
140
83
43
15
-30
-92
-135
-150
-152
-163
-189
-195
-182
-175
-190
-225
-244
-240
-239
-268
-320
-353
-338
-286
-236
-221
-219
-163
-44
95
186
179
105
6
-63
-49
37
134
156
101
59
81
149
212
233
257
283
231
110
-5
-10
87
158
175
178
200
212
151
72
51
90
123
77
13
13
41
38
-22
-104
-123
-104
-98
-156
-281
-405
-478
-448
-311
-162
-82
-116
-219
-277
-241
-140
-22
64
111
94
35
-1
7
54
77
46
18
10
30
48
42
63
89
134
189
242
330
353
277
167
49
10
34
103
225
274
238
116
-37
-54
15
119
182
120
56
-37
-155
-216
-248
-161
-37
-12
-19
-124
-232
-272
-320
-268
-176
-83
6
-49
-144
-245
-325
-307
-298
-221
-120
-87
3
59
126
167
66
34
22
50
152
138
144
132
81
132
158
237
307
253
204
101
94
162
185
291
273
198
161
29
-3
-44
-82
25
102
214
217
38
-133
-297
-306
-266
-191
-53
-58
-110
-245
-360
-328
-325
-250
-200
-239
-191
-167
-138
-107
-143
-152
-161
-136
-44
34
62
42
22
25
52
95
142
196
241
250
206
163
153
171
217
260
298
301
248
190
144
120
130
179
242
281
255
155
23
-85
-117
-104
-95
-90
-98
-127
-164
-192
-189
-183
-190
-186
-187
-202
-228
-279
-340
-398
-391
-310
-200
-106
-76
-90
-122
-139
-94
-3
102
153
127
68
3
-3
34
93
165
227
298
337
321
270
192
147
132
160
199
170
89
-32
-101
-74
26
193
308
313
224
84
-11
-43
-19
25
31
19
-6
-21
-40
-104
-193
-298
-353
-322
-254
-164
-107
-115
-147
-166
-125
-65
-22
-13
-57
-124
-173
-160
-122
-128
-132
-99
-47
7
45
61
39
-14
-34
9
69
147
213
222
184
123
117
159
182
200
197
200
207
192
192
191
182
188
175
128
41
-45
-73
-84
-109
-120
-108
-98
-126
-165
-162
-154
-160
-144
-95
-59
-71
-100
-106
-91
-71
-24
6
-33
-96
-124
-88
-65
-95
-115
-134
-138
-92
-21
58
74
46
31
-10
-57
-87
-86
-31
31
111
194
213
193
167
154
136
88
41
32
47
65
89
97
91
102
141
208
230
192
131
54
-19
-99
-140
-131
-119
-84
-49
-49
-74
-135
-157
-108
-64
-37
-69
-141
-188
-199
-147
-85
-64
-79
-110
-116
-82
-31
15
57
69
55
46
23
17
2
-32
-33
-14
59
160
230
264
225
159
111
107
155
186
181
139
111
94
60
31
-20
-43
-33
-2
36
-20
-111
-170
-162
-107
-116
-149
-189
-208
-161
-91
-28
-47
-97
-93
-70
-73
-140
-192
-203
-175
-98
-38
3
-24
-58
-18
30
91
127
130
122
84
55
36
33
51
90
149
167
180
182
148
99
27
3
50
159
275
301
204
5
-162
-207
-138
6
97
99
33
-66
-145
-167
-110
-23
73
116
78
3
-92
-137
-139
-129
-125
-138
-153
-189
-210
-210
-181
-85
-21
8
9
-10
16
41
66
62
44
56
64
78
59
43
60
60
67
65
84
142
209
275
285
231
100
-73
-167
-146
-10
158
227
183
68
-40
-77
-80
-90
-92
-79
-71
-97
-154
-230
-272
-230
-140
-21
63
33
-34
-93
-117
-74
-46
-28
-27
-68
-119
-169
-170
-131
-69
21
87
136
128
79
76
81
84
74
41
40
32
10
-7
-48
-70
-41
52
206
325
359
289
150
1
-121
-145
-79
25
133
159
118
24
-89
-102
-22
94
149
104
33
-59
-132
-160
-162
-132
-124
-71
19
34
21
-30
-95
-135
-163
-129
-81
-27
12
-29
-61
-67
-19
59
119
199
182
101
71
35
-3
-21
-6
12
-1
8
14
35
82
88
51
-10
-32
-30
-33
43
105
76
16
-32
-63
-81
-44
-23
-58
-75
-73
-75
-79
-82
-106
-139
-120
-74
-50
-35
4
50
47
27
13
-11
18
47
27
-8
-56
-68
-73
-67
-6
26
54
76
62
61
30
22
22
-18
-43
-92
-69
41
120
192
183
104
33
-28
4
82
135
171
131
63
-1
-80
-107
-84
-22
68
105
94
44
-42
-97
-122
-110
-68
-54
-39
-38
-65
-69
-64
-42
-1
12
11
1
12
52
59
41
13
-2
33
86
123
108
57
-3
-75
-106
-120
-107
-58
-9
42
51
39
32
18
43
57
41
60
83
116
127
60
-22
-88
-105
-70
-48
-28
-45
-101
-137
-157
-93
13
75
79
-12
-112
-184
-215
-171
-142
-98
-52
-41
-22
-54
-83
-71
-4
130
163
92
-55
-186
-170
-79
64
185
212
175
64
-33
-62
2
140
249
311
271
165
73
-8
-20
-5
34
108
129
128
70
-3
-8
-16
13
16
-24
-30
-70
-78
-84
-116
-113
-158
-143
-77
-26
59
51
27
-2
-68
-68
-88
-56
17
60
128
108
37
-36
-85
-6
122
216
205
92
-22
-81
-65
-17
19
30
17
-23
-54
-55
-72
-60
-63
-60
10
29
26
-45
-177
-243
-262
-172
-51
36
81
-8
-65
-120
-127
-15
24
111
136
62
31
-92
-99
-37
17
134
97
50
-51
-176
-126
-87
45
108
8
-14
-93
-69
-2
-30
47
66
136
240
241
279
184
68
6
-63
26
72
94
107
15
7
-21
-3
70
64
90
39
-7
-24
-76
-52
-52
-9
45
60
123
122
122
78
-19
-54
-108
-86
-51
-37
-23
-89
-107
-129
-116
-52
-58
-19
-39
-67
-56
-114
-72
-38
-24
-5
-102
-93
-76
-74
-31
-71
-2
51
28
39
-17
11
21
-48
-61
-92
-56
-37
-73
-42
-28
-3
2
-32
29
102
141
144
69
30
16
3
66
143
227
255
164
75
1
-21
15
41
111
152
112
32
-104
-153
-109
-37
50
29
-35
-95
-145
-111
-93
-74
-43
-44
3
9
-17
-54
-127
-138
-116
-69
6
49
72
72
23
-28
-70
-91
-40
27
84
106
58
11
-32
-41
21
98
186
230
199
152
96
69
66
53
44
24
10
18
26
18
-27
-100
-130
-101
-42
22
20
-12
-35
-70
-72
-71
-79
-63
-97
-132
-138
-143
-92
-72
-96
-88
-88
-26
42
47
59
-1
-56
-53
-48
47
119
141
166
101
44
-32
-128
-142
-155
-108
-23
27
107
134
144
171
150
127
75
23
44
77
118
134
68
11
-58
-129
-147
-147
-72
19
54
45
-24
-82
-77
-34
32
95
113
84
12
-85
-136
-171
-186
-163
-158
-91
3
45
80
24
-17
1
-3
65
96
113
181
172
166
105
-10
-5
16
81
150
65
-9
-112
-194
-132
-113
-31
49
9
36
-15
-45
26
14
92
142
137
185
75
-19
-99
-220
-184
-166
-117
-43
-74
-38
-56
-82
-55
-83
2
104
177
194
52
-65
-159
-177
-106
-68
29
79
94
77
-64
-146
-177
-130
0
84
131
73
-4
-48
-75
-33
11
105
199
234
239
150
82
