SAMPLES:	15426
BITSPERSAMPLE:	16
CHANNELS:	1
SAMPLERATE:	16000
NORMALIZED:	FALSE
55
116
138
176
157
94
41
-37
-59
-2
99
192
171
64
-67
-173
-178
-113
-10
89
97
10
-94
-174
-193
-176
-149
-89
-43
5
19
-53
-96
-117
-105
-65
-54
11
92
134
115
-6
-79
-86
-45
33
35
16
-41
-74
-27
19
93
107
77
53
-7
10
44
88
121
38
-23
-71
-52
13
0
8
-42
-90
-123
-177
-115
-65
-12
20
-18
4
-16
-20
9
21
110
128
117
81
-11
-18
-61
-63
-25
-12
58
47
52
84
91
152
116
71
39
-25
-12
-37
-39
-10
-19
19
2
-47
-100
-156
-90
26
103
99
1
-82
-108
-111
-97
-64
4
105
168
145
70
-44
-104
-91
-29
106
183
193
122
-43
-146
-240
-270
-198
-128
33
133
147
156
57
31
32
22
97
74
37
0
-66
-31
-22
-40
-46
-63
-21
16
6
-32
-70
-63
-8
70
91
76
21
-76
-114
-151
-110
19
92
188
152
28
-23
-130
-91
-50
-101
-57
-125
-84
17
10
89
14
-46
-29
-54
52
82
71
39
-63
-68
-55
21
91
96
92
28
22
26
35
92
106
181
223
188
124
-6
-61
-47
-4
77
100
87
52
-32
-86
-122
-144
-129
-126
-113
-88
-106
-144
-178
-189
-141
-60
1
62
96
98
84
-8
-95
-138
-152
-97
-55
-9
46
62
95
104
94
83
24
-47
-109
-120
-61
-7
13
1
-17
-12
18
35
31
37
38
70
74
34
4
-57
-56
19
120
264
271
171
42
-116
-128
-108
-81
-24
-48
12
82
134
207
174
158
131
103
127
89
62
8
-43
-26
-19
26
40
31
34
15
17
-16
-39
-68
-125
-146
-192
-174
-135
-143
-116
-182
-218
-184
-167
-58
-30
-67
-76
-172
-200
-180
-166
-55
8
24
53
-4
-36
-44
-71
-5
63
119
220
226
186
121
-14
-27
10
60
190
196
170
124
8
32
43
39
82
17
17
23
0
82
88
74
69
-9
5
14
29
112
116
116
72
-12
-48
-103
-107
-82
-64
-34
-29
5
42
61
61
14
-16
-45
-41
3
35
55
16
-35
-72
-79
-40
-41
-70
-141
-197
-165
-124
-82
-86
-129
-128
-117
-88
-52
-54
-71
-65
-22
61
122
75
-22
-121
-164
-94
-33
30
86
106
168
161
126
136
161
250
276
206
102
-24
-76
-71
-18
47
39
-8
-67
-58
13
74
125
128
112
66
-19
-63
-66
-8
34
-5
-68
-128
-119
-50
19
85
105
89
30
-81
-174
-217
-183
-103
-35
-9
-28
-71
-118
-138
-125
-97
-51
-22
-2
12
6
-13
-55
-70
-7
103
221
264
215
124
36
2
30
88
107
68
11
-24
-2
50
97
130
127
98
63
19
-23
-62
-116
-128
-100
-69
-28
-42
-76
-102
-134
-98
-32
23
54
-12
-99
-153
-156
-84
-22
20
45
26
21
11
0
-1
-33
-37
13
78
135
111
39
16
28
63
65
16
-3
-2
27
58
35
-4
-57
-74
-25
43
118
133
91
51
-1
-35
-60
-67
-28
14
42
0
-84
-145
-168
-126
-63
-10
24
0
-36
-71
-79
-35
-25
-16
5
33
113
143
144
118
46
38
25
32
95
120
156
111
-15
-93
-136
-44
80
133
165
103
26
-56
-152
-157
-148
-104
-68
-79
-56
-73
-83
-82
-72
8
53
37
-57
-171
-173
-90
30
92
76
42
-10
-29
-29
-7
56
110
148
138
93
30
-63
-116
-117
-48
44
63
33
-36
-59
-35
-37
-4
27
94
147
79
-22
-156
-202
-119
-45
66
85
22
-29
-133
-101
-19
56
172
134
110
76
-3
24
-14
25
125
160
259
234
171
124
13
-3
-29
-43
-7
-16
12
28
23
11
-29
-49
-58
-41
-39
-59
-90
-137
-119
-92
-50
-23
-56
-41
-21
8
15
-72
-141
-204
-213
-159
-114
-34
17
32
7
-58
-92
-114
-91
-57
-30
-23
-75
-106
-125
-91
-14
38
129
196
235
211
92
26
20
71
131
115
108
110
119
125
92
94
117
149
144
76
-17
-136
-181
-149
-27
169
274
285
146
-62
-173
-213
-118
-22
10
29
-40
-79
-123
-180
-161
-130
9
192
311
360
235
40
-131
-215
-140
-45
1
-37
-161
-240
-259
-203
-87
0
66
65
-5
-79
-168
-184
-122
-31
93
127
95
51
18
87
139
157
146
70
71
62
45
61
7
5
4
22
126
152
161
60
-116
-194
-250
-166
-69
-35
-16
-129
-198
-207
-168
-18
49
80
58
-27
-35
-69
-47
19
37
111
107
64
11
-102
-119
-110
-67
14
32
98
130
115
120
74
70
48
-12
-39
-67
-18
73
150
207
173
91
17
-36
-28
11
41
52
35
16
52
101
112
74
-30
-88
-85
-64
-22
-10
26
84
90
41
-90
-207
-210
-123
3
71
47
-4
-55
-86
-97
-130
-151
-127
-61
46
92
58
-21
-112
-138
-123
-99
-62
-60
-52
-12
34
91
90
44
9
-12
40
96
98
76
-11
-52
-20
42
130
119
56
-22
-84
-59
-45
-15
9
-1
20
-8
-33
-58
-90
-42
20
101
164
138
96
21
-54
-80
-105
-75
-20
24
74
46
-6
-44
-58
31
136
213
233
150
80
18
-14
17
11
15
-6
-52
-34
-33
-15
-14
-64
-44
-27
25
62
-25
-119
-240
-271
-147
-5
164
214
138
45
-76
-71
2
61
114
47
-42
-114
-160
-114
-82
-47
-15
-34
-4
7
-5
-8
-58
-72
-52
-24
45
52
17
-32
-114
-110
-66
-3
87
99
99
74
33
51
50
65
65
16
-17
-73
-119
-144
-151
-101
-9
88
122
73
-44
-140
-144
-67
82
192
250
264
206
149
68
9
16
60
150
178
137
33
-98
-148
-132
-34
72
137
151
76
-6
-89
-124
-91
-55
-6
1
-26
-50
-104
-138
-160
-173
-143
-110
-78
-55
-76
-77
-50
-1
82
108
105
89
62
91
85
56
0
-100
-126
-120
-70
-8
-11
-16
-61
-72
-31
18
105
120
88
6
-118
-154
-143
-43
79
127
134
51
-4
-2
32
118
132
113
70
6
-5
-41
-58
-64
-78
-26
10
35
28
-30
-67
-120
-138
-108
-43
83
178
191
106
-35
-116
-96
34
179
246
214
91
-31
-109
-130
-101
-71
-38
-14
-10
-1
16
53
79
63
18
-42
-46
12
66
67
-8
-79
-82
-25
59
88
67
49
44
45
-13
-122
-217
-259
-174
-43
55
98
65
54
83
130
156
79
0
-43
-59
-25
-37
-70
-97
-122
-89
-86
-73
-43
-50
-34
-57
-67
-20
11
69
69
30
38
14
13
-22
-89
-94
-115
-83
-39
-12
85
117
110
62
-19
3
20
41
41
12
79
146
197
196
120
73
21
12
18
-7
11
-8
-28
-63
-100
-27
44
115
124
37
-21
-105
-122
-113
-140
-115
-121
-81
-27
-47
-43
-82
-71
-1
28
110
126
130
125
28
-21
-67
-42
41
51
60
8
-39
-43
-79
-44
-14
21
69
53
74
61
33
2
-83
-90
-67
-10
68
72
83
58
12
-19
-87
-110
-119
-100
-50
-27
5
9
2
17
37
84
113
99
48
-19
-63
-84
-71
-34
1
14
-26
-84
-114
-86
13
116
166
128
0
-137
-215
-181
-54
79
175
171
81
-39
-140
-141
-67
50
156
170
112
15
-59
-63
-27
32
86
103
76
2
-74
-92
-62
5
74
103
107
88
67
37
-26
-77
-80
-29
50
87
74
10
-76
-121
-132
-120
-84
-38
25
63
49
13
-35
-60
-59
-47
-31
-44
-64
-65
-38
16
42
15
-39
-87
-69
-15
18
22
-13
-22
15
60
98
65
-1
-46
-82
-55
-4
65
147
150
119
52
-25
-13
29
108
173
179
196
150
83
10
-76
-48
-29
-6
33
9
11
-69
-136
-147
-183
-77
-25
-46
-70
-135
-59
-30
-27
-22
-121
-57
2
16
45
-41
-7
4
11
84
-12
-31
-65
-102
22
61
139
112
-39
-63
-150
-78
46
59
134
70
62
49
-40
-3
-62
-68
-40
-20
119
91
19
-72
-181
-100
-26
55
81
17
19
-30
-36
-14
-53
7
45
69
104
54
12
-79
-116
-36
44
167
186
142
101
4
-33
-87
-119
-94
-62
30
68
100
118
57
39
11
37
103
115
116
38
-7
-40
-118
-119
-122
-60
44
76
82
15
-23
-36
-63
-21
-12
13
51
14
-17
-68
-113
-117
-105
-52
-20
-8
4
-35
-68
-109
-154
-136
-90
-11
52
55
27
-54
-103
-114
-105
-38
14
68
97
66
15
-65
-87
-37
56
166
201
165
92
30
33
74
123
143
120
65
-12
-83
-129
-123
-60
45
136
150
81
-35
-116
-107
-31
61
98
60
0
-73
-117
-111
-106
-65
-28
-25
0
-14
-6
30
64
155
178
150
81
-46
-80
-86
-39
36
35
67
33
-14
-26
-98
-89
-100
-109
-55
-68
-24
10
25
92
54
23
-32
-88
-11
40
119
136
35
-11
-90
-72
15
68
153
110
31
-50
-135
-82
-15
82
130
66
-5
-125
-163
-159
-133
-51
-13
54
67
47
30
-33
-27
-38
-35
-18
-39
-7
-20
-24
-32
-70
-28
-8
45
72
18
-16
-113
-139
-126
-104
3
45
110
158
124
140
65
13
-3
-41
48
92
136
168
64
18
-46
-50
33
27
45
-33
-139
-149
-166
-53
54
110
155
76
24
-28
-73
-45
-53
-30
-8
-9
24
49
79
91
67
34
6
-4
10
17
-2
-20
-39
-49
-23
-2
41
65
58
58
6
-27
-47
-74
-48
-46
-47
-51
-114
-132
-148
-119
-12
45
83
29
-77
-118
-134
-47
33
72
96
33
-15
-81
-124
-71
-6
120
193
187
164
80
53
29
9
28
-7
3
-8
-39
-44
-84
-57
-11
39
118
139
160
133
57
-2
-61
-49
11
64
97
64
6
-62
-133
-148
-115
-46
18
18
-63
-171
-224
-195
-90
29
116
132
65
-27
-141
-199
-174
-98
37
136
192
193
104
-5
-143
-219
-174
-84
69
138
108
66
-11
-3
8
27
74
25
37
19
-26
3
-15
51
99
115
154
73
64
48
21
70
10
-8
-30
-36
37
30
52
6
-44
-5
-4
50
36
-34
-100
-175
-142
-94
-7
68
49
17
-74
-121
-104
-47
73
138
186
163
63
-21
-109
-101
-20
65
129
76
-26
-100
-119
-38
42
60
30
-33
-58
-45
-27
-42
-121
-202
-237
-187
-62
73
173
183
121
5
-107
-138
-99
-3
94
131
103
19
-48
-33
58
170
199
111
-27
-137
-162
-121
-61
0
32
33
10
-38
-59
-47
3
72
98
92
10
-100
-149
-151
-45
78
163
198
125
45
-48
-104
-82
-51
18
56
73
79
55
54
19
-15
-40
-60
-20
19
82
115
78
29
-70
-94
-54
7
88
46
2
-37
-42
61
92
114
69
-8
-17
-82
-109
-161
-189
-113
-50
41
43
-10
-58
-115
-83
-51
20
98
131
146
54
-34
-83
-70
35
99
139
94
-18
-130
-232
-208
-119
34
166
182
175
84
7
-40
-100
-81
-100
-77
-37
-28
50
70
101
84
11
20
-7
26
19
-63
-86
-133
-68
-3
11
86
70
97
81
14
32
-3
43
49
-11
19
-15
3
-16
-97
-63
-59
28
80
5
-19
-102
-88
-17
-15
22
-55
-96
-70
-53
47
28
-30
-85
-151
-75
-12
56
100
60
55
9
-4
39
94
184
205
188
132
77
68
63
106
102
68
-10
-121
-120
-91
0
49
6
7
-29
-11
-36
-128
-134
-128
4
104
108
77
-72
-135
-182
-177
-85
-59
3
-3
-27
-20
-88
-110
-142
-115
-7
55
116
97
22
-51
-149
-170
-133
-49
63
102
107
84
52
53
64
89
108
101
106
105
108
99
59
46
50
79
72
21
-10
-31
6
20
10
19
-3
13
-4
-22
11
15
69
90
90
89
-16
-99
-162
-146
-49
-24
-23
-76
-135
-149
-179
-156
-113
-64
-6
13
32
18
-38
-100
-158
-139
-63
27
101
118
110
78
28
-7
-25
-2
52
105
142
129
68
-18
-82
-78
-21
55
108
120
106
63
26
-2
-16
-3
-4
5
-6
-25
-41
-95
-109
-113
-74
18
70
135
113
44
-14
-82
-23
44
102
124
20
-50
-136
-139
-20
54
144
101
-8
-42
-86
9
89
117
165
89
64
16
-82
-112
-202
-179
-90
-28
64
7
-69
-121
-163
-73
-32
-9
0
-54
-33
-58
-74
-52
-42
61
124
157
158
63
15
-42
-48
4
-7
30
41
60
109
44
-18
-93
-128
-36
32
122
179
152
120
1
-120
-158
-160
-57
40
82
133
87
12
-68
-159
-111
-61
-30
4
-51
-38
-54
-95
-45
-31
48
90
40
66
43
42
48
-33
-5
25
41
83
20
40
86
90
129
63
45
74
38
33
-51
-80
-24
9
62
26
-12
-44
-97
-103
-114
-30
60
88
78
-48
-104
-131
-149
-88
-82
-3
62
34
7
-89
-122
-95
-89
-24
30
86
109
37
-56
-114
-111
-85
-70
-85
-65
8
56
109
91
47
45
-3
11
25
30
81
40
43
77
90
161
113
62
50
16
83
72
45
59
2
12
-22
-53
13
26
65
62
-1
8
-27
-53
-64
-113
-90
-77
-70
-17
-8
27
41
-5
-3
-20
-11
-4
-58
-72
-91
-77
-42
-61
-59
-76
-53
26
60
90
37
-32
-53
-72
1
48
47
23
-89
-115
-93
-41
83
111
163
190
118
94
-2
-42
-11
-22
62
79
50
48
-14
-15
-55
-98
-42
-20
40
60
10
-37
-130
-148
-123
-87
13
78
78
-23
-150
-213
-234
-163
-24
127
180
106
32
-38
-76
-63
4
126
155
138
136
71
-25
-157
-180
-33
101
182
118
-20
-21
58
154
76
-113
-87
39
129
84
-62
-51
3
45
37
-97
-97
-77
-120
-161
-238
-124
34
137
274
220
127
36
30
255
326
305
286
305
462
390
256
236
250
376
365
351
356
237
180
51
-84
-176
-274
-266
-392
-584
-734
-895
-949
-1007
-995
-905
-821
-688
-706
-833
-913
-873
-741
-730
-656
-490
-398
-390
-403
-248
-170
-127
237
715
954
780
690
998
1247
1297
1215
1273
1502
1642
1673
1496
1367
1456
1555
1497
1270
1218
1212
954
586
260
84
-106
-280
-363
-596
-841
-937
-936
-1000
-1206
-1269
-1283
-1485
-1640
-1584
-1410
-1424
-1651
-1692
-1528
-1329
-1197
-1208
-1144
-978
-806
-739
-876
-888
-689
-522
-445
-342
-49
209
253
260
382
701
1051
1281
1419
1489
1566
1615
1605
1581
1609
1825
2036
2014
1939
2008
2103
1908
1571
1495
1553
1359
886
503
314
167
-10
-259
-507
-744
-879
-982
-1223
-1493
-1645
-1492
-1476
-1819
-1961
-1802
-1689
-1931
-2053
-1779
-1559
-1444
-1466
-1520
-1513
-1424
-1243
-1202
-1128
-832
-468
-374
-572
-585
-355
-198
-164
16
336
493
601
801
975
1235
1519
1547
1474
1708
2228
2347
2014
1987
2351
2801
2808
2408
2269
2358
2431
2121
1590
1373
1337
1254
846
290
-23
-345
-721
-922
-1010
-1274
-1624
-1681
-1547
-1735
-2167
-2355
-2301
-2246
-2294
-2292
-2295
-2359
-2282
-2189
-2046
-1836
-1635
-1506
-1398
-1047
-796
-855
-860
-661
-343
-176
-119
96
328
548
777
729
676
739
752
992
1134
1196
1167
1034
1265
1289
1320
1590
1604
1728
1806
1829
1876
1643
1531
1751
1925
1832
1713
1696
1761
1730
1593
1374
944
815
957
684
158
-177
-285
-436
-898
-1273
-1278
-1414
-1533
-1465
-1627
-2063
-2508
-2328
-2063
-2396
-2598
-2402
-2135
-2227
-2454
-2267
-2070
-2046
-2016
-1934
-1782
-1672
-1500
-1330
-1330
-1168
-864
-872
-813
-372
2
204
501
995
1432
1453
1437
1932
2668
2854
2508
2603
3339
3866
3735
3328
3306
3727
3535
2848
3095
3824
3444
2239
1849
2275
1955
932
200
-69
-28
-317
-1150
-1759
-1859
-1752
-1786
-2527
-3213
-2852
-2589
-3057
-3413
-3172
-2899
-3343
-3338
-2573
-2506
-2922
-2853
-2256
-2060
-2458
-2315
-1732
-1597
-1638
-1177
-575
-684
-964
-395
170
48
-61
195
1021
1483
1556
2092
1876
1660
2810
3742
3168
2128
2728
4225
4199
3190
2892
3289
3660
3757
3484
2975
2522
2642
2935
2294
1278
857
752
259
-313
-604
-1250
-2028
-2071
-1618
-1898
-2920
-3244
-2742
-2604
-3286
-3514
-3171
-3388
-3613
-3285
-2781
-2917
-3494
-3096
-2361
-2367
-2563
-2421
-1824
-1389
-1329
-1340
-1377
-1131
-611
-342
-319
-294
43
679
1194
1310
1475
2150
2515
2453
3144
3879
3422
2970
3613
4443
4213
3584
3627
3996
4052
3849
3759
3745
3027
2459
2881
2820
1560
241
101
540
168
-970
-2215
-2606
-1657
-1310
-2555
-3849
-3586
-2516
-2635
-3730
-3894
-3314
-3394
-4020
-3970
-3392
-3524
-3888
-3313
-2380
-2367
-2895
-2804
-1970
-1453
-1657
-1922
-1507
-743
-550
-848
-708
-76
490
844
1332
2119
2631
2169
1915
3056
4075
3527
2774
3707
5183
5046
4024
3743
4180
4512
4290
4101
3923
3579
3684
3700
2738
1640
1052
889
567
-116
-745
-1561
-2261
-2020
-1696
-2409
-3425
-3492
-2957
-3259
-3932
-3957
-3925
-4078
-4005
-3710
-3665
-4146
-4090
-3295
-2883
-3142
-3329
-2849
-2185
-1961
-2170
-2323
-2051
-1433
-908
-735
-550
-178
356
877
1101
1774
2965
2940
1915
2502
4701
5236
3459
2998
4847
5916
5292
4257
4095
4936
5380
5203
4384
3321
3503
4154
3491
2020
1344
1363
677
-294
-615
-1139
-2322
-2802
-2044
-1867
-3315
-4478
-3923
-3331
-3869
-4598
-4663
-4444
-4545
-4433
-4074
-4478
-5059
-4446
-3290
-3328
-4109
-3830
-2617
-2049
-2440
-2827
-2489
-1644
-1197
-1032
-777
-393
344
1077
1576
2347
3147
2816
3004
4971
5537
4294
3868
5132
6364
6004
5428
5039
5315
6306
5930
4606
3957
4620
5413
4453
2870
2297
1998
1111
229
-276
-1100
-2187
-2249
-1908
-2402
-3428
-4316
-4087
-3726
-4371
-5122
-5430
-5265
-5079
-5274
-5673
-5797
-5568
-5112
-4457
-4358
-4598
-4235
-3471
-3122
-3222
-3203
-2871
-2306
-1584
-896
-709
-448
417
1490
2381
2875
3827
3835
2826
4788
7011
5156
3328
5348
8013
7084
4967
5404
6504
6562
6151
5445
4880
4602
5076
5354
3558
2152
2428
1835
513
-126
-386
-1681
-3222
-2782
-2314
-3732
-5388
-5111
-3881
-4569
-5789
-5609
-5533
-6263
-6433
-5594
-5334
-6110
-6222
-4814
-3886
-4989
-5533
-3879
-2499
-2914
-3413
-2776
-1778
-1355
-1289
-919
-204
655
1273
1903
2608
3584
4712
4023
3192
5073
6879
5966
4378
5253
7443
7530
5932
5108
5633
6478
6513
5888
5223
4635
4935
5056
3586
2234
1798
1413
625
-185
-992
-2179
-3144
-3196
-2743
-3601
-5329
-5499
-4752
-5022
-6000
-6307
-6168
-6349
-6419
-6054
-5858
-6366
-6473
-5278
-4431
-4945
-5101
-4035
-3094
-3023
-3270
-2952
-1956
-1102
-742
-586
-121
713
1712
2500
2767
3829
5169
4434
3645
5438
7455
6583
4600
5340
7688
7986
6314
5425
6141
6686
6429
6022
5353
4880
5301
5413
4120
2556
1819
1333
558
-207
-1117
-2274
-3256
-3270
-2805
-3902
-5798
-6111
-5134
-5045
-6273
-6870
-6751
-6885
-7038
-6809
-6344
-6670
-6901
-5675
-4637
-5174
-5619
-4499
-3254
-3271
-3684
-3233
-2146
-1338
-897
-408
169
777
1702
2775
3225
3927
5519
5466
4077
4980
7545
7675
5185
4694
7403
8834
7307
5686
6227
7157
6685
6101
5856
5280
5111
5329
4341
2946
2093
1423
466
-351
-717
-1695
-3590
-4346
-2904
-2870
-5831
-7231
-5550
-4356
-5878
-7651
-7162
-6633
-6984
-7014
-6480
-6469
-7125
-6283
-4647
-4928
-5828
-5059
-3300
-2622
-3346
-3568
-2534
-1263
-453
-525
-401
752
1953
2593
2836
3108
4403
5720
4961
4235
5780
7664
6973
5125
5578
7455
7727
6609
5840
6263
6566
6566
6423
5284
4408
5069
5559
4295
2707
1784
1221
479
-131
-1117
-2765
-3789
-3091
-2381
-3967
-6387
-6318
-4872
-5180
-6811
-7567
-7065
-6659
-6879
-7445
-7544
-7144
-6770
-6033
-5391
-5582
-5528
-4812
-3796
-3486
-3880
-3715
-2531
-982
-660
-829
93
1401
2282
2555
3088
4046
5410
6305
5497
5206
6632
7770
6967
5828
6802
8225
7859
6689
6429
6977
6733
6335
6315
5760
5091
5377
5090
3397
2186
1855
1355
117
-887
-1456
-2491
-3271
-3443
-3753
-5027
-6244
-5830
-5732
-6665
-7202
-6976
-6976
-7718
-7986
-7461
-7034
-7278
-7305
-6248
-5583
-5866
-5909
-4801
-3649
-3642
-3883
-3339
-2099
-1368
-1157
-443
480
1416
2310
3107
3618
4053
5647
6242
4993
4912
7086
8409
7010
5629
6998
8726
7946
6412
6936
7863
6885
5857
6481
6704
5103
4372
4732
4474
2937
1238
676
764
-152
-1818
-3367
-4016
-3382
-3251
-5262
-6846
-6196
-5368
-6408
-7963
-7557
-6792
-7203
-7964
-7566
-6830
-7383
-7546
-6061
-5237
-5983
-6313
-4449
-2996
-3758
-4334
-2928
-1160
-1169
-1583
-287
1412
1755
1690
2853
4106
4883
5545
5037
4944
6574
7988
7084
5461
6147
8262
8465
7042
6404
7270
7496
6678
6491
6263
5215
5471
5757
4162
2858
2218
1897
1160
-180
-1180
-1966
-2754
-3249
-3612
-4421
-5678
-5832
-5883
-6584
-6930
-7015
-7165
-7705
-7932
-7642
-7288
-7487
-7864
-6978
-5752
-5752
-6117
-5440
-4210
-3907
-4131
-3450
-2273
-1718
-1305
-485
460
1032
1446
2853
3988
4677
5547
5064
4775
6281
7937
7369
5710
6341
8229
8607
7388
6415
7098
7598
7040
6798
6531
5604
5700
6104
4689
3119
2390
2123
1604
473
-621
-1658
-2808
-3653
-3595
-3962
-5734
-6353
-5743
-6078
-7058
-7518
-7412
-7608
-7955
-7742
-7249
-7378
-7740
-6941
-5733
-5958
-6399
-5408
-4268
-4188
-4372
-3688
-2502
-1813
-1197
-311
554
1256
2021
2988
3419
4552
5807
4980
4463
6316
8247
7570
5664
6260
8385
8616
7099
6350
7246
7763
7368
6901
6171
5366
5539
5681
4605
3293
2413
1991
1320
161
-1026
-2219
-3219
-3574
-3250
-4033
-6262
-6899
-5882
-5866
-7302
-7987
-7546
-7466
-7783
-7881
-7363
-7633
-8149
-6855
-5477
-6034
-6712
-5273
-3765
-4050
-4361
-3635
-2231
-1329
-805
99
881
1346
2354
3609
4290
5114
5368
5038
6054
7828
7647
6221
6247
7739
8768
8086
6730
6976
7766
7723
7228
6446
5843
6007
6376
5112
3569
2713
1856
1405
1000
-164
-1744
-2911
-3167
-2970
-3885
-6035
-6725
-5781
-5690
-6716
-7615
-7710
-7779
-8202
-8433
-8044
-7691
-7791
-7240
-6294
-6304
-6688
-6090
-4774
-4283
-4351
-3773
-2666
-1737
-1159
-605
228
1151
2034
3140
4130
5154
5624
5141
5508
7357
8089
6708
6081
7716
8996
8274
7122
6983
7599
7975
7580
6902
6321
5837
6175
5673
3889
2971
2481
1539
941
178
-1314
-2692
-3219
-3090
-3518
-5335
-6843
-6242
-5680
-6816
-7820
-7695
-7695
-8045
-8262
-8065
-7815
-7945
-7619
-6564
-6333
-6845
-6306
-4842
-4283
-4531
-4038
-2785
-1566
-1082
-798
95
1283
2155
2886
3626
4863
5898
5385
4826
6437
8423
7551
5770
6653
8865
9091
7326
6625
7673
7881
6967
6677
6738
5956
5749
5855
4871
3715
2558
1925
1658
613
-632
-2036
-3080
-3158
-3173
-4325
-6309
-6553
-5788
-6406
-7532
-7792
-7555
-7942
-8471
-8081
-7694
-8075
-8297
-7291
-6484
-6824
-6777
-5505
-4472
-4655
-4455
-3574
-2555
-1684
-1132
-233
722
1526
2519
3449
4445
5231
5502
5475
6503
7893
7517
6578
6876
8310
9037
8279
7259
7104
7935
8099
6986
6268
6297
6501
6065
4768
3977
3494
2146
1177
856
-213
-1730
-2776
-2941
-3129
-4347
-5836
-6132
-5732
-6374
-7457
-7541
-7599
-8138
-8388
-8331
-8143
-8112
-8214
-7521
-6901
-7022
-6584
-5685
-5079
-5048
-4622
-3737
-2831
-1553
-876
-406
469
1342
2636
3465
4143
5074
5498
5668
6322
7423
7354
6673
7147
8254
8583
8011
7667
7740
7896
7857
7328
6773
6279
6405
6404
5082
3645
3132
2869
1804
530
-400
-1475
-2358
-2750
-3080
-4295
-5910
-6016
-5405
-5901
-7397
-7908
-7195
-7436
-8404
-8852
-8612
-7943
-7741
-7746
-7503
-7321
-6831
-5757
-5054
-5340
-5079
-3764
-2581
-1903
-1451
-786
228
1325
2247
3108
4304
5059
5116
5396
6252
7148
6859
6279
7120
8485
8772
7858
7298
7886
8364
8022
7356
7055
6875
6657
6341
5305
4040
3202
2810
2299
1204
-198
-1607
-2249
-2364
-2880
-4161
-5714
-5768
-5100
-5763
-7227
-7902
-7552
-7565
-8039
-8292
-8313
-8198
-7920
-7301
-7314
-7712
-7127
-5792
-5072
-5425
-5150
-4060
-3024
-2164
-1696
-945
103
1196
2415
3219
3975
4651
4682
5125
6369
7035
6672
6384
7250
8473
8649
7889
7220
7580
8204
7899
7292
6913
6587
6687
6437
5192
4090
3338
2958
2513
1335
-115
-1610
-2213
-2191
-2703
-4063
-5580
-5505
-5038
-5963
-7377
-7573
-6983
-7558
-8230
-8112
-7940
-7888
-7803
-7289
-7227
-7481
-6862
-5597
-4950
-5374
-5146
-4002
-2965
-2161
-1570
-703
214
895
1804
3111
4030
3899
3946
5051
6659
7162
6123
5796
7000
8297
8117
7144
7230
7858
8246
7779
6807
6637
6769
6788
6393
5425
4362
3432
3028
2503
1235
-389
-1463
-1550
-1784
-2649
-4109
-5225
-4896
-4745
-5948
-7313
-7328
-6708
-7222
-8196
-8361
-7771
-7582
-7709
-7189
-6943
-7124
-6691
-5563
-5054
-5549
-5339
-4082
-2767
-2133
-1878
-1025
101
901
1662
2968
4032
3955
3916
5008
6551
6722
5627
5605
7317
8646
7839
6697
7127
8034
8135
7416
6819
6821
6993
6736
5884
5086
4215
3242
2788
2459
1332
-516
-1594
-1253
-1171
-2880
-4996
-5048
-4133
-4779
-6356
-7017
-6790
-6885
-7450
-7839
-7888
-7853
-7720
-7270
-7062
-7390
-7435
-6569
-5409
-5205
-5457
-4837
-3514
-2311
-1952
-1825
-926
187
1234
2318
3170
3705
3811
4110
5231
6339
6195
5257
5775
7790
8430
7189
6453
7094
8016
8061
7133
6606
6882
7030
6616
5576
4429
3700
3380
2858
1808
779
-354
-1358
-1575
-1843
-3181
-4671
-4718
-4156
-4722
-6221
-6897
-6343
-6545
-7641
-8005
-7585
-7332
-7496
-7303
-6929
-6983
-6989
-6380
-5495
-5241
-5139
-4341
-3144
-2268
-2106
-1597
-523
362
1463
2465
3248
3763
3662
4183
5434
6018
5599
5381
6615
7858
7522
6781
6730
7123
7700
7667
6815
6510
6744
6788
6256
5119
4233
3510
3131
2855
1515
-95
-1064
-1035
-1098
-2681
-4436
-4558
-3731
-4277
-5915
-6627
-6414
-6236
-6840
-7703
-7779
-7177
-6737
-6890
-7126
-7256
-7001
-6322
-5539
-5121
-5183
-4703
-3659
-2681
-2179
-1894
-1082
-49
1278
2235
2751
3313
3420
4009
5154
5988
5669
4983
5955
7312
7491
6749
6248
6880
7452
7320
6678
6267
6499
6854
6610
5371
4256
3747
3381
2863
1848
495
-710
-1070
-905
-1690
-3547
-4697
-4021
-3651
-5045
-6413
-6480
-6047
-6349
-7234
-7592
-7164
-6936
-7100
-6954
-6826
-6792
-6437
-5746
-5187
-5155
-4933
-4148
-3080
-2415
-1912
-1150
-585
625
2013
2778
3290
3194
3561
4725
5677
5712
4900
5307
6845
7431
6948
6270
6405
7223
7444
6874
6254
6204
6616
6616
5798
4716
3814
3423
3141
2014
486
-563
-756
-690
-1631
-3127
-4006
-3902
-3898
-5022
-6046
-6323
-6221
-6270
-6899
-7345
-7132
-6712
-6854
-7080
-6762
-6475
-6243
-5904
-5349
-4952
-4809
-4299
-3401
-2344
-1595
-965
-222
482
1429
2584
3373
3035
3026
4585
5960
5635
4439
4976
6738
7174
6511
6063
6416
6841
7063
7007
6295
6072
6424
6370
5836
4961
3880
3200
3061
2281
807
-586
-1166
-713
-1184
-2925
-4119
-3986
-3876
-4822
-5698
-6086
-5989
-5960
-6636
-7060
-6982
-6690
-6683
-6837
-6676
-6542
-6124
-5591
-5251
-5098
-4853
-4171
-3278
-2385
-1879
-1157
-170
380
1224
2346
3111
3179
3269
4288
5385
5654
5007
4830
6150
7088
6537
5973
6095
6462
6893
6705
6102
6125
6352
6271
5632
4796
4047
3143
2938
2469
917
-213
-760
-931
-1611
-2968
-3632
-3517
-3599
-4783
-5684
-5624
-5880
-6363
-6773
-6880
-6632
-6428
-6620
-6707
-6403
-6253
-5968
-5603
-5108
-4935
-4871
-3965
-3123
-2543
-2147
-1316
-134
330
1183
2476
3140
3003
3245
4449
5177
4970
4510
5274
6627
6636
6132
6152
6545
6607
6433
6408
6195
6125
6199
6145
5618
4616
3843
3242
2666
1909
842
-243
-793
-634
-1329
-3116
-4062
-3694
-3529
-4721
-5891
-5716
-5486
-6289
-7069
-6898
-6613
-6575
-6354
-6173
-6310
-6469
-5988
-5291
-5146
-5059
-4525
-3563
-2787
-2515
-1984
-1200
-350
648
1537
2408
2896
3096
3812
4700
5072
4669
4666
5756
6425
6419
6245
5970
6210
6641
6537
6086
6033
6344
6319
5873
5171
4686
3955
3036
2698
1876
343
-744
-532
-421
-1999
-3331
-3369
-3099
-3972
-5454
-5677
-5494
-5728
-6494
-6998
-6750
-6544
-6303
-6441
-6533
-6411
-6191
-5572
-5401
-5280
-4982
-4420
-3538
-2974
-2576
-2054
-864
208
776
1720
2651
3071
3067
3687
4729
5129
4721
4320
5591
6944
6502
5734
5973
6689
6619
6258
6100
6263
6496
5969
5467
4990
4313
3560
3161
2962
1607
140
-600
-526
-699
-2445
-3610
-3452
-3119
-4000
-5519
-5663
-5503
-5698
-6436
-7079
-6718
-6199
-6166
-6742
-6648
-6193
-5909
-5520
-5245
-4750
-4734
-4366
-3434
-2595
-1984
-1938
-707
676
1333
2172
2468
2849
3226
3994
5018
4958
4770
5186
6180
6546
5837
5460
5759
6374
6531
6163
5964
6159
6260
5794
5152
4537
3954
3627
3217
1961
655
83
-382
-894
-1896
-3042
-3350
-3222
-3679
-4768
-5292
-5465
-5695
-6011
-6743
-7030
-6534
-6028
-6257
-6416
-6143
-5976
-5544
-5335
-5213
-4862
-4340
-3457
-2593
-2099
-2184
-1503
-159
741
1704
2546
2975
3073
3837
4836
4975
4626
4472
5685
6582
6042
5519
5585
6446
6727
6156
5667
5661
6284
6242
5411
4672
4154
3765
3352
2387
1105
327
-136
-501
-1274
-2447
-3228
-3380
-3311
-4071
-5107
-5499
-5518
-5623
-6283
-6857
-6785
-6261
-6164
-6348
-6165
-6290
-6101
-5417
-4887
-4700
-4686
-4000
-2980
-2078
-1985
-2023
-1002
13
1368
2632
2791
2602
3022
4431
5183
4659
4125
4997
6726
6843
5684
5226
6080
6634
6244
5971
5699
5876
6217
5999
5295
4217
3607
3478
3047
1798
380
-152
-386
-1053
-2025
-2899
-3288
-3391
-3922
-4842
-5399
-5438
-5570
-6075
-6435
-6394
-6207
-6497
-6764
-6303
-6033
-6117
-5903
-5123
-4540
-4611
-4401
-3624
-2530
-1959
-1708
-946
-154
892
2140
2824
2732
2840
4080
5151
4918
4296
4837
6285
6671
5976
5694
6016
6371
6401
6008
5783
6134
6281
5771
5283
4557
3541
3330
3166
2085
733
-162
-421
-782
-1803
-2951
-3372
-3258
-3797
-4652
-5223
-5698
-5727
-5929
-6422
-6581
-6391
-6245
-6398
-6190
-6198
-6312
-5906
-5304
-4581
-4431
-4324
-3854
-2915
-1918
-1520
-961
-432
774
2267
2797
2676
2422
3576
4908
4995
4646
4683
6091
6839
6110
5725
5817
6257
6556
6399
6090
5872
5944
5924
5553
4858
3870
3335
3259
2347
1030
130
-518
-860
-1425
-2408
-3316
-3742
-4087
-4671
-5128
-5640
-5945
-6137
-6397
-6502
-6560
-6671
-6842
-6271
-5817
-6202
-6293
-5714
-4783
-4547
-4575
-3939
-3004
-2258
-1965
-1248
-350
484
1832
2808
2911
2889
3785
4865
5013
4751
4936
6051
6676
6303
6169
6259
6518
6546
6285
6043
5960
6186
5776
5221
4831
4154
3850
3187
2059
1307
693
-207
-1145
-1389
-1876
-2945
-3579
-4057
-4515
-5030
-5613
-5888
-6119
-6527
-6619
-6220
-6650
-7351
-6766
-6041
-6050
-6244
-5691
-4786
-4468
-4435
-4201
-3158
-2246
-1901
-1119
-478
400
1917
2631
2329
2687
4166
5046
4813
4400
4839
6197
6574
5820
5763
6383
6458
6229
6346
6204
5985
6220
6035
5365
4723
4085
3844
3297
2086
1151
529
-307
-1287
-1680
-2114
-2880
-3257
-3858
-4505
-4976
-5456
-5747
-6179
-6658
-6882
-6582
-6684
-7107
-6628
-6191
-6080
-6024
-5767
-5073
-4500
-4143
-3950
-3171
-2270
-1641
-845
-545
564
2182
2497
2389
3222
4679
4853
4363
4630
5544
6442
5981
5538
6206
6668
6367
6287
6688
6185
5997
6253
5690
5252
4639
4198
3980
3074
1913
1013
762
-89
-1237
-1752
-2659
-3203
-3404
-4028
-4695
-5103
-5259
-5785
-6395
-6867
-6695
-6276
-6915
-7171
-6602
-6305
-6525
-6241
-5194
-4904
-4739
-4340
-3637
-2752
-2731
-1982
-788
-30
1066
2084
2528
2504
3387
4748
4827
4278
4578
6038
6795
5931
5242
5961
6769
6269
6084
6261
6127
6577
6397
5526
5007
4304
3967
3840
2917
1614
747
358
-265
-1043
-2002
-2990
-3120
-2995
-3858
-5023
-5397
-5361
-5576
-6295
-6978
-6827
-6463
-6571
-6685
-6469
-6387
-6306
-5649
-5156
-4947
-4514
-3931
-3259
-2779
-2153
-1431
-780
442
1629
2201
2257
2811
4239
4614
4101
4139
4942
6111
6106
5433
5529
6088
6537
6430
6256
5989
5937
6390
5895
5232
4783
4079
3866
3283
2390
1567
757
-3
-818
-1134
-1900
-2899
-3147
-3472
-4082
-4919
-5533
-5813
-6047
-6270
-6508
-6488
-6772
-6792
-6186
-6082
-6379
-6293
-5495
-4978
-4710
-4084
-3636
-2962
-2271
-1585
-860
-266
984
2016
2281
2284
2987
4220
4309
3904
4141
5354
6286
5694
5393
5764
6116
6186
6035
6140
6056
6205
6119
5515
5125
4609
4192
3492
2510
1911
1381
548
-706
-1040
-1340
-2562
-3201
-3466
-3746
-4384
-5051
-5268
-5786
-6090
-6242
-6076
-6216
-6795
-6449
-6111
-6183
-6415
-5950
-5105
-4920
-4499
-3933
-3200
-2724
-2204
-1078
-537
388
1547
2020
1784
2343
4271
4551
3693
3811
5005
6366
6021
5346
5680
6335
6602
6158
5913
5725
5886
6313
5988
5148
4518
4430
4070
3034
2078
1302
807
-107
-840
-1267
-2383
-3028
-3302
-3659
-4237
-4997
-5196
-5598
-6092
-6312
-6261
-6334
-6867
-6407
-6026
-6384
-6599
-6113
-5013
-4734
-4635
-4111
-3331
-2625
-2476
-1853
-1091
-24
1595
2402
2109
2148
3947
5057
4259
3557
4195
5969
6498
5719
5432
5856
6514
6384
6028
5674
5640
6340
6173
5228
4457
4324
4027
2913
2204
1676
963
-134
-839
-718
-1860
-3205
-3456
-3335
-3790
-5048
-5244
-5257
-5915
-6371
-6348
-6075
-6620
-6590
-5897
-5980
-6398
-6263
-5147
-4594
-4778
-4648
-3838
-2662
-2192
-1862
-1422
-318
1511
2395
2127
1997
3655
4948
4076
3429
4094
5647
6086
5496
5550
5723
6027
6074
6043
6036
5797
5852
5802
5599
4845
4200
3952
3153
2464
1694
983
-100
-899
-565
-1556
-2803
-3269
-3539
-3708
-4696
-5084
-5238
-5632
-5857
-6035
-5864
-6563
-6601
-5638
-5689
-6172
-6059
-5016
-4619
-4795
-4394
-3663
-2792
-2403
-1744
-1105
-364
1202
2176
2165
1762
3076
4781
4192
3486
3923
5529
6147
5074
5060
5575
5858
5770
5612
5671
5469
5631
5640
5316
4793
4223
3853
3068
2392
1712
890
-125
-752
-473
-1587
-3122
-3321
-3249
-3663
-4736
-5033
-4992
-5427
-5705
-5928
-5988
-6388
-6335
-5571
-5593
-6074
-5752
-4635
-4293
-4512
-4042
-3297
-2664
-1962
-1255
-884
-166
1226
2327
2121
1758
3389
4751
4130
3415
4033
5629
5631
4786
5074
5424
5675
5581
5471
5608
5328
5345
5392
4913
4384
4110
3725
2875
2109
1467
639
-521
-1069
-769
-1559
-3020
-3582
-3389
-3651
-4572
-4810
-4871
-5373
-5697
-5604
-5809
-6648
-6435
-5365
-5218
-5858
-5734
-4484
-3968
-4308
-4139
-3204
-2332
-1930
-1084
-466
-18
1257
2216
2264
2315
3672
4882
4131
3404
4162
5540
5592
4634
4879
5711
5812
5300
5052
5232
5445
5490
5068
4752
4394
3891
3418
2562
1866
1327
681
-422
-1322
-1297
-2003
-3045
-3448
-3660
-4111
-4876
-4846
-4849
-5581
-5965
-5640
-5298
-5999
-6214
-5314
-5097
-5579
-5521
-4414
-3794
-4061
-3730
-2776
-2105
-1769
-1102
-255
765
1909
2326
2062
2603
4270
4639
3673
3529
4649
5868
5422
4598
4839
5457
5803
5259
4990
5238
5310
5248
4620
4192
3920
3496
3012
2058
1461
854
-63
-765
-1175
-1380
-2405
-3236
-3278
-3570
-4204
-5054
-5132
-5078
-5655
-5878
-5450
-5257
-5960
-5897
-5174
-5142
-5285
-4929
-3837
-3299
-3549
-3495
-2680
-1697
-1350
-988
-178
1171
2253
2383
2211
2837
4515
4763
3769
3872
5044
6002
5259
4481
4864
5499
5824
5142
4873
5287
5318
4882
4212
3935
3471
2985
2485
1620
1088
500
-494
-1515
-1526
-1594
-2871
-3633
-3714
-3536
-4036
-5142
-5439
-5504
-5609
-5859
-5581
-5355
-5926
-5382
-4652
-4963
-5305
-4714
-3562
-3163
-3203
-2965
-2132
-1318
-969
-603
305
1766
2351
2427
2859
3726
4820
4471
3830
4444
5528
5993
5231
4761
5131
5531
5472
4810
4565
5197
5610
4726
3798
3659
3386
2920
2053
1214
599
-250
-992
-1678
-1954
-2496
-3460
-3700
-3906
-4441
-4913
-5069
-5380
-5882
-5797
-5553
-5449
-5735
-5790
-5207
-5004
-5115
-4819
-3929
-3354
-3117
-2679
-2315
-1771
-990
-412
-65
1076
2493
2588
2480
3353
4642
4989
4095
3871
5038
6120
5741
4762
4908
5445
5516
5352
4746
4614
5314
5231
4330
3635
3247
2989
2372
1569
888
83
-636
-1393
-1847
-2203
-3252
-3831
-4063
-4474
-4645
-4942
-5230
-5776
-6084
-5776
-5759
-6055
-6259
-5596
-4889
-5079
-5105
-4508
-3640
-3163
-2983
-2607
-2014
-1067
-287
59
771
2065
2851
2799
3113
4340
5269
4684
3970
4882
6277
6197
5138
4986
5669
6053
5764
5060
4738
5192
5442
4717
4025
3649
3062
2523
1678
631
-211
-1029
-1424
-1492
-2118
-3578
-4290
-3777
-4053
-5171
-5663
-5432
-5465
-6187
-6621
-6297
-5878
-5989
-5887
-5216
-5150
-5404
-4723
-3683
-3338
-3220
-2701
-1986
-1288
-490
-8
765
2198
3098
3058
3054
4259
5523
5211
4309
4517
6085
6751
5702
5081
5379
6117
6150
5423
4967
5087
5462
4938
4037
3545
3039
2668
1902
947
220
-879
-1769
-1965
-1864
-2967
-4407
-4443
-4299
-4958
-5937
-6089
-5664
-6116
-6595
-6316
-5937
-6415
-6601
-5331
-4892
-5309
-5016
-3920
-3042
-3139
-3148
-2584
-1689
-592
47
796
1925
2864
3194
3332
4244
5399
5678
5143
5101
6034
6751
6173
5367
5626
6249
6311
5818
5165
5280
5619
5164
4234
3534
3101
2412
1948
1502
465
-843
-1745
-1904
-2129
-3312
-4630
-4698
-4311
-5064
-6100
-6389
-6168
-6306
-6705
-6493
-6221
-6141
-6192
-5731
-5220
-5539
-5269
-4222
-3442
-3224
-3017
-2288
-1690
-807
-12
716
2075
2863
3057
3378
4662
5879
5607
4901
5027
6465
7149
6131
5568
5757
6356
6318
5685
5233
5132
5763
5336
4245
3690
3138
2700
1778
1017
573
-645
-1831
-2356
-2201
-3104
-4592
-4887
-4789
-5164
-6114
-6388
-6178
-6574
-6675
-6459
-6391
-6789
-6703
-5520
-5167
-5521
-5398
-4280
-3294
-3285
-2939
-1997
-1229
-657
-2
1138
2333
3044
3199
3646
4936
5899
5687
5052
5291
6507
7347
6531
5513
5742
6468
6491
5762
5115
5436
6074
5616
4380
3792
3380
2640
1860
1007
227
-886
-1944
-2438
-2525
-3489
-4940
-5079
-4846
-5510
-6287
-6620
-6579
-7012
-7315
-6946
-6666
-6948
-7080
-5929
-5336
-5756
-5536
-4506
-3588
-3373
-3068
-2155
-1260
-538
-36
1188
2666
3227
3216
3877
5590
6344
5936
5397
5711
6940
7250
6687
6231
6154
6795
6872
6454
5653
5409
6159
5774
4762
3895
3219
2746
1871
1130
247
-1211
-2260
-2381
-2268
-3708
-5259
-5338
-5031
-5645
-6864
-7104
-6900
-7162
-7343
-7291
-7103
-7293
-6970
-6046
-6058
-6234
-5579
-4244
-3497
-3539
-3226
-2334
-1376
-566
110
1280
2571
3281
3522
4247
5686
6621
6217
5558
6198
7266
7395
6771
6331
6554
7257
7299
6469
5738
6123
6527
5743
4746
4054
3509
2882
1833
955
52
-1402
-2357
-2421
-2827
-4408
-5352
-5143
-5388
-6377
-7177
-7255
-7248
-7627
-7667
-7342
-7287
-7538
-7092
-6243
-6415
-6585
-5680
-4536
-4057
-3728
-2937
-2191
-1486
-614
406
1741
2654
3218
3743
4799
6048
6286
6019
6066
6916
7811
7458
6992
6924
7124
7416
7175
6808
6388
6585
6563
5581
4882
4207
3492
2864
1780
1073
185
-1197
-2382
-2594
-2842
-4477
-5577
-5537
-5475
-6253
-7557
-7741
-7500
-7705
-7891
-7862
-7601
-7754
-7154
-6392
-6606
-6705
-5825
-4457
-4176
-4248
-3269
-2175
-1396
-874
183
2034
2975
2938
3496
5240
6350
6131
5754
6139
7270
8030
7718
7133
7040
7623
7955
7492
6637
6414
6939
6599
5548
4770
4285
3691
2854
2126
1176
-339
-1480
-1624
-1923
-3691
-5233
-5163
-5060
-6082
-7207
-7411
-7320
-7829
-8304
-7970
-7776
-8212
-8129
-7179
-6662
-6938
-6699
-5493
-4556
-4389
-4129
-3253
-2204
-1074
-260
497
2009
3124
3209
3597
5192
6566
6303
5720
6476
7854
8034
7159
6954
7514
7895
7669
7416
7087
6945
7222
6643
5809
5125
4396
3780
2762
1920
1043
-334
-1626
-2254
-2257
-3563
-5234
-5511
-5549
-6192
-7357
-7651
-7472
-8044
-8313
-8057
-8032
-8582
-8444
-7092
-6535
-7026
-6885
-5480
-4428
-4561
-4352
-3287
-2132
-1400
-527
1038
2237
2676
2958
4142
5848
6266
5976
6065
6785
7997
8145
7248
7053
7739
8269
8083
7400
6897
7315
7504
6661
5890
5437
4665
3674
3066
2133
506
-954
-1570
-1373
-2287
-4458
-5487
-5214
-5332
-6621
-7537
-7477
-7679
-8104
-8363
-8210
-8148
-8498
-8039
-7358
-7350
-7363
-6815
-5608
-4941
-4868
-4302
-3326
-2076
-1266
-396
1295
2532
2808
2921
4413
6167
6063
5424
5752
7313
8514
7782
7086
7379
8184
8543
7775
7088
7356
8152
7779
6374
5803
5440
4459
3533
3010
2284
674
-879
-1397
-1190
-2696
-4992
-5105
-4742
-5768
-7201
-7577
-7304
-7861
-8329
-8373
-8173
-8405
-8794
-7752
-7252
-7670
-7485
-6515
-5581
-5392
-4950
-4076
-3237
-2094
-1308
-162
1316
2162
2400
3173
5085
6343
6133
5561
6281
8002
8369
7304
6698
7384
8417
8276
7674
7182
7537
8142
7305
6286
5869
5355
4551
3672
3019
1878
235
-1032
-1108
-1246
-3240
-4816
-4795
-4718
-5899
-7463
-7531
-7256
-7838
-8511
-8304
-7828
-8422
-8554
-7706
-7239
-7591
-7580
-6338
-5344
-5204
-4974
-4021
-2698
-1856
-1193
-45
1388
2139
2373
3606
5444
6215
5604
5392
6410
7659
7756
7006
7029
8081
8536
7987
7269
7035
7610
7989
7157
6337
5890
5175
4285
3412
2728
1413
-63
-947
-1072
-1734
-3819
-5000
-4644
-4850
-5965
-7202
-7339
-7252
-7742
-8121
-8142
-8049
-8451
-8158
-7315
-7328
-7456
-6912
-5946
-5247
-5072
-4704
-3724
-2344
-1706
-919
622
1701
2011
2499
4196
5673
5655
5199
5551
7038
7801
7191
6805
6992
7750
8203
7776
7003
7141
7953
7380
6223
6066
5732
4684
3721
3314
2460
681
-703
-698
-468
-2268
-4344
-4524
-4373
-5471
-6705
-6802
-6803
-7380
-7766
-7817
-7572
-7916
-8261
-7634
-7245
-7464
-7318
-6417
-5616
-5136
-4717
-4352
-3499
-2329
-1471
-232
1028
1669
1947
2992
4722
5482
5044
4654
5860
7585
7403
6537
6593
7238
7972
7949
7288
6861
7501
7983
7015
6030
5782
5291
4431
3671
2849
1909
643
-589
-570
-982
-2971
-4320
-4295
-4433
-5603
-6402
-6564
-7051
-7496
-7836
-7722
-7546
-8106
-7924
-7140
-7014
-7302
-7052
-6170
-5479
-5025
-4577
-4026
-2994
-2100
-1317
140
1159
1454
2260
3825
5133
5215
4505
4769
6258
7499
7175
6450
6754
7537
7972
7596
6774
6867
7776
7644
6557
5958
5708
5088
4298
3536
2791
1357
-159
-674
-529
-1684
-3944
-4473
-4067
-4829
-6029
-6699
-6653
-6851
-7522
-7797
-7754
-7756
-7981
-7462
-6911
-7214
-7144
-6416
-5718
-5340
-5056
-4381
-3493
-2471
-1857
-838
897
1628
1631
2224
4182
5619
5033
4508
5363
7013
7590
6594
6175
6677
7684
7953
7176
6622
6908
7759
7219
5933
5791
5708
4744
3431
2931
2603
1083
-593
-882
-442
-1873
-4059
-4535
-4280
-4946
-6179
-6502
-6594
-7144
-7440
-7395
-7292
-7933
-7992
-7126
-6976
-7241
-7119
-6101
-5247
-4987
-4534
-4068
-3205
-2297
-1552
-203
1010
1628
1791
2760
4487
5143
4678
4381
5530
7135
7236
6439
6060
6730
7621
7602
7043
6542
7031
7606
6968
5997
5507
5126
4457
3688
3055
1953
335
-759
-752
-1089
-2959
-4363
-4056
-4008
-5269
-6489
-6782
-6696
-7228
-7733
-7522
-7351
-7650
-7546
-6905
-6893
-7203
-6545
-5535
-4984
-4767
-4460
-3747
-2855
-2024
-1278
197
1534
1777
2169
3610
5133
5337
4601
4748
6126
7276
6902
6279
6668
7259
7566
7417
6856
6523
7151
7285
6376
5823
5465
4690
3722
3034
2719
1594
-198
-1114
-787
-1283
-3604
-4785
-4299
-4441
-5520
-6415
-6672
-6893
-7452
-7598
-7363
-7692
-8068
-7275
-6425
-6853
-7278
-6430
-5410
-5085
-4860
-4303
-3453
-2639
-1898
-815
565
1385
1790
2551
3951
5204
5284
4656
4957
6481
7516
6995
6259
6554
7397
7672
7319
6721
6824
7695
7520
6581
5868
5191
4496
3781
3101
2282
922
-362
-719
-564
-2027
-4162
-4451
-4117
-4922
-6175
-6825
-6668
-6761
-7467
-7887
-7767
-7786
-7885
-7154
-6681
-7000
-6908
-6189
-5468
-5043
-4814
-4222
-3174
-2139
-1485
-251
1092
1493
1619
2486
4545
5588
4926
4642
5623
7203
7181
6148
6339
7002
7667
7670
7151
6841
7065
7540
6978
6153
5821
5389
4511
3377
2809
2103
376
-1205
-996
-430
-2467
-4592
-4541
-4097
-5066
-6697
-6858
-6591
-6991
-7457
-7459
-7423
-8235
-7954
-6717
-6867
-7417
-6887
-5538
-4980
-5159
-4780
-4052
-3056
-2078
-1226
317
1313
1491
1828
3039
4970
5380
4650
4771
6023
7336
6997
6216
6347
7050
7781
7516
6868
6890
7531
7579
6665
6042
5670
4937
4233
3606
2908
1700
-5
-932
-569
-1014
-3127
-4518
-4360
-4353
-5322
-6425
-6850
-6931
-7206
-7629
-7597
-7679
-8244
-7590
-6612
-6888
-7341
-6704
-5405
-4855
-4933
-4616
-3744
-2652
-2103
-1401
252
1387
1522
1993
3769
5428
5303
4555
4898
6355
7326
6759
6136
6519
7414
7842
7483
6772
6673
7716
7825
6570
5774
5415
4900
4068
3221
2432
978
-349
-674
-627
-1748
-3792
-4155
-3653
-4612
-6116
-6824
-6595
-6757
-7590
-7655
-7244
-7392
-7854
-7460
-6847
-7118
-7162
-6443
-5575
-5115
-4851
-4128
-3253
-2546
-2034
-898
794
1437
1389
2244
4229
5504
4905
4289
5225
6905
7296
6391
6261
7047
7588
7537
7074
6573
6942
7662
7161
6327
5985
5429
4530
3534
2979
2301
858
-669
-912
-379
-2012
-4348
-4506
-4083
-4692
-6002
-6564
-6394
-6800
-7377
-7588
-7521
-7963
-8078
-6886
-6430
-7093
-7085
-6012
-5019
-4896
-4714
-3901
-2861
-2105
-1600
-275
1327
1870
1790
2728
4596
5363
4827
4404
5250
6867
7198
6335
5803
6521
7656
7693
6876
6148
6734
7505
6695
5761
5378
5019
4436
3701
3092
1800
131
-638
-380
-950
-3150
-4403
-3998
-4156
-5439
-6506
-6494
-6323
-6915
-7586
-7394
-7120
-7631
-7605
-6859
-6686
-6878
-6569
-5671
-4781
-4591
-4531
-3871
-2741
-1819
-1145
189
1348
1438
1715
3188
4922
5198
4457
4666
6006
7254
6828
5830
6078
6905
7431
7349
6740
6517
7283
7604
6600
5645
5273
4792
3966
3150
2663
1864
174
-1238
-812
-1052
-3352
-4724
-4386
-4223
-5246
-6354
-6619
-6782
-7076
-7130
-6918
-7299
-7959
-7174
-6187
-6522
-7020
-6382
-5254
-4854
-4802
-4266
-3390
-2520
-1840
-833
491
1322
1610
1983
3464
4944
4990
4529
4719
6116
7392
6840
5894
5835
6815
7631
7095
6277
6310
7273
7507
6468
5617
5030
4466
3993
3178
2179
832
-365
-591
-641
-2010
-3850
-4300
-3973
-4521
-5710
-6349
-6251
-6458
-7237
-7386
-7073
-7378
-7690
-6978
-6273
-6439
-6767
-6283
-5217
-4609
-4541
-4180
-3314
-2304
-1544
-572
718
1510
1691
2261
4090
5397
4851
4237
5036
6668
7103
6243
5945
6417
7239
7434
6875
6262
6340
7272
7118
6101
5583
5095
4348
3238
2633
2270
829
-876
-1098
-281
-1599
-4233
-4948
-4406
-4543
-5717
-6419
-6369
-6701
-7067
-6941
-6996
-7936
-7900
-6252
-5718
-6692
-7054
-5785
-4651
-4747
-4567
-3615
-2666
-2047
-1361
-95
1033
1349
1646
2816
4366
4979
4648
4496
5219
6569
7043
6250
5668
6084
7245
7681
6836
6020
6529
7380
6613
5631
5316
4692
4163
3514
2563
1342
-112
-875
-849
-1244
-2913
-4081
-3985
-4424
-5321
-5908
-6144
-6418
-7041
-7142
-6766
-6806
-7448
-7289
-6230
-6120
-6511
-6261
-5397
-4545
-4218
-3898
-3378
-2631
-1856
-1072
326
1542
1870
1953
3163
4944
5230
4438
4368
5626
7052
6788
5742
5684
6381
7055
7082
6388
5830
6498
7134
6414
5513
5036
4506
3684
2839
2463
1484
-411
-1604
-1133
-1115
-3224
-4811
-4620
-4404
-5112
-6237
-6604
-6652
-7061
-6995
-6692
-6969
-7592
-6966
-5714
-5909
-6484
-6025
-4946
-4215
-4183
-3797
-3039
-2371
-1548
-573
688
1591
1948
2480
3794
5074
5086
4547
4694
6012
7350
6931
5889
5769
6551
7289
7008
6041
5735
6771
7103
6017
5099
4535
3993
3303
2601
1872
629
-736
-1407
-1138
-1909
-3948
-4659
-4379
-4616
-5530
-6283
-6320
-6736
-7318
-7187
-6821
-7067
-7521
-6715
-5766
-5998
-6380
-5761
-4495
-3980
-3939
-3523
-2758
-1772
-1080
-122
1189
1829
1863
2464
4371
5634
5116
4371
4757
6499
7400
6491
5717
6016
7057
7379
6514
5622
5934
7117
6829
5625
5093
4605
3763
2775
2312
1753
110
-1546
-1560
-797
-2170
-4585
-5182
-4614
-4802
-5955
-6673
-6764
-6864
-6984
-6823
-6820
-7653
-7514
-6163
-5714
-6169
-6289
-5240
-4219
-4076
-3918
-3476
-2444
-1334
-422
820
1701
1894
2033
3322
5071
5345
4806
4720
5588
6986
7119
6046
5505
6168
7246
7439
6397
5472
6205
7133
6229
5028
4607
4033
3324
2799
2230
887
-839
-1550
-1120
-1571
-3564
-4634
-4280
-4428
-5458
-6209
-6205
-6437
-7011
-7141
-6793
-6870
-7394
-6808
-5800
-5742
-6040
-5691
-4741
-4140
-3861
-3575
-3128
-2168
-1237
-225
1105
1912
2019
2425
4104
5480
5062
4226
4587
6243
7203
6308
5439
5777
6693
7053
6579
5782
5656
6705
6745
5498
4921
4647
3752
2648
2286
1967
339
-1660
-1923
-890
-1950
-4545
-5150
-4338
-4498
-5682
-6407
-6541
-6782
-6918
-6701
-6555
-7083
-7216
-6131
-5520
-5923
-5901
-5042
-4164
-3630
-3104
-2833
-2549
-1678
-657
600
1771
2142
2164
3161
5097
5703
4806
4282
5174
6972
7447
6176
5150
5728
6941
7090
6106
5139
5809
6826
6007
4792
4471
4151
3105
2213
1840
859
-680
-1816
-1614
-1489
-3320
-4895
-4892
-4728
-5234
-5945
-6175
-6578
-7015
-6941
-6662
-6622
-7133
-6852
-5760
-5441
-5659
-5526
-4812
-3986
-3332
-2993
-2784
-1934
-872
109
1259
1908
1869
2356
4143
5575
5329
4505
4741
6191
7039
6423
5558
5594
6363
6819
6579
5707
5429
6330
6504
5614
4874
4426
3564
2539
2288
1647
-108
-1795
-1980
-1107
-2092
-4237
-4835
-4500
-4792
-5875
-6529
-6707
-6765
-6591
-6724
-6636
-6675
-6851
-6219
-5644
-5459
-5235
-4745
-4060
-3492
-2979
-2866
-2464
-1433
-567
806
2166
2323
1982
2806
4940
5901
4875
4028
5239
7259
7157
5592
4872
5532
6632
6870
6104
5172
5627
6553
5910
4720
4188
3867
2981
2099
1730
775
-911
-2175
-1731
-1245
-3126
-5044
-5029
-4588
-5098
-6083
-6541
-6616
-6593
-6667
-6657
-6560
-6824
-6389
-5349
-5092
-5180
-4823
-4183
-3635
-3117
-2822
-2684
-1946
-1066
-68
1440
2234
2044
2305
4036
5692
5461
4283
4199
5886
7229
6574
5283
4946
5979
6888
6472
5293
4949
6112
6451
5368
4335
3789
3336
2588
2061
1292
-98
-1545
-2035
-1463
-2292
-4256
-5033
-4698
-4643
-5374
-6018
-6387
-6424
-6346
-6554
-6549
-6546
-6362
-5682
-5161
-5102
-4999
-4502
-4040
-3426
-2687
-2384
-2033
-1335
-562
668
2058
2225
1868
2964
5034
5880
4738
3707
4754
6723
7128
5730
4733
5439
6654
6696
5535
4714
5515
6440
5761
4586
4092
3633
2554
1889
1538
410
-1018
-1970
-1677
-1671
-3434
-5011
-5183
-4779
-5116
-5892
-6338
-6454
-6121
-6199
-6595
-6678
-6494
-5884
-5290
-5061
-5029
-4574
-3916
-3518
-3013
-2676
-2329
-1568
-769
227
1731
2564
2139
2360
4150
5703
5374
4196
4516
6320
7350
6358
4956
4977
6098
6744
6110
5054
4932
5723
5829
4925
4197
3830
3059
2299
1865
961
-545
-2015
-2077
-1446
-2580
-4507
-5166
-4714
-4827
-5615
-6094
-6469
-6482
-6295
-6222
-6333
-6612
-6254
-5411
-4971
-5085
-4907
-4128
-3567
-3135
-2680
-2405
-1871
-1074
-355
970
2492
2598
2123
3140
5106
5784
4726
3878
4966
6994
7137
5468
4630
5415
6565
6433
5178
4641
5473
6064
5271
4309
3972
3479
2671
2067
1362
98
-1350
-2144
-1994
-2219
-3603
-4757
-4736
-4573
-5180
-5940
-6425
-6527
-6254
-6139
-6150
-6244
-6227
-5776
-5262
-4982
-4973
-4452
-3587
-3179
-2699
-2409
-2059
-1174
-616
161
1656
2569
2179
2265
4104
5629
5350
4209
4311
6113
7159
6219
4904
4862
5914
6459
5841
4939
5003
5805
5536
4367
3881
3539
2686
2137
1732
709
-894
-2001
-1809
-1565
-2856
-4633
-4919
-4497
-4938
-5668
-6182
-6290
-6058
-5929
-5983
-6193
-6160
-5847
-5301
-4910
-4988
-4678
-3930
-3341
-2879
-2387
-2045
-1493
-631
-66
1071
2431
2523
2150
3197
5216
5889
4729
3864
4992
6734
6627
5238
4656
5534
6492
6183
4991
4526
5502
5909
4994
4077
3657
3096
2190
1515
843
-339
-1594
-2170
-1867
-2326
-3828
-4770
-4836
-4868
-5319
-5785
-6241
-6385
-6056
-5944
-6042
-6159
-6225
-5694
-4997
-4833
-4834
-4236
-3440
-2897
-2435
-2198
-1808
-930
-325
564
2115
2756
2153
2410
4416
5807
5246
3998
4274
6211
7051
5844
4666
4896
6119
6723
5792
4533
4791
5763
5484
4436
3767
3144
2524
2231
1561
111
-1512
-2143
-1699
-1788
-3346
-4805
-4722
-4356
-4934
-5693
-6166
-6239
-6010
-5973
-6145
-6211
-6191
-5846
-5064
-4659
-4737
-4425
-3655
-2968
-2493
-2277
-2085
-1257
-435
73
1270
2302
2221
2391
4046
5510
5230
4253
4205
5624
6739
6060
5017
4972
5738
6318
5900
4748
4571
5749
5784
4354
3539
3460
2919
2040
1400
532
-880
-1931
-1890
-1723
-2927
-4518
-4710
-4394
-5000
-5753
-5977
-6138
-6296
-6210
-6014
-6051
-6215
-5959
-5263
-4796
-4870
-4563
-3613
-2980
-2597
-2270
-2010
-1389
-629
145
1283
2275
2371
2375
3729
5241
5286
4516
4240
5372
6750
6535
5357
4813
5454
6124
5800
4770
4375
5399
5830
4856
3909
3369
2966
2441
1727
601
-788
-1693
-1840
-1750
-2672
-4167
-4628
-4333
-4663
-5562
-5906
-5961
-6172
-6364
-6454
-6175
-6091
-6042
-5476
-4817
-4543
-4652
-4043
-3185
-2831
-2472
-2301
-1502
-470
144
1317
2230
2205
1954
3141
5118
5296
4556
4384
5331
6490
6185
5316
4855
5301
6110
6078
5171
4309
5098
5875
4775
3513
3217
3245
2626
1629
622
-568
-1517
-1890
-1755
-2503
-4064
-4410
-4080
-4645
-5675
-5859
-5520
-5834
-6374
-6357
-5874
-5705
-5982
-5729
-4987
-4625
-4498
-3889
-3148
-2688
-2343
-2143
-1609
-892
-211
1027
2072
2119
2068
3412
5228
5220
4272
4305
5552
6655
6184
5242
5021
5355
5855
5850
5154
4502
5124
5851
4953
3760
3197
2907
2413
1485
522
-493
-1335
-1750
-1897
-2661
-4132
-4569
-4188
-4576
-5617
-6012
-5671
-5825
-6417
-6644
-6082
-5543
-5734
-5596
-4916
-4387
-4316
-4157
-3423
-2720
-2267
-2048
-1473
-653
-184
1019
2169
1997
1938
3441
5384
5339
4138
4185
5564
6542
5949
5208
5198
5523
5988
5899
4980
4234
5020
5827
4834
3610
3235
3112
2506
1433
442
-543
-1349
-1644
-1731
-2625
-4061
-4321
-4067
-4786
-5701
-5689
-5333
-5729
-6398
-6522
-6038
-5563
-5663
-5582
-5063
-4624
-4136
-3548
-3218
-2992
-2383
-2027
-1799
-1022
-52
1324
2232
1926
1907
3398
5169
5140
4214
4280
5579
6601
5846
4734
4736
5521
6006
5680
4980
4604
5274
5595
4551
3488
3067
2841
2328
1559
560
-377
-1051
-1608
-2009
-2916
-3875
-3822
-3799
-4760
-5749
-5654
-5387
-5919
-6493
-6459
-5883
-5452
-5523
-5462
-5048
-4582
-4076
-3551
-3278
-2959
-2273
-1796
-1480
-906
-33
1265
2165
1918
1911
3531
5188
5013
3912
3903
5566
6830
6044
4673
4622
5577
5995
5540
4662
4469
5312
5440
4477
3457
3052
2925
2322
1353
248
-463
-997
-1610
-2025
-2934
-3791
-3830
-3929
-4749
-5570
-5503
-5354
-5818
-6480
-6491
-5676
-5390
-5618
-5374
-4816
-4422
-4111
-3384
-2818
-2755
-2400
-1750
-1056
-591
-66
1276
2062
1540
1749
3633
5238
4728
3577
3880
5441
6439
5650
4645
4833
5665
6008
5262
4220
4212
5323
5472
4189
3339
3307
3165
2319
1206
270
-373
-892
-1439
-1888
-2982
-3960
-3814
-3944
-4929
-5661
-5343
-4955
-5439
-6088
-6164
-5610
-5352
-5433
-4964
-4429
-4319
-3980
-3208
-2857
-2927
-2686
-2058
-1234
-672
49
1337
1845
1400
1860
3700
4834
4321
3780
4330
5696
6322
5353
4349
4568
5547
5894
5110
4223
4523
5703
5366
3753
3092
3159
2955
2101
954
2
-603
-944
-1492
-2273
-3319
-3867
-3361
-3565
-4856
-5500
-5150
-4909
-5484
-6174
-6034
-5356
-5146
-5342
-5005
-4417
-4230
-3864
-3022
-2510
-2376
-2204
-1833
-1005
-398
240
1333
1613
1330
2052
3889
4758
3946
3604
4448
5682
5987
5017
4541
5007
5461
5240
4417
3928
4530
5438
4816
3376
3062
3304
2863
1736
634
64
-293
-996
-1724
-2143
-2857
-3585
-3592
-3825
-4788
-5112
-4611
-4636
-5413
-5961
-5617
-5054
-5202
-5464
-4804
-4003
-4102
-4044
-3186
-2434
-2165
-2150
-1795
-1076
-491
355
1346
1565
1248
2156
4154
4517
3441
3304
4527
5794
5557
4556
4277
4798
5454
5339
4592
3976
4485
5461
4825
3404
2916
3000
2640
1652
628
-262
-909
-1206
-1287
-1757
-3107
-3877
-3487
-3609
-4596
-5208
-4913
-4645
-5079
-5508
-5321
-4975
-5101
-5151
-4527
-4047
-4073
-3709
-2829
-2167
-1986
-1999
-1604
-860
-170
799
1549
1317
1231
2681
4401
4230
3219
3429
4785
5820
5231
3986
3728
4534
5307
4956
3964
3762
4853
5408
4100
2795
2852
3124
2421
1231
359
-205
-759
-1404
-1794
-2339
-3220
-3517
-3394
-3856
-4671
-4708
-4536
-5044
-5511
-5412
-4784
-4581
-5027
-4851
-4003
-3501
-3576
-3286
-2602
-2095
-1711
-1701
-1539
-903
140
1368
1538
1030
1551
3327
4366
3613
2914
3496
4823
5442
4815
4117
4124
4807
5218
4588
3609
3622
4650
4847
3766
2922
2888
2638
1742
891
204
-509
-1225
-1449
-1425
-2317
-3471
-3702
-3519
-3839
-4319
-4388
-4552
-4898
-5167
-5099
-4770
-4780
-4761
-4304
-3708
-3482
-3383
-2876
-2453
-2136
-1817
-1491
-1034
-466
627
1405
1125
789
1756
3600
4030
3245
3087
3974
5029
4971
4293
3822
4093
5065
5304
4478
3511
3830
4746
4184
2960
2520
2701
2374
1401
711
160
-637
-1440
-1623
-1723
-2611
-3385
-3545
-3703
-4109
-4303
-4335
-4659
-4980
-4874
-4364
-4369
-4799
-4520
-3877
-3617
-3687
-3319
-2562
-2060
-1731
-1599
-1337
-912
-163
1081
1560
1125
1177
2617
3994
3689
3048
3309
4247
4870
4613
4139
3878
4265
4888
4782
3942
3444
4130
4603
3873
2845
2326
2097
1651
1150
499
-398
-1228
-1569
-1534
-2041
-2935
-3261
-3159
-3515
-4085
-4177
-4303
-4620
-4764
-4579
-4244
-4358
-4550
-4218
-3658
-3440
-3416
-2916
-2381
-1977
-1543
-1388
-1091
-559
272
1145
1161
819
1406
3008
3824
3209
2778
3306
4319
4723
4191
3653
3798
4514
4869
4254
3276
3255
4122
4214
3304
2608
2517
2250
1518
865
212
-567
-1227
-1436
-1405
-2074
-2925
-3082
-3106
-3473
-3967
-4045
-4030
-4331
-4529
-4404
-4101
-4180
-4302
-3871
-3374
-3157
-3105
-2829
-2390
-1886
-1417
-1206
-891
-261
717
1291
1080
1025
1867
3124
3335
2890
3006
3691
4447
4436
3929
3552
3665
4277
4530
3992
3222
3473
4176
3822
2899
2328
2099
1674
1163
722
51
-725
-1257
-1290
-1579
-2484
-3088
-3197
-3334
-3735
-4089
-4190
-4216
-4238
-4276
-4245
-4079
-3941
-3874
-3749
-3495
-2994
-2501
-2323
-2084
-1633
-1258
-1104
-928
-52
1073
1404
1161
1298
2414
3338
3088
2646
2867
3825
4417
4125
3743
3569
4015
4389
4058
3540
3264
3779
4025
3283
2437
1980
1905
1463
768
268
-206
-624
-1184
-1591
-1924
-2424
-2711
-2970
-3316
-3621
-3863
-4041
-4164
-4119
-4016
-3875
-3738
-3624
-3440
-3315
-3147
-2806
-2486
-2312
-2009
-1498
-1069
-775
-526
11
788
1122
1074
1400
2358
3078
2930
2645
2868
3514
3888
3687
3493
3525
3819
4088
3914
3437
3147
3420
3510
3053
2603
2211
1796
1260
755
379
-158
-912
-1520
-1637
-1826
-2373
-2793
-3002
-3094
-3244
-3519
-3809
-3928
-3816
-3695
-3620
-3667
-3658
-3370
-3163
-3007
-2579
-2085
-1889
-1919
-1651
-1153
-768
-420
60
866
1308
1129
1319
2072
2649
2696
2728
3024
3426
3783
3751
3441
3238
3412
3777
3791
3318
2998
3338
3353
2760
2340
2057
1759
1218
656
307
-176
-688
-1128
-1388
-1704
-2304
-2677
-2965
-3266
-3337
-3397
-3526
-3717
-3722
-3541
-3533
-3542
-3480
-3263
-2961
-2846
-2529
-2098
-1952
-1842
-1477
-998
-755
-480
-82
473
1200
1497
1585
1943
2462
2869
2993
2939
2963
3373
3644
3422
3152
3100
3369
3547
3293
2898
2940
3145
2807
2349
1941
1560
1175
635
310
-31
-548
-1100
-1433
-1500
-1963
-2514
-2795
-2979
-3051
-3168
-3290
-3565
-3772
-3646
-3539
-3424
-3326
-3146
-2693
-2455
-2431
-2223
-1954
-1729
-1387
-990
-813
-646
-246
162
687
1258
1517
1776
2186
2584
2890
2806
2611
2860
3414
3686
3408
3112
3257
3627
3583
2959
2545
2658
2821
2665
2205
1765
1384
986
632
169
-418
-953
-1272
-1410
-1731
-2247
-2640
-2829
-2915
-2966
-3023
-3267
-3535
-3496
-3321
-3267
-3420
-3440
-3043
-2589
-2346
-2245
-2161
-1968
-1520
-1053
-944
-951
-568
132
658
987
1287
1502
1658
2047
2664
2867
2692
2776
3242
3582
3286
2858
2864
3146
3387
3285
2882
2582
2666
2776
2395
1797
1473
1344
1052
479
-95
-564
-1031
-1313
-1431
-1724
-2269
-2776
-2922
-2877
-3003
-3226
-3353
-3317
-3170
-3102
-3185
-3286
-3192
-2829
-2446
-2293
-2311
-2153
-1685
-1271
-1040
-838
-556
-95
424
810
1047
1325
1693
1911
1979
2173
2597
2911
2972
3034
3166
3158
2935
2893
3067
3174
3104
2830
2623
2485
2326
2082
1699
1402
1167
946
529
-142
-718
-1121
-1215
-1321
-1743
-2172
-2501
-2605
-2759
-3097
-3253
-3195
-2995
-3030
-3259
-3288
-3178
-2852
-2573
-2533
-2484
-2354
-1975
-1536
-1258
-1036
-839
-533
-149
287
673
882
1221
1725
2080
2148
2154
2422
2774
2954
2950
2896
3027
3247
3325
3189
2880
2680
2646
2549
2321
2035
1903
1836
1552
1172
750
375
11
-440
-714
-1058
-1574
-1994
-2158
-2103
-2380
-2842
-3074
-3120
-3074
-3184
-3271
-3320
-3338
-3083
-2815
-2648
-2590
-2415
-1990
-1702
-1481
-1225
-1002
-748
-452
-37
366
664
1011
1330
1516
1694
2002
2359
2539
2661
2876
2953
2859
2812
2894
2943
2808
2599
2445
2428
2479
2408
2150
1756
1461
1386
1235
786
246
-23
-48
-278
-931
-1568
-1756
-1765
-2024
-2478
-2744
-2740
-2654
-2698
-2979
-3240
-3216
-2896
-2636
-2665
-2652
-2457
-2158
-1954
-1843
-1564
-1296
-1036
-701
-368
-19
205
516
862
1056
1317
1537
1785
2001
2183
2533
2670
2632
2645
2690
2708
2550
2537
2657
2668
2647
2403
2018
1767
1746
1874
1654
1090
653
429
222
-205
-659
-905
-1066
-1144
-1428
-1965
-2356
-2561
-2589
-2636
-2754
-2790
-2849
-2870
-2906
-2880
-2709
-2582
-2357
-2140
-1989
-1751
-1566
-1347
-1111
-830
-461
-181
129
446
798
1125
1256
1448
1673
1895
2118
2254
2415
2486
2519
2574
2620
2652
2457
2299
2354
2433
2360
1996
1735
1705
1601
1297
867
637
579
411
36
-444
-745
-902
-1138
-1417
-1658
-1872
-2082
-2307
-2471
-2585
-2700
-2688
-2566
-2448
-2403
-2469
-2464
-2361
-2169
-1856
-1552
-1254
-1023
-817
-547
-383
-292
-131
247
729
1025
1147
1255
1516
1813
2043
2194
2250
2265
2189
2202
2305
2324
2282
2196
2183
2108
1934
1854
1746
1520
1135
832
735
599
415
159
-73
-313
-682
-1035
-1346
-1478
-1550
-1759
-2033
-2297
-2365
-2430
-2604
-2635
-2455
-2180
-2114
-2153
-2063
-1995
-1968
-1904
-1650
-1311
-1071
-705
-301
-92
-2
133
472
784
992
1332
1613
1723
1764
1799
1873
1879
1978
2172
2241
2215
2120
2039
1933
1846
1878
1786
1649
1612
1576
1381
986
671
462
212
-62
-252
-342
-467
-638
-895
-1241
-1564
-1784
-1814
-1790
-1860
-1992
-2113
-2123
-2092
-2129
-2189
-2128
-1909
-1682
-1555
-1483
-1337
-1117
-953
-819
-633
-359
-61
189
407
538
653
832
1062
1252
1268
1277
1395
1566
1743
1804
1805
1792
1786
1813
1776
1662
1509
1368
1295
1281
1226
1071
861
642
449
210
-53
-232
-307
-342
-509
-794
-1118
-1346
-1377
-1340
-1364
-1529
-1674
-1674
-1648
-1647
-1682
-1647
-1565
-1521
-1411
-1259
-1047
-875
-796
-678
-567
-412
-233
-11
293
471
562
651
817
1031
1058
1033
1076
1216
1353
1321
1300
1297
1334
1447
1529
1603
1497
1289
1143
1000
908
727
562
523
463
403
167
-112
-227
-275
-255
-372
-567
-735
-951
-1076
-1225
-1373
-1421
-1412
-1281
-1269
-1340
-1309
-1263
-1212
-1265
-1261
-1086
-944
-838
-778
-656
-461
-379
-287
-113
112
274
322
491
705
791
745
714
855
930
929
1020
1133
1214
1159
1115
1126
1026
994
1051
1091
1012
758
573
454
449
579
535
323
65
-83
-124
-268
-383
-474
-613
-691
-754
-803
-871
-929
-850
-860
-988
-1042
-1046
-977
-940
-933
-831
-825
-793
-666
-566
-447
-475
-372
-58
68
100
37
117
380
440
508
524
533
629
531
562
674
775
954
923
938
912
743
718
673
708
654
403
352
365
441
482
327
228
65
-77
-95
-151
-163
-230
-273
-260
-435
-664
-817
-830
-751
-743
-757
-827
-884
-806
-682
-604
-657
-709
-626
-461
-333
-358
-324
-144
2
41
32
117
265
372
457
486
451
419
433
459
462
444
499
611
661
642
512
371
351
377
424
391
333
371
348
309
230
106
63
29
34
-38
-215
-282
-330
-361
-437
-562
-535
-444
-365
-348
-441
-577
-693
-619
-425
-296
-257
-283
-240
-204
-288
-382
-360
-177
2
105
139
129
171
199
215
271
314
382
482
556
532
421
352
397
548
610
462
305
255
302
351
309
244
231
241
154
-1
-104
-148
-110
-95
-239
-406
-412
-254
-120
-177
-317
-401
-451
-513
-536
-483
-452
-436
-328
-227
-253
-374
-424
-311
-211
-195
-155
-66
-9
-31
-56
-7
125
270
396
504
509
407
288
263
381
493
519
499
507
539
461
312
188
164
260
249
111
-22
-86
-49
-74
-181
-277
-319
-239
-160
-177
-260
-339
-281
-268
-386
-452
-411
-286
-230
-231
-200
-261
-369
-389
-252
-98
-116
-147
-104
-33
14
4
57
139
187
259
286
275
274
295
383
457
484
477
405
344
272
200
184
228
360
414
312
217
182
203
178
62
-33
-83
-74
-47
-89
-201
-318
-327
-234
-172
-196
-268
-371
-502
-638
-659
-505
-348
-283
-294
-347
-421
-517
-490
-293
-97
-20
-37
-27
-41
-161
-237
-158
35
213
343
471
510
444
371
365
432
513
578
597
507
381
311
286
292
325
385
394
307
229
178
111
4
-77
-51
-4
20
3
-81
-171
-225
-244
-300
-420
-462
-404
-345
-362
-422
-451
-474
-467
-385
-292
-265
-312
-337
-321
-297
-226
-112
1
37
-3
-11
7
8
-14
-18
52
141
221
306
365
386
366
348
352
341
354
408
475
499
453
373
250
138
131
209
278
251
150
59
-8
-79
-140
-171
-198
-261
-315
-290
-205
-131
-122
-196
-302
-363
-357
-327
-295
-262
-252
-262
-264
-241
-185
-124
-80
-51
-70
-149
-202
-121
73
232
260
196
141
138
137
151
202
255
274
276
265
216
178
216
290
316
281
242
226
209
167
88
9
-33
-22
10
20
11
-33
-122
-211
-229
-184
-171
-213
-279
-333
-345
-337
-316
-279
-255
-246
-259
-306
-375
-394
-306
-202
-165
-130
-22
91
96
28
-8
0
16
52
142
246
299
310
323
334
317
332
422
514
490
355
238
187
164
160
212
322
387
329
195
67
2
-11
-11
-21
-51
-84
-89
-97
-157
-255
-327
-312
-248
-181
-146
-205
-333
-431
-439
-377
-328
-306
-275
-241
-238
-272
-306
-287
-167
-11
88
113
87
63
71
84
102
138
189
275
358
363
297
232
205
223
259
282
329
334
249
147
28
-53
-28
20
66
81
54
49
4
-78
-136
-169
-173
-124
-26
25
-33
-181
-358
-398
-345
-266
-110
-47
-61
-103
-241
-303
-330
-284
-60
79
101
62
8
19
-15
-10
34
47
86
108
169
155
59
93
161
247
283
236
238
167
119
164
157
144
136
157
140
35
-13
-17
12
2
2
81
71
51
28
-66
-137
-192
-155
-82
-91
-92
-93
-105
-159
-220
-180
-123
-68
-56
-103
-157
-204
-136
-7
67
107
125
139
119
79
61
14
-30
-79
-112
-108
-106
-33
38
56
51
6
19
52
123
276
297
192
21
-145
-181
-173
-65
54
81
100
11
-71
-112
-162
-70
13
33
7
-90
-93
-87
-106
-79
-68
8
49
-31
-99
-139
-126
-64
-14
81
148
147
110
-6
-59
-11
63
178
234
263
268
156
30
-62
-62
34
82
121
140
123
154
112
31
-33
-88
-19
3
-33
-31
-81
-79
-138
-222
-191
-185
-104
-50
-62
-32
-74
-54
-46
-57
6
-7
-2
-51
-99
-49
-63
6
94
171
268
198
74
-68
-161
-142
-114
-38
33
147
233
177
110
-27
-129
-129
-123
-19
57
87
123
78
52
37
30
96
105
57
-15
-96
-92
-85
-113
-148
-151
-36
33
-11
-95
-195
-180
-158
-163
-113
-100
-43
-12
-40
-38
-57
1
49
60
127
120
111
52
-34
-49
-105
-42
79
160
227
126
38
25
109
310
345
289
176
49
54
37
82
181
257
327
238
93
-31
-117
-70
-21
1
-22
-88
-94
-143
-216
-277
-311
-223
-108
-35
-63
-158
-188
-214
-241
-253
-224
-155
-157
-209
-254
-228
-137
-78
-55
-40
-1
49
62
89
111
92
23
-66
-18
146
298
337
246
153
94
64
98
178
291
330
241
122
54
95
173
182
141
78
68
107
143
180
119
-34
-161
-181
-82
-17
-32
-75
-132
-161
-230
-312
-346
-346
-269
-196
-131
-69
-85
-107
-141
-141
-92
-62
-14
3
-16
-48
-85
-44
34
93
81
3
-25
13
87
115
89
117
206
308
313
237
177
149
158
126
79
72
71
82
62
61
112
126
109
25
-70
-82
-47
47
93
35
-62
-165
-157
-80
-36
-66
-186
-259
-246
-194
-153
-177
-236
-281
-279
-243
-211
-189
-167
-81
7
44
19
-47
-55
-57
-62
-17
40
152
231
207
151
82
116
203
212
197
181
213
240
160
107
132
184
226
226
251
286
221
77
-40
-69
-2
87
123
118
26
-131
-231
-237
-124
1
-7
-73
-141
-182
-203
-277
-312
-278
-240
-216
-259
-311
-314
-277
-173
-89
-83
-106
-105
-47
4
4
-19
-22
17
80
141
170
194
237
261
228
147
134
237
334
351
320
286
237
119
-7
-39
12
91
140
154
162
129
40
-70
-123
-71
4
20
-4
-54
-124
-209
-250
-199
-135
-157
-228
-270
-238
-177
-175
-211
-256
-290
-282
-243
-171
-114
-106
-74
-15
32
74
117
126
59
-38
-48
26
87
128
167
187
191
213
283
365
396
383
350
317
271
186
122
113
138
149
116
94
68
19
-25
-45
-30
-36
-61
-57
-68
-114
-212
-322
-360
-330
-249
-155
-99
-121
-207
-306
-371
-376
-337
-239
-130
-90
-116
-175
-185
-146
-127
-84
-37
-8
48
90
131
149
130
168
249
293
285
228
177
178
195
224
294
356
392
370
281
239
196
129
100
73
135
209
178
114
1
-74
-78
-104
-85
-80
-126
-180
-259
-280
-272
-278
-244
-198
-168
-193
-268
-334
-353
-315
-278
-250
-232
-172
-65
2
59
84
89
87
14
-24
-46
-58
-43
-97
-82
-10
85
209
241
294
289
211
168
120
165
210
231
300
258
192
117
75
145
148
149
117
43
40
10
34
19
-47
-22
-45
-44
-89
-171
-135
-172
-198
-224
-283
-230
-226
-207
-218
-341
-388
-391
-260
-63
27
105
74
36
24
-26
35
62
91
119
43
63
73
99
197
234
318
324
250
214
150
163
152
104
112
73
96
136
170
249
222
198
155
82
64
-11
-47
-70
-109
-87
-135
-193
-226
-246
-208
-254
-305
-306
-293
-246
-280
-314
-303
-291
-229
-210
-221
-217
-232
-210
-166
-129
-81
-47
-41
-17
5
24
103
219
355
423
354
239
165
181
241
281
315
339
378
390
315
215
107
66
105
148
224
258
240
194
94
-4
-78
-90
-43
-1
9
-58
-144
-226
-291
-282
-248
-182
-138
-170
-235
-321
-334
-265
-177
-103
-118
-160
-223
-281
-267
-236
-169
-118
-66
47
113
109
24
-64
-38
43
161
241
251
202
71
-30
-54
36
199
286
307
224
137
135
117
130
137
177
290
321
306
202
28
-77
-135
-92
-9
34
91
69
-7
-90
-180
-211
-236
-236
-193
-181
-182
-203
-215
-204
-186
-138
-99
-95
-141
-200
-212
-207
-148
-83
-36
-4
-24
22
102
166
217
175
158
181
197
211
169
165
202
223
233
218
229
241
183
93
20
-11
-15
4
24
38
51
32
8
-11
-13
-64
-155
-164
-119
-51
-52
-132
-188
-207
-176
-180
-180
-164
-179
-127
-82
-94
-164
-225
-145
-45
40
47
-15
-8
-34
-48
-49
-62
-11
15
66
45
-32
0
35
97
113
115
223
294
303
175
27
35
65
133
186
194
209
151
89
21
-16
33
69
126
129
17
-86
-145
-107
-28
11
31
-25
-83
-144
-227
-230
-222
-171
-87
-41
-31
-124
-202
-238
-248
-137
-28
56
101
67
45
-11
-64
-78
-53
28
27
-17
0
54
153
187
157
130
97
126
134
131
142
111
122
112
85
80
82
133
135
105
48
-26
-9
34
69
41
-45
-86
-121
-156
-192
-191
-122
-72
-23
4
-21
-78
-160
-205
-232
-231
-179
-144
-150
-200
-228
-175
-93
-51
-55
-59
-52
-41
11
67
101
110
110
146
191
226
237
227
214
188
169
156
130
101
73
68
63
77
109
120
142
131
79
6
-68
-60
-22
30
41
-20
-56
-105
-104
-78
-98
-69
-24
41
48
-56
-132
-228
-285
-271
-233
-133
-79
-48
-22
-40
-55
-110
-109
-69
-71
-77
-113
-80
-28
13
64
73
139
193
236
272
209
187
155
126
119
71
120
139
115
60
-82
-101
-74
36
179
209
239
141
28
-45
-107
-34
-37
-58
-77
-152
-134
-180
-203
-221
-289
-223
-155
-42
28
-37
-93
-195
-224
-209
-151
12
99
162
108
-4
-32
-63
7
50
83
143
103
77
-29
-77
16
125
293
316
267
182
61
81
97
162
187
114
63
-80
-113
-56
27
142
71
-11
-73
-88
18
44
36
-21
-125
-131
-143
-132
-130
-196
-221
-247
-229
-155
-116
-51
-51
-89
-92
-117
-69
-47
-34
19
22
85
112
123
152
78
27
-39
-65
9
53
141
180
163
134
36
-8
-1
63
188
269
295
242
130
25
-25
-34
-8
17
-1
-7
-35
-45
-26
-49
-36
-32
-14
53
44
18
-52
-136
-129
-120
-73
-49
-102
-133
-188
-198
-147
-109
-36
-11
-34
-67
-161
-205
-196
-135
-19
18
20
-11
-41
16
57
105
150
173
242
244
184
98
21
67
163
226
201
73
-44
-108
-98
-15
56
119
136
85
16
-68
-114
-100
-69
2
44
36
-10
-118
-191
-203
-160
-47
20
26
-11
-110
-176
-194
-193
-129
-73
-34
17
18
32
55
48
82
54
-6
-13
-18
79
161
135
105
43
92
258
351
361
211
19
-37
3
140
228
192
106
-21
-79
-50
-1
66
90
71
23
-50
-123
-173
-158
-121
-111
-135
-220
-262
-223
-139
-33
-5
-48
-141
-247
-271
-252
-169
-54
-35
-57
-126
-193
-165
-129
-73
-20
16
81
91
98
88
65
149
206
230
237
150
109
76
26
30
12
88
173
210
241
88
-36
-68
-84
82
174
175
174
59
6
-49
-82
-9
24
122
120
-29
-119
-231
-210
-81
17
125
115
44
-63
-186
-211
-229
-155
-24
46
83
21
-89
-186
-209
-137
-50
40
59
13
-20
-53
-53
-2
81
141
146
139
111
102
142
144
113
88
35
-35
-88
-148
-184
-145
-80
4
63
82
102
96
140
160
118
104
38
28
56
26
8
-81
-138
-116
-117
-81
-123
-187
-172
-141
-58
-3
-12
-36
-85
-106
-94
-68
-13
31
30
6
-32
-61
-56
-60
-76
-82
-80
-38
-4
28
72
89
101
69
21
8
13
76
133
156
163
120
99
97
112
162
167
174
164
138
117
48
-16
-69
-89
-53
-16
9
-6
-54
-117
-158
-150
-103
-7
76
123
122
65
9
-57
-101
-128
-163
-156
-142
-104
-56
-48
-39
-47
-42
-10
5
23
14
-7
-8
-26
-28
-37
-72
-104
-133
-118
-61
2
36
14
-20
-22
26
101
132
100
39
8
44
138
228
253
202
107
37
2
-18
-51
-101
-133
-121
-56
21
50
45
24
27
69
114
128
89
15
-66
-126
-152
-144
-90
-16
31
21
-48
-115
-127
-72
24
115
162
139
75
12
-34
-38
-13
0
-14
-51
-91
-111
-97
-36
47
108
106
26
-71
-131
-114
-34
52
108
111
94
80
74
83
77
51
21
-16
-45
-94
-143
-164
-141
-67
7
59
72
41
5
-35
-77
-118
-146
-141
-92
-2
70
73
9
-75
-120
-107
-57
-18
-5
-17
-41
-51
-32
25
105
161
180
171
142
130
133
142
149
124
107
106
120
156
146
99
11
-101
-128
-84
15
105
118
93
38
-14
-55
-100
-112
-102
-72
-15
-2
-61
-174
-271
-253
-132
16
104
73
-30
-127
-156
-143
-141
-165
-184
-155
-95
-22
2
-14
-22
-70
-72
-44
7
85
74
82
102
125
169
128
118
115
104
152
143
144
124
93
140
109
43
-27
-65
-22
-50
-45
21
64
94
8
-67
-103
-144
-93
0
109
140
71
5
-60
-118
-129
-84
-40
-58
-121
-112
-38
-20
-43
-105
-129
-79
-67
-25
-14
-26
16
17
69
74
23
62
65
116
137
63
44
-37
-55
-25
-8
94
102
98
62
-33
-34
-63
-48
-23
-34
38
65
94
97
21
-29
-85
-44
42
58
42
-10
-33
-32
-42
-25
-4
1
-2
8
26
14
-41
-87
-105
-109
-88
-77
-42
-6
13
87
137
147
85
-26
-68
-85
-51
-31
-36
14
54
112
100
-17
-123
-201
-138
3
144
259
240
168
31
-96
-120
-88
18
71
37
-47
-165
-193
-163
-66
73
137
148
80
10
-23
-69
-85
-105
-87
-26
13
28
-14
-51
-32
32
124
143
87
-5
-87
-102
-85
-43
4
39
84
95
89
56
-19
-86
-137
-120
-51
29
102
99
44
-38
-110
-103
-37
69
146
151
125
70
36
23
10
5
-19
-46
-65
-79
-60
-28
10
47
52
28
-16
-54
-73
-68
-39
3
59
118
160
161
115
42
-15
-19
23
68
72
18
-74
-165
-222
-219
-164
-72
22
63
66
35
2
-5
-31
-50
-62
-42
24
55
50
-14
-95
-126
-123
-66
-2
57
108
95
51
-34
-126
-136
-97
23
141
172
158
53
-5
23
90
223
256
215
118
-38
-104
-148
-114
-28
-16
18
-35
-84
-59
-50
46
71
33
-2
-107
-99
-82
-70
-29
-96
-92
-68
-31
82
81
78
37
-57
-59
-103
-88
-27
-30
16
-26
-95
-102
-121
-19
85
135
168
67
-7
-50
-75
9
40
78
103
56
52
-32
-112
-132
-147
-24
92
144
164
63
0
-28
-24
79
123
173
196
120
81
-6
-54
-32
-42
24
53
77
140
115
111
55
-20
-22
-58
-36
-51
-110
-112
-162
-136
-90
-67
1
-19
-46
-107
-189
-149
-93
29
124
85
16
-115
-170
-113
-17
150
224
209
145
1
-46
-37
-5
59
22
-18
-67
-163
-179
-200
-150
-23
23
77
83
78
135
79
-5
-119
-228
-167
-70
61
147
78
-2
-104
-126
-34
21
63
26
-45
-49
-62
-44
-14
30
156
256
310
291
176
64
-32
-63
2
91
169
148
32
-80
-155
-140
-71
16
100
137
149
100
38
-6
-57
-43
-21
26
53
-13
-77
-166
-184
-129
-96
-33
-28
-41
-48
-103
-97
-93
-58
19
37
62
26
-34
-50
-58
20
81
98
83
-14
-78
-137
-162
-134
-100
12
110
164
147
46
-2
-3
42
76
28
-21
-59
-42
12
30
37
16
14
46
75
94
54
-16
-79
-107
-71
-15
39
60
54
47
36
21
-18
-48
-47
-27
13
5
-28
-69
-112
-99
-79
-53
-39
-51
-39
-36
-21
-12
-4
51
109
173
177
120
50
-38
-77
-107
-96
-21
58
171
213
179
89
-54
-112
-112
-28
104
167
198
119
-4
-70
-98
10
113
147
124
0
-47
-73
-87
-79
-143
-125
-105
-93
-87
-177
-195
-191
-122
-17
-23
-25
-79
-91
-25
3
54
51
63
122
128
130
52
-47
-90
-102
-18
80
164
203
146
71
-36
-102
-104
-90
-42
-10
36
79
73
27
-61
-96
-36
64
122
76
-33
-139
-193
-194
-161
-81
38
135
156
98
24
7
59
134
164
138
86
32
3
-9
-2
14
30
57
56
56
54
20
0
-29
-59
-70
-97
-80
-8
87
140
61
-66
-170
-202
-127
-64
-2
64
79
56
-20
-79
-95
-64
10
39
45
-9
-88
-130
-102
25
89
91
47
-67
-94
-93
-70
17
93
152
130
76
35
-55
-82
-35
23
81
-8
-228
-302
-122
186
404
364
68
-283
-501
-494
-263
106
439
504
329
43
-279
-421
-368
-244
19
298
485
560
376
24
-359
-581
-467
-169
242
550
549
391
68
-225
-296
-250
-66
93
151
157
20
-83
-129
-129
-11
30
52
102
121
152
48
-92
-191
-265
-186
-90
35
141
89
-2
-164
-204
-78
51
233
256
189
90
-106
-185
-222
-108
107
163
180
35
-114
-133
-146
-9
104
155
133
-75
-187
-202
-120
37
31
-6
-50
-93
-53
-58
-26
32
50
90
38
19
29
15
63
49
48
14
-66
-75
-70
27
77
17
-53
-179
-176
-76
40
151
141
151
100
25
-33
-131
-86
-21
41
72
-3
2
-16
-11
11
-36
7
28
49
67
49
84
72
79
67
13
13
-16
17
57
55
41
-28
-2
35
66
106
41
28
-6
-67
-68
-118
-119
-135
-132
-69
-45
29
12
-58
-42
-27
74
96
17
-72
-203
-183
-138
-54
72
40
32
-33
-86
0
35
127
123
52
58
-26
-15
-21
-46
45
24
30
5
-85
-81
-145
-112
-33
6
135
150
167
194
146
144
50
-21
-27
-43
21
38
60
84
24
-8
-45
-38
25
37
30
-11
-41
-7
20
59
103
124
132
72
-13
-72
-118
-128
-134
-136
-110
-88
-66
-57
-104
-167
-208
-220
-129
-41
8
41
4
15
-3
-48
-35
-39
33
85
64
59
8
-8
-13
-30
11
44
80
69
2
-54
-72
-31
51
130
152
114
23
-71
-81
-24
94
183
188
152
52
-33
-98
-122
-42
53
146
160
90
47
9
27
56
48
74
80
99
87
-2
-68
-125
-98
-7
43
81
30
-56
-116
-165
-129
-94
-76
-57
-62
-3
65
56
3
-102
-172
-157
-106
4
75
66
16
-102
-147
-122
-64
52
95
112
33
-148
-224
-197
-3
212
256
229
108
14
-21
-63
10
57
52
48
9
38
51
16
16
22
69
31
-114
-195
-196
-99
-9
18
27
-13
-28
-34
-35
6
5
-15
-21
24
132
192
181
99
-3
-62
-86
-84
-69
-23
16
27
13
-26
-48
-64
-58
-31
3
60
72
52
22
-29
-37
-48
-38
19
58
109
93
24
-24
-70
-33
18
58
109
100
94
87
78
101
77
53
23
-10
6
9
11
14
19
30
15
-11
-49
-61
-30
1
39
40
-13
-72
-119
-129
-118
-109
-106
-119
-121
-158
-220
-247
-245
-181
-89
-28
27
71
93
74
25
-19
-56
-81
-104
-120
-92
-17
53
102
139
145
166
185
200
236
234
206
128
49
40
49
89
125
150
188
145
24
-120
-213
-160
-25
119
219
186
54
-118
-265
-259
-146
-12
97
106
94
58
-31
-87
-133
-137
-79
-40
15
45
-18
-118
-235
-259
-108
87
224
223
90
-23
-91
-102
-36
15
81
103
16
-84
-202
-255
-207
-141
-41
11
-8
-70
-153
-135
-35
95
168
130
83
59
110
152
93
38
-16
2
76
79
80
14
-83
-146
-226
-194
-114
-25
96
104
84
20
-77
-59
8
145
263
234
171
57
-38
-51
-80
-53
11
75
165
170
138
101
44
58
73
86
116
84
57
16
-9
47
96
142
108
-22
-106
-176
-182
-157
-166
-107
-62
-22
-30
-143
-185
-209
-163
-72
-76
-42
-66
-84
-56
-108
-77
-103
-139
-81
-93
3
55
40
99
41
43
29
-40
48
67
110
119
-32
-68
-140
-153
-56
-71
-9
-5
-17
67
71
162
209
194
252
203
178
135
60
63
15
7
-10
-40
19
38
68
40
-52
-110
-178
-117
-12
70
148
92
45
-7
-30
46
23
-3
-69
-180
-171
-149
-37
63
75
96
-7
-111
-173
-211
-99
37
192
249
123
-20
-191
-261
-196
-77
61
100
89
34
-39
-55
-51
-2
53
128
204
168
97
-26
-137
-154
-151
-72
-12
45
137
130
118
57
-25
-29
-20
72
125
106
93
-4
-51
-66
-67
7
39
82
80
3
-49
-111
-101
-47
10
76
54
-9
-113
-233
-270
-230
-104
46
133
135
45
-64
-115
-98
-16
81
119
89
-10
-109
-137
-108
2
111
153
148
62
-20
-74
-117
-105
-106
-87
-35
2
46
40
4
-13
5
100
198
242
203
77
-61
-159
-172
-103
24
149
228
232
151
59
-24
-66
-46
-17
24
34
0
-54
-136
-177
-157
-85
34
114
146
123
57
13
-15
-15
0
6
20
30
6
-43
-113
-147
-101
-11
103
161
118
19
-125
-239
-273
-227
-87
64
164
200
134
52
-14
-40
6
35
54
45
4
3
0
22
42
24
17
-25
-62
-87
-115
-95
-68
-24
19
22
25
-8
-21
-4
9
64
74
64
36
-32
-60
-101
-113
-99
-101
-40
6
52
87
53
23
-34
-70
-53
-29
49
101
109
104
47
13
-18
-32
4
32
65
50
-8
-54
-86
-63
-25
8
40
55
78
76
52
7
-50
-73
-67
-26
10
15
0
-33
-23
37
129
208
201
105
-42
-162
-189
-136
-45
37
65
64
39
-4
-41
-75
-73
-35
17
65
68
30
-23
-60
-49
-17
9
11
-21
-51
-94
-153
-189
-179
-72
64
152
158
89
49
43
44
48
22
18
27
22
34
45
93
152
171
153
83
-4
-84
-150
-156
-106
-12
82
127
111
42
-30
-60
-49
-12
11
4
-28
-77
-127
-161
-172
-145
-70
8
57
41
-10
-22
-6
30
39
-7
-55
-99
-95
-33
17
60
54
14
-9
-30
13
87
147
174
111
23
-75
-154
-142
-92
-1
79
88
73
-15
-91
-96
-83
-40
-54
-82
-69
-78
-60
-59
-66
-10
47
118
140
78
48
33
66
132
138
135
89
-8
-61
-93
-61
4
18
39
39
30
44
8
-32
-67
-80
-29
1
21
60
93
140
156
126
90
33
6
35
47
43
-3
-80
-106
-126
-89
-16
4
29
4
-25
-16
-41
-14
-2
-26
6
20
71
108
69
69
29
6
19
-7
22
3
-39
-34
-54
1
42
34
26
-57
-102
-125
-149
-130
-157
-158
-154
-158
-100
-77
-58
-49
-53
2
30
48
24
-47
-78
-92
-51
-14
-22
-36
-77
-88
-97
-101
-71
-42
21
68
88
87
63
44
1
-32
-36
7
111
184
216
178
109
90
91
148
196
210
230
177
117
69
43
117
195
228
197
77
-33
-107
-121
-84
-51
-8
8
-18
-53
-95
-86
-27
59
130
136
93
1
-65
-114
-166
-162
-149
-91
-44
-67
-115
-224
-267
-234
-172
-59
-24
-16
-17
-56
-49
-63
-65
-42
-45
-6
22
46
68
50
36
20
6
13
42
76
86
69
8
-24
-16
23
84
77
53
2
-51
-50
-59
-7
68
129
184
141
63
-44
-147
-190
-203
-138
-64
2
43
19
7
-12
-3
30
41
74
68
65
53
-5
-48
-100
-61
59
178
268
209
82
-32
-129
-139
-153
-147
-99
-54
32
58
60
69
44
73
90
87
88
15
-51
-128
-162
-104
-61
10
49
59
105
88
72
38
8
40
29
21
-18
-77
-70
-79
-38
25
56
88
42
2
-8
-20
20
19
19
39
-2
-40
-109
-161
-112
-20
106
169
128
45
-64
-87
-20
71
130
69
-55
-160
-197
-150
-108
-93
-88
-51
49
129
138
54
-68
-133
-117
-40
33
54
32
11
5
-6
-46
-107
-133
-98
-24
43
62
59
49
22
-8
-27
1
68
113
116
71
40
59
85
103
77
40
33
36
44
15
-46
-97
-139
-123
-80
-24
17
3
-26
-83
-117
-109
-89
-31
-12
-15
-11
-4
57
94
109
108
71
69
45
30
42
38
64
30
-23
-60
-86
-24
44
145
226
214
166
26
-78
-113
-113
-36
-10
18
36
10
43
29
20
-3
-90
-93
-84
-30
42
19
20
-19
-46
-21
-49
-37
-87
-165
-181
-194
-100
-33
-36
-26
-46
34
126
134
118
21
-24
-28
-56
-29
-27
22
68
28
-16
-105
-108
-19
91
247
265
199
75
-70
-49
13
95
118
26
-19
-65
-60
-35
-63
-41
-43
-8
29
-25
-83
-198
-261
-243
-209
-98
-15
58
93
47
12
