SAMPLES:	17679
BITSPERSAMPLE:	16
CHANNELS:	1
SAMPLERATE:	16000
NORMALIZED:	FALSE
-101
-11
75
59
-51
-109
-64
5
11
-2
-42
-195
-334
-307
-170
-14
102
149
136
73
-8
-89
-146
-162
-145
-119
-109
-83
-57
-33
29
94
51
-58
-71
1
83
183
207
118
16
-57
-151
-243
-198
-32
68
93
127
127
107
138
180
150
37
-72
-182
-331
-315
-77
164
252
190
74
-23
-83
-89
16
216
306
116
-176
-315
-223
4
217
349
378
349
313
250
109
-11
19
87
39
-97
-194
-171
-50
42
43
27
3
-16
-2
-2
-61
-179
-259
-218
-122
-74
-58
-56
-69
-13
80
83
2
-60
-26
74
112
62
-27
-127
-185
-118
75
222
188
8
-166
-216
-194
-159
-71
29
61
0
-91
-99
-63
30
179
244
168
-70
-261
-239
-154
-22
54
-50
-155
-179
-209
-141
-12
35
42
-3
-61
-78
-10
157
274
220
114
2
-129
-88
48
179
253
202
168
37
-127
-55
85
149
108
-80
-179
-82
-7
49
89
46
40
56
20
-7
22
98
188
212
180
177
144
51
-33
-106
-115
-102
-84
44
158
170
108
-12
-37
1
16
13
-50
-36
57
139
153
37
-91
-231
-275
-119
59
177
121
-30
-126
-163
-114
-110
-198
-239
-188
-104
-107
-190
-210
-156
-70
17
78
87
-4
-37
-14
-51
-90
-94
35
142
83
47
83
74
-86
-259
-216
-65
7
-8
-32
-73
-160
-166
-78
64
157
125
126
130
121
145
157
210
185
77
15
-15
-17
6
76
162
162
82
54
103
80
-19
-117
-176
-138
-86
-2
75
71
155
226
149
69
7
-6
-9
-62
-62
-50
-51
-20
-8
98
211
103
-26
-56
-70
-86
-126
-123
-103
-56
84
77
-73
-95
38
268
374
222
-20
-236
-309
-243
-99
161
301
164
-12
-69
-67
-51
21
28
-108
-176
-188
-250
-206
-114
-131
-119
-44
-19
-44
-105
-151
-116
-30
1
-64
-83
-3
48
41
42
74
75
57
94
205
313
292
67
-227
-333
-208
-24
133
186
159
164
121
39
39
89
63
-22
-22
-29
-135
-177
-134
-66
59
124
71
26
-74
-201
-105
110
178
183
181
37
-93
-63
-6
84
115
-46
-108
-20
-55
-118
-90
6
160
194
54
-107
-173
-115
32
192
278
228
88
-73
-249
-313
-232
-105
31
116
199
290
238
130
105
60
10
29
83
88
-40
-189
-189
-95
-58
-81
-80
-32
-17
-21
1
-26
-45
-35
-38
25
50
-20
-60
-103
-210
-280
-232
-156
-111
-22
65
121
136
81
51
34
-28
-73
-81
-37
38
69
69
43
-116
-266
-238
-78
146
232
158
103
-28
-168
-101
52
174
210
154
122
83
30
73
160
121
-36
-90
-27
1
-38
-108
-138
-96
-12
102
131
23
-33
10
46
57
-3
-73
-58
-84
-87
41
150
219
224
148
109
97
98
45
-40
-13
23
24
13
-73
-86
10
48
48
78
77
-3
-99
-133
-152
-136
-58
-102
-222
-195
-69
70
105
68
66
-66
-230
-207
-170
-137
-23
55
57
-16
-111
-113
-10
65
1
-15
77
62
-34
-156
-255
-175
-24
63
99
75
67
67
91
178
144
11
-43
-67
-40
11
22
109
154
34
-4
88
98
25
-4
29
127
230
141
-122
-301
-271
-106
113
272
253
203
173
63
21
52
39
67
69
10
-51
-177
-268
-229
-138
6
172
184
87
58
42
-80
-228
-262
-249
-186
-49
8
7
38
89
85
-83
-267
-208
48
231
254
240
193
45
-169
-291
-214
5
209
261
173
-15
-143
-106
-74
-102
-90
6
87
88
115
143
80
7
-27
-61
-11
123
116
-20
-67
-84
-130
-154
-145
-99
-41
75
209
283
176
-192
-364
-222
-132
-21
75
66
30
-57
-108
-89
-70
-8
74
78
62
0
-69
-24
4
46
66
1
-9
6
78
119
45
-47
-161
-165
-95
-32
131
244
230
173
90
1
5
83
75
113
196
164
31
-191
-316
-190
110
294
203
62
-60
-109
-97
-102
-69
-122
-103
-6
-34
-83
-145
-81
-31
-126
-129
-119
-99
-29
34
49
40
188
285
145
26
-15
-20
73
149
166
176
51
-118
-152
-111
-6
68
112
97
-3
21
74
29
30
119
136
59
25
-97
-219
-180
-142
-145
-197
-279
-350
-299
-115
-48
6
87
32
-60
-155
-157
-52
59
202
260
193
109
-33
-157
-61
131
166
132
113
86
45
-47
22
151
147
173
172
152
125
11
-127
-229
-226
-212
-168
-16
130
202
42
-159
-73
156
320
300
98
-183
-334
-173
53
102
71
30
-70
-132
-67
39
105
91
-3
-148
-275
-302
-186
-92
-39
72
57
29
17
-64
10
82
61
25
-20
-23
6
123
137
70
79
75
110
87
-4
-78
-35
139
153
79
44
-34
-180
-280
-88
149
145
-29
-188
-126
10
110
135
53
106
129
33
70
145
112
-12
-125
-195
-241
-177
-84
-29
-13
-112
-204
-193
-115
29
159
229
143
-1
-9
-113
-266
-176
-41
-35
-53
1
91
131
129
86
29
-19
-22
9
-15
35
99
101
151
91
42
54
-9
8
14
-67
-85
50
200
209
159
121
137
107
58
41
-94
-121
-55
-39
22
-62
-251
-320
-157
140
215
109
11
-205
-413
-335
-99
126
210
27
-239
-354
-277
-118
-18
76
155
119
102
76
-53
-86
-50
-83
-82
-103
-120
-80
-87
-66
37
225
381
355
225
70
-113
-182
14
258
323
270
189
72
-70
-31
132
154
108
11
-136
-138
-107
-101
29
162
158
117
167
194
78
-54
-133
-51
145
166
9
-109
-179
-253
-218
-88
56
106
-26
-79
-73
-131
-119
-48
37
-115
-342
-324
-259
-157
-94
1
170
71
-140
-178
-69
17
11
-5
-25
25
70
55
-24
-40
102
91
66
101
-4
-11
2
-13
65
166
208
18
-223
-297
-252
-120
66
240
263
236
132
-41
-146
-126
76
55
-104
-43
52
24
-58
8
37
80
304
432
350
95
-73
-161
-141
105
213
199
152
79
37
-12
95
188
108
-14
-83
-79
-167
-188
-142
-178
-203
-267
-108
173
228
215
44
-211
-288
-188
22
152
108
-113
-370
-452
-362
-172
84
305
249
97
64
-106
-232
-230
-182
-24
-38
-115
-49
50
202
309
299
171
-5
-101
-55
94
125
107
39
-115
-175
-88
126
186
162
176
13
-51
7
29
99
111
-12
-279
-352
-127
10
49
99
76
-93
-173
-172
-263
-217
-47
64
-1
-39
29
-90
-81
85
191
290
216
161
182
149
128
46
15
83
64
-67
-119
-74
-81
-5
133
208
229
160
80
-10
-160
-174
-9
115
107
23
-26
-102
-165
-165
-46
169
102
-60
-100
-138
-75
-6
76
27
-131
-112
-119
-98
2
73
94
-47
-140
-94
-22
7
-50
-71
56
158
75
2
-50
-17
39
-58
-28
16
58
46
-81
-30
-69
-63
73
121
183
46
-96
-69
-112
-173
-122
-58
-138
-197
-119
39
117
155
138
-71
-67
101
152
121
-11
-104
-189
-197
-60
121
210
176
170
5
-172
-166
-63
114
112
47
69
21
4
88
209
302
162
-81
-76
-6
0
30
-56
-202
-175
-31
69
173
175
137
61
-75
41
7
-114
63
102
40
24
100
137
-40
-94
-38
-6
11
-10
51
192
277
218
112
-74
-268
-266
-239
-182
-123
-144
-21
-34
-225
-227
-199
-133
-70
-68
-5
-8
-70
-76
26
21
8
155
84
-79
-72
-97
-138
-71
-27
9
85
26
-42
-59
-95
0
82
30
35
15
42
199
132
-26
-123
-64
127
27
-25
33
-21
71
173
210
208
178
162
51
-37
67
262
329
235
49
-94
-132
-194
-105
13
57
129
-22
-170
-266
-324
-103
23
-48
-64
17
5
-128
-110
86
113
-73
-149
-239
-227
-59
0
153
251
131
30
52
98
162
291
329
277
190
161
130
77
42
-96
-166
-169
-135
-89
-117
-78
-25
12
-7
-135
-194
-167
-199
-171
-64
-127
-195
-141
-99
-123
-141
-103
-51
27
57
90
37
-87
-85
8
166
142
-26
-33
179
303
173
58
-84
-89
22
2
24
-2
-16
60
23
-89
-101
33
121
60
-48
-122
-176
-80
51
24
160
199
-23
-140
-110
76
122
68
31
-93
-98
-80
-54
5
-6
65
125
56
38
137
207
171
134
77
41
59
27
61
178
269
197
29
-71
-165
-142
-28
96
165
121
17
-120
-143
-158
-121
-17
19
40
0
-97
-284
-225
-40
-3
85
96
73
-71
-153
-148
-218
-130
-204
-291
-166
-46
10
-8
182
194
-74
-61
23
54
62
94
238
141
-8
-34
-249
-308
-132
-39
73
63
-52
-29
-55
-187
-167
-163
-137
13
40
144
178
141
177
104
109
73
17
114
107
-20
2
106
133
232
271
156
45
10
5
65
241
256
135
22
-78
-79
-72
-57
5
25
-83
-209
-200
-181
-123
33
30
-99
-162
-236
-250
-63
146
189
159
147
142
170
151
-4
-93
-31
-91
-192
-197
-206
-118
0
82
103
1
-36
-22
-63
-4
69
-13
-56
-54
-99
-93
15
161
102
59
79
-76
-57
89
100
8
-122
-73
92
58
65
229
80
-46
-12
-203
-267
-176
-101
-39
69
130
-43
-192
-210
-20
207
266
202
69
88
92
27
-55
-173
-188
-107
-19
3
69
21
-23
52
-4
44
66
87
72
-117
-18
-48
-212
-85
-4
109
187
167
140
0
18
82
105
103
-18
-3
28
29
-76
-343
-274
34
212
209
109
51
-18
-80
-121
-161
-161
-79
72
169
217
152
31
-8
-70
-91
7
-39
-218
-202
-151
-69
120
163
150
126
54
-40
-46
-60
-178
-113
-40
-51
-81
-126
-8
-11
-36
117
195
240
255
186
97
-21
-153
-148
-52
81
226
131
-110
-193
-64
80
133
142
48
-86
-171
-170
-81
-41
-132
-220
-186
-65
28
-16
-24
188
240
3
-149
-141
-123
-237
-216
51
165
118
-47
-114
25
28
-131
-260
-104
-7
-47
98
67
33
199
262
278
302
332
361
239
74
26
103
202
106
12
-7
-56
-69
-103
-65
-20
35
-20
-226
-178
-128
-83
43
-35
-139
-234
-240
-151
-85
30
74
72
40
27
100
122
27
-137
-267
-342
-248
64
218
179
267
233
-58
-164
-140
-153
-21
169
220
90
-104
-207
-209
-143
56
181
98
123
205
183
106
33
12
-76
-144
48
149
-1
15
44
-95
-226
-270
-99
93
147
165
46
-88
-255
-489
-338
77
322
326
140
0
-68
-23
160
138
-12
15
77
5
-67
19
167
113
-66
-180
-195
-151
-128
-29
157
238
247
229
-102
-309
-234
-188
87
180
122
102
-68
-67
-100
-190
-71
-45
-114
-36
-12
15
127
107
102
178
48
-132
-235
-388
-280
-52
136
185
84
106
-8
-98
-58
15
234
313
267
197
56
135
172
133
245
244
294
142
-37
-99
-241
-244
-231
-35
199
207
-86
-263
-209
-192
-85
-48
73
72
100
203
-23
-247
-242
-88
-90
-72
82
104
48
-103
-233
-235
-69
169
35
-154
-323
-535
-177
19
-197
-97
-83
-111
17
13
36
6
-36
127
209
234
221
102
-9
-125
-13
173
97
71
172
39
-8
174
41
5
190
161
100
158
292
131
1
122
62
-65
-193
-145
-46
-21
0
3
42
50
84
84
1
-100
-150
-192
-69
129
139
-11
-240
-286
-199
23
155
115
166
127
72
-26
-119
23
48
-14
-8
-15
48
-14
-69
-173
-261
-157
-221
-38
17
-128
81
117
234
203
20
123
161
266
308
185
119
94
-109
-194
-175
-263
-148
-176
-267
-85
116
183
161
2
-204
-283
-209
-56
-78
13
266
174
12
-84
-105
-66
-127
-22
97
87
48
-8
-195
-341
-163
-33
-13
-22
-43
-30
-46
-5
-34
31
196
234
261
36
-211
-242
-219
-92
27
203
350
307
131
22
51
59
20
48
95
63
12
-13
94
40
-71
8
129
206
50
4
-52
-149
-41
-31
-20
-44
-152
-202
-73
159
275
255
103
50
-41
-156
-77
-6
-16
-99
-110
36
100
173
172
-8
-99
-79
74
132
176
135
-56
-86
-170
-57
62
29
58
-3
-2
-3
-21
-98
-155
-78
-153
-74
57
-123
-254
-250
-131
-111
-104
75
98
72
63
-61
-148
-157
-265
-194
-101
-64
50
1
66
52
161
211
-50
17
-72
-250
-123
34
100
160
251
4
-170
55
145
77
145
129
-77
-65
42
-52
-169
-2
159
183
73
-135
34
127
184
268
106
86
194
327
215
35
21
-23
-91
-129
29
38
-61
-13
-204
-263
-135
-3
191
31
-95
-42
-89
36
114
40
43
-31
-90
-73
7
69
-68
-135
-79
-209
-197
191
288
171
133
-20
-140
-191
-48
18
-32
211
305
3
-306
-268
-166
-9
110
-57
-215
-273
-6
89
55
323
338
119
-52
-238
-213
-74
76
208
-125
-195
-137
-201
-16
-30
-38
-141
-65
55
-102
61
4
-171
-50
-64
15
136
54
30
105
174
166
151
304
362
54
-251
-274
-109
142
184
153
185
-21
-157
-216
-303
-138
5
18
89
77
52
111
25
64
157
123
180
106
-70
-164
-168
-74
-26
-107
3
172
97
137
75
-171
-159
-152
-84
203
243
79
-109
-273
-179
-36
-17
-47
-81
22
-65
-238
-52
55
67
55
-68
35
164
283
255
1
-38
-28
1
-27
-119
29
223
230
167
89
32
-5
-69
-19
96
227
139
96
50
-171
-204
-183
22
66
-1
-51
-160
-106
-73
-38
-82
-94
-129
-142
-197
-319
-61
141
118
73
-21
-7
-60
-169
-176
-303
-408
-211
-36
-115
-116
95
121
-130
-109
178
210
137
-34
-147
52
281
361
143
80
104
-40
-79
20
236
225
154
224
227
74
-20
15
-30
81
206
258
104
-237
-235
-194
-136
-19
67
114
-5
-5
-66
-11
226
250
132
-30
-122
-123
32
-18
-102
110
48
-169
-221
-185
-182
-49
239
256
176
77
13
-3
-179
-20
282
175
-22
-140
-218
-77
152
239
135
-42
-6
-55
-143
41
68
13
-103
-467
-339
125
210
76
-117
-106
-154
-337
-287
-334
-244
-72
-205
-264
-251
-316
-170
-24
-33
111
177
232
169
-61
-5
88
175
119
72
119
-29
-18
-23
-126
-53
76
140
328
421
397
419
171
113
63
-103
51
224
301
185
112
115
22
94
153
-102
-238
-51
-118
-223
-88
13
52
0
2
-72
-230
-177
-113
-37
43
4
-120
-90
50
-11
85
160
151
149
-60
0
-12
-132
-108
-147
-21
-34
-103
-95
-107
47
71
-75
-112
55
51
-61
77
73
-189
-341
-283
-142
156
377
267
38
-100
-94
-34
61
181
177
3
-130
-279
-245
78
154
71
-7
-7
-124
-370
-229
-14
20
-45
-155
-222
-214
53
350
339
286
298
93
31
-5
-161
11
56
-10
-10
-49
-50
-137
24
270
279
174
129
88
-166
-178
-72
-74
-28
-85
-69
-40
-69
-111
39
285
262
229
224
103
-85
-110
-166
-213
-70
-187
-196
24
258
386
198
-49
-205
-276
-239
34
165
136
139
128
149
-15
27
190
198
134
70
80
-113
-211
-155
-77
-98
-235
-264
-244
35
275
321
188
-100
-190
-295
-256
-164
-157
85
78
-104
-198
-282
62
251
130
302
241
40
-71
-107
2
32
100
41
9
15
-144
-233
-136
67
-110
-319
-273
-239
-197
-119
97
190
270
195
-134
-177
-25
180
351
363
255
141
4
-138
-160
11
112
59
112
77
-68
-268
-259
-19
98
156
136
19
-124
-108
39
158
69
-54
28
-20
-10
97
31
67
202
137
-5
-50
-105
17
238
262
274
-15
-297
-170
-195
-126
-16
65
176
-143
-365
-273
-10
251
241
265
249
117
-55
-61
-58
-110
-71
-177
-160
-283
-257
107
237
236
-82
-204
-55
-105
-10
144
121
56
-26
-177
-141
-79
-95
-73
14
174
200
249
9
-257
-222
-277
-149
57
155
190
257
182
-104
-64
75
-10
-135
-191
-164
-155
-337
-423
-176
28
114
87
10
-3
158
224
-29
23
50
-118
0
138
141
90
92
-81
-201
57
265
311
261
176
27
-51
-59
-23
83
80
309
370
146
116
151
152
85
164
157
45
-25
-175
-248
-224
-89
-55
-73
-6
47
12
-161
-342
-384
-156
81
6
-70
59
44
10
102
128
28
-213
-288
-304
-384
-282
-88
-30
-7
99
-77
-87
134
79
-34
-7
248
227
46
-13
-24
-19
-134
-19
-40
-150
-30
118
308
427
430
178
19
-20
-27
116
-35
-211
-165
-151
-103
-145
-239
-122
-45
-93
-121
-41
157
141
84
70
-147
-250
-142
37
191
208
191
160
181
223
63
-132
-178
-118
27
122
172
116
-55
1
20
-70
-45
65
97
-49
27
19
-122
-104
-73
-70
-199
-134
81
203
309
215
180
239
55
16
26
-53
9
-57
-135
-6
128
98
143
29
-205
-279
-418
-374
-278
-97
22
-17
26
-124
-116
115
321
190
25
132
42
-29
-180
-164
-31
-194
1
250
136
47
-170
-287
-123
-142
-73
69
93
181
68
-126
-127
93
402
396
104
-139
-152
2
79
45
-37
-17
-8
-141
-158
-85
6
-21
14
164
0
-156
-59
-31
-65
-120
-88
32
35
182
164
-64
115
165
-43
-131
-222
-40
143
56
70
17
-73
17
-30
-347
-306
124
314
286
32
-164
11
90
204
392
281
291
165
-44
-2
-94
51
337
329
40
-57
25
-136
-153
-96
-104
8
142
126
-87
-38
71
-46
-9
-146
-323
-284
-154
-63
-139
-122
-30
5
-178
-135
-12
-143
-162
-233
-60
38
40
81
-155
-29
39
-18
85
-45
-264
-401
-304
-271
-387
-257
116
143
-76
-49
13
95
185
257
257
286
414
320
45
-96
-46
56
178
72
63
207
136
180
162
206
367
342
130
-199
-294
-221
-33
174
273
203
78
187
138
39
23
31
29
-150
-115
-114
-156
-69
-6
112
145
42
-189
-217
-50
62
58
-224
-262
-60
-118
-37
-89
-272
-177
-106
113
194
76
110
-67
-136
-68
-118
15
-25
-91
-47
-86
103
158
14
-35
-102
-168
-112
-103
-176
-120
-38
-50
-69
-69
-123
-202
-30
218
134
31
-24
-61
3
-11
62
339
381
124
-130
-168
81
135
110
257
146
61
105
122
156
-89
-208
-174
-221
-224
-4
416
226
-68
33
50
-50
-171
-137
-74
108
282
289
160
-159
-137
95
226
144
-111
-144
-141
-221
-342
-253
21
119
95
52
58
-99
-223
-212
-109
197
155
6
111
132
-21
-28
214
238
111
9
-132
-185
-83
-40
24
282
272
59
-62
-17
61
-51
35
89
-129
-45
-38
-223
-68
130
175
13
-68
-2
-33
42
21
-69
-40
26
12
52
80
-68
-113
-211
-263
-175
-162
-53
66
14
-107
-25
36
-91
-64
-58
-222
-148
58
-22
-60
43
68
155
163
105
188
44
-52
57
-47
-34
-11
-88
-95
-37
65
24
92
192
-43
-156
-36
-98
35
132
-3
143
124
56
77
8
-81
-193
-211
-99
185
277
388
232
-79
-11
-75
42
106
79
83
-101
-113
-144
-189
-148
-45
77
128
102
-9
-3
111
255
220
121
132
-52
-172
-155
-248
-151
18
37
65
58
-42
-156
-26
272
295
209
85
-24
-54
-173
-86
-63
-122
-46
-57
-23
-116
-121
-49
-23
31
-122
-107
-174
-215
55
89
45
20
-154
-245
-94
24
112
188
-22
-151
-179
-225
37
250
189
266
362
92
-120
-33
-70
-102
9
23
-87
-81
-26
-139
-189
-106
-44
21
120
49
-32
162
78
-188
-105
-17
72
158
113
215
181
-41
-83
-65
87
241
111
-43
-104
-17
-7
-157
-142
-116
-56
100
102
-29
89
205
20
-33
-34
102
143
-138
-92
11
-74
16
-7
-29
170
42
-114
-144
-226
-56
71
132
180
144
225
240
2
-104
-58
-47
151
271
240
260
162
-162
-225
-23
-130
-85
81
45
84
92
26
-90
-307
-428
-303
-167
-21
160
159
29
-159
-156
-46
-59
33
43
-56
-17
-154
-275
-223
-222
-26
79
34
-61
-88
144
88
94
60
-182
-84
-164
-259
-96
107
263
150
138
135
-33
-72
0
210
201
33
154
151
-105
-293
-226
-38
160
405
326
6
-119
-118
-114
63
168
-50
-184
-140
-99
41
151
184
269
28
-169
-29
-123
-64
84
45
57
112
126
-14
67
184
319
315
2
39
48
-24
-59
-146
-82
-44
-39
-70
6
-33
-184
-51
25
-6
84
106
25
9
23
21
-13
-88
-173
-143
-35
-130
-165
-36
-177
-193
122
46
-246
-287
-104
93
-23
-60
-88
-175
-107
-157
6
194
138
-2
-110
-26
-49
-26
69
73
44
40
210
203
106
45
10
283
202
-19
132
116
120
37
-30
34
-1
73
43
-30
-95
16
84
-73
-47
-135
-153
6
132
174
36
-5
32
-31
-104
-168
-310
-271
-145
-170
-117
-52
-27
158
218
-24
48
85
-96
88
154
126
79
-73
-218
-356
-189
18
127
76
9
126
162
126
26
110
120
-19
-31
-43
42
3
155
281
62
84
-16
-214
-166
-59
7
-16
46
242
233
160
272
230
103
60
128
61
-300
-327
-74
85
100
-57
-91
-68
-97
-83
-99
19
23
-240
-300
-197
-203
-360
-367
-333
-417
-176
-7
8
129
127
248
415
509
459
204
27
26
35
-92
-151
-183
-257
-144
-38
113
399
335
85
125
115
-170
-332
-343
-438
-429
-336
-398
-334
-221
-279
-164
133
399
518
536
398
261
359
289
120
29
-5
16
-65
-18
86
128
352
573
445
226
222
174
41
25
-118
-260
-221
-311
-486
-685
-635
-185
132
157
227
403
408
360
395
488
576
432
164
-133
-278
-347
-463
-421
-575
-657
-635
-863
-896
-913
-853
-565
-338
-99
-40
-213
-264
24
298
385
518
631
816
1040
1059
885
769
725
635
614
605
629
572
532
481
279
196
14
-53
-76
-436
-669
-751
-929
-1238
-1274
-1029
-1177
-1369
-1177
-992
-716
-288
-14
162
130
123
215
91
-139
-272
-150
72
241
197
73
188
600
952
1236
1417
1215
992
957
962
632
420
365
146
50
48
166
149
137
99
95
174
76
-93
-347
-392
-600
-962
-1055
-1112
-1070
-1198
-1343
-1112
-823
-557
-351
-206
-111
-26
-6
129
250
-66
-345
-315
-283
-345
-87
352
660
977
1252
1458
1481
1402
1410
1301
1120
937
605
400
260
0
-119
-15
118
70
39
180
337
161
-182
-391
-902
-1541
-1787
-1937
-1936
-1727
-1651
-1545
-1321
-1010
-589
-169
79
125
102
244
230
14
-52
-163
-114
155
493
785
957
1206
1234
1446
1648
1758
1930
1707
1299
756
672
748
315
-127
-590
-674
-653
-1050
-1132
-1108
-1146
-928
-799
-491
1
318
863
1071
1011
1026
855
606
279
-365
-1100
-1499
-1944
-2006
-1767
-1580
-941
-360
56
220
425
707
554
227
-268
-651
-1157
-1684
-2062
-2240
-1936
-1811
-1638
-1018
-371
503
1513
2485
3168
3633
4179
4709
4713
4155
4116
3920
3557
2997
1457
466
-534
-1771
-2748
-3956
-4052
-3731
-3638
-3085
-2399
-1667
-992
-728
-670
-696
-1295
-1827
-2447
-3100
-2962
-2869
-2180
-599
687
1980
3567
4860
5975
6668
6264
5615
4366
2432
811
-1162
-2763
-3763
-4976
-5621
-5717
-5504
-4995
-4152
-3063
-2118
-1143
-346
166
475
623
754
658
598
421
-24
76
386
766
1800
2898
3873
5004
6071
7356
8165
7868
7505
6702
5421
3780
1059
-1178
-2844
-4584
-5888
-7579
-8370
-7859
-7510
-6744
-5482
-3802
-1615
-179
225
630
474
-78
-526
-1574
-2027
-2055
-1724
-292
684
1610
3357
5153
6303
6625
6208
5821
5352
3322
813
-1813
-4274
-5451
-7079
-8449
-8569
-8344
-7250
-5952
-4649
-2474
-245
1440
2917
3580
3528
3632
3323
2671
2233
1945
2255
2958
3520
4473
6300
7916
8698
9086
8961
8475
7035
4708
2490
-92
-2813
-5494
-8433
-10222
-10714
-11034
-10474
-9139
-7256
-4562
-2628
-998
867
1439
1583
1737
1201
957
529
-126
455
990
1270
2363
3338
4361
5234
5252
5398
5035
3528
1746
-516
-2725
-4668
-6997
-8859
-9940
-10394
-9940
-8811
-6968
-4558
-2544
-757
1676
3715
4729
5349
5588
5676
5293
4209
3491
3385
3184
3316
4128
5556
7145
7779
8163
8804
8795
7861
5888
3546
1017
-2116
-5402
-8312
-10371
-11401
-11703
-11358
-10166
-8468
-6207
-3463
-1181
902
2336
2737
3122
2875
2015
1261
680
678
721
505
983
2089
3027
3755
4099
4069
4006
3151
1506
-296
-2345
-4183
-6033
-7985
-9101
-9772
-9867
-9096
-7906
-6048
-3800
-1376
1303
3584
4990
6173
6965
6968
6769
6162
5532
5254
4935
4877
5267
6017
6719
7149
7419
7570
7201
5881
4048
2116
-281
-3101
-6040
-8741
-10408
-11255
-11508
-10884
-9458
-7415
-5334
-3564
-1695
37
1001
1774
2311
2232
2160
1850
1735
2065
2016
2303
3198
3831
4141
4094
3598
3043
2038
379
-1071
-2530
-4360
-6004
-7630
-8887
-9309
-9350
-8715
-7732
-6422
-4249
-2028
278
2645
4346
5704
6911
7522
7702
7382
6736
6584
6200
5512
5290
5844
6780
6935
6777
6754
6687
6045
3858
1441
-515
-3145
-5685
-8003
-10246
-10845
-11006
-11002
-9718
-8321
-6008
-3500
-2191
-480
960
1591
2340
2457
2483
2824
2443
2775
3480
3090
3259
3588
3503
3469
2526
1711
1411
12
-1684
-3017
-4853
-6111
-7122
-8518
-8606
-8582
-8558
-7352
-6235
-4467
-1997
-37
2030
3983
5382
6518
7148
7323
7540
7332
6830
6837
6495
6230
6896
7489
7770
7579
7073
6634
5538
3511
1182
-1276
-3908
-6438
-9227
-11236
-11670
-11480
-10581
-9150
-7198
-4754
-2585
-1039
180
1234
1625
1612
1542
1616
1584
1269
1553
2055
2386
2981
3577
3866
3707
3131
2320
1185
-424
-2165
-3907
-5572
-6802
-7968
-8806
-8786
-8158
-6963
-5789
-4505
-2284
-105
1501
3188
4654
5887
6841
7402
8032
8206
8004
8069
8096
8192
8252
7833
7425
7148
6485
5289
3476
1244
-1051
-3642
-6418
-8762
-10194
-10677
-10559
-10085
-9000
-7339
-5600
-4036
-2758
-1434
-305
244
421
299
462
822
1218
1985
2738
3516
4506
5190
5260
5067
4402
3381
2078
167
-1608
-3322
-5103
-6448
-7569
-8212
-8302
-8072
-7363
-6221
-4700
-2949
-1168
674
2395
3813
5000
5975
6836
7584
8016
7914
7732
8021
8215
7980
7647
7488
7665
7342
5736
3869
2328
563
-1660
-4453
-6978
-8608
-9936
-10973
-11627
-11373
-9917
-8339
-6905
-5597
-4274
-2459
-908
138
1105
1867
2563
3371
3868
3934
4198
4713
5083
4849
4165
3635
3026
1942
254
-1652
-3105
-4129
-5403
-6883
-7674
-7715
-7446
-7218
-6694
-5383
-3692
-2068
-670
992
2551
3676
5072
6388
7418
8213
8873
9572
10062
10576
10724
10464
10336
9785
8707
7299
5387
3177
426
-2683
-5440
-8082
-10354
-11865
-12630
-12576
-11873
-10389
-8289
-6495
-5250
-3822
-2578
-1821
-1267
-1266
-979
-246
353
1074
1846
2920
4297
5299
5792
6259
6391
5838
4574
2711
1117
-475
-2521
-4508
-6344
-7749
-8442
-8851
-8697
-7817
-6729
-5225
-3509
-1861
-102
1802
3794
5439
6401
6997
7712
8210
8432
8632
8701
8939
9200
9012
8753
8591
8306
7834
6618
4823
2720
18
-2945
-6059
-8813
-10716
-11929
-12509
-12457
-11391
-9722
-8132
-6653
-5135
-3533
-2370
-1458
-864
-565
14
492
1333
2210
2684
3506
4496
5143
5105
4754
4311
3697
2507
811
-730
-2544
-4135
-5288
-6372
-6957
-7271
-7339
-6872
-6061
-5020
-3607
-2083
-437
1268
2503
3814
5270
6415
7578
8543
9201
9771
9882
9919
10080
9615
9165
8917
8469
7640
5700
3670
1787
-710
-3417
-6319
-8748
-10276
-11233
-11790
-11699
-10691
-9487
-8115
-6623
-5148
-3751
-2828
-2158
-1683
-1216
-757
-114
815
1570
2293
3322
4513
5117
5186
5014
4731
4246
2718
968
-312
-1849
-3290
-4545
-5734
-6404
-6644
-6666
-6524
-6100
-5191
-3918
-2570
-1028
585
1900
3198
4480
5572
6746
7872
8624
8992
8999
9182
9749
9666
9188
9100
8623
8011
7011
5070
3334
1158
-1524
-4040
-6857
-8740
-9879
-11014
-11435
-11331
-10503
-9004
-7859
-6758
-5172
-4350
-3590
-2565
-2087
-1339
-733
261
1502
2005
2627
3509
4145
4574
4867
4650
4456
3750
2186
860
-650
-1869
-2777
-4139
-5341
-6066
-6305
-6287
-6173
-5630
-4339
-3140
-2051
-424
1151
2782
4254
5358
6112
6620
7319
7951
8143
7854
8034
8486
8522
8554
8347
8199
7991
6738
4950
3156
961
-1247
-3762
-6760
-8768
-10108
-11076
-11165
-10850
-9672
-8243
-7400
-6224
-4908
-4123
-3212
-2416
-2015
-1223
-730
-87
1142
1827
2655
3802
4404
4622
4586
4150
3838
2931
1453
382
-1188
-2535
-3472
-4613
-5093
-5332
-5532
-5403
-5210
-4801
-3935
-2990
-1756
-65
1326
2503
3765
4843
5784
6728
7368
8037
8562
8419
8800
9275
8970
8771
8398
8001
7501
5984
4412
2714
409
-1781
-4496
-7210
-8823
-9924
-10610
-10840
-10380
-9121
-7907
-7003
-5833
-4756
-4280
-3554
-2803
-2419
-1875
-1299
-219
935
1588
2692
3894
4543
4849
4712
4349
3958
2853
1428
-5
-1736
-2963
-4014
-5007
-5414
-5666
-5858
-5630
-4914
-3901
-2810
-2045
-965
573
1762
2978
4084
4886
5598
6258
6979
7593
7939
8118
8556
8820
8526
8277
8189
8163
7633
6174
4722
3207
1022
-1350
-4000
-6326
-7930
-9541
-10672
-10943
-10555
-9584
-8550
-7718
-6404
-5189
-4593
-3669
-2882
-2313
-1617
-946
168
1169
1865
2987
4045
4496
4589
4405
4181
3726
2429
1077
-111
-1532
-2603
-3726
-4737
-5021
-5179
-5180
-5021
-4905
-4385
-3601
-2790
-1548
-102
1212
2453
3602
4487
5451
6521
7423
8272
8377
8621
9386
9428
9105
8668
8412
8074
6683
5015
3801
2292
170
-2571
-5086
-6492
-7718
-8775
-9715
-9970
-8868
-7998
-7492
-6902
-5803
-4770
-4638
-4506
-4050
-3295
-2637
-1731
-485
725
1989
3042
4274
4993
5080
5347
5147
4101
2429
825
-345
-1454
-2814
-4152
-4713
-4855
-4973
-5281
-5550
-4704
-3696
-3074
-2088
-808
545
1601
2249
3036
4191
4855
5478
6313
6651
6826
7076
7818
8505
8372
8086
8105
8226
7815
6547
5074
3673
1922
-530
-3248
-5409
-7041
-8359
-9576
-10094
-9688
-9066
-8407
-7762
-6708
-5730
-5139
-4346
-3670
-3225
-2686
-1800
-623
469
1323
2462
3887
4618
4678
4615
4539
4342
3481
2089
888
-238
-1243
-2460
-3847
-4376
-4647
-5076
-5147
-4922
-4310
-3392
-2604
-1590
-475
412
1580
2837
3904
4729
5355
6045
6665
6830
6826
7412
8093
8096
7848
7831
8080
7791
6369
4848
3684
2109
10
-2656
-5056
-6402
-7825
-9028
-9516
-9492
-8790
-8280
-7838
-6835
-5955
-5394
-4607
-3990
-3465
-2685
-1921
-642
555
1217
2276
3678
4654
4979
4696
4409
4319
3262
1860
767
-461
-1369
-2511
-3652
-4054
-4504
-4940
-4924
-4777
-4287
-3440
-2708
-1632
-394
501
1575
2776
3823
4777
5535
6204
6782
6848
6930
7563
7923
7907
7726
7555
7816
7423
6198
5152
3722
1756
-356
-2910
-5046
-6508
-7968
-9003
-9530
-9400
-8518
-7922
-7424
-6361
-5648
-5059
-4305
-3984
-3360
-2591
-1784
-506
495
1467
2653
3664
4444
4636
4416
4376
4097
3023
1886
876
-84
-940
-2391
-3538
-3992
-4536
-4785
-4896
-4881
-4439
-3826
-3044
-1952
-702
465
1624
2764
3658
4358
5022
5771
6407
6561
6836
7414
7549
7453
7414
7587
8067
7752
6655
5540
3920
2079
-7
-2658
-4623
-6287
-8068
-9066
-9513
-9365
-8575
-7981
-7348
-6329
-5826
-5295
-4443
-3742
-2823
-2229
-1482
-212
679
1610
2822
3813
4662
4995
4523
4337
3880
2688
1716
615
-514
-1597
-3105
-4096
-4375
-4662
-4912
-5032
-4862
-4194
-3678
-3088
-1703
-366
731
1986
2949
3865
4879
5554
6269
6677
6799
7267
7731
7810
7798
7558
7385
7335
6605
5628
4662
3238
1415
-1173
-3639
-5388
-7132
-8487
-9299
-9348
-8739
-8109
-7660
-6812
-5812
-5129
-4435
-3968
-3360
-2562
-1815
-636
514
1435
2371
3389
4237
4788
4830
4560
4328
3295
2113
1221
233
-706
-2051
-3400
-4108
-4579
-5130
-5453
-5428
-4939
-4160
-3765
-2866
-1423
-30
1394
2424
3349
4367
5200
5928
6534
6751
7005
7471
7656
7697
7639
7470
7581
7138
6115
5288
3916
2138
61
-2556
-4428
-5975
-7520
-8569
-9226
-9106
-8611
-8297
-7800
-6768
-5935
-5229
-4453
-3897
-2796
-1869
-991
206
940
1984
3126
4081
4758
4848
4646
4406
3712
2410
1438
474
-486
-1263
-2531
-3273
-3572
-4105
-4567
-4810
-4615
-3889
-3303
-2957
-2006
-982
-75
1080
1893
3128
4550
5357
6247
6724
7184
7976
8174
7972
7949
7831
7703
7328
6127
5032
3840
2109
398
-2030
-4288
-5802
-7174
-8225
-8867
-8852
-8113
-7422
-7207
-6528
-5771
-5238
-4400
-4094
-3652
-2703
-1938
-855
119
1126
2479
3649
4423
4993
5218
5146
4791
3618
2484
1485
66
-966
-2320
-3564
-4080
-4614
-4902
-4996
-4943
-4495
-3804
-3383
-2757
-1659
-379
1110
2058
3182
4663
5583
6337
6885
7415
8033
8259
8104
8228
8300
7894
7221
6077
4851
3511
1699
-293
-2530
-4457
-5916
-7188
-8256
-8935
-8899
-8266
-7531
-7017
-6431
-5781
-5200
-4641
-4299
-3802
-2990
-2000
-747
422
1701
3181
4348
5001
5337
5603
5756
5251
4083
2863
1551
210
-1138
-2640
-3550
-4067
-4617
-5076
-5388
-5121
-4587
-3930
-3171
-2333
-1296
-217
1029
2188
3480
4811
5800
6577
6986
7584
8100
8023
8063
8172
8090
7622
6711
5635
4366
2684
670
-1609
-3669
-5270
-6628
-7732
-8653
-8844
-8470
-7969
-7372
-6620
-5820
-5259
-4613
-4193
-3758
-3067
-2276
-1193
-492
367
1752
3036
4061
4657
5082
5432
5362
4726
3779
2753
1639
312
-1400
-2861
-3697
-4287
-4786
-5127
-5070
-4737
-4320
-3884
-3112
-1903
-672
647
1807
2924
4160
5081
6013
7055
7980
8669
8803
8636
8415
8050
7519
6700
5786
4541
2736
676
-1556
-3516
-5131
-6494
-7439
-8129
-8325
-7999
-7605
-7373
-6846
-6046
-5374
-4760
-4523
-4234
-3691
-3116
-2093
-988
31
1251
2439
3433
4370
5059
5523
5738
5153
4412
3496
2109
944
-538
-2076
-2934
-3545
-4094
-4669
-5056
-4963
-4551
-4054
-3270
-2104
-924
305
1366
2466
3913
5177
6174
7080
7973
8593
8632
8375
8259
8220
7693
6691
5583
4279
2750
1062
-1184
-3301
-4778
-6247
-7385
-8261
-8635
-8233
-7774
-7256
-6665
-6223
-5732
-5053
-4618
-4319
-3751
-3079
-2075
-1219
-498
776
2156
3269
4006
4564
5247
5618
4972
4190
3728
2742
1597
80
-1601
-2770
-3785
-4310
-4559
-4789
-4692
-4336
-3842
-3111
-2335
-1440
-254
926
2323
3611
4701
5973
7158
8006
8399
8597
8949
9067
8682
8034
6975
5765
4520
2956
1213
-1209
-3501
-5112
-6559
-7574
-8184
-8213
-7810
-7319
-6968
-6457
-5832
-5308
-4719
-4510
-4131
-3592
-3155
-2270
-1440
-563
654
1868
2850
3589
4036
4440
4800
4320
3708
3241
2467
1614
148
-1255
-2107
-2923
-3606
-4234
-4581
-4514
-4112
-3742
-3107
-2137
-1308
-240
963
2497
4047
4987
5986
7078
7998
8490
8491
8563
8820
8816
8061
6813
5545
4116
2252
253
-1821
-3662
-5287
-6795
-7592
-8048
-7995
-7384
-7018
-6677
-6156
-5765
-5162
-4632
-4612
-4306
-3855
-3298
-2282
-1747
-997
502
1753
2665
3375
3943
4521
4582
3960
3342
2652
1853
1030
-108
-1040
-1608
-2351
-3018
-3511
-3975
-3882
-3405
-3017
-2398
-1708
-790
405
1494
2642
3835
4911
6037
7132
8009
8623
8802
8906
8922
8519
7578
6351
5374
4054
2278
130
-2291
-4043
-5674
-7007
-7728
-8339
-8307
-7773
-7214
-6584
-5949
-5481
-4988
-4676
-4622
-4274
-3786
-3025
-2169
-1599
-733
475
1708
2635
3170
3696
4335
4403
3768
3111
2337
1422
519
-718
-1756
-2283
-2785
-3267
-3678
-3770
-3381
-2954
-2451
-1678
-881
27
1108
2215
3194
4203
5179
6085
7113
7908
8297
8524
8796
8952
8436
7360
6451
5465
3746
1817
-418
-2721
-4453
-6265
-7513
-8151
-8590
-8218
-7658
-7304
-6655
-6003
-5423
-4680
-4477
-4462
-3988
-3579
-2774
-1802
-1182
-118
1131
2008
2680
3227
3713
4095
3833
3221
2675
1799
955
4
-1198
-1840
-2392
-2922
-3196
-3583
-3530
-2958
-2433
-1856
-1158
-373
579
1629
2850
4042
5030
5899
6899
7910
8484
8600
8486
8491
8438
7866
6885
5764
4505
2962
939
-1508
-3517
-5142
-6680
-7801
-8583
-8682
-8265
-7920
-7629
-7071
-6387
-5691
-5006
-4618
-4107
-3506
-2868
-2043
-1454
-733
209
1204
2226
3014
3609
4181
4316
3747
2967
1964
1174
585
-470
-1508
-2184
-2702
-3235
-3599
-3529
-3062
-2530
-1988
-1262
-643
63
960
2138
3445
4410
5311
6245
7147
7929
8332
8355
8484
8603
8361
7865
6914
5753
4301
2301
239
-1836
-3687
-5261
-6735
-7895
-8614
-8689
-8278
-7721
-7238
-6736
-6211
-5804
-5381
-5046
-4462
-3553
-2677
-1894
-1258
-358
864
2012
2805
3372
3836
4140
4027
3193
2296
1524
726
-128
-1186
-2032
-2644
-3023
-3239
-3526
-3568
-3174
-2669
-2156
-1564
-815
343
1491
2565
3705
4832
5944
6814
7611
8264
8712
8976
8980
8831
8392
7557
6520
5258
3680
2045
-39
-2324
-4077
-5557
-6843
-7892
-8408
-8307
-7967
-7637
-7178
-6480
-5981
-5526
-5219
-5094
-4531
-3803
-2868
-1798
-1027
9
1178
2034
2850
3460
3820
4142
3960
3213
2288
1202
316
-502
-1704
-2647
-3267
-3790
-3927
-4005
-3709
-3069
-2582
-1771
-913
-166
752
1802
3052
4209
5051
5802
6783
7703
8368
8724
8836
9057
8971
8439
7562
6461
5292
3745
1877
-221
-2319
-4156
-5711
-6846
-7643
-8019
-7922
-7686
-7501
-7269
-6884
-6389
-5853
-5441
-5093
-4462
-3701
-2923
-2125
-1291
115
1534
2403
3003
3311
3672
3796
3457
3013
2241
1241
207
-929
-2021
-2755
-3191
-3501
-3627
-3721
-3572
-3095
-2634
-1979
-1018
37
1114
2276
3597
4856
5909
6962
8028
8764
9068
9094
9095
9018
8652
7988
7005
5824
4309
2449
362
-1754
-3547
-5116
-6386
-7344
-7947
-8081
-8014
-7868
-7626
-7269
-6695
-5996
-5515
-5183
-4739
-4144
-3340
-2373
-1398
-270
976
1992
2718
3289
3808
4018
3752
3136
2340
1592
783
-311
-1498
-2521
-3230
-3598
-3865
-4042
-3861
-3315
-2769
-2142
-1318
-473
487
1682
3042
4211
5229
6241
7301
8338
8878
8984
9091
9210
9134
8699
7771
6674
5299
3567
1698
-451
-2384
-4110
-5712
-6884
-7655
-7884
-7762
-7579
-7366
-7085
-6784
-6358
-5877
-5626
-5321
-4828
-4128
-3216
-2522
-1621
-152
1117
2081
2989
3669
4119
4197
3626
2812
1982
1012
166
-816
-1884
-2585
-3221
-3781
-4112
-4235
-3941
-3414
-2661
-1708
-912
14
1358
2840
4181
5315
6289
7500
8665
9143
9263
9424
9506
9254
8558
7476
6327
5094
3623
1912
-121
-2059
-3721
-5302
-6502
-7288
-7770
-7674
-7329
-7160
-7117
-7098
-6752
-6267
-6140
-5897
-5161
-4164
-3117
-2357
-1394
20
1238
2259
3074
3624
4101
4212
3659
2852
1992
1009
2
-1148
-2231
-2956
-3498
-3775
-3777
-3771
-3498
-2948
-2338
-1596
-917
-148
1050
2339
3637
5039
6019
6945
8049
8702
9096
9299
9478
9662
9078
7980
6899
5665
4150
2330
341
-1519
-3179
-4841
-6186
-6978
-7473
-7531
-7389
-7363
-7189
-7018
-6742
-6355
-6235
-5931
-5428
-4858
-3854
-2940
-2114
-693
917
2212
2994
3409
4049
4415
3812
2893
2014
1061
143
-966
-1929
-2514
-3186
-3712
-4006
-4165
-3820
-3293
-2784
-1946
-1008
-190
812
2146
3583
4873
5977
7150
8376
9144
9430
9565
9694
9776
9293
8179
7010
5703
4091
2262
234
-1655
-3289
-4755
-5985
-7012
-7567
-7497
-7255
-7172
-7219
-7152
-6743
-6335
-6186
-5893
-5403
-4743
-3832
-2972
-2010
-631
819
1883
2660
3369
3927
4263
4058
3306
2460
1516
397
-757
-1764
-2697
-3447
-3817
-4161
-4200
-3812
-3293
-2595
-1879
-1122
-171
1043
2253
3470
4689
5744
6932
7971
8782
9277
9386
9503
9448
9006
8157
7088
5756
4202
2534
561
-1333
-3088
-4617
-5683
-6606
-7173
-7151
-7051
-7097
-6948
-6772
-6694
-6476
-6345
-6153
-5725
-5175
-4372
-3405
-2338
-1095
262
1552
2584
3320
3866
4123
3860
3217
2465
1677
797
-398
-1658
-2539
-3292
-3850
-4055
-4104
-3880
-3458
-2918
-2164
-1295
-271
1100
2624
3874
4836
5764
6829
7848
8560
9107
9563
9804
9772
9184
8110
7001
5791
4423
2808
748
-1203
-2972
-4677
-5905
-6718
-7027
-6940
-6857
-6784
-6726
-6728
-6611
-6228
-6046
-6076
-5838
-5293
-4476
-3637
-2679
-1250
280
1418
2296
2986
3559
4096
4077
3587
2835
1833
713
-722
-1968
-2707
-3135
-3384
-3719
-4006
-4070
-3863
-3319
-2323
-1191
-223
999
2317
3513
4742
5937
7364
8728
9265
9299
9347
9278
9196
8776
7811
6905
5624
3937
2275
326
-1411
-3000
-4692
-5856
-6573
-6964
-6929
-6758
-6575
-6330
-6299
-6211
-5895
-5958
-5969
-5593
-5027
-4142
-3415
-2641
-1270
221
1434
2406
3175
3750
4035
3745
3152
2438
1490
549
-698
-2050
-2969
-3679
-3986
-4084
-4332
-4250
-3791
-3171
-2268
-1287
-182
1267
2640
3979
5271
6427
7766
8800
9289
9481
9530
9608
9503
8831
7744
6655
5267
3609
1886
61
-1539
-3123
-4585
-5622
-6319
-6612
-6594
-6390
-6240
-6234
-6323
-6297
-6170
-6265
-6066
-5527
-4886
-4018
-3263
-2314
-989
312
1514
2399
2991
3474
3621
3348
2836
2143
1227
129
-1074
-2096
-2907
-3596
-3987
-4207
-4303
-4091
-3652
-2955
-2035
-1133
-143
1157
2659
4073
5263
6375
7545
8500
8993
9266
9515
9564
9314
8677
7738
6644
5325
3842
2127
229
-1541
-3079
-4324
-5261
-5956
-6317
-6340
-6296
-6339
-6406
-6276
-6033
-6027
-6054
-5960
-5760
-5188
-4343
-3478
-2474
-1307
35
1372
2181
2692
3180
3369
3261
2827
2072
1192
216
-1005
-2145
-3003
-3718
-4086
-4219
-4111
-3802
-3529
-2914
-1892
-860
192
1576
3127
4527
5669
6611
7748
8848
9382
9579
9750
9810
9476
8539
7401
6344
4975
3335
1456
-500
-2017
-3450
-4750
-5606
-6128
-6210
-6074
-5943
-5845
-5778
-5736
-5722
-5811
-5994
-5973
-5779
-5123
-4242
-3580
-2508
-1131
269
1430
2164
2904
3499
3504
3021
2401
1539
662
-232
-1429
-2452
-3349
-4004
-4396
-4674
-4421
-3963
-3469
-2662
-1713
-772
432
1981
3471
4865
6007
6942
7975
8737
9163
9393
9479
9359
8800
7968
7033
5935
4604
3091
1351
-309
-1730
-3218
-4337
-5133
-5742
-5881
-5892
-5833
-5741
-5766
-5753
-5639
-5576
-5645
-5635
-5354
-4686
-3994
-3322
-2248
-895
486
1474
2060
2653
3041
3027
2815
2367
1657
761
-462
-1711
-2766
-3534
-3882
-4181
-4404
-4364
-3996
-3340
-2589
-1687
-631
646
2030
3419
4718
5714
6754
7819
8670
9148
9255
9385
9254
8748
7938
6964
6022
4758
3183
1263
-544
-2029
-3455
-4396
-5213
-5784
-5848
-5896
-5797
-5617
-5564
-5524
-5355
-5382
-5584
-5600
-5376
-4666
-3811
-3003
-2035
-957
128
1035
1825
2528
3072
3087
2663
2073
1296
525
-400
-1455
-2526
-3343
-3791
-4153
-4323
-4294
-3972
-3359
-2517
-1614
-758
508
2030
3433
4693
5790
6955
8142
8920
9190
9149
9074
9022
8580
7699
6759
5677
4327
2807
978
-851
-2185
-3302
-4336
-5180
-5682
-5796
-5830
-5708
-5457
-5361
-5305
-5237
-5303
-5355
-5173
-4804
-4288
-3704
-3018
-2032
-821
346
1198
1878
2679
3280
3349
2954
2218
1290
320
-678
-1671
-2524
-3238
-3758
-4129
-4405
-4265
-3793
-3267
-2466
-1502
-557
559
1860
3252
4516
5463
6309
7324
8197
8575
8640
8656
8597
8252
7638
6932
6074
4942
3478
1704
-139
-1796
-3179
-4237
-5075
-5729
-5965
-5805
-5469
-5295
-5283
-5171
-5129
-5240
-5336
-5265
-5017
-4579
-3885
-3142
-2336
-1253
-96
899
1752
2326
2651
2760
2598
2153
1371
624
-158
-1212
-2179
-3006
-3564
-3918
-4189
-4079
-3819
-3313
-2468
-1655
-787
184
1461
3022
4430
5508
6408
7484
8351
8764
9044
9100
8995
8669
7953
7038
5903
4626
3359
1763
-98
-1710
-3094
-4302
-5254
-5923
-6128
-5973
-5661
-5427
-5290
-5162
-4999
-4824
-4911
-4886
-4676
-4280
-3609
-3124
-2371
-1287
-146
883
1531
2203
2797
3052
2888
2340
1559
661
-236
-1332
-2275
-2996
-3665
-4056
-4371
-4466
-4184
-3635
-2877
-1943
-909
64
1186
2415
3661
4796
5757
6862
7775
8374
8753
8843
8977
8980
8569
7794
6708
5465
4258
2888
1134
-529
-2090
-3658
-4812
-5619
-6098
-6209
-6108
-5927
-5847
-5786
-5606
-5349
-5155
-5024
-4990
-4833
-4327
-3651
-2775
-1723
-502
641
1409
2118
2787
3146
3065
2703
2078
1162
214
-809
-1743
-2530
-3273
-3866
-4299
-4367
-4162
-3792
-3106
-2260
-1455
-384
915
1975
3048
4133
5132
6172
7162
8084
8695
9000
9078
8842
8477
7944
7159
6199
5139
3858
2267
526
-1266
-2862
-4124
-5170
-5906
-6223
-6226
-6050
-5847
-5727
-5569
-5382
-5283
-5263
-5166
-4780
-4291
-3704
-2996
-2154
-1101
-74
901
1891
2648
3065
3241
2890
2131
1420
612
-328
-1251
-2078
-2850
-3688
-4247
-4486
-4458
-4029
-3452
-2788
-1910
-993
14
1154
2207
3164
4213
5156
6086
7221
8135
8595
8649
8568
8432
8253
7756
7002
6180
4951
3446
1740
-77
-1602
-3005
-4155
-5106
-5850
-6159
-6315
-6242
-6162
-5944
-5585
-5500
-5411
-5320
-5152
-4776
-4260
-3520
-2662
-1595
-499
465
1427
2202
2762
3263
3366
2953
2272
1400
428
-576
-1590
-2366
-2984
-3571
-3897
-4050
-3961
-3633
-3238
-2537
-1542
-606
284
1238
2350
3539
4653
5614
6535
7473
8103
8529
8818
8813
8675
8281
7612
6686
5574
4482
3078
1285
-425
-1959
-3353
-4550
-5608
-6293
-6518
-6501
-6384
-6290
-6209
-5981
-5788
-5710
-5565
-5410
-5056
-4397
-3555
-2524
-1390
-282
702
1545
2277
2896
3194
3095
2671
2067
1301
264
-706
-1514
-2337
-3046
-3579
-3939
-4006
-3788
-3336
-2715
-1922
-1050
-275
529
1486
2587
3718
4892
5866
6731
7581
8087
8424
8593
8638
8609
8366
7817
6876
5759
4479
2948
1241
-490
-1976
-3390
-4741
-5876
-6668
-6879
-6756
-6537
-6326
-6270
-6229
-6216
-6162
-5932
-5505
-4788
-3959
-3257
-2517
-1433
-188
988
2068
2920
3512
3672
3214
2462
1653
841
88
-639
-1492
-2359
-3041
-3580
-3898
-3849
-3391
-2875
-2421
-1792
-1025
-177
671
1630
2712
3723
4672
5613
6512
7237
7904
8383
8622
8748
8653
8392
7713
6678
5571
4275
2784
1032
-761
-2378
-3904
-5258
-6295
-6864
-6990
-6892
-6804
-6638
-6465
-6313
-6012
-5712
-5335
-4916
-4496
-3839
-3129
-2265
-1098
69
1180
2064
2542
2869
3028
2946
2693
2022
1098
232
-814
-1879
-2602
-3096
-3356
-3491
-3588
-3362
-2919
-2453
-1797
-974
-119
774
1799
2966
4041
4931
5871
6818
7561
8114
8396
8573
8729
8574
8079
7399
6620
5621
4340
2756
899
-891
-2558
-4096
-5308
-6192
-6625
-6720
-6744
-6711
-6640
-6461
-6212
-6099
-5984
-5637
-5186
-4596
-3830
-3052
-2183
-1086
142
1218
1996
2585
2972
3062
2876
2366
1661
931
-8
-1061
-1938
-2636
-3088
-3381
-3516
-3359
-3040
-2660
-2262
-1663
-874
-94
841
1958
3082
4038
4928
5851
6753
7570
8092
8309
8411
8586
8477
7931
7247
6399
5430
4192
2617
804
-1070
-2757
-4216
-5329
-6159
-6725
-6901
-6927
-6938
-6779
-6530
-6249
-5949
-5647
-5261
-4778
-4109
-3324
-2467
-1561
-656
302
1231
2060
2624
2959
3024
2674
2072
1323
562
-191
-825
-1575
-2473
-3079
-3410
-3370
-3182
-2994
-2719
-2322
-1735
-1099
-161
871
1879
2974
3921
4866
5754
6645
7488
7947
8279
8650
8778
8612
8121
7304
6392
5218
3729
2093
283
-1464
-3075
-4481
-5490
-6235
-6631
-6686
-6627
-6535
-6505
-6412
-6096
-5778
-5635
-5395
-4934
-4275
-3464
-2715
-1768
-657
373
1348
2110
2763
3210
3208
2834
2228
1524
721
-74
-843
-1548
-2221
-2883
-3202
-3374
-3409
-3052
-2501
-2005
-1568
-974
-234
637
1711
2948
4092
4949
5791
6582
7274
7791
8004
8185
8252
8243
7993
7293
6456
5375
4136
2597
620
-1186
-2827
-4249
-5408
-6453
-6975
-7059
-7025
-6878
-6671
-6416
-6087
-5793
-5477
-5044
-4655
-4136
-3347
-2506
-1644
-738
175
1002
1725
2207
2522
2721
2570
2180
1585
847
59
-769
-1534
-2246
-2749
-3036
-3080
-3034
-2904
-2300
-1695
-1176
-586
-23
850
1842
2825
3883
4812
5595
6469
7220
7663
8118
8550
8797
8525
7959
7356
6373
5221
3706
1860
40
-1697
-3118
-4361
-5427
-6165
-6652
-6848
-6842
-6732
-6460
-6198
-5979
-5693
-5468
-5145
-4647
-4171
-3593
-2824
-1895
-773
431
1467
2167
2581
2755
2682
2439
2045
1418
732
70
-833
-1675
-2138
-2470
-2751
-2980
-3146
-3093
-2733
-2152
-1498
-820
-110
757
1786
2780
3831
4976
6024
6931
7561
7942
8206
8340
8369
8262
7940
7276
6362
5286
3791
1978
173
-1467
-2951
-4322
-5448
-6270
-6769
-6974
-6988
-6891
-6643
-6366
-6163
-5872
-5562
-5228
-4763
-4178
-3476
-2740
-1910
-1006
-88
882
1749
2443
2911
2952
2589
2025
1306
673
174
-509
-1216
-1850
-2434
-2746
-2855
-2905
-2703
-2246
-1765
-1194
-506
245
1058
1934
2879
3770
4596
5484
6344
6981
7482
7908
8296
8625
8626
8248
7581
6744
5712
4227
2476
774
-1043
-2807
-4242
-5478
-6399
-6820
-6920
-6967
-7038
-7016
-6812
-6544
-6247
-5849
-5512
-5087
-4498
-3831
-2903
-1940
-995
10
871
1532
1998
2281
2481
2549
2179
1576
917
78
-655
-1307
-1815
-2057
-2320
-2474
-2583
-2596
-2295
-2011
-1552
-860
-133
874
1887
2755
3716
4600
5436
6427
7254
7784
8212
8480
8599
8469
8097
7532
6651
5629
4243
2503
800
-817
-2331
-3867
-5160
-6116
-6877
-7261
-7434
-7276
-6745
-6366
-6154
-5971
-5754
-5366
-4878
-4381
-3826
-3174
-2350
-1392
-452
509
1416
2143
2601
2681
2536
2233
1717
1108
498
-258
-1071
-1629
-2011
-2230
-2308
-2348
-2226
-2026
-1698
-1167
-712
-248
436
1238
2145
3091
4008
4916
5727
6557
7402
7951
8214
8363
8365
8056
7497
6761
5762
4660
3314
1578
-260
-2023
-3607
-5012
-6098
-6692
-7048
-7217
-7173
-7085
-6876
-6557
-6211
-5831
-5469
-5099
-4616
-3949
-3181
-2363
-1338
-281
608
1297
1710
2112
2485
2505
2308
1949
1361
681
-33
-804
-1364
-1614
-1880
-2149
-2389
-2479
-2331
-2121
-1638
-963
-304
517
1354
2168
3074
3866
4717
5803
6672
7298
7774
8028
8356
8512
8194
7694
7104
6386
5246
3591
1723
-175
-1903
-3513
-4896
-6045
-6920
-7312
-7360
-7215
-7124
-6887
-6432
-6061
-5723
-5458
-5046
-4474
-3901
-3180
-2592
-1912
-921
93
1086
1809
2324
2661
2648
2368
1979
1530
921
367
-260
-995
-1637
-2185
-2365
-2379
-2366
-2167
-2033
-1729
-1215
-762
-54
834
1709
2604
3492
4435
5433
6428
7388
8144
8495
8684
8655
8340
7894
7177
6311
5188
3710
1991
22
-1838
-3458
-4789
-5875
-6672
-7069
-7219
-7184
-7051
-6803
-6517
-6162
-5881
-5741
-5375
-4912
-4225
-3388
-2661
-1711
-775
164
1084
1736
2231
2593
2675
2554
2346
1870
1332
604
-327
-1036
-1684
-2115
-2343
-2640
-2649
-2403
-2138
-1726
-1258
-823
-174
695
1816
2963
3866
4783
5763
6630
7374
8034
8465
8690
8662
8408
8027
7287
6305
5099
3481
1670
-134
-1828
-3488
-4941
-6014
-6840
-7281
-7295
-7102
-6966
-6846
-6524
-6133
-5772
-5525
-5266
-4892
-4458
-3774
-2869
-1691
-495
461
1272
1819
2256
2513
2608
2620
2289
1731
1105
434
-334
-1055
-1594
-2048
-2421
-2632
-2650
-2525
-2281
-1853
-1260
-697
44
999
1896
2808
3727
4726
5759
6617
7432
8148
8532
8740
8715
8359
7898
7163
6341
5279
3613
1753
-168
-2007
-3661
-5063
-6026
-6610
-7009
-7320
-7420
-7325
-6988
-6565
-6174
-5771
-5518
-5293
-5000
-4438
-3573
-2599
-1593
-739
120
984
1732
2384
2704
2802
2801
2500
1961
1290
473
-248
-846
-1421
-1799
-2165
-2450
-2506
-2483
-2188
-1706
-1259
-772
-115
765
1772
2843
3941
5033
6025
6772
7373
7891
8286
8619
8731
8543
8106
7288
6157
4793
3102
1282
-404
-2004
-3570
-5016
-6219
-6955
-7291
-7399
-7318
-7158
-6980
-6814
-6541
-6198
-5874
-5529
-5095
-4420
-3637
-2707
-1625
-554
487
1218
1812
2383
2760
3125
3118
2682
2080
1333
667
-136
-826
-1330
-1904
-2182
-2403
-2558
-2460
-2278
-1863
-1327
-735
14
891
1850
2920
4041
5014
5931
6832
7594
8144
8458
8639
8657
8426
7906
7090
6070
4740
3030
1210
-415
-1935
-3500
-4942
-6123
-6922
-7264
-7311
-7262
-7172
-6965
-6615
-6334
-6161
-5894
-5493
-4940
-4241
-3477
-2627
-1578
-470
514
1358
2031
2633
2876
2679
2552
2332
1850
1256
491
-220
-803
-1381
-1911
-2385
-2635
-2560
-2301
-2075
-1838
-1400
-803
-69
797
1862
3017
3942
4778
5694
6591
7338
7830
8216
8564
8547
8208
7779
7138
6350
5245
3645
1713
-373
-2228
-3757
-4948
-5921
-6650
-7017
-7282
-7340
-7229
-6997
-6736
-6456
-6049
-5831
-5453
-4912
-4274
-3389
-2593
-1609
-631
289
1255
1865
2284
2631
2870
2853
2534
1999
1305
558
-252
-859
-1280
-1618
-1907
-2242
-2407
-2393
-2173
-1778
-1304
-667
52
895
1830
2726
3599
4521
5575
6630
7421
7896
8235
8458
8501
8300
7807
7229
6439
5164
3635
1852
-184
-2065
-3658
-4873
-5836
-6684
-7160
-7496
-7748
-7635
-7227
-6732
-6412
-6143
-5783
-5423
-4896
-4271
-3626
-2772
-1754
-673
394
1198
1771
2382
2892
3080
3042
2762
2191
1605
925
70
-648
-1230
-1696
-2121
-2639
-2925
-2720
-2357
-1972
-1458
-879
-168
547
1450
2553
3507
4560
5706
6741
7437
7817
8183
8431
8601
8514
7961
7151
6154
4891
3344
1695
-95
-1754
-3145
-4510
-5566
-6364
-6995
-7190
-7145
-7136
-7078
-6868
-6574
-6264
-5902
-5396
-4738
-4091
-3487
-2682
-1650
-504
620
1455
2067
2554
2873
2930
2677
2300
1889
1310
481
-325
-917
-1434
-1809
-2090
-2357
-2485
-2513
-2342
-1956
-1535
-1086
-475
423
1528
2687
3754
4739
5783
6724
7348
7717
7930
8163
8382
8233
7796
7223
6268
4957
3468
1846
174
-1461
-3096
-4704
-6019
-6835
-7089
-7048
-7064
-7034
-6907
-6700
-6413
-6172
-5816
-5280
-4687
-4055
-3402
-2588
-1662
-779
189
1134
1778
2218
2571
2827
2877
2534
2027
1393
545
-243
-925
-1452
-1857
-2248
-2543
-2643
-2431
-2126
-1775
-1234
-742
-190
645
1654
2781
3913
4900
5775
6527
7200
7849
8334
8736
8876
8389
7732
7059
6085
4918
3409
1656
-60
-1879
-3576
-4950
-6055
-6659
-6921
-7051
-7092
-7140
-6967
-6607
-6294
-6104
-5957
-5670
-5098
-4385
-3683
-2680
-1559
-443
548
1225
1964
2513
2832
2909
2577
2278
1762
1079
406
-339
-882
-1468
-1913
-2182
-2474
-2475
-2433
-2310
-1839
-1226
-443
384
1090
1943
2914
3729
4605
5613
6552
7337
7791
8158
8447
8437
8246
7656
6839
5914
4701
3344
1718
-37
-1734
-3362
-4698
-5777
-6492
-6817
-7006
-7101
-6979
-6727
-6525
-6265
-6031
-5827
-5440
-4882
-4101
-3276
-2589
-1828
-880
165
1145
1927
2404
2685
2650
2290
1957
1577
1136
525
-282
-912
-1491
-1979
-2177
-2272
-2313
-2330
-2207
-1764
-1188
-633
73
992
2023
2987
3827
4763
5830
6732
7412
7997
8403
8675
8697
8321
7709
6811
5827
4649
3019
1231
-600
-2205
-3611
-4922
-5868
-6455
-6685
-6785
-6864
-6840
-6818
-6703
-6513
-6273
-6012
-5634
-4943
-4202
-3426
-2456
-1313
-228
564
1153
1618
2190
2789
3011
2872
2460
1761
944
199
-479
-1055
-1519
-1937
-2288
-2478
-2602
-2590
-2220
-1637
-1017
-398
440
1477
2443
3364
4240
5124
6047
6817
7335
7695
8067
8353
8275
7865
7337
6583
5513
4165
2591
964
-755
-2326
-3633
-4994
-6070
-6636
-6983
-7146
-7152
-6860
-6509
-6349
-6116
-5894
-5629
-5183
-4645
-3861
-2969
-2063
-1018
-125
663
1456
2034
2439
2629
2569
2356
1859
1394
854
21
-708
-1237
-1510
-1762
-2138
-2339
-2314
-2122
-1760
-1302
-855
-388
182
1039
2188
3308
4431
5490
6402
7085
7422
7774
8187
8357
8161
7667
7017
6168
5050
3626
1977
325
-1214
-2647
-4005
-5231
-6092
-6521
-6769
-6909
-7005
-6915
-6547
-6125
-5734
-5543
-5324
-4900
-4498
-3915
-3072
-1992
-851
51
830
1501
2020
2404
2634
2627
2285
1808
1373
793
-16
-797
-1364
-1672
-1906
-2175
-2304
-2337
-2135
-1699
-1239
-650
-33
635
1484
2245
3061
4159
5222
6186
7030
7607
8067
8314
8325
8252
7881
7260
6469
5282
3759
1987
133
-1427
-2913
-4427
-5559
-6354
-6771
-6836
-6842
-6725
-6529
-6420
-6331
-6119
-5790
-5334
-4802
-4280
-3669
-2964
-2073
-1081
-176
709
1477
2101
2518
2618
2481
2124
1738
1350
733
-23
-780
-1390
-1800
-2189
-2349
-2315
-2297
-2082
-1723
-1255
-703
-25
793
1686
2793
3861
4901
5894
6663
7424
7938
8161
8365
8368
8031
7538
6863
5809
4366
2737
1141
-471
-1925
-3234
-4532
-5533
-6262
-6650
-6752
-6901
-6811
-6466
-6250
-6092
-5882
-5718
-5461
-4886
-4131
-3269
-2377
-1540
-581
377
1074
1616
2142
2549
2656
2527
2192
1668
1007
234
-460
-1097
-1607
-2006
-2403
-2613
-2669
-2472
-2056
-1578
-958
-295
478
1306
2118
3084
4113
5052
5956
6858
7458
7698
8053
8396
8375
8078
7444
6621
5627
4156
2565
1028
-615
-2163
-3654
-4970
-5937
-6582
-6756
-6816
-6797
-6469
-6297
-6171
-6031
-5930
-5509
-5086
-4640
-4092
-3469
-2397
-1332
-385
556
1273
1876
2238
2434
2352
2054
1829
1369
747
-89
-895
-1346
-1776
-2061
-2323
-2436
-2202
-1972
-1548
-1072
-675
-10
822
1719
2633
3476
4382
5376
6244
7002
7620
7985
8208
8179
7932
7632
7070
6166
4981
3562
1946
193
-1482
-3048
-4400
-5370
-6083
-6428
-6442
-6497
-6565
-6475
-6283
-6070
-5894
-5693
-5386
-5023
-4452
-3761
-3081
-2176
-1117
-104
734
1568
2288
2575
2574
2295
1882
1375
896
371
-326
-751
-1166
-1696
-2212
-2611
-2600
-2402
-1966
-1402
-866
-155
586
1278
1876
2514
3447
4635
5931
6932
7484
7838
8055
8095
8056
7849
7415
6868
6051
4847
3230
1396
-242
-1691
-3123
-4455
-5577
-6277
-6608
-6827
-6806
-6649
-6484
-6222
-6097
-6019
-5757
-5394
-4815
-4125
-3497
-2686
-1710
-854
-76
745
1552
2204
2530
2594
2338
1748
1241
674
1
-534
-1164
-1722
-2075
-2389
-2575
-2534
-2251
-1740
-1139
-686
-275
309
1317
2513
3377
4180
5117
6052
6834
7399
7853
8147
8210
8071
7748
7140
6357
5389
4047
2518
922
-585
-1892
-3252
-4650
-5688
-6248
-6450
-6430
-6331
-6106
-6016
-6106
-6141
-6081
-5764
-5243
-4592
-3968
-3363
-2427
-1375
-399
394
999
1706
2253
2484
2440
2070
1619
1123
523
-166
-805
-1330
-1831
-2196
-2462
-2527
-2319
-2036
-1566
-1018
-573
-61
671
1685
2729
3709
4678
5530
6264
6693
7003
7421
7777
8056
8039
7651
6914
5925
4877
3528
1983
417
-1215
-2635
-3856
-4904
-5599
-6140
-6603
-6848
-6755
-6429
-6066
-5682
-5578
-5641
-5456
-5083
-4471
-3670
-2848
-1898
-888
-28
724
1329
1801
2218
2387
2425
2247
1687
987
161
-619
-1271
-1776
-1926
-1962
-2120
-2233
-2100
-1792
-1357
-799
-273
300
1072
2031
2994
3750
4535
5446
6189
6788
7247
7569
7928
8028
7644
7070
6405
5574
4476
3125
1584
-58
-1615
-3039
-4243
-5164
-5746
-6034
-6223
-6366
-6463
-6346
-6062
-5844
-5636
-5469
-5207
-4725
-4201
-3541
-2692
-1748
-753
130
805
1429
2032
2421
2488
2185
1693
1169
538
-59
-570
-1009
-1304
-1654
-2092
-2399
-2461
-2160
-1560
-1003
-556
-111
337
1057
2098
3058
3926
4896
5771
6376
6855
7282
7544
7647
7658
7430
6889
6218
5403
4208
2657
1050
-407
-1771
-3148
-4434
-5385
-5906
-6151
-6220
-6121
-6087
-6106
-5912
-5712
-5620
-5314
-4887
-4544
-4086
-3488
-2690
-1568
-483
358
997
1479
1968
2231
2227
2167
1894
1347
568
-308
-985
-1413
-1752
-2011
-2124
-2177
-2104
-1849
-1532
-1042
-491
51
821
1630
2337
3090
3927
4880
5823
6557
7100
7473
7694
7671
7424
7159
6719
6080
5173
3794
2328
834
-758
-2179
-3490
-4634
-5340
-5645
-5792
-5917
-6034
-6069
-6007
-5996
-5962
-5766
-5444
-4960
-4354
-3798
-3198
-2344
-1299
-321
439
1077
1577
1904
2056
1924
1570
1194
831
341
-381
-1055
-1432
-1674
-1841
-2048
-2228
-2094
-1796
-1371
-843
-313
325
1089
1980
2847
3646
4546
5423
6083
6591
6960
7272
7627
7736
7550
7239
6724
5964
4842
3351
1675
32
-1371
-2622
-3779
-4705
-5391
-5870
-6055
-6101
-6098
-5951
-5800
-5669
-5609
-5622
-5298
-4718
-4228
-3688
-2962
-2193
-1297
-241
606
1201
1729
2071
2072
1774
1410
1138
769
89
-674
-1246
-1658
-1950
-2141
-2144
-2037
-1825
-1387
-974
-567
-57
531
1301
2159
3018
3884
4758
5620
6304
6771
7120
7450
7714
7723
7410
6938
6290
5326
4188
2831
1285
-226
-1789
-3218
-4284
-5085
-5507
-5632
-5747
-5797
-5817
-5847
-5786
-5845
-5858
-5522
-5027
-4498
-4047
-3502
-2662
-1839
-1059
-254
501
1255
1795
2033
2060
1874
1556
1134
617
13
-653
-1207
-1576
-1849
-2034
-2126
-2120
-1875
-1397
-911
-476
35
825
1830
2710
3407
4117
4968
5768
6331
6762
7160
7597
7876
7764
7292
6633
5823
4701
3398
1970
500
-897
-2297
-3622
-4666
-5217
-5572
-5821
-5879
-5903
-5749
-5653
-5693
-5654
-5505
-5316
-5050
-4548
-4019
-3257
-2288
-1408
-434
457
1187
1707
1967
2078
2014
1745
1334
877
231
-474
-1096
-1503
-1606
-1740
-1804
-1903
-1964
-1646
-1214
-728
-185
421
1191
2077
2885
3709
4605
5299
5956
6430
6777
7271
7545
7610
7379
6771
6165
5426
4274
2895
1344
-213
-1581
-2915
-3959
-4662
-5159
-5411
-5634
-5875
-6026
-5981
-5799
-5658
-5673
-5636
-5218
-4694
-4165
-3476
-2673
-1721
-809
-176
374
1036
1619
2010
2116
1913
1600
1113
489
-84
-537
-965
-1426
-1710
-1857
-1982
-2008
-1847
-1362
-857
-390
279
987
1722
2381
3058
3877
4699
5582
6270
6664
7066
7409
7514
7387
7009
6486
5852
4898
3639
2219
722
-672
-1865
-3086
-4251
-4980
-5482
-5789
-5824
-5752
-5509
-5417
-5575
-5625
-5655
-5498
-5026
-4561
-3925
-3185
-2551
-1726
-913
-83
779
1377
1779
1851
1739
1548
1260
846
150
-554
-1185
-1607
-1754
-1790
-1753
-1649
-1416
-1258
-1091
-714
-116
705
1534
2230
2806
3510
4302
5079
5849
6409
6865
7183
7310
7399
7250
6807
6207
5389
4265
2884
1444
159
-941
-2140
-3370
-4285
-4907
-5281
-5481
-5580
-5595
-5719
-5873
-5815
-5675
-5526
-5165
-4640
-4130
-3636
-3061
-2210
-1263
-541
151
728
1121
1542
1817
1819
1551
1025
472
-5
-578
-1149
-1445
-1611
-1706
-1661
-1654
-1596
-1432
-1189
-636
197
1014
1846
2583
3064
3585
4220
4934
5693
6299
6668
6924
7122
7029
6866
6641
5980
5154
4096
2725
1406
100
-1282
-2548
-3560
-4425
-5031
-5366
-5617
-5717
-5718
-5635
-5504
-5448
-5434
-5381
-5160
-4707
-4143
-3477
-2592
-1718
-918
-115
513
1049
1466
1727
1886
1774
1441
943
322
-231
-623
-966
-1393
-1797
-2041
-2068
-1913
-1556
-1040
-601
-133
422
934
1485
2198
3089
3862
4535
5320
5894
6249
6680
6974
7012
6988
6796
6370
5778
4824
3574
2211
763
-527
-1658
-2733
-3584
-4232
-4814
-5229
-5474
-5686
-5712
-5545
-5421
-5363
-5392
-5336
-4923
-4355
-3872
-3352
-2599
-1732
-870
31
707
1133
1477
1564
1502
1443
1182
755
274
-427
-1019
-1310
-1675
-1805
-1720
-1777
-1754
-1659
-1302
-627
16
710
1480
2128
2694
3327
4014
4681
5347
5968
6463
6878
7152
7239
7127
6656
6052
5381
4539
3513
2149
769
-577
-1975
-3215
-4329
-5001
-5261
-5324
-5269
-5366
-5370
-5386
-5520
-5475
-5330
-5023
-4552
-4107
-3654
-3063
-2316
-1498
-776
-202
488
1183
1681
2004
1931
1649
1207
479
-193
-771
-1209
-1459
-1757
-1994
-2062
-1946
-1632
-1221
-774
-392
21
561
1334
2288
3016
3527
4028
4602
5285
5847
6291
6729
7061
7099
6776
6293
5739
5144
4356
3245
2010
635
-727
-1990
-3255
-4138
-4548
-4832
-5093
-5325
-5520
-5585
-5642
-5672
-5523
-5422
-5094
-4527
-4130
-3609
-3006
-2271
-1344
-517
235
818
1245
1515
1571
1528
1403
1109
586
-30
-562
-1010
-1392
-1592
-1682
-1741
-1643
-1420
-1169
-764
-87
513
979
1558
2176
2899
3497
4009
4706
5221
5644
6101
6380
6622
6740
6588
6341
5899
5178
4328
3273
1986
674
-608
-1911
-3137
-4073
-4744
-5219
-5410
-5462
-5546
-5594
-5571
-5531
-5432
-5282
-5046
-4639
-4216
-3735
-2971
-2129
-1342
-556
35
617
1210
1595
1799
1611
1224
819
313
-171
-647
-935
-1070
-1292
-1498
-1612
-1577
-1293
-826
-373
-27
281
689
1189
1777
2544
3335
4026
4590
5070
5517
5874
6166
6540
6919
6846
6436
6011
5412
4525
3280
1915
641
-736
-2070
-3173
-4086
-4727
-5078
-5347
-5598
-5708
-5741
-5731
-5604
-5329
-4991
-4625
-4174
-3786
-3363
-2802
-2158
-1381
-615
105
731
1201
1412
1423
1461
1311
1026
703
298
-12
-420
-904
-1327
-1686
-1758
-1593
-1219
-830
-668
-352
62
485
1153
1864
2514
3082
3640
4302
4912
5509
6008
6344
6638
6662
6462
6244
5832
5234
4433
3346
2096
685
-780
-2099
-3263
-4172
-4738
-5073
-5257
-5465
-5611
-5606
-5647
-5486
-5266
-5184
-4916
-4608
-4223
-3588
-2848
-2030
-1249
-539
146
737
1211
1611
1725
1518
1309
1035
701
239
-412
-877
-1124
-1203
-1212
-1185
-1106
-1053
-839
-505
-110
246
579
1101
1679
2297
2997
3722
4396
4912
5338
5769
6163
6444
6590
6529
6136
5551
4920
4100
3114
2073
967
-195
-1531
-2846
-3902
-4654
-5035
-5314
-5441
-5372
-5370
-5345
-5365
-5340
-5014
-4581
-4158
-3770
-3460
-3026
-2387
-1515
-654
-34
581
1069
1287
1325
1208
1146
1056
719
356
-48
-605
-1015
-1252
-1357
-1322
-1290
-1190
-1122
-997
-582
-41
585
1206
1815
2365
2825
3465
4289
5089
5586
5919
6239
6478
6704
6589
6189
5674
4925
4052
2952
1733
607
-532
-1764
-2933
-3892
-4570
-4991
-5300
-5412
-5344
-5233
-5142
-5181
-5222
-5096
-4851
-4460
-3990
-3480
-2754
-1900
-1105
-461
83
742
1365
1714
1740
1453
1118
840
500
101
-404
-826
-1050
-1347
-1535
-1433
-1142
-790
-624
-449
-225
-13
414
1061
1954
2826
3435
4002
4543
4998
5426
5877
6274
6458
6373
6108
5783
5261
4531
3627
2485
1303
25
-1326
-2426
-3335
-4054
-4506
-4940
-5232
-5262
-5170
-4935
-4841
-4938
-4970
-4850
-4472
-4088
-3616
-2883
-2226
-1543
-903
-503
-26
565
1160
1568
1523
1315
1133
802
361
-126
-491
-647
-859
-1137
-1293
-1425
-1462
-1270
-1021
-678
-144
357
845
1477
2034
2520
3153
3865
4574
5130
5596
6031
6268
6449
6405
6067
5698
5118
4257
3204
1996
797
-326
-1456
-2593
-3558
-4268
-4670
-4838
-4956
-4955
-4866
-4816
-4807
-4899
-4871
-4644
-4317
-3833
-3350
-2826
-2191
-1537
-881
-317
254
755
1083
1341
1391
1273
1087
805
435
4
-384
-714
-1009
-1227
-1327
-1269
-1118
-902
-625
-290
130
609
1213
1830
2318
2835
3434
4049
4626
5015
5278
5558
5835
6064
6003
5618
5108
4433
3670
2829
1732
453
-730
-1708
-2632
-3438
-3993
-4401
-4782
-5051
-5107
-5098
-4983
-4807
-4771
-4647
-4354
-4033
-3702
-3295
-2695
-2004
-1279
-569
-65
372
774
1053
1216
1151
1017
892
682
409
56
-369
-759
-905
-960
-1092
-1166
-1015
-649
-324
-1
352
797
1312
1756
2323
2860
3428
4099
4585
5094
5489
5703
5928
5880
5605
5297
4841
4267
3525
2463
1349
333
-745
-1876
-3013
-3858
-4290
-4542
-4685
-4817
-4854
-4766
-4751
-4729
-4596
-4414
-4181
-3822
-3453
-3142
-2661
-2061
-1415
-650
-8
454
898
1107
1068
946
791
741
518
98
-194
-432
-595
-803
-1014
-941
-828
-642
-331
-110
174
501
907
1377
1739
2227
2803
3337
3963
4518
4899
5199
5404
5579
5696
5598
5355
4919
4235
3384
2340
1216
89
-933
-1844
-2801
-3557
-4070
-4499
-4832
-5019
-4929
-4786
-4663
-4428
-4314
-4284
-4063
-3700
-3272
-2781
-2384
-1950
-1307
-721
-152
446
856
1079
1127
973
777
654
362
-29
-336
-627
-765
-872
-935
-882
-815
-545
-238
8
288
543
909
1373
1886
2426
2910
3370
3880
4451
4942
5289
5520
5618
5496
5143
4793
4459
3876
2966
1863
732
-299
-1223
-2100
-2834
-3452
-3951
-4266
-4486
-4497
-4367
-4282
-4234
-4292
-4321
-4298
-4131
-3654
-3130
-2528
-1905
-1460
-1009
-568
-73
458
732
892
974
854
774
673
345
-20
-401
-774
-993
-1102
-973
-715
-564
-434
-346
-133
282
645
982
1329
1744
2353
2920
3439
3994
4387
4653
4842
5073
5380
5368
5100
4791
4191
3443
2608
1526
610
-182
-1034
-1801
-2738
-3512
-3860
-4095
-4133
-4132
-4108
-4002
-4076
-4139
-4165
-4085
-3706
-3373
-3091
-2633
-2070
-1528
-1037
-456
208
754
1017
969
778
618
538
436
215
-53
-394
-785
-1020
-1136
-1134
-924
-684
-441
-199
33
355
693
1120
1632
2058
2473
2898
3288
3625
3906
4243
4614
4895
5059
5123
5011
4656
4071
3300
2393
1356
456
-218
-1037
-1927
-2720
-3369
-3701
-3963
-4130
-4100
-4130
-4130
-4065
-3974
-3864
-3684
-3321
-3034
-2766
-2238
-1694
-1193
-688
-289
67
450
794
935
870
738
544
228
-190
-526
-765
-970
-1035
-996
-931
-812
-642
-382
-128
111
426
760
1244
1796
2127
2481
2933
3333
3785
4139
4347
4564
4767
4943
4907
4661
4351
3747
2941
2137
1192
286
-549
-1458
-2274
-2919
-3344
-3539
-3686
-3830
-3856
-3755
-3702
-3736
-3699
-3618
-3445
-3121
-2837
-2651
-2383
-1969
-1440
-851
-307
171
554
776
837
768
658
471
155
-221
-564
-732
-776
-868
-965
-949
-839
-604
-281
-41
267
698
1059
1402
1699
2031
2517
2992
3466
3811
3968
4214
4428
4577
4746
4695
4326
3691
2959
2275
1606
978
246
-682
-1511
-2174
-2749
-3144
-3396
-3589
-3677
-3657
-3617
-3618
-3684
-3726
-3640
-3414
-3099
-2801
-2468
-2014
-1534
-1046
-582
-168
288
634
739
711
641
549
443
318
128
-58
-180
-330
-462
-540
-636
-649
-559
-393
-92
242
582
960
1318
1574
1794
2158
2578
3023
3523
3955
4241
4288
4250
4218
4136
3981
3600
3147
2545
1660
815
3
-747
-1429
-2167
-2757
-3136
-3372
-3550
-3668
-3616
-3541
-3524
-3538
-3638
-3619
-3448
-3204
-2776
-2352
-1986
-1574
-1197
-809
-339
166
630
908
853
599
357
194
93
-132
-487
-726
-832
-833
-682
-449
-176
23
116
241
454
842
1323
1687
1987
2253
2483
2814
3225
3691
4187
4545
4721
4681
4377
3993
3628
3198
2666
2002
1231
496
-206
-956
-1701
-2381
-2856
-3062
-3156
-3226
-3361
-3521
-3589
-3612
-3615
-3608
-3535
-3368
-3087
-2716
-2301
-1797
-1224
-694
-381
-173
1
116
330
459
507
542
392
108
-290
-722
-914
-805
-637
-444
-344
-397
-315
-113
172
528
914
1359
1733
2108
2491
2856
3257
3527
3742
4018
4218
4297
4246
4041
3738
3267
2589
1926
1235
525
-126
-778
-1286
-1756
-2183
-2497
-2922
-3267
-3358
-3327
-3169
-3080
-3107
-3111
-3195
-3192
-2997
-2692
-2227
-1789
-1394
-960
-629
-243
250
661
870
762
539
365
117
-105
-264
-490
-676
-768
-794
-709
-662
-615
-380
-63
294
658
931
1216
1505
1743
2099
2531
2956
3370
3599
3683
3763
3880
4032
4003
3708
3231
2510
1739
1084
457
-144
-782
-1313
-1653
-2024
-2272
-2387
-2551
-2709
-2922
-3087
-3112
-3128
-3068
-2978
-2935
-2809
-2561
-2195
-1797
-1408
-988
-634
-319
11
248
392
475
407
208
-43
-208
-198
-261
-465
-623
-745
-774
-654
-449
-170
103
309
541
830
1107
1388
1725
2101
2535
3056
3492
3679
3723
3682
3550
3424
3288
3098
2816
2362
1829
1191
427
-170
-605
-1048
-1452
-1795
-2044
-2192
-2258
-2284
-2407
-2566
-2663
-2783
-2920
-2973
-2831
-2585
-2413
-2265
-2091
-1826
-1417
-934
-434
-37
257
429
457
410
247
107
2
-198
-338
-502
-657
-683
-791
-861
-718
-398
-14
286
620
1040
1432
1762
2032
2329
2598
2884
3196
3301
3291
3276
3270
3333
3299
3091
2697
2086
1406
783
284
-68
-378
-705
-1058
-1467
-1882
-2183
-2299
-2289
-2290
-2372
-2571
-2838
-3010
-2994
-2828
-2608
-2357
-2068
-1797
-1507
-1144
-724
-302
10
195
282
256
191
73
-120
-248
-361
-595
-862
-1047
-1015
-751
-463
-203
20
117
220
481
902
1394
1793
2138
2494
2698
2776
2942
3214
3431
3509
3442
3200
2852
2477
2114
1839
1551
1138
645
101
-419
-844
-1118
-1223
-1333
-1572
-1866
-2116
-2337
-2487
-2466
-2422
-2482
-2553
-2597
-2547
-2356
-2088
-1832
-1596
-1317
-994
-677
-433
-267
-120
-18
15
-13
-100
-277
-548
-802
-952
-1018
-959
-758
-592
-480
-213
218
603
900
1214
1484
1736
2097
2505
2835
3000
3051
3034
2973
2925
2896
2904
2836
2570
2152
1665
1214
819
478
186
-115
-423
-788
-1119
-1240
-1255
-1364
-1599
-1831
-2031
-2228
-2349
-2375
-2390
-2352
-2192
-2040
-1972
-1858
-1578
-1216
-937
-753
-571
-411
-373
-439
-551
-649
-679
-665
-702
-847
-979
-936
-788
-695
-621
-441
-212
0
286
666
1080
1515
1878
2141
2361
2564
2834
3074
3147
3138
3041
2852
2653
2490
2363
2161
1910
1671
1336
952
610
266
-50
-389
-808
-1226
-1589
-1884
-2160
-2391
-2518
-2623
-2747
-2843
-2825
-2581
-2119
-1582
-1197
-964
-768
-676
-583
-410
-358
-393
-381
-354
-348
-385
-483
-683
-845
-812
-716
-616
-476
-351
-292
-304
-296
-229
-60
291
667
983
1308
1578
1745
1877
2052
2253
2469
2685
2727
2534
2316
2198
2080
1941
1791
1517
1102
672
393
229
72
-128
-436
-698
-828
-856
-780
-800
-999
-1230
-1405
-1546
-1672
-1771
-1798
-1782
-1784
-1722
-1662
-1653
-1583
-1522
-1425
-1212
-1060
-968
-875
-799
-764
-836
-938
-889
-707
-564
-509
-540
-548
-384
-120
224
567
809
1076
1435
1860
2181
2307
2444
2622
2663
2623
2593
2432
2154
1896
1656
1467
1332
1195
977
699
496
344
215
119
-49
-294
-481
-669
-915
-1072
-1159
-1252
-1343
-1486
-1611
-1675
-1698
-1703
-1744
-1690
-1603
-1604
-1527
-1332
-1147
-1002
-879
-776
-671
-538
-451
-492
-576
-618
-670
-718
-735
-725
-642
-493
-283
-30
283
695
1024
1239
1407
1536
1785
2087
2280
2407
2457
2420
2355
2205
1990
1811
1615
1418
1245
1037
812
517
166
-72
-210
-377
-569
-695
-702
-638
-614
-654
-722
-768
-805
-946
-1166
-1326
-1453
-1577
-1603
-1621
-1713
-1742
-1695
-1645
-1551
-1436
-1322
-1192
-1093
-1036
-949
-834
-808
-803
-677
-524
-369
-119
166
407
622
879
1183
1481
1813
2092
2206
2261
2243
2193
2334
2477
2409
2271
1969
1527
1238
983
706
570
340
-26
-275
-457
-507
-396
-380
-364
-268
-258
-294
-366
-452
-513
-653
-811
-915
-1117
-1385
-1564
-1659
-1697
-1696
-1746
-1784
-1676
-1564
-1479
-1323
-1200
-1094
-941
-796
-634
-457
-357
-312
-269
-195
-38
176
379
534
703
918
1085
1191
1308
1503
1790
2066
2243
2276
2134
1938
1773
1564
1330
1120
866
576
362
276
301
334
241
83
-1
12
102
191
185
29
-201
-362
-485
-585
-593
-655
-843
-1031
-1204
-1385
-1555
-1721
-1833
-1885
-1894
-1816
-1692
-1565
-1474
-1424
-1269
-1030
-834
-625
-424
-295
-204
-137
-51
34
126
260
326
411
653
927
1202
1463
1604
1703
1780
1802
1849
1920
1929
1827
1640
1399
1132
953
829
631
460
373
284
162
32
-28
-14
6
23
4
-43
-64
-145
-333
-536
-704
-807
-844
-881
-971
-1084
-1209
-1363
-1462
-1449
-1421
-1438
-1479
-1483
-1338
-1054
-799
-715
-784
-858
-843
-707
-426
-91
159
328
431
418
393
450
550
740
946
1028
1100
1174
1215
1295
1331
1324
1342
1369
1387
1346
1209
973
714
532
408
332
286
178
61
-27
-126
-169
-191
-274
-324
-308
-316
-370
-429
-493
-502
-435
-420
-451
-540
-797
-1046
-1184
-1279
-1261
-1206
-1120
-959
-907
-957
-1016
-979
-765
-533
-306
-69
62
145
173
103
19
-18
34
144
234
307
445
669
881
1006
1068
1071
1144
1365
1544
1650
1631
1374
1038
732
536
541
548
482
426
243
-47
-290
-382
-277
-198
-224
-215
-245
-314
-329
-381
-453
-502
-621
-749
-757
-624
-399
-277
-429
-644
-727
-829
-924
-957
-963
-845
-693
-644
-605
-622
-694
-665
-549
-321
-20
161
233
265
210
114
98
153
234
349
439
482
546
687
868
966
1040
1145
1158
1072
946
818
780
745
644
545
339
66
-56
-48
-28
-15
-13
-86
-194
-204
-84
97
180
83
-79
-221
-327
-370
-404
-429
-453
-545
-606
-596
-558
-591
-697
-711
-694
-670
-539
-378
-308
-372
-487
-532
-468
-354
-282
-238
-127
-12
84
177
156
100
3
-80
-1
150
363
526
544
474
390
376
441
604
775
822
779
719
644
589
615
685
614
386
186
47
-45
-82
-90
-53
-3
47
117
118
-10
-122
-135
-128
-149
-197
-243
-303
-416
-493
-468
-422
-427
-418
-358
-327
-346
-375
-379
-401
-514
-610
-585
-495
-374
-297
-309
-376
-392
-250
-60
46
104
83
-48
-152
-126
36
230
354
472
539
459
379
436
567
673
704
682
645
569
487
438
367
322
326
276
240
259
185
0
-191
-294
-259
-139
4
109
114
68
29
37
116
193
189
45
-229
-492
-623
-673
-697
-601
-435
-365
-423
-559
-597
-428
-228
-140
-169
-267
-372
-461
-470
-373
-224
-85
-19
-26
-69
-105
-101
-26
109
235
354
449
494
524
556
576
595
599
562
530
506
464
423
339
251
207
198
205
174
147
185
200
127
25
-29
-22
36
113
167
146
42
-60
-116
-101
-87
-220
-483
-679
-699
-635
-539
-407
-382
-530
-648
-619
-568
-501
-399
-354
-331
-329
-350
-290
-154
-108
-168
-165
-69
39
169
298
369
398
420
461
542
612
562
488
518
562
493
281
30
-116
-94
100
365
491
459
389
248
69
50
138
188
217
163
38
-3
-68
-165
-110
33
170
271
238
112
20
-94
-224
-298
-408
-511
-442
-359
-386
-336
-253
-327
-414
-400
-366
-298
-294
-419
-478
-439
-400
-317
-180
-150
-230
-175
-43
-35
-25
83
129
95
117
206
275
304
329
322
263
211
234
393
578
667
685
596
361
123
32
54
113
159
176
190
156
144
228
241
136
98
105
45
-6
-50
-165
-205
-149
-219
-322
-311
-322
-369
-395
-373
-273
-165
-119
-162
-263
-355
-373
-327
-327
-335
-244
-63
103
140
154
206
161
5
-132
-148
-123
-115
-92
-26
32
30
93
266
419
543
595
471
219
6
-44
49
128
104
113
160
32
-129
-69
69
122
95
56
61
80
76
38
49
106
104
35
-44
-61
17
130
207
178
14
-255
-458
-469
-412
-357
-272
-279
-364
-347
-235
-132
-66
-34
-42
-14
41
20
-64
-120
-109
-77
-73
-121
-155
-75
59
157
258
380
425
376
282
172
89
55
72
123
150
135
141
194
256
302
306
248
164
104
90
70
11
-47
-68
-50
3
45
37
-25
-98
-109
-87
-92
-139
-196
-247
-300
-352
-397
-369
-267
-192
-209
-298
-385
-395
-323
-200
-22
148
151
41
15
70
160
214
99
-76
-165
-127
54
189
197
216
216
118
59
131
229
275
292
284
227
127
57
43
67
80
82
153
166
81
19
-49
-21
164
269
269
236
105
-37
-90
-72
67
180
127
43
-65
-279
-432
-384
-277
-288
-374
-420
-464
-476
-355
-154
27
48
-102
-206
-244
-300
-241
-55
72
113
118
37
-93
-127
-29
104
225
330
412
375
195
24
-18
55
162
289
398
362
235
165
124
84
109
188
209
124
-3
-84
-134
-143
-94
-3
111
137
109
110
66
-41
-99
-61
-10
1
-53
-193
-358
-482
-469
-271
-88
-22
-71
-261
-398
-422
-356
-110
24
4
18
-32
-42
-43
-99
-39
60
63
16
22
77
141
214
243
272
278
278
322
221
77
1
-76
3
141
201
237
148
76
104
82
168
333
328
164
-16
-64
-17
-40
-56
42
63
-13
8
-6
-82
-104
-73
69
75
-101
-226
-332
-287
-87
58
57
-100
-260
-332
-398
-482
-418
-292
-265
-198
-158
-168
-82
58
145
147
99
82
16
-94
-101
-3
126
84
87
131
-3
50
226
352
356
207
40
-70
-71
-73
-25
35
32
-55
-101
-27
29
145
191
234
288
229
116
76
124
66
90
174
215
241
217
120
-6
36
30
61
84
-33
-32
-144
-202
-182
-276
-240
-256
-380
-415
-350
-235
-120
-125
-166
-111
-133
-167
-180
-176
-74
49
196
200
62
-36
-61
28
116
210
229
125
74
76
169
149
34
42
74
159
195
160
152
164
194
144
111
123
100
141
213
234
166
4
-100
-139
-108
-2
56
100
25
-186
-353
-447
-421
-347
-204
-31
-57
-124
-136
-231
-333
-241
-139
-101
-25
-190
-328
-246
-136
59
131
57
6
-57
-77
-16
1
-21
-4
21
86
141
136
200
244
159
148
220
225
185
153
232
236
87
51
41
45
104
146
170
138
124
139
165
168
188
210
145
218
233
165
240
149
-3
-110
-208
-230
-210
-73
-43
-124
-221
-360
-341
-293
-248
-251
-382
-391
-374
-369
-252
-118
-25
-38
-145
-194
-127
-103
-79
3
41
83
66
19
-18
-107
-100
-54
-1
135
241
308
308
266
284
302
265
229
231
199
168
107
37
113
168
228
346
306
238
204
195
166
-21
-99
-15
-28
-123
-165
-189
-298
-374
-314
-266
-271
-180
-43
-120
-370
-492
-414
-287
-169
-75
-71
-139
-243
-294
-266
-265
-160
23
129
133
25
-1
44
88
172
184
171
113
52
257
429
386
367
254
189
209
235
404
397
229
141
62
88
132
150
227
203
152
179
163
72
-67
-102
-22
-27
-90
-162
-271
-278
-223
-225
-197
-153
-91
-76
-151
-245
-424
-535
-562
-535
-357
-281
-279
-149
-40
38
94
69
90
113
90
106
60
-40
-68
-69
-13
46
75
220
370
370
283
186
124
63
34
114
171
129
87
57
109
181
123
115
152
153
205
211
230
148
-147
-291
-254
-127
84
192
277
312
167
26
-107
-262
-357
-410
-401
-442
-528
-454
-335
-291
-160
50
166
181
119
29
-20
-99
-214
-256
-218
-190
-184
-112
0
107
290
415
395
306
172
73
38
61
31
-46
-29
37
142
217
268
447
584
509
365
224
48
-98
-156
-205
-301
-287
-146
-116
-182
-188
-13
305
437
427
340
14
-308
-491
-481
-216
-18
75
72
-110
-186
-119
-87
-82
-167
-241
-206
-267
-356
-323
-287
-273
-272
-225
-132
-32
143
316
365
295
213
120
-31
-124
-162
-156
-71
-7
63
144
128
85
98
189
343
430
438
347
132
-45
-103
-40
63
134
207
194
92
-41
-46
171
336
342
207
14
-95
-179
-193
-166
-164
-145
-181
-202
-160
-125
-28
44
-46
-153
-139
-113
-177
-211
-139
-107
-156
-227
-249
-187
-135
-44
80
87
21
-32
-55
-105
-85
92
196
142
50
-43
-43
57
124
192
265
193
117
191
272
265
187
135
95
38
22
-6
-18
-24
-76
-82
18
132
113
-13
-122
-56
103
112
61
25
6
11
-22
-111
-264
-297
-261
-304
-284
-270
-245
-193
-135
-15
50
102
34
-50
76
101
8
-67
-78
15
101
144
53
-50
-100
-72
72
84
117
154
80
29
-113
-132
-34
61
232
275
216
131
59
66
53
86
202
245
154
-12
-121
-127
-45
37
17
-18
0
26
39
111
165
128
127
48
-118
-202
-208
-192
-204
-185
-153
-172
-188
-210
-151
-31
-65
-80
9
16
40
-5
-127
-170
-104
52
87
50
-5
-71
-70
-120
-67
94
138
138
130
143
130
80
99
61
-8
-10
12
144
251
214
144
12
-93
-66
6
135
228
171
62
-61
-92
-93
-157
-161
-135
7
204
213
118
2
-18
-11
-106
-157
-185
-188
-124
-57
-25
-53
-169
-253
-206
-138
-22
121
190
147
-40
-180
-268
-275
-124
-44
20
55
57
138
124
103
76
-4
-35
-68
13
88
48
49
65
165
231
145
35
-30
87
334
435
274
24
-115
-116
-89
-93
-21
61
115
115
73
130
126
56
7
-69
-85
-88
-72
-55
-72
-9
37
0
-155
-308
-326
-294
-181
-76
17
73
-5
-123
-279
-333
-261
-137
16
79
54
-10
17
113
174
179
143
117
2
-111
-127
-75
28
115
175
64
-115
-139
54
303
382
385
289
179
74
-9
45
77
141
156
12
-154
-215
-133
-90
-34
30
32
-4
-39
-42
-132
-170
-145
-150
-115
-102
-79
-121
-150
-132
-167
-81
-19
-29
-39
-109
-164
-127
27
92
47
8
-57
-46
59
191
239
188
115
60
10
-42
-20
14
48
108
108
88
61
83
144
87
21
40
81
109
47
18
54
107
199
142
115
114
-104
-190
-129
-22
85
131
252
202
41
-14
-83
-117
-11
92
2
-173
-299
-287
-223
-170
-1
74
-74
-279
-384
-313
-132
-5
-34
-82
-97
-101
-96
-141
-85
-3
-45
-35
-31
-65
-53
-74
-114
-112
-64
39
142
150
207
335
406
415
240
53
23
59
158
213
211
209
103
-33
-34
-22
-80
21
232
276
101
-110
-113
-2
-45
-124
-202
-302
-205
-121
-86
48
82
69
59
-18
-85
-45
-8
-82
-184
-228
-120
-27
-33
-35
-93
-117
-60
-114
-129
22
22
-11
67
63
25
-20
-12
111
150
93
161
289
263
184
106
-3
3
59
18
-11
61
161
184
139
125
67
-56
-68
-86
-146
-164
-187
-94
40
44
-53
-147
-85
12
54
166
166
26
-43
-131
-175
-78
-36
-44
-40
-110
-173
-155
-97
43
141
91
13
-112
-185
-130
-150
-182
-187
-245
-209
-44
149
248
167
31
-51
-7
163
237
91
-95
-130
-94
-62
60
219
233
73
-48
-29
-44
-104
-64
17
15
1
64
145
204
196
100
34
16
18
96
118
55
91
135
72
-5
-31
-57
-96
-33
76
97
80
27
-25
-78
-151
-135
-73
-20
58
147
217
155
42
17
-22
-93
-144
-103
-17
-90
-224
-256
-258
-213
-122
-43
84
193
139
7
-90
-130
-123
-102
-16
71
17
-40
-18
21
105
133
107
98
13
-3
75
89
70
-32
-86
26
121
263
377
263
36
-220
-356
-281
-142
24
98
-1
-122
-200
-131
72
191
228
218
151
44
-143
-337
-399
-320
-235
-178
-119
-113
-137
-79
7
-28
-105
-78
28
125
167
73
-158
-266
-162
-1
164
280
267
109
-64
-76
20
178
337
341
270
192
132
195
295
314
295
211
44
-57
-29
91
257
358
369
223
-61
-257
-299
-232
-155
-51
100
92
-53
-210
-304
-265
-196
-134
-71
-170
-342
-328
-216
-119
-30
5
29
-52
-248
-352
-377
-296
-104
-26
-55
-101
-146
-68
11
8
105
177
134
112
87
96
145
186
299
303
167
109
27
-52
36
129
162
222
175
97
79
-9
21
142
153
118
28
-6
-5
-9
111
145
20
-53
-101
-180
-193
-134
-99
-73
-108
-231
-315
-242
-109
-118
-129
-100
-125
-103
-68
-95
-143
-117
-38
-5
69
146
157
189
168
38
-63
-24
66
86
150
282
334
279
186
123
106
130
172
142
64
-19
-59
-12
38
85
54
-97
-115
-24
-56
-85
-54
-57
0
60
52
83
26
-102
-113
-110
-92
-77
-38
83
2
-139
-90
-88
-176
-265
-338
-328
-255
-171
-95
-102
-189
-155
0
129
209
198
159
35
-160
-150
-26
90
166
108
77
66
3
11
37
32
51
86
111
94
21
-39
7
117
211
268
252
232
169
18
-32
8
86
178
169
76
-54
-135
-119
-66
52
189
181
74
-47
-171
-231
-216
-148
-55
-70
-225
-293
-194
-16
138
127
-26
-239
-383
-332
-181
-25
100
254
315
139
-59
-173
-185
-118
-54
26
36
-27
-95
-132
-65
31
121
197
153
76
105
183
268
292
232
163
-7
-165
-72
79
168
241
143
-23
-108
-96
42
80
89
99
-32
-92
-133
-35
143
67
69
25
-128
-144
-219
-138
-10
1
36
-123
-201
-166
-158
-69
-111
-96
-40
-124
-183
-279
-268
-157
-64
121
197
122
1
-48
22
9
-8
19
-5
-75
-64
84
121
34
6
63
126
106
130
169
93
7
-32
32
97
123
220
242
184
110
67
130
123
93
80
4
5
22
2
-45
-123
-70
5
-6
31
128
240
259
145
-43
-276
-385
-262
-68
36
1
-174
-315
-345
-285
-99
-17
-71
-101
-77
83
192
107
-82
-237
-172
-95
-128
-126
-105
-18
40
40
119
89
-19
-26
-50
-55
6
96
184
156
94
125
215
270
175
20
-43
-63
-28
67
183
259
147
-51
-135
-80
68
188
188
48
-182
-282
-165
-63
-66
-30
8
-26
-42
-21
37
91
25
-99
-175
-185
-94
97
212
141
-21
-189
-194
-31
72
162
220
127
47
65
145
244
175
-31
-155
-223
-282
-291
-159
60
77
-68
-148
-145
-150
-180
-66
91
92
78
141
169
116
115
158
95
-6
-81
-45
99
174
130
-31
-167
-159
-105
-24
66
129
101
-48
-105
-50
-5
51
74
18
-101
-255
-320
-203
-69
-58
-27
13
46
126
129
66
-26
-130
-184
-190
-130
-48
47
148
192
185
156
103
-34
-159
-93
114
313
362
204
-6
-124
-138
-74
67
218
271
216
118
44
-16
-53
7
117
157
89
-28
-53
22
83
82
51
68
85
-4
-135
-205
-207
-230
-307
-277
-157
-153
-194
-183
-175
-155
-83
3
-44
-195
-274
-295
-282
-277
-219
-23
127
175
205
241
257
212
175
94
-10
-1
100
244
340
333
218
53
-20
0
57
124
159
195
195
87
-57
-103
-2
155
223
143
-41
-214
-232
-131
-42
43
116
39
-102
-142
-179
-256
-237
-120
-61
-51
-9
9
-83
-190
-140
-19
30
33
5
-92
-213
-247
-176
-34
80
109
127
92
-19
-92
-106
-103
-21
132
231
256
223
168
78
-24
1
121
222
270
191
-18
-124
-48
24
81
193
286
280
186
50
-84
-142
-91
11
57
20
-82
-193
-145
-9
20
67
163
95
-118
-253
-280
-267
-257
-280
-245
-103
-44
-85
-105
-108
-75
-28
2
10
-24
-83
-159
-206
-187
-168
-115
-4
106
219
245
121
-32
-97
-35
90
214
280
239
185
142
47
-9
16
77
100
61
36
80
146
118
49
65
117
168
155
52
-15
-1
52
95
151
182
11
-225
-285
-276
-225
-89
-18
22
97
94
23
22
71
22
-103
-154
-119
-115
-167
-212
-210
-143
-33
49
81
57
-46
-119
-129
-160
-94
70
149
141
84
-16
-97
-66
50
123
164
149
72
6
-18
-35
-119
-133
-49
-9
65
172
216
155
51
-36
-45
42
92
10
-109
-76
-1
5
30
49
14
-72
-53
24
117
207
140
40
-85
-147
-110
-31
45
-31
-92
-98
-103
-143
-170
-139
-196
-176
-62
87
192
147
61
-48
-109
-136
-84
43
146
210
146
61
-24
-62
-7
59
134
155
170
100
-31
-44
30
64
-16
-49
-63
-85
-58
-24
89
196
209
110
16
0
-35
6
91
91
50
24
-66
-248
-298
-179
-56
33
64
-8
-109
-175
-222
-217
-152
-66
-3
55
82
12
-31
-47
-89
-70
34
100
24
-39
-13
-6
-11
29
105
155
170
139
47
-20
18
103
163
169
82
-101
-245
-206
-44
128
237
218
132
66
38
40
107
184
147
21
-118
-233
-278
-155
110
311
297
114
-99
-169
-84
-20
14
31
3
-23
-63
-158
-267
-212
-13
90
7
-96
-60
-49
-113
-149
-199
-221
-161
-80
-18
29
39
48
137
156
65
-21
-96
-130
-136
-56
75
66
2
13
54
103
190
149
-19
-92
-146
-112
25
27
28
42
-75
-157
-66
66
96
74
100
174
166
44
-33
-21
61
130
118
164
180
59
-24
-21
17
66
126
104
37
32
-1
-47
-68
-39
21
12
5
-26
-139
-218
-205
-105
19
133
115
-12
-62
-99
-70
64
147
162
132
109
86
-10
-104
-124
-154
-205
-167
-54
71
171
95
-77
-179
-222
-179
-64
79
138
93
-47
-219
-245
-144
58
217
263
257
190
113
36
-3
-74
-116
-126
-161
-61
-3
-23
-15
-49
-104
-146
-111
-97
-98
-90
-59
-20
-33
-13
-108
-162
5
196
305
260
135
-22
-134
-160
-136
-56
23
110
132
108
95
52
47
91
134
149
158
190
184
61
-118
-155
-93
-31
92
160
126
86
31
8
50
109
162
105
-23
-30
-54
-122
-97
-83
-39
55
26
-51
-57
-44
-30
-88
-189
-188
-162
-163
-85
-6
-34
-41
13
49
82
78
50
28
-42
-84
-38
32
74
47
-51
-145
-173
-121
33
161
113
-11
-133
-186
-126
-51
-5
40
60
88
85
8
-26
-18
49
206
261
200
126
16
-17
74
82
36
30
-20
-59
-48
-13
34
-20
-138
-164
-181
-234
-245
-246
-151
55
146
78
-4
-36
-45
-54
-63
-24
5
-1
15
20
-4
-71
-93
-2
95
127
147
185
184
112
-46
-111
-16
53
168
310
289
193
200
234
243
226
152
149
112
-17
-73
-122
-193
-230
-255
-207
-81
2
34
15
-96
-185
-214
-206
-153
-161
-168
-88
-28
23
113
125
32
-73
-159
-146
-31
63
105
94
-2
-126
-198
-214
-120
31
137
170
80
-43
-63
-45
-75
-51
22
28
-14
-67
-88
-22
84
158
221
236
169
43
-107
-159
-88
-27
-10
9
-34
-121
-95
58
227
343
367
286
120
-101
-212
-119
21
110
178
195
134
-11
-198
-263
-206
-169
-82
71
111
31
-25
-22
-15
-3
68
179
181
51
-78
-137
-155
-151
-123
-75
-35
-31
-11
64
90
12
13
135
165
61
-41
-78
-86
-91
-75
-40
-16
8
24
-30
-122
-153
-112
-31
5
-67
-128
-109
-103
-115
-80
11
148
292
287
138
41
13
-18
-31
-32
-49
-82
-107
-90
-10
93
135
149
156
99
8
-5
52
44
-35
-57
13
67
52
64
133
124
25
-15
8
52
158
245
165
-13
-137
-189
-183
-153
-135
-87
-9
2
-93
-186
-186
-147
-103
-46
-43
-115
-107
0
9
-47
-4
71
91
61
-64
-209
-212
-84
60
183
213
121
-1
-62
-10
78
118
158
217
282
275
139
-29
-118
-97
60
212
139
-39
-113
-147
-81
167
322
227
15
-263
-467
-418
-245
-126
-51
-7
57
172
157
-69
-299
-343
-237
-132
-72
-8
32
34
47
49
96
204
236
170
72
-42
-56
46
116
151
172
130
105
103
66
60
108
147
162
189
226
189
13
-173
-241
-207
-123
-66
-36
3
-5
-56
-104
-138
-71
67
94
-21
-193
-352
-391
-281
-100
98
225
188
42
-115
-233
-282
-231
-85
29
33
-9
-48
-72
-95
-56
31
57
62
126
191
198
182
101
-31
-31
77
148
167
144
48
-92
-131
-78
-52
-62
-18
71
80
31
22
55
125
179
167
97
43
32
-15
-73
-96
-80
-21
78
172
192
182
109
-20
-110
-123
-83
-103
-155
-129
-34
38
36
-8
-57
-60
-49
-42
-4
-16
-83
-141
-152
-147
-177
-205
-156
1
141
155
75
-5
-30
15
124
153
56
-31
-19
94
196
193
155
147
110
11
-62
-28
46
53
17
0
-17
-48
-46
7
31
24
24
-45
-169
-187
-103
-30
17
38
2
-83
-172
-235
-259
-163
56
222
240
182
61
-125
-257
-241
-121
-38
-22
-5
-51
-144
-163
-84
48
147
101
-9
-13
43
46
-6
-50
-31
24
77
129
165
157
152
180
199
197
160
65
-29
-60
-58
-22
76
199
271
240
159
85
37
46
46
-49
-180
-233
-153
-22
41
32
-35
-145
-177
-86
13
37
21
-14
-106
-225
-290
-249
-110
51
111
45
-48
-86
-51
-6
8
-23
-91
-114
-50
42
113
176
213
156
5
-128
-139
-35
106
186
167
110
70
-3
-144
-241
-203
-98
-7
65
131
185
184
74
-114
-232
-212
-129
-55
8
43
27
0
10
47
68
34
-46
-94
-85
-45
10
58
25
-75
-94
1
107
158
128
55
4
-33
-91
-146
-99
-5
3
-28
-8
23
33
77
129
95
8
-61
-102
-105
-13
125
176
148
96
45
69
176
276
257
117
-8
-79
-106
-91
-87
-81
-73
-95
-100
-26
137
287
288
174
45
-69
-163
-236
-249
-177
-72
-16
-18
-33
-83
-152
-157
-103
-15
32
-13
-36
-39
-116
-200
-146
31
188
261
214
51
-81
-56
57
190
262
125
-171
-380
-352
-151
56
205
175
-27
-108
-35
6
57
97
20
-25
53
48
-81
-200
-258
-194
-19
147
210
115
-34
-142
-194
-104
93
230
250
240
125
-51
-47
21
50
64
10
-28
-66
-127
-102
13
89
116
153
27
-72
-3
-11
72
219
187
82
0
-100
-196
-134
-78
-67
43
55
40
52
-7
-45
-9
56
21
-47
-125
-207
-187
-139
-57
52
134
164
98
-32
-154
-145
-49
35
134
182
171
156
84
-45
-109
-66
16
71
70
11
-70
-104
-23
83
135
118
-11
-75
-27
6
45
-1
-77
-132
-125
-52
-34
17
-19
-77
-68
-137
-92
-37
29
147
79
-66
-194
-196
-129
-54
73
53
-21
-70
-32
123
160
101
39
43
11
-63
-11
51
113
103
0
-10
32
71
79
73
49
-13
-49
-52
-29
-23
12
119
160
99
22
-85
-98
63
207
273
243
72
-119
-175
-86
13
51
-10
-127
-184
-209
-147
-38
-39
-79
-133
-151
-59
13
-41
-131
-168
-126
75
277
249
60
-165
-218
-73
73
116
74
13
-68
-87
-9
99
203
159
53
25
43
105
83
-65
-156
-131
-89
3
84
11
7
113
149
121
70
41
-15
-69
-43
45
118
71
-31
-84
1
95
19
-99
-178
-132
7
54
58
41
-2
-66
-132
-157
-114
63
160
42
-99
-114
-38
-2
9
8
22
124
183
156
106
34
-45
-140
-190
-170
-149
-93
15
92
104
56
-37
-132
-162
-86
51
157
198
181
102
99
211
186
51
15
-25
-148
-238
-234
-141
-13
49
51
18
-53
-106
-101
-59
-19
-32
-68
-27
53
54
49
70
1
-119
-164
-126
-80
-69
-86
-128
-48
135
197
175
149
81
47
72
37
-9
50
74
67
155
151
53
45
72
82
76
41
18
47
90
93
81
43
-59
-171
-253
-228
-134
-93
-71
-57
-72
-94
-62
-14
-72
-138
-125
-107
-20
103
64
-82
-139
-119
-79
30
181
266
287
195
-4
-103
-47
87
229
314
265
62
-76
-52
-47
-41
11
4
-41
-57
-53
-34
-20
-67
-169
-232
-223
-192
-60
145
227
155
38
-88
-183
-118
33
109
56
-106
-163
-20
95
105
117
82
-37
-134
-165
-172
-97
9
-3
-69
-84
-67
-18
79
213
307
263
117
-41
-161
-171
-115
-61
110
307
235
24
-26
3
-6
28
97
130
133
66
-98
-211
-149
-50
28
171
230
138
70
19
-90
-172
-171
-140
-66
6
-7
-15
14
22
-10
-80
-170
-220
-158
-1
151
180
114
79
32
-86
-129
-48
39
104
143
54
-99
-220
-314
-274
-136
-26
88
127
56
-1
-24
7
91
115
68
-52
-215
-228
-92
40
77
31
27
60
81
183
353
386
202
36
23
32
58
126
134
85
76
95
72
-20
-155
-170
-59
-55
-106
-88
-108
-148
-218
-314
-171
72
89
37
2
-4
82
91
17
-15
-14
23
-1
-69
-91
-134
-159
-80
59
167
220
160
-31
-199
-299
-271
-93
30
195
351
265
162
36
-95
-46
-69
-85
24
50
99
70
-12
92
57
-121
-130
-49
82
154
147
154
19
-217
-336
-305
-208
-125
-5
137
165
59
-86
-145
-110
-108
-73
24
58
92
116
89
118
154
199
285
244
53
-114
-165
-126
-54
35
65
-52
-204
-189
-10
166
174
69
-6
-77
-129
-78
44
100
65
15
-81
-124
-35
-9
-27
47
175
208
28
-144
-127
-103
-124
-161
-156
-24
42
74
231
290
217
130
-35
-115
-77
-141
-161
-108
-99
-60
-124
-120
22
2
41
129
69
138
218
113
47
24
14
83
39
-53
-15
17
45
48
-25
-39
-33
-12
94
71
-117
-175
-120
-145
-176
-122
2
86
51
66
88
-16
-150
-236
-175
-26
104
217
165
73
105
117
113
125
98
34
-72
-122
-50
4
-15
-26
-46
-131
-220
-207
-89
12
41
84
87
-28
-142
-128
-81
-19
93
80
-35
-51
17
64
103
208
286
194
56
-8
-6
70
136
59
-107
-179
-132
-32
83
151
74
-145
-329
-331
-203
-124
-120
-66
21
78
109
110
45
39
147
215
188
119
51
-72
-95
22
92
122
74
-14
-50
5
112
138
127
50
-65
-115
-85
-40
-102
-95
-63
-50
70
136
136
39
-66
-144
-149
-12
82
113
86
123
68
-142
-193
-102
-26
-55
-128
-146
-73
-3
-29
-123
-163
-53
66
145
95
-155
-202
-38
41
84
78
76
34
-84
-137
-87
-5
54
76
23
-63
-158
-219
-119
61
100
34
137
260
56
-100
30
71
57
149
264
295
201
115
5
-56
48
63
-18
-44
-69
-60
-25
-39
-136
-209
-187
-103
83
204
205
128
-6
-99
-211
-219
-59
65
76
84
52
-83
-71
-65
-8
223
297
232
51
-136
-236
-144
59
123
181
10
-146
-76
11
169
165
162
79
-140
-181
-209
-173
-99
-97
-74
31
41
-84
-68
-18
-44
-91
-131
-120
-34
41
4
-69
-183
-198
-103
-5
49
-79
-113
