SAMPLES:	14858
BITSPERSAMPLE:	16
CHANNELS:	1
SAMPLERATE:	16000
NORMALIZED:	FALSE
-4
-46
-39
-13
23
43
22
-61
-168
-219
-141
77
333
475
407
139
-192
-408
-422
-257
-14
189
274
237
137
41
-11
-44
-80
-97
-32
104
182
90
-113
-230
-157
-5
45
-47
-147
-145
-76
-25
-1
77
202
219
39
-200
-237
5
282
296
12
-324
-448
-311
-86
55
73
49
77
169
270
270
124
-74
-158
-71
49
43
-108
-248
-220
-60
109
231
336
390
278
-73
-484
-642
-416
21
348
415
269
61
-81
-115
-67
-3
20
15
51
125
141
18
-177
-245
-99
110
163
5
-169
-144
82
324
370
172
-132
-339
-345
-220
-111
-69
-29
73
202
270
246
172
74
-79
-252
-319
-209
-61
-84
-223
-195
124
468
480
178
-102
-147
-59
-33
-73
-91
-65
-20
39
113
135
27
-122
-107
94
256
191
-12
-133
-108
-58
-67
-72
16
140
177
90
-41
-104
-53
53
63
-71
-194
-159
-21
19
-124
-290
-270
-69
142
276
336
293
109
-123
-204
-94
29
-8
-125
-141
-46
21
18
58
175
260
195
12
-154
-217
-147
29
204
232
83
-69
-32
160
262
135
-118
-285
-244
-55
133
167
-50
-408
-604
-437
12
430
531
286
-75
-229
-48
278
384
103
-332
-505
-289
34
147
29
-65
38
235
299
149
-73
-191
-140
13
140
178
133
31
-58
-65
-19
-20
-106
-160
-22
261
411
225
-151
-363
-247
20
150
48
-165
-304
-269
-81
151
288
257
100
-71
-158
-128
-35
39
42
-25
-84
-49
74
161
95
-89
-241
-239
-93
111
285
356
242
-63
-399
-521
-317
58
326
337
187
57
33
51
33
-9
-20
-10
-76
-248
-397
-337
-18
346
487
334
55
-122
-101
40
147
125
-17
-219
-349
-291
-57
203
266
95
-110
-107
130
369
359
77
-257
-392
-233
64
244
141
-185
-464
-451
-132
273
507
476
260
7
-193
-308
-326
-248
-109
29
109
139
186
259
262
88
-236
-503
-474
-116
307
445
213
-130
-247
-46
253
366
203
-116
-384
-442
-261
64
324
337
107
-147
-196
-16
200
249
120
-37
-124
-146
-151
-125
-32
74
86
-37
-191
-245
-171
-18
153
315
419
360
82
-287
-468
-290
75
271
135
-142
-252
-106
117
202
129
25
-11
11
59
88
60
-45
-189
-255
-136
127
336
288
-20
-342
-387
-117
229
388
338
220
91
-121
-412
-590
-457
-88
253
383
327
226
120
-18
-155
-191
-101
-12
-15
-50
22
192
241
11
-344
-464
-185
275
520
367
-27
-342
-375
-159
106
207
105
-67
-125
5
213
280
85
-261
-475
-327
95
435
399
35
-321
-393
-204
42
191
222
177
100
20
-39
-72
-109
-116
-41
101
195
133
-8
-68
0
88
63
-47
-66
92
275
238
-69
-396
-447
-176
169
309
208
25
-106
-194
-275
-271
-79
245
442
267
-186
-550
-559
-254
84
259
322
399
452
354
105
-137
-219
-170
-139
-191
-235
-160
16
170
222
189
125
62
-20
-142
-245
-219
-25
238
353
181
-186
-439
-311
110
459
469
203
-46
-129
-159
-286
-461
-468
-191
219
467
379
30
-328
-457
-291
52
331
384
219
-22
-172
-191
-110
6
86
83
24
3
60
122
77
-73
-177
-95
144
334
313
96
-143
-237
-167
-40
18
-19
-63
-9
134
237
214
92
-63
-207
-316
-319
-137
157
339
260
-5
-219
-231
-88
33
65
71
100
131
91
-13
-95
-97
-34
35
55
40
16
-14
-75
-176
-248
-178
59
325
403
204
-97
-239
-179
-111
-190
-278
-137
211
443
326
17
-143
-48
69
-45
-304
-407
-200
174
439
463
279
-8
-297
-452
-339
7
361
458
250
-69
-268
-273
-141
69
275
335
135
-209
-394
-219
174
400
236
-134
-340
-215
51
135
-28
-199
-137
125
320
278
68
-124
-181
-171
-174
-165
-85
59
171
191
159
126
57
-96
-271
-295
-90
170
235
68
-84
-5
222
286
37
-315
-439
-241
90
296
283
149
23
-48
-92
-144
-201
-210
-114
88
295
377
281
65
-152
-321
-422
-411
-243
32
261
316
220
115
69
21
-89
-205
-196
-44
98
75
-66
-160
-100
69
233
296
223
47
-126
-153
-12
155
171
1
-188
-199
3
242
285
62
-254
-392
-237
86
343
413
337
189
-16
-261
-458
-491
-318
-28
238
381
368
231
37
-168
-315
-325
-161
115
297
214
-79
-329
-320
-87
148
211
126
34
7
-41
-178
-320
-284
-27
241
286
88
-135
-217
-189
-170
-140
2
241
403
329
48
-225
-335
-306
-232
-145
6
218
363
347
219
108
73
51
-26
-99
-68
61
169
165
96
64
71
50
-19
-36
98
325
460
353
40
-258
-356
-244
-57
57
53
-24
-86
-61
28
80
-4
-227
-438
-429
-184
108
219
79
-170
-344
-374
-307
-180
17
237
345
244
0
-175
-155
-28
14
-86
-170
-66
203
409
361
107
-134
-205
-131
-27
69
175
266
254
79
-167
-265
-107
170
300
139
-203
-443
-389
-116
133
168
8
-156
-150
35
214
215
9
-267
-393
-248
77
369
449
321
127
-35
-168
-279
-308
-174
80
267
271
181
158
219
193
-37
-327
-401
-157
218
440
369
98
-202
-358
-271
38
389
520
293
-173
-562
-593
-267
142
340
198
-150
-412
-363
-39
297
367
113
-203
-251
32
338
328
2
-313
-347
-175
-53
-69
-75
40
177
191
106
93
178
181
-17
-283
-360
-188
-4
-8
-100
-33
225
407
286
-15
-174
-62
121
112
-100
-285
-278
-137
-15
57
132
225
259
153
-44
-204
-244
-145
45
225
290
164
-110
-342
-333
-60
274
402
247
-19
-165
-107
31
83
-8
-172
-274
-234
-76
81
118
33
-24
82
284
337
99
-261
-422
-271
-49
-17
-139
-141
117
445
557
390
92
-180
-393
-536
-488
-149
344
672
608
216
-235
-522
-550
-303
139
540
600
244
-252
-468
-241
168
355
188
-121
-289
-227
-52
94
164
153
49
-108
-204
-145
0
50
-55
-179
-146
58
248
250
76
-128
-249
-250
-150
5
141
179
107
23
18
60
36
-92
-181
-85
158
346
300
42
-235
-330
-169
144
389
362
29
-398
-571
-319
158
471
405
98
-149
-202
-174
-201
-255
-189
35
246
250
97
7
85
190
108
-147
-322
-210
86
257
137
-116
-219
-99
93
203
229
229
166
-51
-345
-446
-194
219
400
179
-198
-325
-118
130
155
5
-71
25
139
102
-15
-28
83
114
-76
-367
-500
-337
14
337
498
469
255
-88
-416
-530
-327
60
342
328
87
-132
-142
36
209
212
6
-284
-411
-201
244
570
479
13
-460
-588
-303
161
455
365
-56
-461
-448
52
632
757
265
-453
-810
-603
-116
249
351
274
135
-11
-127
-160
-81
66
189
232
160
-28
-254
-345
-218
-6
122
117
91
188
325
273
-14
-310
-416
-272
6
183
141
-17
-128
-103
80
294
340
210
-5
-227
-324
-231
-48
65
25
-150
-261
-137
117
276
281
218
150
90
-21
-225
-374
-315
-92
135
209
62
-168
-231
-59
229
453
426
105
-289
-470
-330
41
345
325
51
-191
-230
-109
37
86
85
179
340
372
179
-154
-438
-497
-310
-52
105
136
72
20
136
356
409
168
-212
-466
-413
-155
-3
-49
-92
0
157
268
237
46
-161
-296
-340
-194
113
334
270
-35
-375
-495
-272
81
245
176
20
-50
77
266
235
-45
-339
-451
-320
-41
151
164
139
160
199
230
193
41
-170
-308
-244
77
486
613
273
-288
-623
-433
167
711
799
421
-97
-378
-257
80
277
173
-90
-236
-137
62
158
114
38
-6
-79
-206
-287
-168
130
362
296
-48
-391
-458
-235
58
186
133
28
-64
-172
-311
-377
-260
-13
190
207
72
-66
-108
-45
84
202
220
112
-40
-126
-131
-145
-228
-298
-185
125
426
495
292
-14
-200
-183
-27
138
192
77
-170
-397
-452
-313
-97
47
60
11
33
160
276
231
-2
-246
-301
-186
-86
-103
-69
185
491
504
145
-213
-150
273
568
422
44
-156
-47
135
168
110
86
60
-82
-273
-279
-11
321
423
241
-47
-271
-384
-398
-313
-187
-135
-183
-185
-10
269
397
258
24
-86
-51
-16
-58
-127
-142
-125
-165
-231
-177
40
278
325
137
-95
-157
-22
118
117
48
19
-6
-150
-375
-433
-172
229
424
274
-19
-146
-42
103
108
0
-71
-11
115
169
108
-5
-105
-150
-127
-18
170
345
357
143
-172
-354
-285
-17
258
356
213
-69
-288
-276
-67
136
203
142
2
-156
-246
-196
-33
87
17
-187
-318
-249
-19
241
380
305
59
-197
-318
-270
-147
-63
-30
6
71
145
181
153
77
-12
-115
-223
-263
-140
156
437
468
227
-98
-274
-209
-19
133
176
99
-53
-157
-114
73
263
281
93
-160
-265
-148
53
169
146
65
-5
-54
-57
30
176
195
-65
-469
-639
-342
222
595
515
151
-144
-206
-160
-149
-148
-67
70
133
64
-20
27
148
132
-120
-426
-476
-167
278
515
411
125
-104
-178
-180
-215
-240
-161
21
205
259
157
7
-49
37
155
144
-35
-268
-395
-328
-154
19
162
258
293
239
63
-134
-177
-58
107
167
33
-173
-232
-84
160
306
215
-30
-229
-258
-142
-5
110
214
273
223
31
-185
-250
-172
-119
-136
-102
125
436
520
256
-175
-489
-538
-377
-132
97
184
74
-110
-146
77
423
584
395
-13
-374
-496
-373
-133
75
152
113
63
97
198
246
171
60
67
162
179
9
-270
-418
-311
-73
99
116
27
-51
-71
-43
19
104
153
65
-157
-368
-439
-350
-157
68
257
346
272
81
-66
-66
61
191
200
64
-160
-390
-505
-366
29
449
599
405
132
57
138
104
-141
-375
-328
-28
226
213
29
-90
-49
42
47
-22
-39
65
192
174
-52
-346
-472
-344
-117
-2
-49
-103
-1
219
382
368
180
-95
-325
-375
-209
29
121
30
-56
4
131
160
86
69
165
203
26
-262
-367
-143
240
454
322
-42
-382
-469
-254
117
398
424
257
70
-56
-179
-328
-412
-333
-121
114
278
344
290
88
-167
-278
-133
141
269
146
-72
-156
-107
-99
-171
-198
-68
140
243
193
112
60
-20
-129
-145
32
249
223
-135
-552
-604
-166
439
721
486
15
-261
-204
-49
-51
-171
-210
-119
-34
-25
42
231
365
247
-52
-239
-194
-78
-27
42
234
376
171
-360
-731
-529
115
643
634
215
-173
-264
-140
-47
-90
-167
-144
-5
154
208
131
9
-29
73
197
132
-162
-445
-400
-25
323
313
-24
-339
-305
55
400
415
131
-131
-124
35
45
-183
-373
-240
130
352
196
-132
-256
-55
239
347
216
-23
-226
-329
-304
-151
72
259
352
330
190
-67
-384
-545
-366
92
491
508
184
-140
-202
-120
-141
-255
-223
38
264
180
-107
-207
70
449
496
125
-320
-485
-337
-118
6
85
185
229
112
-99
-164
20
265
249
-106
-494
-521
-113
413
645
443
13
-350
-476
-382
-163
84
267
325
284
216
135
-28
-320
-601
-580
-148
425
694
465
-24
-338
-283
-19
173
181
79
-25
-113
-180
-167
-74
-2
-40
-97
3
262
430
284
-112
-432
-425
-127
226
414
359
96
-260
-540
-582
-325
110
499
657
545
255
-72
-325
-446
-424
-274
-71
87
128
70
39
133
298
371
225
-85
-343
-389
-224
30
215
228
88
-77
-132
-69
10
28
37
137
263
231
-12
-288
-353
-196
-32
-12
-38
63
263
339
143
-185
-364
-265
-35
126
151
85
-20
-156
-281
-267
-46
282
473
368
52
-212
-236
-118
-98
-244
-350
-152
306
637
526
69
-314
-316
-57
129
83
-34
-31
61
83
-26
-131
-93
39
134
137
93
42
-12
-80
-114
-62
28
68
-4
-131
-190
-116
43
153
126
-13
-146
-167
-54
130
281
300
128
-163
-398
-406
-162
151
328
307
174
41
-70
-168
-236
-227
-118
48
231
377
379
141
-271
-584
-526
-112
328
472
308
77
-47
-82
-129
-198
-214
-132
13
136
167
87
-22
-28
71
139
44
-144
-222
-102
95
169
63
-96
-150
-68
40
75
56
66
138
189
94
-154
-392
-421
-166
222
466
388
48
-291
-376
-160
177
375
300
27
-248
-336
-212
-6
145
149
40
-87
-137
-65
77
194
218
163
76
-45
-219
-353
-331
-145
105
301
387
330
100
-209
-347
-138
241
369
47
-425
-575
-260
198
395
254
3
-138
-135
-11
195
366
325
-12
-439
-593
-334
86
278
112
-168
-207
80
449
575
347
-88
-469
-609
-457
-102
251
391
265
26
-80
26
181
143
-134
-421
-421
-74
344
472
214
-164
-295
-89
194
237
8
-235
-231
14
265
311
141
-133
-372
-452
-329
-42
266
406
304
76
-84
-58
93
182
98
-111
-288
-323
-234
-116
-12
106
253
357
295
58
-180
-216
-64
59
-13
-171
-167
59
292
293
70
-188
-311
-277
-130
91
314
393
230
-90
-341
-335
-92
188
279
100
-228
-426
-311
60
429
547
379
74
-206
-396
-472
-388
-117
248
480
417
126
-151
-245
-188
-98
-28
48
117
101
-18
-133
-114
43
203
213
23
-255
-394
-242
155
504
517
165
-252
-388
-207
36
82
-75
-241
-257
-108
150
406
511
338
-42
-367
-403
-174
85
188
142
31
-89
-169
-142
19
188
170
-51
-228
-132
158
348
273
51
-123
-218
-313
-378
-260
59
353
405
252
100
55
5
-161
-348
-357
-153
100
219
182
123
111
85
-19
-168
-247
-180
-35
68
104
142
222
243
84
-208
-402
-304
31
334
369
151
-118
-250
-221
-137
-53
41
173
283
244
40
-202
-315
-226
-23
160
258
242
117
-108
-381
-557
-484
-132
356
694
634
193
-327
-561
-356
90
380
293
-38
-279
-230
-16
83
-30
-166
-72
243
464
335
-44
-318
-259
31
248
212
-1
-226
-351
-299
-57
221
340
255
119
130
243
182
-176
-581
-709
-481
-65
292
492
534
378
71
-197
-244
-95
57
54
-98
-235
-244
-123
74
280
385
280
-10
-313
-405
-207
136
374
354
93
-243
-436
-377
-127
128
212
110
-36
-64
59
195
176
-39
-298
-391
-266
-67
36
40
67
208
381
393
169
-184
-449
-464
-211
160
412
364
41
-290
-337
-6
495
759
537
-56
-609
-708
-325
159
382
286
77
-50
-72
-73
-88
-107
-118
-97
-18
137
286
301
123
-199
-486
-525
-272
92
268
128
-101
-108
104
240
128
-77
-117
-2
42
-72
-175
-81
140
286
280
208
154
86
-66
-271
-359
-233
30
247
286
182
72
43
76
94
33
-88
-211
-269
-207
-44
124
159
13
-198
-315
-285
-169
-70
-10
40
80
83
52
43
86
140
136
21
-180
-363
-391
-158
268
612
574
155
-282
-365
-65
295
402
232
-29
-199
-220
-95
115
242
140
-143
-374
-340
-41
338
602
577
188
-400
-799
-704
-229
215
329
194
49
-25
-68
-59
49
168
110
-103
-216
-80
111
44
-269
-450
-236
204
473
392
131
-96
-227
-287
-255
-109
83
191
167
104
110
123
2
-246
-429
-338
60
554
783
538
-24
-525
-657
-385
40
280
210
-10
-121
42
398
629
459
-68
-594
-718
-343
184
393
157
-176
-195
146
511
520
155
-244
-365
-227
-82
-79
-152
-163
-57
66
94
49
17
-10
-86
-172
-206
-173
-81
29
114
157
126
-2
-161
-252
-243
-154
0
191
346
374
231
-1
-181
-225
-174
-84
38
158
220
168
45
-43
-4
128
174
38
-175
-253
-78
188
264
70
-192
-253
-76
138
220
132
-18
-142
-233
-262
-209
-76
85
175
139
12
-104
-87
56
185
144
-51
-197
-169
-14
106
75
-43
-92
-16
126
220
194
39
-191
-327
-201
144
423
341
-32
-307
-225
72
219
56
-203
-300
-189
31
246
382
320
18
-308
-353
-57
277
287
-28
-357
-407
-191
62
195
206
183
190
180
76
-129
-349
-407
-211
128
377
347
76
-187
-227
-65
92
88
-47
-159
-125
22
163
226
184
31
-170
-318
-328
-170
95
334
407
277
33
-176
-225
-137
-79
-144
-210
-107
151
376
360
100
-181
-278
-151
102
291
201
-159
-475
-420
19
489
564
157
-349
-537
-316
121
474
525
288
-11
-175
-196
-177
-269
-439
-494
-311
34
347
501
442
249
46
-114
-140
-22
96
70
-47
-110
-59
15
-53
-227
-304
-145
126
288
262
127
79
140
184
104
-109
-319
-388
-253
-36
130
158
100
117
223
422
484
292
-45
-340
-297
-125
-50
-95
-111
158
485
590
343
-117
-370
-328
-137
-51
-176
-271
-197
-131
-266
-591
-811
-679
-354
-60
10
-108
-192
-143
152
516
710
648
378
151
-113
-392
-576
-541
-245
-40
148
342
663
853
491
-134
-901
-1175
-982
-398
524
1045
1397
1428
1684
2162
2001
1233
-227
-1223
-1430
-1359
-1212
-1517
-1610
-1396
-908
-75
588
1122
1260
1231
1288
1080
583
-224
-800
-917
-995
-1152
-1428
-1333
-745
73
872
1221
1189
860
435
44
-478
-975
-1340
-1336
-983
-480
136
690
1099
1200
933
393
-296
-866
-1135
-1039
-664
-203
267
673
942
1068
1079
1052
887
461
-156
-753
-1033
-952
-597
-150
218
500
669
805
881
788
551
216
-41
-199
-282
-223
-148
-83
-107
-137
-42
-4
-114
-436
-721
-751
-619
-333
-53
189
270
81
-142
-236
-29
257
284
29
-381
-516
-291
48
224
60
-154
-219
-114
32
77
181
353
543
609
469
280
97
-20
-93
-173
-220
-258
-316
-401
-468
-321
84
544
734
462
-58
-495
-653
-537
-303
-33
123
86
-59
-106
96
335
334
31
-306
-354
-144
180
381
395
247
2
-49
125
425
509
225
-129
-293
-81
234
328
203
-8
88
355
547
347
-145
-468
-501
-258
-139
-173
-229
-348
-389
-502
-408
-46
278
541
399
313
327
252
170
-237
-370
-326
-326
-369
-736
-695
-438
-94
111
-85
-32
226
665
951
646
170
-387
-575
-336
13
406
418
190
69
16
257
202
15
-149
-366
-301
-356
-186
113
187
361
261
339
418
38
20
-317
-158
-135
-438
-145
-375
88
51
-61
372
10
420
-101
-245
-52
-358
343
106
400
483
-18
563
117
375
-88
-799
-466
-878
-457
-521
-584
251
107
737
823
599
748
-382
-296
-568
-518
-188
-594
-94
-193
-302
88
3
854
516
249
66
-230
165
-279
-194
-88
75
376
142
151
169
11
187
-3
132
43
4
202
208
50
-259
-577
-373
-246
-73
258
223
471
76
-93
-138
-367
-209
-535
-344
-209
-186
80
28
436
605
354
199
-238
40
106
65
-42
-313
-242
-283
-231
-44
82
319
532
427
198
-374
-276
246
779
600
-205
-695
-492
18
308
78
-249
-545
-620
-433
-13
431
533
400
92
101
85
81
-67
-252
-131
33
142
-36
-505
-571
-360
165
368
140
23
20
319
398
208
23
-154
40
286
428
314
-178
-316
-346
-167
-225
-394
-124
236
575
363
-259
-530
-755
-386
-114
149
367
118
132
-85
-77
-168
-359
-202
104
492
578
315
198
300
398
160
-530
-1104
-1051
-511
342
750
707
448
42
177
229
524
575
365
85
-430
-615
-550
-387
-254
-452
-514
-246
202
785
900
808
445
-20
-317
-572
-628
-652
-657
-491
-221
238
577
823
808
543
112
-299
-338
-258
-83
-190
-347
-362
-207
304
637
766
349
-283
-616
-593
-136
163
256
55
-237
-254
-184
38
2
-119
-169
-235
-224
-465
-515
-254
138
455
255
-34
-212
-219
10
87
221
231
138
134
0
22
-56
-5
272
559
828
648
301
-71
-259
-35
170
372
272
76
11
-9
106
127
217
299
174
-89
-436
-581
-513
-315
-47
106
101
-62
-265
-307
-313
-377
-451
-486
-398
-320
-148
98
263
213
-75
-179
75
437
479
-97
-743
-1072
-744
-3
593
851
487
-57
-552
-635
-176
202
471
437
632
1354
2247
2971
3040
2665
1974
904
-405
-1856
-2907
-3465
-3582
-3378
-2921
-2196
-1306
-229
1067
2248
3109
3321
2997
2365
1408
179
-1485
-3150
-4394
-5004
-4606
-3580
-1949
18
1848
3162
3582
3348
2210
873
-432
-1723
-2655
-3389
-3302
-2848
-1922
-988
620
4346
7516
9623
9688
9086
8429
5835
938
-5248
-8712
-8818
-8231
-7487
-7521
-6317
-3529
-406
2343
4316
5778
6469
7027
7014
5049
1555
-2225
-5229
-6446
-7389
-7540
-6016
-2562
1335
4401
6332
6616
5572
3176
6
-2706
-5120
-6614
-6637
-4708
-1788
1273
4314
6226
6967
5620
2902
-31
-3087
-5754
-7447
-7201
-5247
-2242
1211
4120
6094
6659
5594
3730
1084
-2116
-4849
-6368
-6293
-5140
-3206
-608
2392
5478
7276
7433
5855
2973
82
-2636
-4153
-4686
-4305
-2908
-1211
1580
4403
6867
8305
8298
7619
5498
2257
-1852
-5684
-7465
-7862
-7209
-6383
-5292
-3302
-891
1397
2826
3629
4124
4155
3826
2588
248
-2174
-4453
-5630
-6026
-5762
-4513
-2399
696
3415
5243
5889
4885
2933
23
-3042
-5724
-7749
-8245
-7194
-4686
-1516
1816
4735
6368
6567
5704
4138
2247
-408
-3043
-5185
-5674
-4757
-1559
4625
9385
11922
11796
11144
10372
6369
-493
-8146
-11777
-11312
-10763
-9477
-7732
-4133
649
4352
6547
7632
8431
8484
8158
7064
3843
-716
-5025
-7974
-9222
-10109
-9387
-6387
-1456
2982
5749
7923
8437
7059
3598
-950
-4707
-7780
-9281
-9326
-7515
-4524
-1466
2520
5677
7027
6402
4632
2620
-192
-3646
-6363
-7062
-5814
-3655
-1182
1631
4223
5737
5440
3711
1062
-1990
-4293
-5390
-4834
-3580
-906
3945
8730
12390
12907
11789
10082
6599
1533
-4858
-9222
-10677
-10764
-9267
-7194
-4048
-878
1638
3536
4725
5604
5563
5144
4611
3221
791
-2214
-4543
-5848
-6707
-6893
-6002
-3556
-657
2058
4618
6235
6163
4105
743
-2382
-5105
-7280
-8533
-8013
-6055
-3473
-201
3008
5368
6259
6047
5248
3752
1316
-1495
-3601
-4369
-4356
-3742
-3165
-1609
-201
2454
7311
10093
10992
9342
8686
9006
6354
1039
-6051
-9637
-9176
-9054
-8600
-8628
-6925
-3954
-588
2826
5983
9158
10839
11470
10875
8020
3276
-2261
-7369
-11216
-14113
-14316
-11182
-5177
970
5694
9522
11646
11022
7361
1636
-4165
-9513
-13199
-14331
-12109
-7571
-1988
3807
8170
9993
8852
6390
3496
102
-3944
-7063
-7495
-5891
-2700
339
3049
4856
5123
3949
1524
-1184
-3777
-3253
-692
2358
5172
7437
10347
11721
10197
5676
152
-3476
-6699
-9342
-11226
-11087
-8602
-4948
-731
2990
6412
8643
9645
9340
7371
3408
-1392
-5515
-7842
-8951
-8578
-6691
-3199
963
4381
6772
7575
6427
3581
-335
-4195
-7489
-9475
-9946
-8528
-5700
-2606
848
3763
5746
6202
5403
3895
2078
245
-1688
-2712
-3076
-3090
-2789
-2524
-2318
-2028
-1871
1529
6703
10372
11908
11062
11571
10828
6569
-796
-8506
-11339
-11470
-11240
-10750
-10068
-6809
-2517
1932
5570
8506
10803
11977
12514
11013
6813
921
-5088
-9474
-12941
-14783
-13593
-8963
-1880
4414
9543
12879
13075
10029
4115
-2231
-7886
-12345
-14827
-14812
-11753
-7108
-1160
5135
9705
11203
9546
6677
3189
-841
-4678
-6838
-6546
-4744
-2355
62
2353
4078
4156
2420
-72
-2687
-1356
2069
5575
7477
8479
11005
11509
8500
1773
-5207
-7818
-9281
-10337
-10897
-10081
-6594
-2495
1787
5311
8696
10838
11520
10973
8322
3170
-3044
-8598
-11589
-13112
-12997
-10349
-5313
1260
6575
10141
11607
10503
7165
1847
-3476
-8450
-12212
-13436
-12032
-8324
-4394
-225
3793
6751
7736
6633
5098
3275
1162
-943
-2340
-2289
-1745
-1138
-803
-585
-958
-1309
-1965
-751
2874
6356
9113
9912
11175
12022
9773
4090
-3658
-8184
-9154
-9638
-10472
-11738
-10415
-6668
-1801
2439
5973
9458
12333
13800
12667
8640
2541
-3996
-9391
-13341
-15682
-14715
-10235
-3231
3582
8689
11935
12941
11024
6235
-236
-6536
-11729
-14958
-15730
-13165
-8483
-2381
4183
9041
11431
10895
8659
5637
1690
-2486
-5769
-6442
-5219
-3546
-2052
-846
676
900
620
-221
327
4028
7432
10536
11782
12533
13035
9989
4234
-3646
-9281
-11543
-13130
-13583
-13437
-10857
-5877
-359
4937
8966
12247
13916
13677
11280
5737
-1428
-8612
-13466
-15056
-14866
-12156
-6985
689
8188
12846
14338
12416
8561
2572
-4492
-10857
-15682
-17195
-15670
-11251
-5629
292
6058
10299
12246
11149
8184
4632
835
-2744
-5395
-6020
-4815
-2438
211
2551
3741
3056
828
-1939
-4638
-6015
-4881
-829
5053
10048
14112
16871
18248
16403
9715
578
-7842
-12961
-15179
-16197
-15222
-12583
-7929
-2509
2474
6593
9584
11633
12494
11790
8876
3543
-3044
-8741
-12718
-14496
-13924
-10536
-4625
2035
7994
12116
13595
12170
7716
1232
-5697
-11467
-15163
-16692
-15963
-12753
-7440
-489
6419
11234
13218
12668
10220
6424
1694
-3038
-6636
-8025
-6981
-4471
-1647
692
2006
2272
1345
-666
-3285
-4626
-2733
2091
7634
12061
15501
17968
18235
14218
6450
-2156
-8511
-12399
-14856
-15827
-14666
-11290
-6459
-1348
3529
7965
11483
13504
13604
10973
5748
-932
-7106
-11164
-13581
-13647
-11402
-6694
-442
5263
9898
12047
11132
7271
1399
-4306
-9591
-13622
-15794
-15340
-12290
-7828
-1928
4273
9482
12141
12067
10395
7500
3534
-973
-4594
-6212
-6098
-4909
-3026
-873
956
1797
1401
-66
-2389
-4023
-4056
-819
4815
10216
14679
16739
17935
16740
11744
3974
-4922
-10899
-14167
-16120
-16637
-15749
-11759
-6072
-253
5080
9660
13652
15757
15070
11351
5369
-1571
-8080
-12911
-15670
-15721
-12622
-6654
669
7124
11569
13445
12596
8671
2195
-5055
-11461
-15638
-17438
-16628
-12962
-7256
-84
6739
11679
13744
12916
10422
6672
1860
-3021
-6584
-7537
-6366
-4114
-1854
135
1661
1921
1007
-981
-3445
-4719
-4190
64
6256
12079
16410
18200
19043
16820
10595
1543
-7673
-13234
-16287
-17841
-17671
-15127
-9446
-2823
3372
8305
12093
14599
14786
12458
7770
1479
-4779
-9964
-13245
-14592
-13431
-9371
-3607
2287
7010
10275
11842
10750
6629
429
-5873
-11206
-14866
-16537
-15681
-12060
-6431
552
7177
11944
14127
13651
11318
7202
1807
-3498
-7095
-8099
-7338
-5539
-3222
-738
1007
1354
684
-666
-2079
-2844
-1738
2651
8113
13050
15888
17605
18553
15633
8482
-1617
-10210
-14815
-17494
-18374
-17373
-13115
-6218
466
5994
10039
12992
14566
14180
11317
6219
-368
-6738
-11280
-13794
-14442
-12725
-8545
-2581
3061
7267
10142
11310
10045
5867
-136
-6153
-11202
-14577
-15969
-14791
-11249
-5808
741
6751
10842
12466
12091
10354
6931
2154
-2588
-5740
-6864
-6741
-5788
-4012
-1511
458
1106
555
-810
-1996
-2414
-569
4267
9470
13949
15862
16799
16403
12466
5468
-3438
-10218
-13897
-15732
-15545
-13644
-9155
-3554
1384
5186
7959
10546
11957
11532
8675
3997
-1410
-6626
-10513
-12821
-12940
-10146
-5291
766
5902
9790
12080
11737
8535
2307
-4690
-10908
-15607
-17827
-17689
-14457
-9354
-2732
4366
10423
14405
15212
13711
10067
4749
-1139
-6193
-8525
-8490
-6851
-4378
-1698
930
2167
1817
357
-1928
-3921
-4799
-2831
2723
8973
14714
17670
19058
18531
13971
6256
-3416
-10580
-14270
-16205
-16343
-15225
-11140
-5285
326
5136
8616
11637
12935
12239
9399
4941
-354
-5803
-10217
-13176
-13790
-11536
-6858
-678
4972
9590
12489
12848
9877
3635
-3396
-9811
-14783
-17693
-18199
-15456
-10206
-3144
4450
10619
14310
14917
13410
10400
5506
-436
-5718
-8421
-8680
-7642
-5818
-3455
-726
1069
1292
119
-1661
-2817
-3076
-735
4099
9493
14580
17417
19145
18497
13761
5743
-3978
-11074
-14945
-17050
-17103
-15458
-10906
-4820
1037
6251
10180
13121
14143
13019
9567
4096
-2159
-7749
-11209
-12770
-12332
-9587
-4773
1213
6209
9643
11049
10057
6673
974
-5162
-10895
-15070
-17112
-16703
-13381
-8416
-1821
4973
10301
13199
13438
12318
9896
5687
221
-4811
-7552
-8222
-7614
-6469
-4584
-2395
-655
201
-63
-1117
-2201
-2294
345
5644
11025
15478
17627
18555
17606
12655
4681
-4613
-11295
-14895
-17014
-17043
-15205
-10418
-4045
1691
6691
10404
12987
13652
12060
8743
3943
-1340
-6390
-10302
-12435
-12434
-9789
-5205
349
5213
8815
10663
10004
6769
1272
-4610
-10016
-14141
-16576
-16638
-13651
-8512
-1694
5163
10818
14064
14623
13102
9535
4472
-1454
-6451
-9169
-9871
-8994
-6938
-3614
-354
1705
2076
1209
-129
-1443
-1878
-59
4796
10146
14478
16515
17270
16788
12793
5346
-3798
-11207
-14896
-16483
-15987
-13776
-9462
-3692
1575
5855
8871
11087
12090
11348
8562
4417
-278
-4626
-8355
-11080
-12240
-10769
-6919
-1848
2709
6373
8903
9612
7640
2817
-2902
-8313
-12650
-15519
-16363
-14027
-9253
-2841
3944
9697
13375
14427
13429
10464
5594
-554
-6042
-9249
-10159
-9222
-7135
-4047
-866
1251
2031
1926
1138
65
-784
-408
3448
8467
13508
15989
16533
16276
12942
6648
-2172
-9686
-13397
-15096
-14908
-13810
-10637
-5345
-138
4484
7620
10247
12084
12440
10764
6951
1701
-3900
-8899
-12098
-13157
-11680
-8147
-3189
2002
6301
9537
10700
9196
4735
-1506
-7474
-12256
-15182
-16210
-14619
-10558
-4552
2377
8528
12634
13910
12974
10308
5948
450
-5155
-8841
-10074
-9406
-7355
-4789
-1908
381
1827
2095
1502
350
-296
-10
2923
7133
11271
14361
15396
16199
14382
9235
1176
-7239
-12190
-14714
-15474
-14606
-12036
-6841
-1455
3716
7812
10813
12501
12285
10636
7258
2420
-3091
-8152
-11295
-12474
-11424
-8345
-3808
1430
5562
8625
9706
8642
5059
-562
-6344
-11357
-14532
-15665
-14560
-10889
-5657
886
7060
11626
13642
13065
10667
6634
1525
-3748
-7814
-9788
-9839
-8117
-5542
-2328
395
2172
2780
2192
773
-449
-756
1041
5086
9456
13356
15077
16047
15303
11273
4289
-4152
-10291
-13409
-14831
-14165
-12292
-8328
-3479
890
4853
7896
10573
12140
11683
9166
5095
395
-4224
-8452
-11532
-12832
-11485
-7661
-2237
2810
6781
9248
9665
7734
2987
-2686
-7906
-11940
-14157
-14754
-12899
-8767
-2659
4066
9422
12400
12892
11536
8358
3284
-2462
-6978
-8943
-8811
-7431
-5272
-2535
181
1920
2153
1313
-338
-1779
-2379
-1160
3065
8328
13435
15976
16537
15718
12370
6526
-1352
-8217
-12196
-14336
-14515
-13244
-9921
-5135
-713
3301
6312
9138
11198
11756
10505
7195
2738
-2101
-6870
-10669
-12983
-12483
-9423
-4482
941
5592
9196
10622
9534
5411
-308
-5917
-10628
-13708
-15339
-14362
-10651
-4789
2100
7633
10977
11851
11234
9552
5810
569
-4805
-8042
-8726
-7799
-5794
-3390
-684
1420
2191
1576
-115
-1776
-2435
-1727
1655
6393
11522
14943
16162
16218
13792
8631
943
-6679
-11519
-14004
-14502
-13472
-10682
-5946
-878
3920
7594
10200
11637
11569
9897
6675
2247
-2546
-7341
-11000
-13025
-12388
-9204
-4433
1028
5901
9903
11534
10013
5422
-697
-6202
-10824
-14203
-15974
-15302
-11614
-6125
441
6292
10327
12011
11666
9762
5988
617
-4720
-7923
-8551
-7659
-6139
-4094
-1187
1561
3086
2589
977
-921
-1964
-2106
-923
2851
7545
12683
15467
16451
16117
12988
7488
-319
-7356
-11372
-13391
-13038
-11939
-9282
-5540
-1511
2808
6345
9455
11114
11168
9662
6586
2643
-2397
-7492
-11157
-13028
-11776
-8720
-3616
1878
6282
9313
9834
8389
4552
-878
-6313
-11475
-14662
-15923
-14146
-9978
-4400
1974
7436
11433
12790
11984
9117
4400
-1019
-5784
-8273
-8790
-7988
-5980
-2984
297
2207
2173
1001
-269
-1532
-2355
-2560
-67
4944
10376
14453
15557
15779
14707
11074
4767
-3397
-9485
-12482
-13398
-12649
-11325
-8220
-3931
615
4715
7814
10193
11481
11355
9292
5316
260
-5197
-9399
-11973
-12447
-10533
-6798
-1254
3895
7951
9859
9290
6544
1627
-3674
-8825
-12798
-14940
-14928
-11778
-6862
-863
4628
8672
10969
10992
9376
5907
1296
-3313
-6581
-7528
-6830
-5006
-2726
-389
1415
2042
1490
254
-1125
-2546
-3266
-2988
168
5733
11626
16078
17026
17003
15215
10965
4014
-4683
-10707
-13438
-13755
-12673
-11381
-8101
-3582
1339
5440
8114
9985
10791
10354
8223
4327
-699
-5936
-9533
-11501
-11586
-9865
-6329
-827
4008
7640
8997
8299
5707
843
-4253
-8981
-12361
-14063
-13807
-10684
-6155
-642
4348
8360
10568
10369
8313
4806
950
-2773
-5493
-6595
-6282
-4588
-2267
-42
1254
1435
875
-167
-1600
-3263
-3966
-2922
1527
7715
13319
16666
17130
16923
14887
9904
2117
-6489
-11643
-13811
-14011
-13106
-11265
-6946
-1764
3288
6827
8935
10388
10895
10084
7534
3228
-1787
-6508
-9901
-11971
-12144
-10191
-5647
46
4990
8082
9014
8258
5208
285
-5172
-9999
-13037
-14239
-13069
-9909
-5650
-472
4416
8414
10091
9603
7622
4510
639
-3381
-6035
-6467
-5352
-3387
-1590
57
1317
1882
1530
-28
-2266
-3773
-3749
-1280
3861
9495
14628
17081
17689
16902
13239
6841
-1672
-9037
-12737
-14494
-14321
-13108
-9888
-4503
780
5368
8193
10178
11437
11184
9104
4948
-176
-5147
-9208
-11583
-12440
-10788
-7269
-2030
3182
7156
9188
8936
6677
2371
-2829
-7781
-11734
-13758
-13922
-11756
-8008
-3153
2220
6733
9396
9607
8434
6462
3325
-800
-4809
-6934
-6873
-5294
-2989
-803
1219
2349
2524
1092
-1173
-3407
-4131
-3141
-323
4723
9873
14581
16736
17074
16194
12219
5881
-2398
-9310
-12782
-14359
-13540
-11908
-8403
-3408
1297
5138
7395
9330
10500
10267
8089
4238
-219
-4677
-8229
-10333
-10668
-8872
-5711
-1358
2635
5463
6888
7022
5780
2439
-2257
-7194
-11076
-12927
-12859
-10627
-6927
-2477
1879
5300
7568
8413
7909
5900
2416
-1543
-4508
-5388
-4724
-3235
-1574
36
1322
1530
583
-1275
-3189
-4319
-4107
-2442
1927
7504
13004
16393
17318
17288
14709
9273
1193
-6981
-11474
-13319
-13177
-12005
-9990
-5963
-1413
3264
6626
8714
9789
9714
8402
5922
2407
-1585
-5780
-9118
-10820
-10199
-7403
-3481
818
4239
6145
6597
5628
3260
-468
-4945
-8698
-11180
-11982
-11075
-8707
-5118
-788
3365
6442
7920
7991
6724
4143
456
-3007
-4955
-5047
-4003
-2672
-1180
490
1401
1357
-152
-2115
-3972
-4371
-3197
26
5426
10929
15587
17494
17669
16048
11548
4627
-3683
-10024
-13010
-13834
-12596
-10663
-7124
-2902
1172
4588
7036
8907
9793
9588
7874
4799
603
-3867
-7706
-10276
-11099
-9861
-6502
-1628
2923
6003
7313
7057
5210
1622
-2956
-7436
-10869
-12771
-12904
-11030
-7419
-2472
2597
6706
9053
9581
8439
5733
1666
-2535
-5232
-5730
-4727
-3247
-1725
60
1455
1828
553
-1539
-3485
-4128
-3518
-1000
4119
9539
14455
16351
16840
15961
12050
5689
-2668
-9051
-12061
-13385
-12438
-10799
-7218
-3058
528
3944
6013
8057
8892
8667
7314
4539
1402
-2523
-6236
-8989
-10190
-8765
-6062
-2123
1455
4436
6446
6659
5501
2245
-1592
-5672
-9252
-11725
-12974
-11576
-8288
-3345
1790
5831
8145
8613
8077
6160
3053
-856
-3990
-5280
-5266
-4455
-3222
-1348
667
1567
1096
-662
-2603
-3839
-3643
-2396
830
5984
11711
16472
17838
17281
14516
9365
2469
-5226
-10142
-12178
-12555
-11438
-9702
-5960
-1797
1904
4715
6375
8036
8833
8656
6924
3681
-48
-4143
-7185
-9003
-9380
-8051
-5538
-1785
1947
4687
6046
5692
3775
400
-3523
-7112
-9632
-11122
-11215
-9518
-6252
-1730
2706
6225
7882
8030
7091
5027
1806
-2077
-4690
-5159
-4340
-3101
-2123
-527
1019
1578
390
-1827
-3673
-4340
-3408
-1389
3106
8614
14153
17386
17676
16736
13334
7561
-339
-7928
-11896
-13431
-12989
-11672
-9229
-5202
-996
3068
5907
7945
9071
9251
8293
6044
2550
-1474
-5398
-8106
-9537
-9524
-7801
-4489
-237
3463
5636
6395
5855
3698
152
-4125
-8097
-11022
-12412
-11661
-8998
-4803
323
5077
8190
8991
8145
6214
3428
-134
-3328
-4806
-4718
-3653
-2334
-1038
297
900
445
-1104
-3088
-4368
-4152
-2737
1068
6536
12263
16500
17580
17115
14420
9162
1806
-6085
-11174
-13415
-13382
-11788
-9563
-6018
-2282
1594
4795
7176
9054
9878
9348
7169
3682
-231
-4020
-6954
-8960
-9606
-8713
-6098
-2249
1612
4663
6258
6486
4894
1481
-2790
-6942
-9838
-11464
-11316
-9120
-5479
-819
3341
6501
7991
7929
6649
4009
600
-2732
-4687
-4839
-3964
-2441
-773
776
1512
1109
-437
-2371
-4186
-5035
-4427
-2165
2896
9043
14846
17985
18141
16802
12811
6533
-1404
-8744
-12566
-14128
-13406
-11517
-8550
-4255
-375
3118
5691
7784
9398
9852
8933
6493
3010
-1087
-5170
-8257
-10142
-9924
-8146
-4651
-618
2758
5127
6014
5794
3900
543
-3525
-7444
-10085
-11386
-10628
-8052
-4024
528
4198
6850
7869
7753
6312
3464
-111
-3486
-5231
-5210
-4148
-2508
-841
574
1121
343
-1280
-3079
-4528
-4658
-3653
-214
5503
11627
16697
18262
17872
15401
10510
3631
-4455
-10230
-13122
-14074
-13315
-11627
-7892
-3300
1320
5167
7762
9575
10445
10218
8668
5558
1286
-3294
-7102
-9753
-10894
-10272
-7673
-3447
820
4238
5996
6514
5659
2986
-784
-5035
-8581
-10896
-11769
-10448
-7523
-2948
1849
5900
8298
8740
7793
5287
1711
-2133
-4790
-5288
-4398
-2881
-1316
194
1175
1085
-45
-1788
-3607
-4678
-4309
-2343
2307
7998
13527
17021
17862
17402
14043
8056
23
-7740
-11924
-13757
-13531
-12135
-9892
-5929
-1927
2073
5154
7528
9441
10337
9980
7902
4247
-159
-4663
-8184
-10521
-11062
-9677
-6252
-1834
2182
5206
6831
7021
5126
1607
-2604
-6797
-9978
-11877
-11678
-9489
-5709
-786
3982
7707
9232
9029
7252
4065
-23
-3719
-5448
-5178
-3913
-2462
-1242
121
916
758
-623
-2540
-4167
-4574
-3615
-804
4437
10469
15999
18299
17987
15693
11214
4822
-3194
-9820
-13224
-14156
-13105
-11392
-8204
-4015
320
3952
6503
8620
9810
10202
8972
6241
2263
-2066
-5940
-9104
-11005
-11004
-8626
-4370
-170
3172
5361
6858
6960
4705
794
-4011
-7850
-10579
-11979
-11314
-8776
-4151
1098
5561
8175
8661
7879
5903
2673
-1145
-4290
-5146
-4358
-2901
-1581
-290
834
866
-322
-2368
-4396
-5102
-4200
-1323
4027
9380
14508
17143
17841
17012
12910
6774
-1511
-8776
-12707
-14648
-13778
-11957
-8859
-4638
-1055
2865
5893
8646
10411
10712
9570
6714
2884
-1602
-5960
-9233
-11115
-10892
-8870
-5227
-1033
2809
5818
7332
7189
4911
832
-3862
-8071
-10977
-12308
-11441
-8687
-4321
919
5317
8062
8738
8157
6403
3288
-641
-4251
-5773
-5074
-3298
-1271
200
1195
1265
529
-1305
-3408
-5024
-4830
-3059
1002
6915
12474
16805
17897
17230
14701
9572
2674
-5089
-10383
-13067
-14064
-12887
-10970
-7215
-2960
1303
4982
7447
9238
9952
9553
7822
4442
129
-4318
-8158
-10523
-11096
-9695
-6660
-2539
1619
4950
6933
7238
5478
2013
-2002
-5837
-9015
-11231
-11796
-10090
-6318
-1255
3512
6894
8226
8158
7073
4966
1639
-2228
-4843
-5311
-4451
-2812
-1219
492
1421
1151
-300
-2313
-4020
-4686
-4089
-1658
3323
8987
14399
17111
17553
16225
12112
5962
-1857
-8601
-12195
-13956
-13246
-11653
-8680
-4605
-919
2922
5890
8683
10505
10653
9150
6324
2577
-1478
-5861
-9336
-11247
-10902
-8305
-4442
-196
3377
6105
7589
7238
4579
347
-4182
-7860
-10395
-11654
-11103
-8517
-4169
868
5078
7618
8311
7626
5649
2510
-1064
-3911
-5045
-4754
-3574
-2056
-389
884
1270
421
-1279
-3434
-4932
-4774
-2809
2293
8112
13721
16929
17540
16987
13529
7799
58
-7303
-11501
-13847
-13846
-12410
-9675
-5331
-1450
2394
5459
8168
10189
10676
9658
7246
3617
-618
-5175
-8897
-11201
-11501
-9436
-5606
-953
3042
5999
7520
7160
4711
741
-3502
-7310
-10300
-11928
-11465
-8729
-4317
718
4955
7488
8161
7556
6024
3313
-187
-3267
-4624
-4426
-3546
-2395
-1021
409
1018
409
-1109
-2878
-4559
-4840
-3669
515
6195
11781
16127
17683
17850
15039
9409
1941
-5816
-10637
-13200
-13904
-13028
-11130
-7126
-2865
1476
5181
8021
10233
10826
9854
7538
4027
83
-4011
-7614
-9998
-10971
-9429
-6060
-1606
2608
5465
7016
6858
4925
1276
-3199
-7080
-9941
-11301
-10993
-8914
-5145
-437
4044
6938
7930
7435
5981
3484
144
-3146
-4797
-4355
-3107
-1757
-787
239
795
582
-693
-2335
-4027
-4615
-3817
-738
4738
10154
14845
16859
17331
16010
11668
4929
-3301
-9734
-13015
-14092
-12959
-11121
-7973
-3967
173
4286
7401
9691
10631
9986
7772
4430
258
-3670
-7247
-9386
-10082
-8974
-6015
-2330
1484
4018
5536
6025
4917
2252
-1839
-5945
-9164
-11130
-10905
-8968
-5367
-1183
2900
6086
7570
7708
6542
4356
1097
-2395
-4525
-4595
-3591
-2282
-1119
255
1153
1026
-373
-2363
-4060
-4973
-4404
-2235
2793
8598
13720
16629
16952
16040
12704
7110
-23
-7044
-11215
-13563
-13691
-12121
-9445
-5215
-1142
2941
6026
8222
9579
9669
8597
6259
2610
-1313
-5145
-7821
-9283
-9250
-7322
-4311
-536
2558
4758
5896
5499
3352
-386
-4418
-7563
-9504
-9922
-9207
-6971
-3452
865
4692
6787
7203
6362
4776
2431
-311
-2798
-3957
-3966
-2976
-1692
-414
373
288
-547
-2030
-3534
-4845
-4624
-2695
1940
7763
13137
16714
17608
16940
13638
7934
639
-6587
-11275
-13793
-14070
-12551
-9954
-6023
-2185
1946
5577
8418
10061
10205
8931
6389
2657
-1540
-5525
-8673
-9898
-9526
-7092
-3817
-229
3047
5308
6483
5661
3002
-708
-4597
-7420
-9379
-10094
-9469
-7302
-3565
776
4920
7516
8309
7437
5494
2678
-571
-3348
-4554
-4179
-2961
-1635
-478
617
813
144
-1369
-2799
-3904
-4168
-2870
511
5880
11043
14776
16200
15861
13796
8963
2384
-4538
-9544
-11968
-12966
-12232
-10456
-7102
-2964
1085
4759
7308
8863
9139
8037
5850
2891
-459
-3609
-6421
-8053
-8399
-7197
-4589
-1403
1857
4265
5521
5209
2975
-540
-4310
-7071
-8449
-8896
-8421
-6941
-4031
-43
3802
6426
7322
6881
5518
3132
133
-2767
-4446
-4463
-3686
-2380
-1041
605
1751
1640
242
-1857
-3489
-4322
-3725
-1563
2809
8216
12803
15539
15913
15057
12031
6528
-349
-7100
-11051
-12913
-13033
-11726
-9390
-5343
-1074
2923
5803
7618
8658
8603
7355
5090
1920
-1450
-4806
-7183
-8348
-8179
-6184
-3306
147
2644
4055
4677
4087
2231
-870
-4235
-6822
-8705
-9285
-8557
-5991
-2146
1999
5333
6935
6898
5802
4129
1921
-680
-3080
-4110
-3982
-2941
-1621
-376
699
709
-202
-1638
-2895
-3704
-3806
-2531
1326
7007
12246
15446
15920
15156
12690
7897
1416
-5537
-10313
-12843
-13459
-12376
-10330
-6591
-2179
2505
6314
8478
9272
8955
7937
6075
2962
-849
-4677
-7614
-9141
-9264
-7401
-4061
-31
3391
5303
5882
4838
2275
-1254
-5014
-7749
-9483
-9774
-8678
-6274
-2705
1179
4759
7061
7766
6981
4903
1892
-1339
-3817
-4678
-4245
-2993
-1467
-29
1142
1114
223
-1343
-2528
-3162
-3341
-2422
149
4979
10150
14163
16010
15809
13905
9348
3117
-3612
-8959
-11865
-13029
-12175
-10346
-7235
-3339
665
4312
6746
8329
8976
8554
6963
3975
158
-3617
-6782
-8321
-8784
-7605
-5050
-1754
1713
3932
5228
5270
3759
1001
-2892
-6403
-8924
-9852
-8931
-6782
-3602
-238
3164
5837
7192
6963
5415
2945
55
-2602
-4034
-3964
-3037
-1646
-543
565
851
256
-1066
-2601
-3545
-4117
-3413
-1332
2978
8246
12553
15205
15629
15034
12048
6453
-461
-7218
-11003
-12862
-12570
-10952
-8695
-5257
-1905
1949
5288
7601
9066
9034
7981
5542
1948
-1499
-4931
-7088
-8339
-8251
-6253
-3451
217
3036
4802
5521
4369
2126
-1387
-4807
-7404
-9246
-9552
-8539
-5642
-1722
2198
5187
6520
6637
5791
4153
1715
-1283
-3469
-4190
-3800
-2653
-1420
386
1769
1835
622
-1413
-2711
-3697
-3928
-2915
78
5296
10280
13943
15286
14902
13087
8823
3167
-3247
-8214
-11138
-12284
-11697
-10159
-7204
-3589
303
3685
6238
7989
8614
7980
6018
3160
8
-3033
-5672
-7633
-8554
-7750
-5317
-1806
1606
3903
5006
4609
2909
228
-2956
-5599
-7836
-8937
-8795
-6902
-3523
305
3826
5952
6650
5943
4277
2035
-442
-2503
-3498
-3533
-2818
-1581
79
1847
2319
1282
-856
-2877
-4013
-4577
-3865
-1761
2459
7693
12266
15200
15719
14749
11811
6995
784
-5606
-9858
-11949
-12039
-11140
-9285
-5955
-1944
2060
4999
6891
8131
8565
7958
5878
2561
-977
-4207
-6643
-8396
-9078
-7785
-4787
-805
2473
4202
4668
3769
2002
-710
-3752
-6221
-7922
-8402
-7897
-6054
-2901
936
4488
6509
6771
5561
3393
917
-1508
-3065
-3473
-2911
-1667
-249
1275
2111
1773
208
-1933
-3550
-4541
-4484
-3243
-174
4697
9700
13713
15404
15382
13761
10206
4954
-1613
-7250
-10844
-12091
-11723
-10619
-8448
-5319
-1398
2412
5387
7574
8799
8810
7367
4484
1121
-2180
-4999
-7112
-8585
-8307
-6446
-3290
47
2463
4179
4620
4012
2091
-883
-3859
-6671
-8341
-8773
-7611
-5007
-1638
2031
4844
6224
6088
4682
2747
626
-1431
-2851
-3588
-3010
-1603
234
1672
1589
463
-1313
-2604
-3301
-3688
-3259
-1843
1561
6127
10628
13752
14835
14467
12345
8464
2756
-3400
-8200
-10868
-11645
-11093
-9380
-6597
-3179
277
3380
5849
7538
8252
7755
6143
3361
115
-3030
-5638
-7449
-8381
-7587
-5165
-1754
1407
3414
4308
3901
2341
-121
-2976
-5439
-7323
-8126
-7767
-6098
-3278
-38
3023
5080
5804
5225
3641
1597
-680
-2448
-3182
-2724
-1374
99
1339
1931
1736
574
-1352
-3216
-4436
-4691
-3855
-1669
2017
6683
11154
14218
15395
14769
12283
7714
1749
-4224
-8494
-10531
-11063
-10710
-9635
-7107
-3353
650
4052
6102
7424
7904
7417
5915
3190
488
-2434
-5072
-7277
-8567
-7576
-5292
-2035
634
2517
3977
4110
3332
894
-2080
-4814
-6977
-7791
-7824
-6333
-3824
-728
2232
4054
4863
4586
3582
1921
-108
-1689
-2308
-2020
-1213
-408
306
811
714
40
-1387
-3024
-4249
-4604
-3394
-980
2784
7329
11719
14946
15725
14466
11358
6800
1253
-4541
-8643
-10479
-10462
-9558
-8460
-6321
-3231
507
3965
6285
7663
7765
6854
5073
2479
-41
-2681
-4951
-6702
-7728
-6962
-5148
-2397
-65
1543
2902
3302
2902
830
-1944
-4332
-6173
-6908
-7221
-6146
-3895
-939
1893
3505
4180
3873
3150
1987
449
-1079
-1991
-1848
-943
188
932
1357
1009
-94
-1965
-3957
-4952
-4786
-2977
-215
3690
8119
12172
14826
15190
13928
11075
6960
1457
-4298
-8515
-10652
-10840
-10340
-8861
-6317
-2900
666
3441
5720
7266
8196
7750
5918
3009
-189
-3095
-5727
-7647
-8599
-7712
-5426
-2476
300
2335
3946
4340
3457
1035
-1947
-4367
-6175
-7101
-7540
-6702
-4706
-2010
737
2774
4210
4577
3967
2457
595
-732
-1255
-893
-352
111
540
940
943
-65
-1987
-3935
-4933
-4655
-3203
-771
2780
7054
10983
13469
13904
13139
11312
8339
3743
-1762
-6199
-8693
-9206
-8914
-8088
-6372
-3859
-932
1481
3421
5080
6400
6916
6071
4272
1910
-567
-3384
-6053
-7925
-8106
-6741
-4737
-2656
-824
1213
3006
3856
3246
1296
-1069
-3455
-5565
-7058
-7458
-6462
-4442
-1968
600
2805
4163
4408
3471
2104
738
52
159
520
769
459
141
-241
-1069
-2448
-4044
-4813
-4468
-3094
-768
2360
6055
9687
12292
13611
13389
11843
9152
5075
323
-4346
-7625
-9053
-9364
-8619
-7188
-4816
-2018
408
2624
4389
5990
6870
6587
5248
2860
84
-2729
-5222
-6992
-7866
-7513
-6193
-4192
-1708
1039
3517
4875
4525
2650
30
-2784
-5290
-7188
-8012
-7463
-5670
-2998
-328
1696
2841
3273
3403
3108
2323
1287
509
362
518
609
335
-387
-1511
-2858
-3995
-4582
-4286
-3269
-1420
1326
4902
9151
12600
14439
14262
12822
10889
7557
2963
-2378
-6793
-9280
-10427
-10170
-8953
-6523
-3332
-288
2368
4348
6012
7114
7179
5871
3465
652
-2227
-5153
-7796
-9267
-8978
-6978
-4290
-1534
1172
3580
5219
5106
3354
638
-2267
-4834
-7041
-8357
-8397
-6964
-4310
-1190
1596
3377
4257
4483
4150
3235
1872
753
19
-315
-354
-307
-208
-664
-1592
-2599
-3456
-3835
-3813
-2801
-469
2839
6772
10234
12664
13608
12929
11141
8012
3948
-570
-4606
-7341
-8990
-9454
-8812
-7031
-4347
-1390
1362
3642
5365
6575
7128
6558
5036
2454
-618
-3793
-6640
-8141
-8568
-7545
-5620
-2954
254
2946
4930
5228
4017
1542
-1597
-4395
-6704
-7872
-8035
-7098
-5235
-2848
-120
2163
3660
4144
3781
3024
1963
884
66
-338
-205
-100
-352
-1014
-1952
-2728
-3271
-3350
-2801
-1670
-80
2160
4951
8145
10890
12428
12898
11910
9712
6083
1696
-2242
-5581
-7775
-9062
-9065
-7601
-5303
-2467
146
2485
4516
6008
6751
6347
4856
2705
131
-2553
-5156
-7220
-8099
-7773
-6258
-3986
-1198
1649
3772
4659
4069
2448
161
-2411
-4956
-7046
-8182
-8023
-6487
-3918
-1007
1486
3183
4051
4162
3654
2653
1515
569
19
-198
-276
-544
-1122
-2058
-3000
-3557
-3674
-3284
-2660
-1339
943
4140
7774
10604
12388
12827
12174
10657
7729
3906
-712
-5060
-8294
-10235
-10274
-8899
-6394
-3315
-491
2363
4785
6710
7659
7090
5548
3194
539
-2188
-5067
-7096
-8055
-7498
-5819
-3715
-1243
1100
3217
4523
4449
3072
543
-2353
-5034
-7063
-8003
-7870
-6577
-4397
-1728
906
2923
4081
4402
3953
3014
1765
728
106
-192
-421
-761
-1052
-1348
-1861
-2569
-3158
-3119
-2415
-1227
567
3145
6316
9244
11073
11818
11590
10472
7882
4008
-296
-4013
-6524
-8094
-8615
-8036
-6325
-3720
-1180
1128
2964
4682
6083
6346
5434
3281
888
-1493
-3890
-5848
-7263
-7291
-6204
-4359
-1860
568
2959
4214
4026
2602
285
-1858
-4048
-5909
-7230
-7614
-6460
-4441
-1945
212
1821
3047
3571
3581
2964
2190
1507
809
245
-353
-804
-1183
-1597
-1970
-2290
-2366
-2193
-1666
-867
375
2291
4798
7646
9836
11297
11669
10983
8828
4975
665
-3149
-5472
-6792
-7694
-7769
-6951
-4762
-2010
715
3065
4702
5804
6061
5525
4060
1721
-1097
-3962
-6193
-7400
-7387
-6151
-4248
-1980
206
2219
3726
4047
2980
680
-1985
-4350
-6108
-6986
-6965
-5839
-4006
-1826
126
1541
2579
3198
3521
3202
2301
1188
121
-502
-875
-883
-693
-701
-919
-1629
-2243
-2475
-2290
-1527
-434
1646
4643
7830
10163
10943
10996
10513
9020
5885
1531
-2475
-5321
-7075
-8065
-8214
-7200
-5222
-2842
-455
1836
4058
5943
6831
6385
4580
1962
-944
-3811
-6226
-7926
-8332
-7191
-4595
-1211
1839
3868
4574
4276
3228
1469
-905
-3716
-6166
-7588
-7631
-6459
-4641
-2461
-322
1633
3217
4098
4117
3224
2019
1044
401
-172
-901
-1431
-1646
-1580
-1601
-1798
-1805
-1680
-1251
-704
479
2926
6039
8881
10363
10732
10642
9502
6938
2800
-1564
-4802
-6872
-7816
-8033
-7252
-5415
-3160
-776
1545
3874
6021
6996
6633
4971
2590
-129
-3208
-6153
-8416
-9199
-8011
-5393
-2034
1155
3785
5574
5989
4844
2346
-830
-4001
-6650
-8334
-8560
-7402
-5136
-2426
116
2194
3538
4291
4303
3586
2477
1262
296
-613
-1366
-1745
-1643
-1210
-923
-1009
-1311
-1479
-1309
-770
222
2245
5165
7882
9287
9263
9024
8539
6916
3600
-571
-3778
-5708
-6665
-7164
-7048
-5816
-3752
-1302
863
2646
4258
5385
5681
4888
3303
1212
-1377
-4125
-6514
-7868
-7752
-6064
-3148
201
3111
4992
5442
4457
2463
96
-2252
-4499
-6470
-7635
-7589
-6109
-3504
-598
1766
3162
3925
4142
3598
2380
1125
427
-6
-804
-1733
-2302
-2137
-1752
-1706
-1774
-1742
-1282
-568
512
2636
5337
7896
9184
9389
9259
8302
6132
2505
-1170
-3743
-5290
-6181
-6783
-6493
-5102
-2975
-736
1043
2749
4394
5810
6206
5346
3562
1223
-1524
-4672
-7415
-8809
-8174
-5839
-2841
169
2697
4685
5597
5065
3125
163
-2932
-5658
-7329
-7830
-7210
-5532
-3157
-519
1613
3098
4072
4455
3911
2388
666
-451
-790
-1061
-1443
-1907
-2044
-1862
-1637
-1282
-1112
-818
-307
863
3286
5965
8485
9723
9959
9520
7781
4924
992
-2563
-4909
-6493
-7164
-7226
-6267
-4401
-2398
-233
1824
3934
5694
6532
6293
5026
3055
538
-2655
-5812
-8271
-9074
-8115
-5830
-2718
553
3668
5952
6739
5847
3438
298
-3062
-6167
-8273
-8902
-7875
-5657
-2818
31
2459
4174
5103
5085
4049
2203
328
-891
-1446
-1756
-2194
-2528
-2461
-2094
-1485
-1046
-606
-107
614
2264
4592
7296
9130
9573
9113
7722
5671
2511
-969
-3828
-5871
-6900
-7348
-6642
-4845
-2473
-151
1592
3208
4631
5599
5651
4656
3168
1442
-634
-3095
-5610
-7417
-7878
-6886
-4711
-1925
1049
3675
5273
5399
4006
1588
-1268
-4070
-6354
-7530
-7368
-5970
-3711
-1229
1024
2631
3813
4614
4667
3757
1923
210
-879
-1455
-1759
-2141
-2195
-2201
-2163
-1964
-1753
-1087
-327
1081
3402
6032
8582
10018
10694
10327
8271
4621
-103
-3966
-6460
-7807
-8339
-8216
-6722
-4243
-1420
1031
2942
4736
6200
6959
6534
4977
2635
-242
-3321
-6014
-7609
-7808
-6715
-4928
-2659
-37
2607
4795
5496
4638
2471
-364
-3083
-5617
-7277
-7926
-7294
-5270
-2419
775
3201
4595
5066
4898
4245
3009
1418
-232
-1616
-2620
-2904
-2581
-1900
-1588
-1865
-2146
-2090
-1263
-165
1534
3933
6617
8998
10288
11015
10650
8716
4743
-333
-4515
-7306
-8586
-9145
-8526
-6647
-4023
-1183
1016
3108
4820
6132
6557
5764
4223
1854
-501
-2884
-5033
-6686
-7498
-6691
-4763
-2205
174
2234
3862
4429
3837
2109
-244
-2881
-5245
-6680
-6864
-5906
-4091
-1700
815
2904
4207
4899
4920
4149
2638
814
-573
-1615
-2246
-2607
-2552
-1977
-1533
-1289
-1463
-1585
-1187
-381
1196
3323
5733
7985
9318
10164
10022
8390
4882
-20
-4259
-7104
-8413
-8741
-8356
-6670
-4231
-1301
1425
3658
5344
5931
5687
4694
3308
1597
-550
-2791
-4723
-5941
-6056
-5236
-3706
-1793
225
2301
3616
3709
2584
795
-914
-2861
-4796
-6356
-6798
-5732
-3663
-974
1504
3468
4622
4987
4639
3488
1864
113
-1132
-1892
-2270
-2350
-2051
-1464
-1172
-1146
-1367
-1302
-1018
-424
1211
3724
6678
8859
10014
10313
9357
7134
3609
-223
-3693
-6663
-8718
-9680
-9122
-7096
-4184
-1065
1559
3776
5609
6690
6608
5133
2951
594
-1607
-3524
-5249
-6352
-6498
-5411
-3390
-1042
1267
3100
4065
3604
1888
-295
-2249
-3810
-5159
-6064
-6057
-4864
-2690
-206
1954
3592
4602
4961
4443
3187
1697
351
-611
-1417
-2052
-2456
-2506
-2296
-2020
-1671
-1476
-1247
-698
986
3713
6431
8420
9419
9998
9558
7418
3859
-269
-3653
-6318
-8183
-8920
-8489
-6687
-4359
-2020
278
2545
5023
6793
7228
6364
4312
1737
-1339
-4261
-6377
-7387
-6717
-4877
-2296
266
2482
4422
5194
4425
2072
-817
-3335
-5423
-6782
-7371
-6736
-4952
-2312
679
3102
4627
5076
4826
4007
2735
1337
33
-1046
-2052
-2749
-2974
-2639
-2227
-1929
-1607
-1284
-714
66
1694
4079
6483
8396
9310
9446
8386
5892
2613
-750
-3343
-5264
-6820
-7704
-7820
-6696
-4482
-1843
932
3176
5029
6260
6399
5529
3394
796
-1969
-4475
-6098
-6759
-5847
-3868
-1335
1077
2866
4180
4431
3374
997
-1935
-4330
-5881
-6581
-6720
-6170
-4667
-2213
696
3132
4606
5159
5108
4452
3070
1408
24
-923
-1658
-2393
-2720
-2438
-1829
-1246
-1240
-1557
-1755
-1028
1186
3975
6460
7961
8883
9505
8997
6966
3561
-1
-2940
-5334
-7171
-8256
-8061
-6595
-4417
-2099
205
2520
4638
6009
6204
5360
3687
1390
-1428
-4359
-6593
-7435
-6544
-4253
-1352
1429
3685
5149
5459
4242
1804
-1004
-3616
-5751
-7405
-8195
-7737
-5985
-3120
15
2718
4478
5403
5770
5367
4072
2110
326
-937
-1723
-2244
-2467
-2274
-2042
-1835
-1877
-1897
-1641
-853
1071
3638
6299
8328
9551
10125
9224
6672
2867
-971
-3760
-5807
-7259
-8236
-8249
-6775
-4311
-1266
1517
3759
5477
6296
6344
5333
3466
864
-2421
-5440
-7584
-8045
-6831
-4520
-1624
1029
3335
5027
5727
5100
2972
82
-2929
-5563
-7421
-8277
-7805
-6124
-3563
-583
2144
4294
5610
6045
5592
4204
2414
785
-276
-849
-1406
-2026
-2657
-2934
-2729
-2341
-1932
-1648
-851
1041
3813
6660
8680
10031
10696
10080
7590
3578
-488
-3814
-6441
-8626
-9871
-9518
-7755
-5082
-2167
839
3672
5935
7417
7703
6747
4398
1014
-2671
-6046
-8310
-9057
-8042
-5543
-2222
1316
4285
6158
6566
5496
3299
340
-2868
-5772
-7792
-8589
-8105
-6414
-3835
-894
1776
3793
5054
5673
5737
5113
3764
1811
-141
-1496
-2182
-2391
-2605
-2659
-2412
-2036
-1660
-1187
278
2670
5226
7131
8244
9258
9588
8447
5425
1482
-1925
-4692
-6723
-8230
-8730
-7974
-6418
-4054
-1285
1855
4758
6802
7858
7384
5567
2627
-784
-3953
-6704
-8378
-8600
-7061
-4078
-640
2620
4897
5777
5225
3587
1489
-948
-3549
-6002
-7611
-7729
-6465
-4314
-1997
120
2008
3695
5011
5428
4779
3415
1971
831
-51
-718
-1191
-1570
-1918
-2203
-2253
-2050
-1658
-571
1421
3788
5600
6574
7518
8419
8463
6823
3808
644
-2274
-4850
-7014
-8252
-8123
-7065
-5419
-3493
-1102
1765
4415
6263
6808
6242
4642
2049
-1046
-4117
-6337
-7331
-6931
-5145
-2560
296
2629
4104
4511
3730
2230
247
-1925
-4070
-5729
-6216
-5444
-3780
-1969
-462
766
1849
2942
3799
4057
3506
2408
1262
315
-233
-473
-642
-1099
-1884
-2364
-2318
-1884
-1417
-571
1347
3756
5891
7159
7992
8625
8101
6109
2923
-196
-2719
-4914
-6569
-7544
-7373
-6283
-4681
-2729
-653
1603
3714
5332
6161
5814
4213
1547
-1587
-4249
-5966
-6483
-5872
-4316
-2064
116
1952
3061
3428
2961
1479
-570
-2843
-4438
-5212
-5304
-4894
-4057
-2303
-81
2032
3283
3684
3687
3320
2765
1942
1114
314
-332
-701
-841
-837
-825
-735
-809
-996
-1118
-309
1572
3741
5533
6610
7682
8079
7077
4544
1368
-1066
-3139
-4999
-6727
-7472
-6804
-5413
-3605
-1684
640
3017
4777
5498
5141
3967
2087
-342
-2920
-4920
-5943
-5725
-4663
-2847
-497
1906
3788
4137
3170
1213
-814
-2641
-4210
-5113
-5439
-4958
-3993
-2351
-130
1962
3301
3478
3081
2583
2229
1879
1250
325
-665
-1226
-1255
-1027
-925
-917
-955
-961
-1002
-516
826
2824
4778
6177
7421
8068
7804
5877
3007
320
-1870
-3462
-5190
-6547
-7088
-6531
-4808
-2722
-471
1631
3507
4971
5508
4909
3385
1234
-1165
-3574
-5683
-6544
-6087
-4175
-1756
635
2809
4181
4644
3493
1309
-1348
-3842
-5691
-6925
-6988
-6021
-4077
-1654
688
2739
4108
4857
4783
3957
2629
1232
226
-454
-963
-1412
-1604
-1361
-871
-362
-271
-404
-375
313
1844
3368
4777
5821
6888
7578
6892
5020
2216
-203
-2210
-3990
-5362
-6381
-6241
-5426
-4037
-2324
-536
1507
3105
4252
4597
4115
2840
725
-1732
-4082
-5681
-6071
-5198
-3395
-1142
1064
3031
4236
4261
2999
763
-1646
-3832
-5332
-6083
-5999
-5085
-3651
-1787
74
1877
3435
4517
4877
4197
2804
1215
-2
-607
-791
-848
-997
-1253
-1335
-1150
-933
-840
-639
285
2051
3849
5128
5963
6785
7516
6986
5048
2194
-410
-2213
-3849
-5131
-6117
-6223
-5537
-4424
-2608
-408
2032
3883
4729
4728
3958
2639
699
-1625
-3950
-5590
-6041
-5121
-3328
-1231
925
2785
4050
3926
2468
349
-1675
-3205
-4617
-5825
-6368
-5743
-3891
-1628
363
1908
3221
4303
4583
3880
2739
1799
1104
234
-865
-1685
-1998
-1886
-1563
-1147
-682
-336
232
1410
3029
4622
5699
6456
6882
6542
5275
3174
946
-1135
-2932
-4327
-5301
-5543
-5156
-4296
-3118
-1727
84
2013
3576
4421
4338
3499
1868
-373
-2741
-4770
-5742
-5496
-4088
-1906
201
1903
2795
3066
2678
1483
-235
-2270
-4047
-5475
-6312
-6143
-4765
-2459
-154
1544
2523
3160
3661
3963
3787
2938
1735
546
-203
-601
-831
-965
-1155
-1336
-1475
-1361
-949
-402
419
1672
3183
4684
5991
7199
7920
7193
4948
1978
-407
-2079
-3664
-5036
-5797
-5270
-4049
-2753
-1633
-597
754
1921
2824
3162
3085
2498
996
-995
-2982
-4007
-4190
-3907
-3303
-2347
-746
915
2234
2721
2203
923
-875
-2775
-4491
-5584
-5674
-4774
-3312
-1761
-216
1428
2975
4090
4471
4032
3011
1749
616
-337
-1056
-1554
-1681
-1461
-1262
-1122
-1101
-740
100
1468
3048
4103
4927
5707
6835
7428
6495
4372
1706
-385
-2316
-4107
-5406
-6043
-5639
-4655
-2950
-1016
692
1991
2734
3289
3396
2852
1560
-146
-1851
-3281
-4188
-4292
-3494
-2052
-382
876
1684
2039
2049
1453
117
-1565
-3260
-4410
-5140
-5281
-4672
-3220
-1276
373
1705
2600
3339
3689
3451
2700
1612
779
178
-93
-327
-654
-881
-1064
-1212
-1582
-1966
-2003
-1324
254
2303
4305
5842
6827
7327
7218
6307
4454
1953
-714
-3092
-4767
-5659
-5796
-5274
-4102
-2323
-278
1692
3051
3549
3296
2506
1517
219
-1337
-2976
-4258
-4689
-4258
-2982
-1342
339
1841
2932
3544
3318
2191
209
-2301
-4657
-6326
-6862
-6403
-5237
-3565
-1483
922
3102
4632
5358
5353
4715
3405
1759
227
-875
-1692
-2563
-3302
-3484
-2805
-1612
-465
494
1510
2896
4371
5461
5969
5987
5537
4360
2568
717
-688
-1617
-2454
-3207
-3554
-3188
-2200
-1080
-90
709
1465
2203
2557
2214
1072
-509
-2033
-3156
-3709
-3791
-3450
-2729
-1617
-250
1177
2467
3306
3291
2106
69
-2112
-3750
-4690
-5099
-5014
-4425
-3296
-1888
-357
1205
2677
3865
4305
3942
3031
2025
1165
346
-443
-1197
-1756
-2167
-2524
-2740
-2660
-1976
-771
625
1835
2815
3858
4912
5670
5803
5393
4609
3329
1552
-395
-1958
-2945
-3469
-3472
-2815
-1632
-420
491
1241
1990
2599
2716
2189
1121
-326
-1870
-3218
-4134
-4462
-4106
-3052
-1583
-109
1172
2247
2999
3071
2194
516
-1556
-3627
-5328
-6310
-6330
-5503
-4101
-2253
-28
2331
4221
5120
4978
4183
3170
2118
1044
-102
-1300
-2417
-3203
-3427
-3085
-2323
-1303
-93
1166
2242
3037
3679
4310
4759
4771
4358
3756
3086
2105
684
-877
-2037
-2492
-2418
-2065
-1493
-700
130
704
1000
1229
1482
1477
940
12
-931
-1687
-2326
-2868
-3164
-3076
-2555
-1589
-274
1069
2002
2296
1974
1126
-155
-1699
-3192
-4393
-5149
-5301
-4738
-3452
-1698
225
2036
3429
4139
4058
3426
2629
1879
1017
-246
-1815
-3098
-3496
-3031
-2285
-1697
-1094
-109
1121
2131
2802
3527
4576
5536
5767
5124
4033
2854
1556
95
-1273
-2136
-2412
-2310
-1961
-1342
-420
559
1294
1676
1811
1751
1348
560
-390
-1189
-1775
-2313
-2883
-3344
-3439
-3039
-2126
-792
693
1976
2666
2494
1407
-357
-2304
-3945
-4987
-5397
-5193
-4388
-3054
-1312
605
2419
3749
4294
4078
3415
2595
1627
409
-956
-2135
-2869
-3136
-3021
-2525
-1653
-534
582
1575
2508
3438
4239
4689
4705
4296
3614
2740
1784
836
-63
-816
-1461
-1803
-1691
-991
79
928
1257
1143
1095
1205
1239
886
158
-568
-1143
-1466
-1757
-2053
-2396
-2638
-2528
-1957
-875
301
1242
1557
1241
456
-623
-1796
-3056
-4122
-4802
-4771
-4040
-2809
-1349
63
1420
2567
3445
3705
3245
2203
1001
52
-694
-1371
-2176
-2837
-3056
-2643
-1738
-604
664
1942
3155
4008
4412
4397
4158
3803
3283
2611
1757
817
-197
-1022
-1414
-1261
-717
-55
616
1113
1365
1287
1084
975
973
817
242
-591
-1423
-2023
-2462
-2744
-2772
-2478
-1902
-1252
-591
48
688
1175
1270
749
-468
-2080
-3613
-4590
-4853
-4490
-3639
-2413
-889
712
2118
3089
3536
3472
2912
1920
647
-589
-1571
-2278
-2778
-3003
-2697
-1828
-650
509
1553
2515
3263
3626
3644
3620
3660
3525
2970
2079
1172
365
-323
-767
-745
-347
-7
81
167
536
1012
1222
1106
941
890
762
331
-363
-1104
-1746
-2230
-2476
-2407
-2099
-1773
-1464
-1005
-275
512
936
802
235
-556
-1512
-2568
-3519
-4111
-4189
-3728
-2684
-1105
667
2149
3009
3288
3166
2693
1800
503
-949
-2190
-2943
-3167
-2966
-2474
-1736
-748
417
1644
2786
3695
4170
4068
3511
2829
2250
1715
1169
734
565
562
472
266
126
170
299
464
767
1170
1386
1194
759
421
246
-20
-551
-1254
-1893
-2273
-2270
-1850
-1179
-568
-276
-292
-373
-310
-86
69
-213
-1113
-2359
-3350
-3659
-3414
-3013
-2625
-2058
-1081
211
1485
2415
2837
2744
2237
1447
478
-563
-1523
-2232
-2599
-2619
-2255
-1490
-466
549
1416
2208
2972
3511
3491
2889
2131
1679
1596
1598
1448
1146
841
626
453
247
-4
-178
-61
448
1152
1628
1582
1037
291
-346
-732
-875
-909
-976
-1146
-1353
-1476
-1434
-1244
-1013
-748
-392
47
450
598
256
-608
-1686
-2516
-2839
-2832
-2824
-2829
-2480
-1515
-149
1098
1884
2209
2197
1842
1099
116
-838
-1601
-2190
-2599
-2615
-2060
-1064
14
886
1550
2107
2528
2660
2412
1923
1481
1315
1417
1529
1403
1049
731
669
831
1025
1137
1207
1231
1124
917
843
1060
1329
1173
417
-564
-1203
-1336
-1255
-1264
-1369
-1414
-1353
-1224
-998
-638
-248
-55
-142
-377
-646
-998
-1511
-2123
-2666
-2972
-2936
-2530
-1834
-1056
-384
188
775
1345
1639
1419
813
188
-270
-729
-1347
-1894
-1950
-1403
-600
114
737
1423
2112
2545
2571
2329
2066
1924
1859
1708
1387
1017
830
915
1071
993
652
343
311
542
838
1063
1193
1203
1076
812
419
-141
-841
-1469
-1738
-1602
-1328
-1231
-1302
-1258
-907
-316
224
456
318
-94
-628
-1223
-1861
-2415
-2687
-2636
-2436
-2218
-1876
-1238
-407
290
715
1005
1215
1148
621
-196
-882
-1195
-1249
-1266
-1271
-1109
-663
33
797
1474
1981
2246
2247
2006
1629
1271
1038
930
915
964
1064
1214
1428
1694
1906
1895
1603
1230
995
892
706
340
-25
-220
-297
-435
-660
-837
-922
-983
-1035
-989
-764
-470
-349
-511
-812
-1028
-1110
-1170
-1286
-1377
-1391
-1462
-1715
-2009
-2023
-1657
-1150
-799
-607
-345
109
605
855
708
307
-83
-326
-474
-643
-829
-891
-692
-207
438
1049
1492
1752
1871
1924
1995
2125
2208
1976
1311
512
89
196
495
640
619
625
722
810
856
909
953
873
649
411
233
10
-438
-1085
-1614
-1730
-1430
-979
-628
-389
-174
8
69
-7
-146
-326
-639
-1129
-1669
-2064
-2217
-2177
-2019
-1745
-1371
-943
-473
68
653
1140
1314
1046
430
-254
-741
-990
-1162
-1401
-1569
-1348
-631
291
1031
1491
1882
2326
2609
2425
1780
1051
608
541
667
756
722
632
676
988
1464
1840
1894
1614
1150
694
343
75
-163
-425
-696
-874
-888
-812
-766
-756
-685
-484
-230
-106
-197
-455
-830
-1256
-1597
-1709
-1565
-1326
-1226
-1304
-1373
-1237
-915
-645
-648
-860
-946
-659
-135
258
310
150
-14
-164
-390
-623
-659
-411
-52
215
395
620
952
1322
1679
2001
2221
2207
1896
1407
977
759
679
561
370
289
468
765
865
663
416
445
732
936
793
365
-61
-310
-465
-658
-868
-939
-792
-524
-297
-244
-417
-724
-953
-896
-575
-309
-455
-1016
-1557
-1666
-1366
-1028
-908
-916
-849
-738
-782
-961
-970
-563
104
605
692
465
165
-78
-244
-318
-297
-256
-254
-158
263
1020
1747
2021
1841
1612
1681
1930
1943
1495
791
228
-16
-37
13
86
220
380
432
348
270
323
464
496
281
-69
-349
-565
-849
-1172
-1267
-964
-470
-207
-334
-562
-569
-389
-338
-595
-1019
-1368
-1527
-1508
-1354
-1083
-764
-534
-444
-393
-253
-37
113
140
203
465
790
851
524
80
-108
-8
87
2
-86
103
592
1127
1477
1677
1848
1945
1863
1653
1436
1184
788
271
-198
-513
-728
-851
-723
-245
375
776
736
345
-98
-332
-340
-287
-383
-724
-1160
-1401
-1276
-869
-485
-348
-384
-411
-413
-462
-536
-548
-479
-523
-868
-1342
-1578
-1412
-959
-448
-16
374
717
814
603
332
206
179
126
7
-68
-51
-90
-263
-344
-91
456
1052
1428
1484
1372
1297
1323
1410
1475
1398
1116
625
32
-385
-434
-214
47
173
156
135
209
312
321
177
-62
-253
-337
-410
-562
-769
-977
-1114
-1081
-875
-614
-421
-337
-277
-119
56
12
-376
-1003
-1561
-1734
-1543
-1310
-1123
-798
-220
498
1004
1061
831
605
470
415
360
153
-187
-435
-391
25
612
965
915
707
683
901
1104
1042
816
752
931
1129
1119
866
456
71
-129
-159
-180
-271
-334
-242
16
278
331
100
-349
-830
-1116
-1078
-821
-618
-633
-792
-895
-798
-561
-362
-288
-277
-239
-188
-162
-187
-348
-652
-924
-963
-739
-420
-202
-147
-138
-26
206
465
689
868
947
810
367
-225
-597
-510
-69
443
865
1166
1324
1294
1064
777
671
795
908
789
521
345
368
466
451
327
249
281
300
170
-46
-193
-242
-320
-501
-675
-707
-635
-642
-812
-999
-1032
-932
-849
-824
-731
-498
-275
-266
-452
-613
-659
-700
-813
-863
-677
-357
-240
-498
-910
-1047
-709
-102
410
636
677
744
935
1146
1150
846
395
111
172
470
772
960
1093
1246
1337
1226
916
610
496
559
619
569
461
378
313
206
131
240
510
636
327
-303
-798
-843
-539
-265
-243
-457
-841
-1306
-1663
-1666
-1260
-732
-444
-469
-545
-435
-219
-178
-409
-697
-763
-587
-395
-365
-440
-447
-317
-112
90
227
195
-74
-406
-449
-39
558
856
645
234
142
542
1105
1369
1167
729
451
520
782
970
935
706
413
182
74
70
117
154
148
128
181
347
531
579
415
116
-163
-329
-440
-574
-672
-657
-576
-570
-703
-847
-790
-500
-229
-243
-532
-820
-859
-661
-413
-313
-382
-476
-481
-393
-276
-215
-258
-339
-332
-169
125
429
572
504
333
178
77
31
91
328
788
1311
1587
1440
1027
665
533
561
570
487
362
263
164
27
-86
-89
38
227
357
333
190
31
-85
-148
-190
-252
-338
-420
-486
-544
-559
-494
-398
-400
-586
-833
-934
-814
-630
-608
-792
-1041
-1130
-929
-498
-96
34
-127
-332
-266
112
494
532
228
-82
-92
168
394
346
62
-210
-247
28
522
1025
1294
1219
959
805
895
1108
1201
1037
664
246
-36
-95
-1
92
93
45
25
33
5
-68
-104
-15
186
330
229
-144
-574
-771
-618
-297
-135
-294
-628
-829
-732
-464
-276
-316
-508
-687
-772
-809
-843
-812
-623
-309
-45
53
75
186
382
471
307
22
-116
9
246
317
114
-193
-337
-189
134
375
404
328
392
716
1119
1316
1197
913
664
472
245
-3
-128
-73
36
30
-86
-166
-127
-44
12
136
391
609
533
124
-354
-580
-508
-423
-592
-918
-1062
-844
-391
-1
119
-2
-185
-322
-424
-510
-606
-760
-941
-1035
-914
-571
-112
237
347
302
264
314
417
500
526
527
513
400
111
-258
-448
-282
161
593
762
661
511
492
615
809
978
1040
911
558
96
-210
-174
61
150
-83
-445
-584
-353
47
290
230
-33
-337
-574
-673
-582
-363
-175
-168
-328
-460
-442
-319
-216
-154
-62
18
-60
-302
-456
-310
28
225
85
-213
-373
-366
-362
-393
-299
29
444
661
551
275
64
11
66
144
199
232
247
214
95
-94
-248
-219
23
315
476
439
274
132
110
223
427
574
490
138
-277
-483
-384
-137
-21
-109
-230
-220
-94
-4
-27
-83
-42
102
244
225
-60
-496
-788
-720
-340
52
190
83
-43
11
218
417
447
250
-100
-430
-565
-475
-307
-250
-340
-438
-347
-12
445
806
888
664
256
-128
-270
-88
291
602
609
280
-134
-318
-174
139
386
456
395
296
167
8
-82
-45
41
-4
-255
-518
-506
-228
-17
-157
-547
-783
-607
-143
241
294
73
-186
-282
-177
1
75
2
-114
-168
-177
-187
-172
-60
125
245
195
32
-79
-23
142
274
305
253
169
59
-98
-232
-218
-24
229
366
311
166
123
284
518
575
317
-113
-408
-403
-225
-121
-174
-238
-153
58
227
254
203
197
216
122
-127
-338
-278
-7
138
-87
-531
-816
-745
-421
-54
225
361
304
93
-74
2
283
474
343
2
-215
-150
1
-21
-210
-334
-246
-31
157
287
415
532
551
423
192
-73
-340
-535
-540
-296
25
135
-20
-176
-30
400
747
717
383
75
7
74
43
-195
-506
-666
-571
-296
-16
147
207
247
282
253
100
-142
-352
-443
-411
-333
-288
-295
-325
-352
-356
-347
-330
-266
-101
152
370
396
193
-92
-219
-79
203
411
405
225
26
-58
3
127
212
250
300
401
517
552
451
276
155
157
228
207
22
-244
-422
-371
-96
227
371
256
-10
-234
-252
-58
176
266
134
-196
-537
-684
-593
-335
-51
101
37
-203
-459
-538
-309
125
478
527
277
-100
-425
-605
-605
-428
-178
-44
-100
-162
-23
260
445
431
349
371
444
361
122
-11
98
277
281
80
-124
-168
-100
-33
89
341
585
592
283
-147
-409
-435
-375
-298
-130
131
305
222
-85
-366
-376
-132
148
279
212
15
-176
-292
-358
-370
-282
-74
183
321
237
2
-187
-227
-126
63
225
216
-24
-355
-523
-401
-144
-1
-5
5
81
82
-101
-351
-440
-307
-120
4
130
318
500
550
458
332
199
-1
-261
-429
-351
-60
264
474
549
509
364
166
25
56
245
435
433
182
-182
-394
-280
75
376
407
239
67
-29
-125
-230
-189
85
398
389
-77
-685
-938
-657
-171
58
-116
-399
-412
-114
198
246
45
-190
-276
-233
-185
-214
-316
-398
-349
-146
62
51
-189
-367
-170
340
743
682
255
-118
-125
137
307
166
-196
-483
-483
-229
89
306
372
303
155
6
-33
85
260
335
241
91
22
25
-3
-96
-161
-100
56
216
332
407
417
310
92
-117
-171
-99
-78
-182
-286
-197
88
339
357
172
-44
-182
-275
-378
-436
-349
-115
129
220
130
-47
-203
-307
-387
-453
-466
-393
-242
-40
154
256
190
-9
-176
-146
84
310
333
153
-25
-44
58
131
94
58
151
334
420
312
132
82
214
368
379
288
270
356
353
73
-362
-581
-375
70
373
350
155
28
12
0
-128
-364
-605
-712
-592
-274
44
111
-110
-413
-545
-422
-144
130
273
212
-35
-299
-372
-216
-29
-44
-258
-422
-331
-30
279
441
437
313
156
71
115
218
186
-49
-286
-298
-102
39
-19
-101
54
398
572
340
-99
-314
-121
231
365
183
-92
-199
-100
106
336
506
507
270
-75
-224
-38
279
394
202
-33
-32
145
201
-22
-302
-290
70
454
485
107
-356
-575
-502
-312
-156
-49
14
-30
-228
-438
-419
-139
153
158
-174
-577
-741
-580
-232
125
374
451
318
24
-255
-314
-108
177
312
218
27
-62
16
183
329
416
439
371
234
129
141
212
185
-23
-273
-315
-43
332
461
212
-193
-407
-282
-1
180
163
4
-201
-366
-418
-353
-261
-250
-297
-285
-157
-10
47
55
94
117
-6
-258
-403
-252
84
276
140
-157
-290
-119
191
352
234
-25
-185
-102
163
403
436
242
-51
-237
-201
9
236
347
294
116
-96
-225
-159
122
471
681
620
301
-129
-452
-496
-264
51
287
456
608
622
324
-198
-569
-535
-260
-60
2
104
285
331
98
-256
-425
-326
-144
-80
-136
-180
-143
-110
-167
-260
-270
-173
-114
-231
-408
-392
-136
97
35
-243
-377
-168
162
238
-37
-391
-494
-266
142
516
706
652
366
-17
-302
-316
-29
384
639
555
258
50
112
313
394
258
10
-147
-96
113
281
246
52
-103
-109
-78
-141
-231
-187
-27
50
-58
-187
-139
76
250
179
-129
-514
-762
-693
-300
198
483
367
-45
-445
-539
-248
199
431
268
-93
-300
-239
-101
-96
-165
-73
240
525
464
32
-418
-505
-184
244
477
460
314
163
49
-30
-50
-17
7
-18
-65
-45
88
261
325
159
-190
-499
-538
-253
205
571
631
364
-61
-364
-359
-118
141
231
129
-50
-175
-170
-9
237
373
234
-113
-370
-293
17
208
118
-56
-46
119
141
-130
-470
-550
-323
-21
124
95
19
-7
29
71
64
-74
-363
-639
-626
-219
319
587
445
133
-52
-54
-25
-24
12
100
139
24
-161
-228
-111
75
181
165
90
36
47
167
348
462
395
157
-119
-319
-407
-391
-261
-18
236
326
182
-37
-72
148
371
257
-203
-617
-618
-244
141
281
226
150
102
2
-137
-207
-153
-82
-129
-263
-297
-91
262
507
428
68
-293
-413
-269
-31
146
245
304
337
282
93
-166
-339
-302
-74
196
325
228
-3
-181
-196
-72
76
144
117
34
-52
-62
39
177
224
117
-57
-129
-55
30
-9
-176
-343
-379
-271
-63
163
304
281
110
-53
-44
87
121
-63
-325
-406
-218
74
270
316
255
98
-183
-460
-506
-218
195
329
49
-321
-340
25
380
357
0
-340
-368
-111
179
320
321
287
267
235
108
-151
-442
-520
-230
249
520
355
-50
-290
-164
149
339
285
119
2
-39
-48
-51
-66
-119
-165
-93
78
142
-39
-301
-296
63
455
492
139
-267
-411
-301
-173
-149
-159
-78
135
368
442
271
-68
-341
-362
-157
85
168
47
-148
-213
-43
252
379
125
-345
-600
-336
271
699
588
100
-325
-448
-367
-235
-25
267
460
367
4
-352
-434
-218
127
373
325
-17
-413
-536
-255
189
397
239
-17
-45
173
335
212
-69
-211
-88
146
248
124
-90
-178
-50
221
428
396
129
-224
-422
-340
-55
207
204
-61
-338
-382
-194
-9
0
-95
-101
41
129
-20
-331
-534
-402
6
362
372
41
-357
-491
-241
202
515
547
384
203
94
25
-46
-122
-168
-131
14
206
365
401
274
49
-97
-30
180
305
162
-148
-334
-258
-39
84
1
-179
-272
-242
-181
-158
-151
-109
-57
-69
-132
-178
-142
-4
147
173
40
-126
-154
6
203
262
127
-110
-276
-277
-141
33
167
255
295
278
222
178
162
117
15
-96
-105
34
235
342
271
72
-107
-179
-166
-111
-37
53
122
104
-6
-153
-251
-278
-278
-290
-291
-196
17
257
387
360
237
96
-45
-171
-223
-179
-97
-113
-265
-426
-425
-216
67
285
399
424
348
145
-137
-371
-445
-324
-63
224
422
424
185
-198
-472
-413
-48
357
521
377
126
-21
-57
-111
-229
-265
-80
217
358
179
-179
-362
-166
257
566
516
137
-288
-437
-204
188
403
304
75
9
144
238
87
-244
-474
-388
-49
265
300
65
-236
-418
-411
-280
-129
-6
109
198
169
-11
-244
-339
-152
180
358
217
-137
-395
-302
90
455
493
207
-132
-265
-194
-118
-203
-360
-337
-44
344
512
299
-89
-283
-127
166
278
125
-98
-143
53
301
380
237
-52
-348
-476
-337
0
302
353
151
-113
-250
-248
-215
-199
-134
34
219
304
244
153
158
217
214
106
-70
-280
-470
-530
-380
-67
221
315
217
57
-53
-96
-90
-5
163
297
278
144
40
52
74
-51
-302
-447
-293
84
408
446
214
-79
-260
-303
-253
-139
-16
10
-130
-330
-353
-92
309
562
499
253
42
-51
-91
-136
-136
-54
51
79
33
-11
-18
-41
-129
-197
-138
23
134
101
21
22
94
124
60
15
74
131
6
-284
-470
-316
95
411
387
84
-255
-436
-404
-181
163
441
453
170
-184
-306
-136
110
179
34
-159
-230
-147
31
226
356
318
124
-63
-111
-62
-59
-118
-90
96
271
205
-72
-248
-116
162
258
79
-174
-284
-253
-247
-280
-214
-19
174
208
51
-143
-219
-136
98
375
516
395
53
-287
-402
-263
-4
221
271
80
-251
-452
-280
198
582
518
105
-239
-202
109
360
340
98
-170
-287
-164
143
424
401
-9
-519
-718
-444
43
352
339
127
-114
-324
-467
-467
-292
-55
97
133
119
90
16
-84
-106
5
149
186
97
-10
-53
-46
-26
24
115
172
132
38
15
100
163
113
13
-34
-42
-101
-203
-214
-50
191
324
277
114
-72
-184
-192
-103
23
84
26
-112
-249
-302
-212
4
250
393
346
143
-108
-275
-285
-147
64
226
226
73
-117
-218
-195
-74
103
291
410
322
6
-374
-558
-398
-14
310
350
95
-255
-427
-275
109
467
530
234
-188
-409
-284
26
215
127
-120
-273
-176
104
360
413
247
-1
-161
-148
-36
17
-74
-207
-189
30
271
312
156
-27
-93
-42
35
88
108
79
11
-75
-160
-240
-307
-329
-253
-83
82
145
57
-117
-223
-181
-61
1
-71
-177
-150
25
194
220
138
89
138
209
211
170
161
173
141
35
-79
-87
17
125
140
70
-24
-71
-55
26
130
167
95
-23
-64
35
156
93
-173
-416
-350
24
342
279
-108
-449
-466
-247
-92
-114
-149
-55
92
84
-114
-297
-277
-61
179
302
295
183
-37
-298
-393
-210
160
452
464
287
108
0
-71
-137
-145
-28
172
333
378
285
57
-223
-398
-315
12
322
348
102
-154
-204
-84
-11
-47
-60
8
62
-31
-206
-255
-88
153
266
191
20
-112
-160
-177
-206
-232
-172
13
212
261
138
12
39
171
211
53
-184
-246
-34
259
320
24
-408
-638
-520
-202
94
310
485
594
501
146
-316
-572
-455
-122
118
99
-38
-87
-16
58
46
32
139
331
432
286
-60
-389
-508
-390
-166
16
106
131
153
181
167
78
-17
3
127
204
75
-213
-410
-333
-44
208
234
90
-21
15
110
128
34
-63
-76
-57
-85
-164
-196
-111
39
136
145
118
108
88
6
-84
-85
6
73
21
-106
-153
-36
141
183
27
-196
-295
-202
-49
30
44
93
203
258
157
-36
-123
-31
103
106
-22
-119
-66
45
59
-51
-160
-167
-119
-106
-96
3
191
306
214
-13
-159
-88
99
182
52
-187
-300
-160
96
220
125
-31
-58
59
156
100
-78
-216
-208
-90
59
198
334
387
241
-105
-459
-576
-422
-150
91
287
445
468
229
-211
-542
-485
-96
263
287
47
-127
-41
190
315
213
-29
-247
-325
-226
2
210
211
-50
-365
-408
-64
414
647
468
36
-349
-501
-401
-143
135
294
263
94
-61
-79
-2
44
-7
-108
-170
-129
17
191
280
179
-77
-301
-321
-135
95
218
242
243
236
139
-82
-270
-240
12
256
256
15
-246
-298
-96
205
394
344
78
-239
-399
-318
-95
89
135
106
105
103
5
-203
-367
-325
-92
165
291
264
141
-59
-352
-617
-632
-319
101
265
50
-232
-203
131
394
276
-98
-360
-316
-99
60
100
98
99
83
91
190
339
394
278
145
203
386
386
23
-418
-469
-17
514
598
182
-290
-369
-36
360
495
321
-15
-335
-491
-411
-146
103
135
-47
-210
-151
64
194
84
-160
-310
-259
-102
-4
-7
-38
-26
8
-2
-55
-78
13
206
344
287
64
-141
-161
-28
52
-46
-206
-206
-1
213
238
96
-28
-11
91
125
10
-200
-366
-322
-30
295
339
-10
-433
-448
61
631
692
190
-357
-416
-48
180
-57
-488
-547
-76
453
515
123
-272
-306
-33
208
214
37
-188
-302
-219
12
247
316
207
77
35
35
-8
-112
-176
-109
28
143
198
148
-13
-218
-361
-312
-62
255
511
551
281
-160
-486
-480
-220
-9
24
36
122
200
173
114
172
273
192
-94
-313
-243
-15
89
2
-99
-100
-76
-112
-140
-74
67
174
149
12
-148
-231
-117
109
184
-8
-271
-284
29
362
378
108
-160
-226
-133
-22
44
100
127
67
-48
-100
-12
119
126
-5
-119
-81
86
239
213
10
-210
-260
-81
137
152
-65
-253
-172
97
250
124
-96
-110
87
222
95
-192
-405
-397
-223
6
227
366
332
92
-196
-305
-140
154
307
201
-60
-264
-297
-182
-12
138
254
310
251
85
-100
-216
-213
-77
103
208
143
-84
-307
-312
-48
269
361
162
-125
-229
-96
112
236
228
104
-88
-259
-307
-193
-54
-67
-189
-176
103
461
571
317
-41
-190
-120
-56
-104
-144
-46
92
64
-121
-209
-42
185
160
-129
-333
-170
207
379
169
-154
-243
-76
80
20
-134
-127
69
248
225
37
-143
-180
-101
-19
9
4
-15
-48
-66
-1
161
273
183
-50
-175
-41
177
205
2
-192
-169
9
163
165
34
-98
-72
185
557
712
394
-262
-768
-730
-267
150
160
-164
-447
-397
-17
405
555
336
-51
-297
-294
-197
-192
-298
-351
-236
-24
176
304
359
333
236
60
-184
-432
-496
-227
219
443
217
-182
-303
-31
306
375
240
128
89
1
-160
-257
-149
125
370
438
309
52
-195
-270
-117
149
319
244
-29
-314
-445
-372
-181
-12
47
1
-33
41
167
219
96
-121
-235
-136
60
132
-20
-247
-323
-154
149
375
397
201
-98
-294
-266
-80
93
120
43
5
58
107
54
-70
-130
-50
117
230
209
86
-36
-87
-82
-52
-36
-70
-173
-264
-189
75
344
395
196
-77
-214
-179
-97
-86
-153
-190
-103
82
207
112
-140
-275
-91
292
486
242
-219
-471
-300
94
320
209
-91
-299
-251
-25
182
238
156
29
-41
-1
132
261
242
25
-265
-404
-299
-74
113
199
213
189
121
26
-24
27
137
182
80
-112
-237
-188
16
194
215
142
92
92
91
66
25
-13
-60
-139
-228
-242
-177
-117
-94
-85
-78
-115
-192
-229
-170
-36
78
59
-70
-194
-227
-122
81
256
298
256
227
200
86
-95
-193
-103
86
167
86
-9
33
148
159
19
-129
-118
41
153
62
-125
-192
-100
13
34
19
60
95
-12
-223
-271
-52
186
152
-106
-268
-184
-59
-130
-319
-331
-82
168
184
58
32
150
228
137
5
17
110
101
-29
-72
122
395
477
319
125
68
114
111
33
18
114
179
76
-105
-117
80
196
-38
-502
-749
-499
52
480
520
257
-81
-363
-500
-416
-175
15
-28
-246
-403
-316
-28
251
334
180
-65
-177
-64
85
9
-265
-396
-121
415
739
538
-13
-482
-595
-373
26
437
674
570
163
-280
-431
-226
72
161
-13
-207
-187
27
231
246
98
-38
-106
-167
-233
-245
-165
-9
144
201
144
29
-47
-35
68
188
213
83
-165
-386
-416
-204
109
331
413
412
326
101
-201
-336
-135
200
294
17
-384
-501
-184
302
574
432
-30
-445
-445
-21
464
557
84
-596
-886
-560
85
543
534
183
-181
-315
-156
175
430
420
154
-194
-427
-473
-402
-227
58
361
491
324
-26
-271
-206
106
377
325
-78
-533
-622
-243
260
451
220
-151
-300
-142
151
373
409
227
-108
-420
-496
-284
38
219
150
-53
-162
-56
176
317
209
-50
-194
-78
118
96
-177
-395
-262
154
492
482
185
-152
-326
-263
-19
218
196
-114
-378
-239
216
481
231
-260
-440
-160
191
205
-43
-162
8
246
274
103
-97
-258
-379
-359
-57
417
682
432
-163
-606
-568
-117
396
614
404
-57
-394
-344
-42
142
53
-100
-47
167
239
29
-266
-400
-312
-121
75
251
353
293
71
-202
-390
-424
-285
13
374
570
400
-71
-508
