SAMPLES:	11193
BITSPERSAMPLE:	16
CHANNELS:	1
SAMPLERATE:	16000
NORMALIZED:	FALSE
-123
-148
-188
-198
-158
-95
-45
-29
-40
-41
-12
9
5
-30
-88
-127
-118
-86
-76
-114
-175
-202
-173
-105
-38
20
57
52
14
-21
-32
1
72
115
90
37
-12
-43
-51
-52
-54
-39
-48
-100
-103
-14
93
165
171
126
107
133
151
160
158
133
127
136
105
61
47
38
-3
-48
-50
13
105
113
4
-136
-236
-236
-149
-61
-17
5
-1
-43
-80
-61
42
184
260
234
150
63
6
-7
13
28
-4
-70
-125
-128
-103
-96
-92
-49
54
148
167
114
14
-76
-88
-24
61
102
67
-21
-113
-166
-146
-40
81
124
84
1
-79
-124
-124
-66
26
63
16
-39
-51
-42
-56
-81
-76
-33
-3
-32
-75
-98
-96
-72
-42
-17
-4
22
67
93
74
2
-63
-84
-99
-137
-186
-208
-185
-130
-51
39
122
184
217
246
256
223
161
109
95
95
85
87
105
125
112
68
20
-18
-57
-93
-117
-115
-105
-104
-94
-91
-118
-137
-99
-13
73
100
64
74
163
239
239
165
69
35
37
5
-24
-23
-23
-15
-12
-15
5
12
-28
-46
-21
-5
-4
-12
-33
-42
-53
-91
-105
-63
-8
65
119
87
21
-56
-146
-190
-168
-115
-24
45
6
-76
-138
-170
-127
-54
-45
-77
-125
-164
-124
-29
43
81
93
78
67
73
65
61
87
104
104
103
69
17
-33
-96
-118
-67
1
30
10
-26
-12
64
119
110
54
-17
-58
-47
-8
57
114
110
83
79
92
111
90
13
-51
-69
-45
40
140
169
117
11
-77
-73
-3
47
61
21
-62
-97
-67
-10
32
16
-46
-88
-109
-108
-85
-77
-89
-88
-78
-61
-36
-25
-1
51
86
86
57
40
41
39
12
-15
3
48
45
-18
-73
-60
-9
-5
-73
-139
-129
-61
-11
-9
-33
-39
-17
1
6
16
42
70
81
61
28
12
16
8
-17
-35
-9
57
116
123
96
89
98
66
-1
-59
-76
-53
-34
-32
-9
22
47
66
58
19
-7
-11
-23
-59
-119
-147
-94
-27
-33
-65
-90
-81
-11
41
98
152
135
72
-10
-66
-73
-49
-7
13
11
-11
-39
11
74
82
48
-22
-27
31
48
4
-104
-182
-187
-172
-149
-149
-137
-81
-29
44
129
200
241
198
109
56
79
171
232
187
62
-99
-210
-237
-210
-133
-55
-10
39
109
173
171
104
42
4
9
15
3
24
46
54
71
76
59
32
6
7
25
62
85
57
19
-19
-38
-15
0
-59
-176
-273
-279
-196
-117
-135
-201
-208
-148
-30
103
178
163
99
29
-20
-6
8
-35
-83
-83
-24
59
71
-6
-92
-87
-18
27
15
-53
-86
-28
46
83
107
125
144
170
212
257
262
203
96
18
5
3
-58
-176
-263
-232
-95
27
31
-79
-193
-247
-240
-190
-162
-139
-62
29
112
154
142
140
147
149
155
155
153
123
48
-29
-85
-96
-61
-5
59
112
167
192
142
69
19
-11
-3
-4
-35
-52
-72
-82
-82
-101
-124
-117
-46
44
92
134
130
75
52
15
-34
-69
-115
-148
-166
-164
-143
-135
-124
-87
-26
29
13
-67
-119
-133
-82
4
40
44
10
-42
-51
-47
-13
38
44
50
41
31
50
34
17
7
10
93
176
189
158
98
82
119
146
153
120
60
12
-23
-3
46
45
-13
-121
-174
-103
-8
35
5
-66
-101
-92
-65
-38
-32
-27
-3
47
121
162
126
35
-74
-122
-81
-28
-1
-32
-90
-102
-85
-47
8
56
96
88
26
-47
-95
-75
0
85
132
100
10
-64
-85
-52
3
31
20
-24
-78
-105
-98
-90
-108
-163
-205
-191
-117
-15
66
95
95
102
134
194
201
123
15
-88
-129
-111
-82
-40
10
56
78
56
19
2
9
32
57
86
105
116
118
96
91
98
101
100
42
-46
-79
-64
-26
-35
-102
-119
-35
117
199
121
-18
-91
-64
9
8
-67
-121
-132
-117
-94
-71
-24
24
52
63
94
154
169
87
-35
-113
-104
-51
-43
-83
-107
-94
-65
-64
-90
-105
-83
-40
-6
13
13
7
12
18
29
32
16
-9
-21
18
101
145
104
13
-52
-15
73
116
79
-19
-124
-196
-225
-199
-121
-25
40
60
55
75
135
174
172
150
121
121
132
146
155
104
-16
-139
-215
-217
-154
-81
-44
-43
-54
-16
81
145
125
52
-14
-16
42
94
86
16
-72
-116
-111
-79
-34
-1
1
-10
0
29
34
-15
-78
-92
-70
-50
-53
-69
-70
-43
-21
-21
-23
10
59
76
63
35
13
-15
-46
-63
-60
-49
-44
-51
-60
-45
8
81
124
121
88
54
23
2
13
54
92
106
85
53
33
28
24
-4
-46
-70
-40
36
101
114
55
-38
-96
-74
3
70
72
34
-5
-19
-3
37
68
47
-44
-157
-202
-122
25
123
99
16
-26
-21
-22
-63
-124
-156
-121
-56
-26
-42
-82
-95
-58
2
73
132
155
133
69
-27
-116
-140
-105
-58
-28
-22
-38
-66
-94
-88
-25
52
93
80
14
-67
-110
-102
-53
15
80
134
181
209
210
192
168
168
196
200
157
78
-8
-48
-26
9
-10
-96
-199
-244
-203
-115
-38
9
12
-39
-102
-139
-110
-19
34
6
-59
-88
-42
36
56
24
9
46
116
178
184
130
77
47
20
-5
-43
-62
-30
-12
-29
-52
-67
-60
-54
-70
-89
-67
-4
60
92
82
63
53
32
-17
-71
-110
-128
-93
-28
2
-25
-73
-78
-16
57
75
51
31
25
9
-35
-107
-163
-148
-62
50
118
118
70
0
-61
-66
-30
13
49
74
77
59
30
7
19
54
77
70
32
-24
-43
-14
16
23
35
53
67
89
110
107
90
67
43
25
1
-32
-65
-96
-132
-172
-195
-184
-132
-50
23
49
29
-11
-21
7
53
86
99
84
44
-5
-39
-47
-40
-17
53
146
179
134
69
11
-47
-117
-168
-181
-128
-86
-51
-61
-35
39
88
38
44
286
365
93
-323
-224
91
218
-121
-297
-134
6
-221
-544
-422
27
508
328
-93
-353
-25
321
424
175
30
123
200
145
-64
-119
-12
182
47
-213
-371
-318
-205
-96
-41
-13
-57
-126
-59
109
242
335
349
216
35
-50
30
167
242
221
159
41
-54
-100
-184
-320
-392
-339
-225
-98
40
190
234
176
140
131
89
82
155
201
127
-86
-260
-362
-401
-392
-300
-202
-112
-18
9
19
72
198
267
275
268
350
385
297
139
-29
-178
-288
-302
-312
-295
-276
-249
-242
-214
-72
177
398
474
479
471
473
423
311
169
52
-61
-215
-389
-554
-649
-655
-563
-418
-279
-135
12
178
346
513
660
737
687
534
311
55
-168
-325
-454
-569
-615
-584
-539
-518
-487
-383
-209
-6
257
523
709
747
694
605
508
365
168
-63
-306
-502
-614
-648
-647
-623
-560
-405
-188
58
291
465
563
616
643
645
630
563
375
80
-189
-350
-438
-504
-499
-441
-391
-353
-281
-162
-21
146
311
414
418
376
309
206
128
139
145
26
-140
-258
-306
-330
-345
-329
-256
-148
-43
4
18
92
242
387
442
415
335
219
80
-16
-64
-102
-154
-215
-267
-271
-211
-128
-103
-136
-113
-13
59
29
-12
1
31
35
30
29
7
-40
-80
-85
-72
-60
-58
-53
-37
14
65
87
88
123
186
232
243
217
159
38
-82
-153
-159
-182
-222
-234
-161
-58
0
32
75
150
211
240
210
152
72
16
-48
-148
-238
-278
-245
-194
-140
-105
-59
-17
18
40
62
97
143
173
169
157
148
136
71
-8
-47
-23
-3
-15
-82
-194
-267
-252
-149
-39
76
174
215
178
156
188
223
201
107
11
-67
-119
-193
-228
-216
-157
-96
-8
95
130
101
73
92
105
99
54
-2
-80
-153
-206
-219
-201
-175
-154
-136
-86
-6
104
178
173
138
142
175
175
149
141
155
149
81
-9
-75
-109
-140
-162
-125
-17
50
-20
-140
-162
-59
42
74
95
168
234
191
4
-199
-271
-212
-159
-180
-212
-227
-246
-229
-102
76
196
243
229
226
231
182
58
-29
-5
48
25
3
2
-19
-47
-61
-90
-156
-120
-26
66
64
31
74
180
265
268
165
70
56
37
-12
-151
-348
-480
-452
-335
-179
-26
63
77
-56
-104
76
283
405
363
246
127
81
58
48
-74
-208
-211
-141
-66
-6
-11
12
91
35
-10
-51
82
298
244
-7
-221
-189
-12
118
-33
-63
90
210
10
-324
-262
89
156
-226
-147
177
469
42
-410
-339
173
571
402
-35
-415
-250
-39
10
-259
-263
13
245
61
-254
-310
-3
287
333
338
186
-99
-364
-184
306
552
127
-562
-541
-64
218
-83
-469
-35
390
367
-251
-579
-272
311
721
298
-281
-461
-113
299
234
125
169
132
226
67
-133
-520
-620
-132
83
196
-65
-187
-378
-404
-81
253
638
484
289
142
101
239
408
264
309
276
151
-283
-791
-618
-258
286
-170
-484
-595
-261
328
24
-206
-353
268
485
132
489
951
1408
405
-440
-620
-439
-158
-590
-342
-293
-222
-831
-1668
-1696
-633
657
1153
820
569
478
761
1088
1104
1307
841
537
-185
-713
-749
-569
-237
-488
-665
-840
-960
-672
-410
255
540
651
681
485
576
596
879
830
564
103
-409
-657
-780
-937
-1111
-1115
-906
-600
-480
-413
-201
246
685
758
694
731
881
975
660
399
60
-217
-244
-577
-607
-863
-683
-720
-629
-308
-31
253
32
95
294
667
756
802
567
419
-7
-241
-336
-88
145
-148
-312
-565
-311
-143
-138
-43
29
163
130
163
201
210
408
384
244
-107
-274
-20
308
355
105
-159
-284
-331
-302
-169
4
74
-12
-61
-146
-124
-97
121
206
255
199
-53
-292
-384
-115
115
157
14
-58
10
30
-77
-61
15
470
555
158
-199
-304
-18
-24
165
66
-35
-591
-953
-580
149
836
414
-360
-871
-343
363
503
219
-71
62
81
-89
-286
-96
374
706
338
-417
-767
-295
495
517
160
-295
-249
-327
-344
-204
101
697
736
287
-447
-522
104
669
497
42
-221
-4
19
-96
-218
-103
454
549
213
-544
-273
639
1123
299
-957
-1230
-829
-435
-484
-251
107
297
-177
-870
-915
-64
1076
1299
664
-164
-194
192
260
79
-102
114
120
-314
-794
-619
120
555
413
-157
-544
-411
12
555
685
413
109
120
193
8
-173
270
953
887
-73
-1000
-770
-97
379
-86
-588
-575
-193
145
-118
-72
212
787
652
-132
-518
-36
733
727
63
-629
-666
-384
-31
105
239
204
18
-291
-563
-413
-230
133
344
166
-251
-561
-431
-100
199
192
-126
-290
-388
-300
-205
-36
185
300
372
176
11
-179
137
358
276
-8
-104
170
256
416
176
65
-117
-94
-68
-80
137
297
326
-36
-209
-199
-52
28
91
33
13
44
110
137
97
114
141
173
91
73
-16
-150
-191
-224
-318
-333
-404
-322
-490
-635
-583
-457
-369
-591
-602
-740
-587
-251
109
469
712
1377
1828
1588
847
553
1044
1548
1358
705
354
62
194
336
-151
-1543
-1748
158
2019
1976
121
-329
720
1342
-138
-2466
-2946
-1005
693
-479
-3371
-4927
-3717
-1309
-29
-763
-1564
-1363
-27
756
225
-231
144
589
50
-942
-1485
-1235
-513
-228
-713
-1598
-1813
-581
2426
8190
13161
13022
8090
3843
3478
4911
5168
4325
4549
3434
-1892
-10614
-17595
-17279
-10283
-4120
-3716
-7629
-9909
-7275
-1567
3842
7130
9402
9934
8967
6572
4933
5625
5994
4261
-13
-4908
-8800
-10517
-9453
-7072
-5463
-6393
-8440
-8516
-5535
-248
4738
7458
7869
7219
7068
7176
6358
5052
3054
1046
779
3604
6383
4759
267
-3011
-2380
-860
192
2325
5537
6280
1563
-6937
-12917
-11117
-3610
2268
1447
-4132
-8861
-8511
-4532
352
4312
6079
6372
4202
1177
-99
2393
6557
7802
5315
-905
-5780
-8019
-6490
-4034
-4019
-6023
-8228
-8587
-7693
-5262
-2205
1502
4273
5577
5476
5282
5470
5755
4737
1398
-1409
-2625
-375
5876
10997
10089
3721
-323
208
3072
4580
5889
9384
9816
3286
-8658
-17489
-16144
-5996
1448
-212
-8305
-14065
-11941
-4789
1627
5134
7148
7038
6074
3150
1018
3115
7798
9382
5293
-1781
-7082
-7908
-6446
-4001
-3424
-5313
-8290
-9973
-9228
-5779
-113
4654
6037
4124
2364
2694
4589
5660
4916
1951
-1585
-3876
-5169
-6035
-6956
-4836
3179
13170
16412
10998
5141
5051
8172
9096
7725
9441
12761
9971
-2899
-18795
-25462
-17569
-5292
-815
-6314
-14383
-15718
-9661
-1272
4989
9848
12311
11508
7157
1986
1912
6325
9623
7810
574
-7816
-12207
-11070
-6698
-3607
-4359
-8023
-10749
-10645
-6906
-574
4865
7115
5417
2692
2487
4578
6715
7101
4648
680
-2994
-4955
-6167
-6566
-5211
1112
10643
14559
10349
4323
4255
8123
10458
9747
10276
12422
10868
1366
-12808
-21997
-18751
-8448
-3124
-6758
-14363
-16885
-12634
-5039
1738
7186
10766
11219
8594
4036
2756
5975
9460
8618
2509
-5443
-10815
-11476
-8764
-5753
-5683
-8442
-11085
-11150
-7750
-1364
4663
7418
6500
4530
4674
6242
7603
7123
4630
496
-3457
-6068
-7026
-5145
-858
6921
13745
14486
8718
3332
3813
7921
11740
12625
12560
9592
1851
-8959
-17492
-19318
-14096
-8482
-8145
-12466
-16645
-14888
-8338
-243
6056
10388
11986
10848
8459
6152
7098
8765
8052
3598
-3582
-9979
-13332
-13184
-10883
-8307
-8031
-9798
-10783
-8190
-2041
5096
9517
10283
8403
6944
7555
8143
6877
3421
-339
-3348
-5795
-7982
-9121
-7240
-2823
4185
11970
16124
14401
9802
8135
9711
12033
12783
13089
11871
5790
-5511
-16986
-23045
-20497
-13608
-9884
-11671
-16333
-17149
-12227
-3715
3855
9637
13284
13558
10955
7374
6946
9250
9828
5917
-899
-7783
-12057
-13535
-12541
-10797
-9963
-10519
-11283
-9309
-4425
2646
7994
9783
8805
7877
8820
9996
9370
6275
2220
-1883
-5420
-8203
-8977
-7345
-3831
13
5198
11338
14366
12723
9053
8935
11757
14274
14132
12053
8372
1352
-8169
-17734
-22400
-19606
-13403
-10261
-12606
-16057
-15215
-9173
-931
5602
10071
11761
11225
9390
7310
7040
7457
6644
3054
-2600
-7876
-11553
-12421
-11152
-9505
-9322
-10522
-10007
-6580
-1042
3884
6688
8091
8861
9537
9858
8805
7165
4865
1679
-2299
-6189
-7901
-7736
-5127
-2079
2340
8980
14211
14483
10009
7550
9295
13093
14233
12213
9075
4008
-3755
-13226
-20631
-21533
-16371
-11261
-10894
-14451
-16332
-12855
-4935
2433
7551
10401
11456
11029
9064
7220
7035
7446
5356
509
-5950
-10704
-12459
-10984
-8854
-8218
-9219
-9915
-7557
-2897
2537
6028
7817
8236
8799
9010
8373
6766
4708
2382
-819
-3716
-6185
-6804
-6498
-3346
871
4508
6903
8314
9990
10200
9929
9865
12335
14157
12329
6460
-783
-6001
-9115
-11943
-14552
-15551
-14698
-12888
-12485
-12443
-10898
-5785
732
5668
7502
7545
8536
9024
8710
7331
5320
2714
-948
-4402
-6998
-8440
-9371
-9753
-9584
-8746
-7058
-4478
-1349
1818
3986
5661
6963
7474
7797
7162
5792
3451
925
-1245
-2663
-4311
-6028
-6602
-5410
-2555
1193
5980
10254
12553
11819
10454
10624
12944
15168
14453
11120
6162
510
-6147
-12896
-16843
-16497
-14511
-14202
-16249
-17794
-15725
-9520
-1738
4090
7093
8537
10130
11309
10563
8983
7230
5220
1785
-3054
-7265
-10265
-11569
-11895
-11455
-10740
-9661
-7477
-4234
-437
3153
6058
7993
8777
8924
8767
7840
6067
3496
1208
-1050
-3500
-5674
-7452
-7799
-5390
-672
4304
8365
11124
12315
11849
11360
12819
15612
16574
14356
9732
2818
-5115
-12234
-16153
-16756
-16479
-17109
-18409
-19065
-17107
-11530
-3697
3507
8178
10468
11265
11630
10928
10027
8659
5852
1323
-4180
-8723
-11134
-11504
-11159
-10331
-9532
-8460
-6940
-4083
128
4545
7292
7886
7249
6466
6791
6868
5834
3642
1304
-1164
-3524
-5424
-6522
-6665
-5874
-3434
-166
3998
8584
12591
14062
13301
12850
13679
14906
14132
11650
7717
2230
-4471
-11317
-16739
-19286
-19075
-17683
-16508
-15773
-13104
-7815
-1234
4261
8113
10277
10547
10110
8452
6921
4987
2444
-855
-5211
-8537
-10243
-10177
-9761
-8738
-6995
-5090
-3363
-1800
147
2951
5360
6262
5653
4655
4669
5036
4964
3546
1737
202
-956
-2458
-4558
-5871
-5586
-3117
100
3863
7912
11368
12579
11502
10708
11502
14230
15780
14454
9390
2148
-5378
-11653
-16170
-18066
-17457
-16548
-16000
-15776
-13202
-8069
-1243
4288
7547
8709
8583
8339
7135
5971
4342
2033
-1526
-5297
-7805
-8613
-7761
-6538
-5477
-4714
-3899
-2834
-1644
-450
979
1855
2086
1896
2221
3189
4044
4272
3891
3276
2038
728
-514
-1768
-3157
-4101
-3701
-1154
2616
6639
10006
10903
10605
10971
13016
15188
15696
14039
10007
3971
-3609
-10414
-14959
-16743
-16365
-15610
-15444
-15189
-13377
-9053
-3251
2069
5776
7429
7419
6215
5134
4286
3324
1777
-879
-3727
-5892
-6721
-6479
-5763
-4798
-3732
-2982
-2980
-3328
-2864
-1411
347
1306
1479
2168
3512
5215
6194
6301
5651
4514
3172
1449
-847
-3488
-5042
-5277
-4132
-1959
1432
5387
8824
10939
12092
13591
15621
17142
16214
12421
7034
1390
-4682
-10645
-15431
-17697
-17781
-17266
-16536
-15219
-12025
-6837
-1038
3197
5220
6069
6146
5768
4890
3606
2424
978
-900
-3132
-4602
-4617
-3636
-3087
-3825
-4544
-4580
-3902
-3552
-3418
-2973
-1457
547
2374
4063
5571
7065
7998
8014
6609
4646
2305
418
-1744
-4877
-7526
-8233
-5652
-1600
2773
6592
9878
12416
13756
14475
14526
14678
14182
12107
7174
160
-7001
-12274
-15673
-17282
-17438
-16646
-14931
-12954
-10032
-6431
-2093
1906
4873
6062
5544
4898
4573
4305
3397
1798
155
-1227
-2217
-2861
-3797
-4665
-5106
-4826
-4585
-4818
-4599
-3514
-1889
-734
115
1477
3692
6144
7846
7837
6654
5047
3584
1892
-285
-2323
-4671
-6531
-7262
-5588
-1945
2267
7057
11093
13167
12491
11871
12694
14342
14406
11674
7395
2013
-3691
-9759
-14520
-16924
-15696
-13489
-12203
-12273
-11638
-8323
-3873
-36
1628
2528
3090
4107
4558
4119
3693
3420
2635
749
-1767
-3192
-3117
-2838
-3143
-4083
-4794
-5229
-5382
-5378
-4559
-2628
-401
1493
2771
3926
5629
7293
7883
6965
4963
3123
1330
-259
-1777
-3177
-4365
-5060
-4054
-1529
2646
6747
9949
11325
11307
11250
11429
11717
10980
9234
6125
1488
-4512
-10355
-14258
-14869
-13307
-11641
-11174
-11395
-10243
-7467
-3546
136
2870
4271
4592
4468
3991
3656
3330
3064
2209
360
-1555
-2977
-3585
-3750
-3849
-4201
-5014
-5927
-6496
-5861
-3954
-1476
614
2087
3382
4982
6661
7447
7158
6040
4976
3464
1439
-869
-2931
-4421
-5555
-6331
-6298
-4405
-760
4251
9092
12215
12893
12410
12056
12562
12435
11011
8542
4697
-808
-7353
-12483
-14798
-14069
-12581
-11611
-11675
-11364
-9115
-5253
-1262
1499
3183
3815
4088
3827
3421
3550
4158
4019
2300
-343
-2315
-2640
-2643
-3521
-5193
-6496
-7260
-7440
-7373
-6193
-3523
-387
2065
3536
5028
7205
9528
10139
8432
5741
3957
2624
529
-2721
-5573
-7269
-7952
-7900
-6582
-3139
2109
8075
12169
13428
12959
12662
13153
13131
11493
8829
5997
2199
-3580
-9800
-14351
-15113
-13126
-11111
-10511
-10970
-10134
-7600
-4123
-1243
730
2090
3159
3748
3618
3283
3650
4190
3990
2533
431
-1126
-2846
-4217
-5465
-5848
-6228
-7299
-8138
-7556
-4662
-1223
1823
3856
5731
8053
9959
10524
9290
7153
5099
2873
-221
-4100
-7601
-9455
-9524
-8644
-6901
-3432
2208
8403
12704
13831
13575
14026
14764
14592
12419
9721
6685
2340
-3944
-10679
-15277
-16320
-14553
-13008
-12621
-12639
-10993
-7495
-3651
-760
1369
3233
4859
5688
5420
5052
4996
4714
3235
1010
-1160
-2456
-3439
-4724
-6273
-7701
-8268
-7959
-7058
-5673
-3198
251
3604
6026
7671
9227
10509
10473
8796
5515
2039
-774
-3169
-5520
-8198
-9887
-9815
-8071
-5061
-1135
4241
10177
14718
16159
15155
14283
14303
14573
13089
9974
5488
-284
-7418
-14149
-17729
-17527
-14904
-13104
-12458
-12389
-10468
-6392
-1551
2134
3979
4914
5130
5021
4279
3652
3441
3338
2455
553
-1865
-3516
-4326
-4541
-4831
-5393
-6134
-6598
-6092
-4383
-1636
1473
4250
5944
7005
7490
8056
7604
6165
3479
513
-1799
-3721
-4988
-6536
-7073
-6886
-5629
-3252
347
5234
9822
13564
15100
14812
13655
12828
12179
10373
7252
3034
-1604
-7068
-12383
-15875
-16224
-14194
-11651
-10000
-9289
-7790
-5045
-1288
1696
3159
3526
3368
3057
2416
2102
2090
2304
1715
95
-1588
-2514
-2361
-2031
-2525
-3663
-4568
-4797
-4458
-3767
-2255
-200
1874
2950
3591
4426
5641
6456
5921
4144
2052
735
-532
-2100
-4255
-5837
-6224
-5583
-3645
-787
3464
7939
11577
13246
12971
12201
11279
11079
10091
8281
4524
-639
-6059
-10563
-13295
-14174
-13301
-11817
-10036
-9248
-8091
-6593
-3704
-419
2374
3613
3090
2708
2388
3432
3794
3695
3241
2284
1306
-85
-738
-1193
-1704
-3195
-5134
-6693
-7461
-6927
-5268
-3130
-973
858
2520
4453
5979
7328
7634
6864
5102
2781
664
-1483
-3645
-6159
-7825
-8136
-6265
-2256
2646
7663
11147
12677
12705
12568
12540
12282
11267
9470
6501
1210
-5806
-11845
-14529
-13875
-12248
-11985
-12179
-11609
-9141
-5662
-2095
706
2531
3396
3321
3224
3033
3687
4637
4781
3753
2059
703
-281
-1220
-1945
-3001
-4914
-7399
-9083
-9038
-7767
-5508
-2992
-47
2700
4837
6904
8430
9711
9671
8062
5253
2251
-344
-3020
-6017
-9025
-10560
-9824
-6560
-1536
4323
9170
12134
12810
12698
12873
13679
14443
13792
10950
5603
-1388
-8545
-13676
-15560
-14757
-13296
-12592
-12451
-11474
-8939
-5049
-877
2226
3808
4010
3515
3283
3815
5084
5947
5554
3732
1474
-347
-1494
-2179
-3094
-4578
-6611
-8317
-9066
-8757
-7162
-4541
-1255
1871
4312
6342
8166
9862
10452
9618
6971
3481
188
-2672
-5297
-8067
-10292
-11070
-10051
-7258
-2749
3177
9080
13017
14925
15294
15467
15061
14378
12677
9926
5504
-629
-7517
-13388
-16242
-16126
-14215
-12682
-11538
-10610
-8358
-5060
-1358
1450
3117
4382
4929
5308
5178
5539
5426
4756
3621
2002
160
-2028
-3295
-3910
-4767
-6653
-8576
-9331
-8953
-7357
-4689
-1428
1880
4651
7044
8632
9264
9114
8312
6542
3635
438
-2557
-5170
-7744
-9784
-10441
-9347
-6317
-2004
3419
8707
12590
14499
14927
15169
14836
13765
11466
8645
4985
-130
-6204
-11914
-14697
-14425
-12867
-11908
-11663
-10988
-8792
-5709
-2454
246
2576
4252
4905
4842
4433
5189
5804
5539
4085
1796
81
-1764
-3260
-4536
-5474
-6521
-8167
-8968
-8914
-6992
-4075
-902
2110
4104
5866
7352
8489
8660
7832
6064
3562
601
-2455
-5031
-6847
-8374
-9315
-8716
-6183
-1496
3876
8515
11884
13540
14388
14203
13219
11596
10151
8491
5234
503
-5429
-9880
-12330
-12919
-12822
-12398
-11473
-9625
-7245
-5079
-2561
-218
2232
3796
4473
4352
4547
5223
5710
5301
3439
1432
-298
-1573
-2823
-4339
-5892
-7077
-7772
-8061
-7968
-6961
-4779
-1579
1379
3760
5756
7251
8226
8060
7222
5861
4038
1484
-1626
-4527
-6982
-8632
-9397
-9026
-6832
-2743
3220
8459
11288
12118
12716
13578
13376
12599
11594
10627
7719
2240
-4792
-10397
-12932
-12576
-11599
-11636
-11962
-11526
-9056
-6046
-2586
78
2460
4193
4637
4806
4650
5737
6201
5535
3593
1347
-221
-2040
-3109
-4403
-5287
-6560
-7792
-8407
-8439
-7055
-4803
-1586
836
2994
4859
6825
8099
8048
7129
5484
3667
1140
-1307
-4068
-6100
-7788
-8857
-9133
-7576
-2933
3060
8515
11097
12197
12646
13266
13465
12912
12375
10947
8034
2185
-5088
-10928
-13140
-12532
-11472
-11539
-12102
-11548
-9210
-5727
-2044
1211
3427
4868
4970
4883
4926
5637
6139
5352
3307
355
-1904
-3184
-3407
-3796
-4950
-6708
-8427
-9341
-9136
-7562
-4563
-1296
1376
3129
4510
6192
7784
8861
8504
6871
4301
1395
-1535
-4315
-6678
-8660
-9920
-10082
-8176
-3756
2601
8688
12433
13520
13675
14102
14283
14047
13050
11680
8476
2712
-4966
-11480
-14149
-13635
-11891
-11469
-11902
-11715
-9431
-5777
-2111
901
3271
5038
5801
5558
5019
5025
5087
4690
3056
829
-1419
-2937
-3715
-4599
-5880
-7567
-8791
-9365
-8960
-7471
-4981
-2088
489
2937
5470
7650
9078
9040
7843
6164
4282
2026
-1017
-4073
-7051
-9032
-10342
-10544
-8333
-3098
4361
10028
12508
12539
12790
13614
13929
13879
13611
12794
9014
1868
-6719
-12630
-13892
-11887
-10205
-10769
-12451
-12591
-9811
-5398
-942
2112
3889
4594
4579
4417
4698
5426
5704
4663
2580
87
-2127
-3775
-4228
-4107
-4978
-6866
-9192
-10283
-9596
-7167
-4231
-1573
645
2858
5350
7207
8329
8427
7908
6392
4102
1211
-1407
-3637
-5994
-8083
-9807
-9529
-6466
-311
6300
10467
11574
11603
12405
13038
13408
13478
13492
11815
6999
-839
-8663
-13003
-12865
-10691
-10089
-11618
-13219
-12128
-8370
-3706
-206
2154
3821
4901
4900
4096
3930
4735
5291
4142
1610
-1603
-3824
-4377
-3840
-3922
-5582
-7529
-8540
-8299
-7581
-6113
-3497
-347
2384
4311
5980
7373
8478
8551
7366
5432
3281
1152
-1563
-4715
-7660
-9259
-9798
-9333
-7087
-2068
4800
10138
12449
12438
12914
13943
14802
14539
13397
11764
7694
1391
-6554
-12137
-13711
-12287
-10924
-11720
-12953
-12665
-9486
-5025
-930
1773
3602
4745
5290
5177
4902
4999
4916
4117
2013
-635
-3182
-4325
-4299
-4329
-5522
-7910
-9549
-9921
-8764
-6644
-3922
-859
1817
4244
6137
7888
9170
9376
8491
6462
4196
1726
-1314
-4676
-7704
-9511
-10111
-9546
-7371
-2788
3502
9143
12364
13437
13696
14184
14668
14301
13624
11821
8483
2476
-5278
-11507
-13950
-12962
-11757
-11915
-13117
-12916
-10167
-6157
-2025
999
3187
4748
5314
5216
4927
5037
5132
4640
2759
3
-2395
-3878
-4609
-5240
-6484
-7579
-8358
-8796
-8469
-7043
-3987
-581
2542
4566
6246
7864
8964
9250
8055
6187
3868
1214
-1747
-4900
-7442
-8972
-9196
-8853
-7219
-3044
3207
8996
11810
12597
13008
13870
14071
13840
13258
12157
9072
3047
-4622
-10972
-13507
-12512
-10819
-11190
-12711
-12925
-10324
-6236
-2543
31
2057
3787
4531
4426
4096
4537
5355
5045
3256
253
-2314
-3490
-3531
-4022
-5696
-7530
-8599
-8744
-8296
-6879
-4151
-826
2177
4437
6179
7705
8772
9023
7999
5798
3288
885
-1272
-3503
-6075
-8255
-9818
-9898
-8405
-4905
632
6890
11843
13628
13693
13326
13593
13759
13206
12155
10105
6044
-274
-7127
-12065
-13260
-12254
-11167
-11495
-12086
-11171
-8439
-4953
-2101
440
2378
4037
4866
4745
4636
4689
4918
4345
2541
-148
-2577
-4005
-4518
-5019
-6178
-7652
-8851
-9069
-8089
-5772
-2708
497
3353
5473
6905
7671
8140
8072
7213
5618
3275
587
-2619
-5539
-7705
-8809
-8874
-8057
-5299
-328
5989
10463
12206
12190
12238
12988
13392
13131
12087
10202
6330
431
-6442
-11225
-12506
-11337
-10372
-11140
-12332
-12000
-9139
-5329
-1879
270
1624
2862
3871
4524
4735
4856
4866
4367
2866
498
-1960
-3627
-4376
-4933
-6254
-8130
-9397
-9173
-7551
-5129
-2283
781
3778
6196
7638
8100
8224
8102
7603
6025
3347
82
-2958
-5538
-7611
-9050
-9541
-8591
-6398
-2247
3307
8884
12104
12962
12858
13166
13728
13257
12377
10695
8150
3344
-3346
-9655
-12986
-12690
-11408
-10999
-12107
-12489
-10737
-7050
-3127
-463
1072
2493
4075
4920
5332
5403
5646
5179
3482
734
-1983
-3473
-4450
-4965
-6158
-7550
-8842
-9339
-8119
-5893
-2717
176
2880
4761
6219
7704
8578
8830
7648
5714
3411
971
-1595
-4324
-6605
-8160
-8530
-8056
-6781
-3613
1783
7868
11854
12721
12410
12463
12881
12795
12140
11308
9509
5506
-1244
-8207
-12426
-12798
-11174
-10479
-11228
-12002
-11125
-8545
-5311
-2179
383
2411
3876
4191
4074
3967
4436
4571
3537
1613
-1050
-3043
-4302
-4673
-4974
-5896
-7015
-7987
-7823
-6478
-3907
-578
2444
4971
6472
7279
7655
7509
7182
6326
4747
2268
-651
-3336
-5645
-7021
-7668
-7331
-6473
-4812
-877
4520
9281
11431
11658
11546
11935
12330
12004
11107
9433
6411
1593
-4730
-9880
-11850
-11177
-10029
-10441
-11673
-12019
-10102
-6592
-2913
-208
1424
2817
3646
3907
3910
4177
4518
4340
2872
747
-1476
-3110
-4012
-4608
-5230
-6361
-7256
-7693
-6630
-4605
-1874
718
2964
4780
6109
6898
7009
6760
5963
4916
3078
840
-1890
-4432
-6363
-7259
-7224
-6794
-5524
-2542
2561
7882
11083
11807
11525
11660
11993
11871
11379
10479
8431
4193
-1780
-7719
-11308
-12156
-11484
-11072
-11364
-11379
-10213
-7697
-4714
-1611
880
2666
3445
3571
3683
4049
4499
4267
3361
1713
-273
-2518
-4294
-4898
-4963
-5442
-6555
-7382
-7025
-5597
-3207
-398
2394
4554
6026
7201
7669
7562
6672
5419
3456
943
-1575
-3763
-5496
-6852
-7589
-7564
-6666
-4377
-154
5023
9526
11572
11757
11117
11183
11776
12132
11849
10069
6711
1447
-4469
-9253
-11315
-11352
-10820
-11141
-11711
-11617
-10000
-7184
-3968
-861
1076
2795
3690
4412
4653
4854
5048
4595
3342
962
-1229
-3141
-4200
-4861
-5506
-6519
-7349
-7544
-6477
-4422
-1922
764
3011
4887
6073
7209
7520
7349
6309
4662
2655
226
-2033
-4203
-5641
-6532
-6782
-6605
-5808
-3423
699
5707
9325
10663
10668
10730
11564
11973
11555
10384
8729
5802
1234
-4554
-9087
-10890
-10867
-10521
-10856
-11256
-11051
-9211
-6622
-3502
-921
1004
2896
4036
4401
4391
4668
4736
4305
2971
936
-1312
-3644
-5005
-5583
-6110
-6532
-6765
-6750
-6265
-4416
-1470
1709
3730
4813
6176
7421
7892
6989
5293
3611
1952
99
-2095
-4254
-5857
-6376
-5999
-5671
-5316
-4123
-834
4261
8762
10988
11117
10784
11102
11601
11433
10448
9135
7164
3643
-1950
-7868
-11665
-12196
-10696
-9648
-10106
-11118
-10605
-8331
-4986
-1701
878
2799
3681
3694
3669
4098
4896
5235
4452
2223
-735
-3389
-4867
-5271
-5339
-5741
-6479
-7166
-6933
-4946
-1994
1103
2963
4300
5296
6322
6754
6369
5606
4256
2819
545
-1721
-3581
-4543
-4708
-4872
-5146
-5273
-3715
-324
4160
7694
9050
9224
9759
11147
11822
11447
10123
8906
6631
2389
-3232
-8055
-9998
-9956
-9588
-10525
-11538
-11369
-9518
-6929
-4474
-1977
475
2580
3530
3545
3500
4251
5203
5021
3562
1243
-1020
-2819
-4045
-4894
-5380
-5513
-5726
-5993
-5831
-4402
-1787
964
2876
4156
5267
6362
6694
6038
4883
3835
2697
999
-1130
-3027
-4031
-4370
-4681
-5435
-5648
-4862
-2497
1015
5149
8699
10373
10518
10091
10381
10365
9939
9170
8030
5781
1171
-4575
-9295
-10918
-10237
-8961
-8915
-10135
-10431
-8994
-6147
-3359
-1433
33
1512
2543
3060
3487
4118
4828
4809
3484
930
-1620
-3460
-3743
-3676
-4323
-5331
-6384
-6369
-5447
-3370
-1019
1199
2978
4302
5456
5991
6244
5948
5018
3540
1779
137
-1289
-2567
-3590
-4632
-5429
-5896
-5623
-3859
-404
4370
7998
9648
9749
9807
10255
10593
10727
10285
9066
6201
1846
-3380
-7541
-9486
-9136
-8684
-9363
-10743
-11343
-10152
-7730
-4741
-2363
-676
598
1835
3072
4003
4684
5157
5089
4178
2062
-629
-2790
-3630
-3738
-4231
-5387
-6489
-6836
-5839
-3953
-1594
447
2129
3726
5081
5937
6029
6066
5424
4256
2631
1195
-142
-1468
-3140
-4473
-5217
-5515
-5539
-5436
-3464
407
5267
8169
9563
9771
10207
10828
10773
10706
10359
9553
6836
2121
-3757
-7878
-9617
-9520
-9459
-10369
-11628
-11707
-10260
-8351
-5845
-3536
-645
1546
2730
3637
4557
5568
5913
5825
4510
2212
-696
-3135
-4153
-4746
-5295
-5920
-6587
-6797
-6236
-4460
-2083
450
2395
4165
5748
6885
7249
6468
5076
3719
3037
2054
584
-1787
-3997
-5442
-6105
-6393
-6580
-5574
-2638
2298
6686
8745
9241
9817
11098
11883
11852
11626
11202
9327
5344
-280
-5507
-8631
-9354
-9281
-10209
-12083
-13410
-12852
-10775
-7857
-4968
-2313
-2
1935
3330
4734
6159
7309
7418
5798
3312
602
-1373
-2799
-3966
-5249
-6529
-7263
-7801
-7534
-6192
-3545
-461
1780
3272
4569
6179
7450
7807
7021
5788
4727
3711
2081
-567
-3377
-5512
-6697
-7346
-7516
-7197
-5847
-2730
1780
6316
9069
10218
10856
11548
12241
12243
12281
11879
10445
6705
854
-5252
-9538
-10816
-10879
-11009
-12454
-14011
-14088
-12210
-8868
-5124
-1625
1000
2951
4184
5429
6952
8124
8061
6418
3438
193
-2477
-4087
-5028
-5953
-7072
-8294
-8505
-7847
-5861
-3458
-659
1946
4126
5829
7199
8621
9061
8682
6863
4801
2677
953
-963
-3178
-5642
-7743
-8493
-8453
-7457
-5832
-2331
2364
6923
9285
10222
11146
12515
13724
13858
13417
12206
10030
5791
112
-5803
-9781
-11393
-11822
-13005
-14968
-16246
-15250
-12038
-8173
-4522
-1503
1575
4157
6182
7354
8307
8798
8205
6549
3418
-207
-3544
-5408
-6034
-6614
-7420
-8366
-8513
-7896
-5971
-3117
-105
2493
4513
6555
8164
9126
9087
8356
6974
5321
3296
920
-1595
-4275
-6629
-8355
-8894
-8602
-7822
-6180
-2863
2035
6632
9651
10927
11961
13197
14187
14390
13922
12844
10284
5663
-824
-6792
-10839
-12488
-13087
-13998
-15332
-16031
-14928
-12048
-7926
-3815
-14
3134
5382
6942
7963
8666
8602
7541
5204
2099
-1191
-3992
-5681
-6736
-7191
-7597
-7897
-8126
-7314
-5092
-2043
1051
3532
5695
7330
8807
9700
9665
8207
6019
3923
2205
154
-2638
-5401
-7563
-8534
-9088
-8732
-8151
-6039
-2061
3275
8130
10526
11783
12736
14374
15023
14809
13744
12205
9369
4210
-2620
-8753
-12287
-13286
-13613
-15120
-16730
-16909
-14278
-10366
-6090
-2549
584
3570
5908
7631
8175
8441
8102
6940
4527
1345
-1667
-4079
-5519
-6388
-6946
-7287
-7339
-7095
-6309
-4479
-1649
1275
3690
5435
7327
8976
9856
9264
7601
5529
3718
1952
-309
-3137
-5992
-8040
-9184
-9308
-8985
-7888
-5774
-1507
4013
8932
11550
12471
13458
14784
15596
14977
13586
11673
8833
3712
-3271
-10051
-13857
-14697
-14344
-14958
-16280
-16336
-14099
-9773
-5507
-1755
1239
4200
6391
7485
7948
7931
7695
6420
4161
1088
-1931
-4286
-5673
-6073
-6070
-6301
-7059
-7645
-6872
-4408
-1274
1547
3693
5738
7696
9179
9669
9053
7676
5982
4012
1575
-1307
-4218
-6499
-7921
-8492
-8934
-8948
-8353
-5634
-659
5209
9783
11866
12851
13374
13997
14012
13927
13521
11802
7831
1470
-5183
-10457
-13075
-13785
-14010
-14642
-15253
-14673
-12546
-9127
-5078
-1074
2020
3987
5130
6304
7287
7825
7270
5621
3265
463
-1884
-3659
-4607
-5282
-5966
-6534
-6965
-6580
-5550
-3367
-641
1804
3847
5313
7325
8889
9792
8925
6912
4409
2157
530
-1536
-3842
-6427
-8153
-8846
-8812
-8106
-6639
-3888
457
5505
9770
11783
12708
13138
13804
13523
12413
11095
9245
6166
951
-4843
-9860
-12257
-13199
-13315
-13519
-13501
-12804
-11408
-8832
-5528
-1421
1732
4027
4997
5420
5938
6285
6414
5250
3404
886
-1208
-2895
-4158
-4508
-4883
-5253
-6244
-6647
-5560
-3250
-421
1596
3491
4880
6535
7894
8595
8318
6741
4692
2230
84
-2047
-3775
-5468
-6776
-7558
-7836
-7492
-6324
-3704
318
5316
9224
11195
11295
11466
12349
12844
12084
10686
9443
7085
2651
-3717
-9149
-11881
-12116
-11572
-11951
-13143
-13660
-12301
-9428
-6008
-2803
-94
2249
3781
4663
5347
5886
6344
6055
4576
2198
-242
-2199
-3241
-3658
-3967
-4631
-5676
-6838
-6713
-4791
-1677
1378
3169
4410
5657
7218
7994
7628
6140
4475
3321
1724
-561
-3293
-5301
-6236
-6284
-6264
-6316
-5865
-4149
-558
3972
7848
10125
11089
11278
11513
11642
11393
10787
9665
7228
2895
-2895
-8130
-10806
-11150
-10941
-11671
-13181
-13982
-12707
-9959
-6565
-3264
-353
1852
3217
3907
4798
6095
7139
6957
5149
2444
159
-1204
-2074
-2828
-3797
-4776
-5849
-6704
-6750
-5057
-2247
639
2496
3712
5093
6784
7950
7722
6395
4618
3152
1575
-454
-2897
-4793
-5842
-6142
-6397
-6635
-6252
-4497
-871
3616
7446
9237
10036
10635
11208
11298
10769
10449
9675
7795
3715
-1436
-6167
-8970
-9855
-10541
-11525
-12955
-13462
-12694
-10420
-7443
-4357
-1530
791
2843
4205
5489
6488
7308
6980
5479
3260
940
-627
-2032
-3105
-4400
-5520
-6505
-7280
-7057
-5508
-2716
107
2121
3610
5124
6854
7916
7744
6497
4808
3333
1771
-26
-2114
-4109
-5580
-6228
-6523
-6324
-5721
-4203
-1313
2549
6504
8848
9679
9647
10295
11277
11566
11043
9690
8078
5051
233
-5219
-9168
-10469
-10562
-11129
-12920
-14224
-13675
-11087
-7623
-4487
-1972
370
2730
4740
6186
6706
7114
7079
6313
4213
1535
-718
-2101
-2791
-4157
-5524
-6800
-7220
-6618
-5033
-2555
-233
1795
3378
5106
6661
7656
7683
6310
4398
2647
1425
169
-1732
-3889
-5504
-6246
-6340
-6285
-6102
-5108
-2896
684
4398
7310
9038
9962
10507
10648
10767
10752
11019
10429
7784
3163
-2274
-6588
-9237
-10588
-11540
-12426
-13332
-13807
-12918
-10679
-7274
-3438
-140
2443
4099
5101
6165
7475
8141
7666
5804
2967
378
-1600
-2777
-3911
-5145
-6560
-7194
-7160
-6385
-4408
-2111
571
2505
4166
5385
6529
7177
6890
6121
4557
3241
1509
-416
-2461
-4071
-5124
-5805
-6285
-6448
-5973
-4612
-1562
2679
6497
8376
9178
9646
10866
11834
12267
12001
10645
8020
4031
-831
-5659
-8826
-10479
-11260
-12632
-14119
-14900
-13531
-10637
-6998
-3742
-1504
701
2838
5352
7176
8434
8511
7618
6048
3589
1254
-1043
-2427
-3516
-4930
-6621
-7846
-7694
-6665
-4671
-2433
-63
2004
3734
5274
6544
7276
7227
6345
4692
3061
1554
5
-1819
-3679
-5123
-6013
-6593
-6872
-6621
-5358
-2485
1919
6044
8424
9310
9842
10924
11943
12332
12292
11770
9830
5943
154
-5688
-9644
-11213
-11573
-12288
-13602
-14812
-14205
-11833
-8208
-4588
-1471
1477
4024
5991
6952
7508
7787
7980
7239
4810
1391
-1871
-3668
-4526
-5137
-6415
-7617
-7875
-6883
-4867
-2693
-162
2098
4292
5887
7330
8126
7891
6788
4972
3191
1425
-17
-2039
-3872
-5741
-6971
-7549
-7455
-6808
-5720
-3046
896
5521
8185
9591
10478
11746
12615
12560
12224
11384
10223
7001
2082
-3870
-8464
-11021
-11963
-12572
-13727
-14448
-14395
-12541
-9648
-6020
-2506
901
3785
5763
7076
7808
8409
8260
7310
5177
2173
-1074
-3456
-4723
-5457
-6462
-7730
-8402
-7700
-5673
-3176
-1018
1025
3401
5884
7858
8448
7961
6758
5536
4155
2545
795
-1306
-3320
-5119
-6477
-7374
-7720
-7326
-6387
-3639
639
5292
8071
8946
9664
10841
12503
13112
12956
11886
10476
7546
2529
-3652
-8807
-11058
-11447
-11922
-14097
-16034
-15947
-12997
-8923
-5359
-2757
-200
3072
6098
8304
8990
9005
8449
7285
5226
2178
-831
-3356
-4683
-5698
-6910
-8066
-8785
-7849
-5819
-2959
-589
1442
3512
5678
7767
8497
8218
6963
5727
4368
2655
485
-1889
-3826
-5322
-6243
-7167
-7567
-7376
-6269
-3911
-29
4388
7266
8876
9755
11140
12189
12700
12686
12277
11240
8227
3482
-2502
-7301
-10135
-11242
-12332
-14132
-15653
-15566
-13416
-10235
-6549
-3100
296
3293
5685
7198
8257
8767
8613
7601
5423
2509
-779
-3353
-5031
-5726
-6317
-7056
-7703
-7727
-6241
-3862
-1023
1336
3317
5200
6880
8133
8068
7148
5542
4266
2931
1238
-798
-3062
-4978
-6504
-7225
-7664
-7304
-6642
-4654
-1086
3451
6999
8605
9392
10279
12101
12909
12759
11764
10849
9085
5098
-780
-6386
-9476
-10714
-11734
-13691
-15580
-15821
-13849
-10661
-7317
-4298
-1065
2601
5579
7085
7721
8520
9145
8433
6112
2980
50
-2474
-4306
-5399
-6192
-7201
-7986
-7852
-6289
-4028
-1548
851
2956
4876
6557
7704
7701
6956
5873
4750
3148
1181
-868
-2792
-4549
-5823
-6492
-7004
-7119
-6655
-4193
-221
4039
6739
8076
9259
10277
11384
11564
12011
12137
11617
8638
3268
-2681
-7315
-9547
-10831
-12000
-13868
-15240
-15444
-13616
-10517
-6714
-2958
424
3281
5349
7131
8290
9121
8952
7796
5438
2193
-919
-3111
-4403
-5549
-6606
-7385
-7748
-7533
-5995
-3335
-276
1900
3362
4702
6358
7835
8329
7551
5627
3882
2340
1016
-996
-3048
-4866
-5999
-6663
-7308
-7455
-6741
-3553
982
5098
6761
7234
8368
10469
12100
12456
12455
12222
10906
7094
1419
-4199
-7560
-8962
-10052
-12265
-14744
-15771
-14672
-12231
-9373
-6079
-2569
972
3800
5828
7220
8277
8905
8576
7108
4596
1746
-994
-3241
-4863
-5917
-6674
-7444
-7848
-7449
-5564
-2776
92
2294
4008
5621
6974
7920
7796
7061
5628
4183
2584
608
-1565
-3753
-5259
-6249
-6659
-7081
-7293
-6479
-3710
1003
5482
7917
8513
8988
10217
11567
12289
12410
11847
9944
5967
566
-4621
-8052
-9665
-10632
-12061
-13997
-15299
-14710
-12247
-8770
-5060
-1815
940
3110
5178
7110
8654
9121
8313
6521
3881
1199
-1081
-2677
-4067
-5508
-6907
-7807
-7891
-6937
-4930
-2245
396
2442
3842
5067
6658
7958
8353
7318
5575
3809
2222
664
-1335
-3503
-5529
-6628
-7249
-7526
-7445
-6243
-2995
1403
5398
7563
8719
9627
10992
11975
12279
12123
11417
9709
5987
501
-5114
-8569
-10064
-10755
-12068
-13872
-14970
-14369
-12106
-8767
-4777
-1127
1885
3896
5398
6802
8025
8586
8180
6736
4114
1013
-1919
-3845
-4858
-5686
-6752
-7551
-7717
-6911
-5057
-2339
398
2551
4030
5348
6854
7889
8226
7344
5774
3839
2231
556
-1369
-3676
-5903
-7167
-7743
-7647
-7260
-5323
-1709
2920
6352
7772
8342
9387
11236
12298
12545
11952
10821
8004
3313
-2077
-6376
-8490
-9497
-10522
-12580
-14432
-14754
-13128
-10309
-7166
-3795
-615
2262
4429
6156
7598
8571
8870
7978
6001
3159
382
-2103
-3989
-5391
-6347
-7106
-7778
-7835
-6742
-4300
-1614
820
2568
4360
6204
7977
8731
8063
6618
4983
3661
1955
-148
-2556
-4652
-6268
-7374
-7985
-8215
-7349
-4786
-545
3937
7016
8368
8921
9744
10712
11530
11772
11541
10281
7171
2228
-3227
-7059
-9000
-9609
-10533
-11929
-13429
-13765
-12388
-9597
-6021
-2888
-25
2238
4080
5551
7055
8429
8844
7795
5256
2235
-413
-2372
-3481
-4746
-5886
-6925
-7510
-7598
-6696
-4329
-1246
1751
3360
4648
5746
7269
8393
8406
7023
5039
3199
1231
-793
-3190
-5106
-6575
-7261
-7644
-7634
-6663
-3499
1088
4828
6877
7936
9188
10514
11285
11275
11206
10982
9541
5837
554
-4461
-7459
-8973
-10005
-11427
-12816
-13295
-12655
-10890
-8678
-5701
-2572
548
2867
4417
5918
7297
8035
7574
6322
4448
2094
-462
-2615
-3952
-4833
-5905
-6983
-7794
-7459
-5739
-3043
-327
1603
3179
4754
6586
7752
8163
7619
6488
4907
2838
760
-1450
-3364
-5260
-6450
-7258
-7385
-6896
-5105
-1604
2212
5350
6897
8251
9531
10886
11326
11123
10717
9640
7394
3322
-1367
-5477
-7728
-8851
-9867
-11528
-12987
-13106
-11571
-9252
-6810
-4414
-1850
935
3018
4601
5947
7293
7925
7406
5772
3502
1302
-914
-2743
-4152
-5387
-6341
-7264
-7716
-7287
-5226
-2304
355
2228
3700
5555
7290
8433
8283
7306
5818
4304
2357
-116
-2686
-4831
-6170
-7058
-7442
-7643
-7184
-5433
-1361
3546
6799
7789
8352
9731
11051
11498
11207
11017
10057
7495
2875
-2557
-6869
-8564
-8706
-9334
-11200
-13195
-13444
-11910
-9223
-6335
-3444
-924
1443
3365
4962
6516
7783
8394
7775
6001
3403
750
-1631
-3201
-4392
-5730
-7144
-8118
-8181
-7050
-4777
-1991
580
2505
4393
6272
7799
8370
8203
7172
5755
3911
1699
-622
-3017
-4921
-6310
-6929
-7549
-7750
-7128
-4315
314
4415
6387
7011
8242
10066
11554
11608
11038
10344
9070
6093
1121
-4164
-7259
-7855
-8148
-9936
-12542
-13963
-13036
-10462
-7673
-5240
-3161
-559
2204
4427
5835
7011
8050
8235
7100
4677
1959
-288
-1710
-2807
-4373
-6488
-8153
-8696
-7797
-5884
-3462
-1098
996
2903
4790
6697
7954
8482
8014
6800
5052
3156
1199
-815
-2812
-4820
-6389
-7521
-7890
-7459
-5806
-2725
1092
4071
5470
6707
8568
10723
11818
11706
11139
10026
7843
4185
82
-3576
-5928
-7439
-9133
-11027
-12789
-13247
-12285
-9985
-7285
-4643
-2381
-517
1579
3632
5776
7416
8158
7600
6154
4336
2196
104
-1919
-3523
-4831
-6218
-7344
-7972
-7524
-6017
-3388
-609
1470
3100
4526
6658
8271
8908
7833
6091
4498
2922
1273
-1256
-3328
-5340
-6284
-7041
-7525
-7355
-6645
-3730
72
4210
6023
7102
8402
10043
11504
11293
11259
10479
9392
6012
1396
-3265
-6342
-7487
-8672
-10041
-12186
-13065
-12630
-10524
-7945
-5262
-2749
-668
1712
3716
5702
7042
7685
7363
6082
4331
2133
258
-1658
-3241
-4500
-5872
-7061
-7862
-7346
-5890
-3639
-1449
444
2078
3855
6060
7827
8295
7397
6033
4808
3684
1904
-324
-2799
-4559
-5675
-6042
-6635
-7056
-6133
-3234
734
3489
5080
6184
8193
10067
11084
10822
10361
9852
8408
5298
432
-3834
-6481
-7390
-8473
-10151
-12084
-12839
-11625
-9456
-6902
-4725
-2412
-7
2281
4099
5536
6729
7081
6838
5880
4106
1818
-637
-2277
-3468
-4434
-5526
-6544
-7137
-6898
-5212
-2948
-667
1063
2734
4754
6526
7478
7240
6640
5835
4905
3242
983
-1450
-3597
-5006
-6100
-6820
-7195
-6761
-5595
-2980
516
3965
6058
7117
8158
9674
11130
11496
11190
10059
8329
5048
540
-3934
-6755
-7809
-8534
-10102
-12246
-13280
-12327
-9932
-7031
-4370
-2107
195
2213
4000
5469
6669
7384
7194
5794
3600
1328
-428
-1825
-3109
-4431
-5868
-7114
-7517
-6600
-4874
-2834
-927
904
2684
4543
6529
7793
8011
7328
6037
4632
2683
888
-1103
-2966
-4827
-6224
-6965
-7198
-6654
-5601
-2765
704
4114
5853
7013
8288
9851
11135
11046
10549
9349
7731
4523
424
-3785
-6622
-7847
-8810
-10010
-11619
-12151
-11125
-8959
-6625
-4341
-2184
-87
2035
3803
5272
6336
6803
6463
5390
3568
1443
-536
-2066
-3221
-4302
-5514
-6525
-7021
-6683
-5141
-3024
-860
885
2851
4775
6557
7429
7286
6669
5458
4464
2952
1040
-1462
-3474
-4909
-5580
-5995
-6522
-6301
-5296
-2382
1168
4438
6234
7343
8215
9317
10239
10333
9977
8905
7407
4143
-233
-4694
-7226
-7981
-8377
-9552
-11424
-12105
-10992
-8310
-5824
-3703
-1788
445
2647
4111
5083
5702
6386
6419
5387
3377
1144
-640
-1789
-2727
-4038
-5587
-6803
-7094
-6316
-4658
-2472
-331
1309
2685
4229
5934
7158
7365
6677
5487
4121
2356
271
-1744
-3361
-4518
-5409
-5953
-6121
-5742
-4697
-2382
889
4003
6076
7362
8506
9349
9890
9817
9649
8741
6749
3642
-403
-4100
-6854
-7887
-8586
-9405
-10754
-11601
-10837
-8866
-5953
-3418
-1280
239
1820
3268
4698
5988
6605
6469
5221
3246
916
-804
-1933
-2594
-3669
-5198
-6394
-6873
-6227
-4593
-2141
52
1608
2744
4139
5972
7230
7421
6487
4910
3390
2038
540
-1294
-2949
-4036
-4869
-5673
-6125
-5585
-3898
-1253
1946
4348
5486
6057
7168
8703
9424
9180
8266
7401
5767
2914
-956
-4408
-6179
-6818
-7464
-9117
-10612
-11005
-9657
-7489
-5348
-3499
-1797
201
2012
3518
4576
5615
6276
5983
4725
2842
973
-666
-1957
-2944
-3939
-5097
-6173
-6355
-5327
-3363
-1132
489
1625
2655
4146
5555
6241
5967
5225
4350
2980
1317
-492
-1886
-2906
-3647
-4362
-4992
-4993
-4370
-2960
-905
1930
4554
5868
6310
6781
7993
8779
8733
7882
6708
5046
2433
-683
-3847
-5916
-6964
-7503
-8349
-9533
-10089
-9305
-7267
-4980
-2971
-1397
136
1771
3308
4645
5422
5679
5151
4089
2314
475
-1058
-2098
-2758
-3833
-4922
-5904
-5868
-4922
-3200
-1302
294
1639
2729
4065
5198
5774
5683
4984
4136
3101
1739
102
-1469
-2627
-3448
-3950
-4363
-4363
-3928
-2915
-1034
1433
3512
4911
5722
6447
7232
7792
7974
7638
6804
4965
2405
-816
-3574
-5212
-5916
-6549
-7662
-8934
-9651
-9097
-7488
-5174
-2952
-1245
100
1513
2859
4057
4860
5048
4683
3851
2632
1052
-644
-1953
-2699
-3253
-4133
-4977
-5144
-4396
-2744
-1103
217
1133
2143
3466
4714
5299
4910
4338
3620
2859
1828
463
-931
-2208
-3037
-3631
-4049
-4315
-3909
-2598
-713
1602
3400
4234
4692
5628
6996
7749
7591
6910
6263
4833
2288
-690
-3183
-4546
-5223
-6002
-7527
-8883
-9307
-8282
-6560
-4867
-3194
-1580
-100
1113
2323
3374
4476
5112
4890
3752
2125
729
-77
-810
-1815
-2937
-4123
-4989
-5230
-4441
-2894
-1065
205
1092
1967
2962
4015
4600
4554
4100
3584
2760
1693
308
-1030
-2063
-2708
-3207
-3526
-3593
-3255
-2174
-746
1052
2805
4206
5023
5654
6346
6958
7170
6687
5826
4515
2562
22
-2496
-4498
-5670
-6350
-7116
-7988
-8491
-8122
-6728
-4847
-2994
-1244
151
1407
2439
3288
4011
4404
4260
3337
2188
927
-214
-1390
-2533
-3293
-3897
-4227
-4394
-3897
-2842
-1245
196
1173
2043
2890
3882
4384
4422
3944
3327
2499
1466
322
-936
-1948
-2608
-2890
-2863
-2585
-2171
-1547
-314
1567
3361
4438
4777
5280
5986
6502
6266
5431
4484
3190
1364
-1095
-3202
-4437
-5142
-5933
-6974
-7814
-7841
-6877
-5604
-4298
-2863
-1226
487
1895
2845
3438
3866
3948
3596
2761
1495
330
-615
-1544
-2572
-3559
-4211
-4351
-3918
-2955
-1604
-420
465
1366
2376
3344
3929
4078
3801
3339
2778
2003
1043
-52
-1047
-1698
-2210
-2693
-2838
-2621
-2121
-1420
-242
1479
3084
4011
4516
5149
5842
6246
6188
5727
4973
3636
1609
-716
-2842
-4141
-4880
-5656
-6849
-7757
-7631
-6641
-5198
-3936
-2613
-1337
42
1266
2196
2976
3569
3888
3394
2327
961
-60
-709
-1195
-1910
-2779
-3626
-4113
-3901
-3088
-1775
-545
399
914
1637
2596
3557
3965
3762
3279
2651
2137
1515
666
-487
-1406
-1934
-2207
-2551
-2728
-2435
-1565
-146
1550
2866
3443
3829
4447
5366
5855
5750
5273
4760
3728
1886
-508
-2580
-3469
-4008
-4831
-6034
-6886
-7058
-6358
-5195
-3908
-2447
-1247
-151
733
1577
2401
3251
3636
3267
2355
1043
-90
-856
-1376
-1929
-2615
-3255
-3527
-3320
-2640
-1689
-636
152
831
1527
2230
2882
3228
3408
3223
2733
1927
1051
247
-384
-855
-1399
-2023
-2535
-2651
-2269
-1426
-204
1366
2807
3664
3902
4093
4644
5535
6110
5904
4814
3085
1236
-459
-1966
-3448
-4546
-5333
-5778
-6383
-6873
-6634
-5489
-3722
-2109
-843
-141
699
1690
2711
3253
3171
2875
2308
1394
165
-730
-1338
-1750
-2215
-2828
-3357
-3451
-2817
-1740
-715
75
910
1749
2430
2948
3266
3360
3258
2838
2053
1077
206
-370
-811
-1356
-1918
-2387
-2581
-2320
-1591
-637
557
1929
3024
3684
3911
4526
5229
5510
5167
4689
4156
2832
875
-1284
-2575
-3662
-4604
-5559
-6193
-6231
-5879
-5305
-4843
-3776
-2210
-170
1139
1555
1713
2164
2683
2781
2193
1054
207
-386
-920
-1819
-2730
-3180
-2959
-2582
-2112
-1587
-1032
-429
271
1135
1829
2321
2480
2586
2400
2152
1865
1535
1105
486
-47
-655
-1034
-1133
-833
-447
-285
78
738
1810
2680
3104
3127
3320
4017
4412
4125
2965
2097
1513
789
-533
-2100
-3116
-3579
-3701
-4376
-5064
-5154
-4175
-2939
-2197
-1900
-1460
-543
312
1003
1181
1075
930
799
366
-238
-767
-1073
-1305
-1706
-1881
-1698
-1347
-990
-487
49
522
768
923
1227
1629
1924
1936
1690
1310
1068
910
768
535
226
-22
-216
-406
-574
-337
332
1208
1733
1766
1675
1835
2368
2881
3135
2944
2674
2228
1540
579
-346
-870
-1134
-1553
-2510
-3551
-4177
-3873
-3213
-2782
-2643
-2435
-1938
-1294
-641
-185
246
476
518
411
101
-155
-278
-391
-605
-975
-1433
-1760
-1658
-1206
-485
35
257
383
539
922
1329
1681
1771
1678
1347
939
706
697
822
745
466
111
-56
65
324
627
900
1307
1668
1810
1776
1761
2009
2289
2462
2166
1610
1070
914
837
353
-432
-1298
-1707
-2056
-2397
-2893
-3100
-2944
-2626
-2460
-2593
-2343
-1773
-859
-280
-81
-155
-139
37
113
-115
-736
-1161
-1323
-1293
-1411
-1463
-1349
-987
-580
-248
176
589
1004
1282
1415
1319
1307
1353
1366
1278
1101
1084
1091
1110
1183
1460
1739
1896
1784
1505
1412
1630
2070
2126
1712
1129
826
738
727
586
361
152
-206
-747
-1399
-1720
-1620
-1458
-1874
-2531
-3030
-2999
-2703
-2461
-2288
-2106
-1734
-1254
-632
-306
11
209
300
193
-154
-444
-632
-568
-474
-402
-646
-847
-607
58
888
1284
1262
997
888
1082
1407
1471
1122
786
517
386
204
110
220
436
752
1002
1115
983
974
1005
1087
1155
1315
1402
1231
964
823
899
881
967
990
1081
900
487
-261
-926
-1120
-1164
-1359
-2143
-2775
-3110
-2884
-2504
-1938
-1512
-1275
-1084
-1059
-836
-707
-336
-190
-261
-626
-953
-1193
-1382
-1333
-1202
-836
-619
-329
-131
156
563
951
1170
1062
1020
1081
1324
1473
1587
1587
1545
1583
1693
2018
2245
2360
2209
1960
1703
1477
1321
1153
1032
932
834
443
-221
-845
-977
-670
-473
-636
-1009
-1313
-1287
-1103
-1073
-1349
-1690
-1873
-1943
-2017
-2206
-2154
-1989
-1690
-1430
-1240
-1093
-848
-430
-168
-9
-130
-188
-159
-131
-221
-341
-380
-234
151
391
619
819
1055
1229
1303
1266
1218
1218
1239
1329
1303
1191
1117
1212
1418
1692
1832
1829
1710
1521
1198
896
702
557
490
199
-154
-553
-790
-848
-720
-501
-247
-84
-320
-680
-924
-941
-1046
-1244
-1582
-1924
-2185
-2300
-2237
-2156
-1995
-1713
-1327
-1239
-1256
-1089
-698
-225
61
77
-116
-260
-283
-122
89
256
408
445
389
389
561
932
1443
1845
1906
1578
1124
954
1204
1712
2146
2333
2184
1862
1526
1286
1300
1472
1614
1483
909
42
-632
-805
-477
-231
-357
-768
-967
-850
-731
-798
-1075
-990
-763
-628
-1042
-1619
-1787
-1480
-1113
-1352
-1958
-2526
-2329
-1791
-1353
-1265
-1308
-1119
-800
-509
-506
-357
-60
419
718
587
285
131
334
688
957
829
651
717
932
1172
1315
1471
1732
1951
1930
1837
1793
1824
1864
1708
1466
1370
1391
1228
893
462
93
-141
-280
-254
-239
-392
-711
-967
-1249
-1448
-1418
-1209
-1036
-1076
-1127
-1140
-1063
-1068
-1034
-1000
-1072
-1206
-1351
-1439
-1619
-1691
-1591
-1344
-1160
-1106
-976
-756
-392
72
535
770
765
731
712
818
1017
1275
1316
1101
907
855
909
967
1288
1672
1852
1675
1376
1218
1205
1367
1507
1501
1161
797
581
535
499
341
112
-163
-410
-781
-1172
-1428
-1328
-1042
-920
-1131
-1471
-1593
-1438
-1092
-901
-941
-1095
-1109
-931
-741
-755
-935
-1048
-1098
-1135
-1209
-1210
-1067
-771
-469
-254
-171
-156
27
420
866
1141
1271
1343
1461
1510
1397
1233
1130
1200
1340
1384
1161
811
624
778
1151
1384
1336
1064
845
848
973
904
526
172
104
174
-38
-495
-795
-740
-567
-628
-962
-1349
-1475
-1368
-1299
-1472
-1713
-1715
-1495
-1240
-1049
-871
-780
-745
-665
-483
-314
-273
-334
-422
-456
-490
-521
-595
-627
-487
-190
122
370
641
955
1242
1354
1343
1359
1449
1552
1580
1485
1306
1132
999
875
754
634
580
582
627
693
664
507
217
-18
-210
-280
-193
-18
49
-183
-444
-594
-563
-613
-752
-879
-915
-912
-1117
-1429
-1726
-1650
-1353
-1082
-1010
-1041
-928
-727
-366
-91
93
85
71
174
275
285
125
79
109
236
257
221
206
248
464
687
907
956
991
1040
1137
1230
1236
1193
1054
957
847
766
623
470
349
231
112
-42
-131
-198
-196
-276
-440
-675
-806
-756
-712
-760
-919
-909
-774
-623
-616
-691
-691
-611
-531
-612
-786
-985
-1063
-981
-727
-455
-241
-123
-35
97
231
456
601
727
783
811
792
622
465
332
304
315
317
326
326
345
489
710
943
1009
863
795
870
1054
964
629
341
168
125
-30
-232
-487
-687
-716
-687
-704
-775
-697
-478
-389
-597
-870
-953
-754
-461
-253
-235
-400
-488
-467
-366
-313
-193
-17
-10
-241
-592
-706
-598
-338
-145
-143
-270
-376
-215
121
484
756
921
937
876
851
929
971
902
778
586
376
146
30
50
251
577
848
872
655
428
322
380
479
552
450
166
-186
-461
-593
-660
-682
-660
-567
-535
-657
-888
-999
-894
-650
-461
-455
-574
-746
-796
-760
-647
-505
-293
-32
68
-13
-172
-174
-73
12
35
-7
-80
-157
-109
58
275
463
616
732
792
833
859
909
996
1112
1111
887
550
280
182
147
107
14
-77
-81
10
95
31
-54
-23
124
176
68
-94
-229
-294
-363
-477
-704
-891
-906
-787
-691
-650
-550
-441
-367
-374
-380
-402
-398
-291
-129
-21
-33
-21
66
207
325
400
374
227
97
63
71
22
13
102
230
264
215
183
243
453
732
897
774
552
479
588
691
642
462
192
-21
-105
-91
-144
-267
-332
-344
-409
-538
-546
-395
-187
-39
36
-10
-179
-315
-342
-325
-375
-444
-509
-607
-693
-649
-518
-421
-345
-197
-13
72
68
54
53
63
111
159
113
25
69
227
351
372
361
372
355
290
215
181
233
384
522
526
404
294
284
325
395
504
597
571
451
310
185
35
-161
-330
-460
-543
-610
-714
-837
-854
-602
-219
-22
-82
-168
-90
91
185
116
-57
-235
-334
-387
-469
-561
-518
-314
-137
-126
-178
-112
95
305
370
256
48
-75
-28
83
109
57
85
218
342
399
398
350
299
297
315
249
132
68
30
-11
-1
91
216
319
400
450
418
316
236
197
167
137
58
-129
-356
-496
-528
-483
-407
-359
-323
-257
-174
-134
-129
-116
-102
-131
-239
-358
-411
-419
-416
-405
-366
-298
-238
-229
-232
-183
-85
36
166
269
319
309
220
122
101
148
202
236
276
375
518
596
542
410
310
297
300
241
145
103
113
125
110
52
-24
-44
17
83
95
38
-37
-68
-66
-83
-179
-309
-375
-361
-393
-531
-612
-494
-265
-53
123
262
348
325
138
-119
-292
-288
-195
-177
-248
-316
-342
-354
-306
-217
-108
37
194
304
279
176
132
176
222
263
336
402
391
241
65
37
203
459
627
552
267
-41
-272
-350
-276
-117
37
65
-18
-59
20
96
77
-9
-29
30
25
-74
-212
-390
-598
-732
-745
-653
-524
-391
-262
-176
-70
113
286
353
334
272
187
101
66
96
85
-5
-117
-150
-76
31
107
100
63
84
146
198
237
293
363
394
351
257
170
139
166
183
185
201
210
176
85
-44
-175
-235
-196
-111
-57
-107
-246
-383
-403
-252
-56
55
98
77
-5
-105
-217
-275
-221
-92
37
-6
-222
-359
-286
-112
-25
-83
-111
-3
128
220
273
251
178
103
37
-17
-56
-40
-5
-63
-164
-168
-86
4
71
94
85
85
119
186
215
152
53
7
80
244
373
356
230
103
48
61
50
-11
-73
-96
-78
-44
-72
-181
-287
-293
-201
-104
-31
34
58
9
-77
-157
-225
-242
-212
-196
-220
-254
-242
-197
-152
-143
-178
-175
-63
134
303
332
262
195
166
178
173
102
-20
-139
-177
-153
-128
-80
24
165
292
350
350
344
364
409
419
352
230
113
29
-56
-159
-230
-220
-147
-49
26
38
-4
-62
-101
-105
-55
22
56
17
-31
-49
-86
-147
-163
-116
-60
-46
-74
-127
-180
-205
-200
-178
-168
-173
-176
-193
-203
-154
-48
73
203
332
391
325
198
110
64
20
-33
-92
-147
-183
-187
-173
-143
-68
27
99
154
197
242
272
231
132
30
-44
-78
-76
-37
6
15
36
78
89
56
21
1
-35
-104
-188
-286
-350
-275
-93
62
100
35
-39
-55
-9
67
111
82
-18
-142
-255
-331
-344
-277
-145
2
97
148
192
244
319
394
428
427
423
403
301
133
29
36
59
10
-43
-16
39
43
16
9
30
32
-3
-29
-3
61
102
55
-65
-155
-169
-187
-280
-383
-409
-357
-289
-227
-158
-91
-56
-63
-91
-106
-104
-86
-67
-34
48
132
124
39
-10
23
74
84
85
96
70
-20
-108
-149
-152
-137
-83
28
151
245
323
376
345
237
134
70
25
-6
0
13
-5
-57
-114
-130
-110
-99
-109
-117
-74
46
178
244
210
129
44
-40
-75
-41
13
27
-18
-83
-137
-168
-176
-192
-188
-155
-114
-71
-73
-107
-107
-72
-65
-123
-158
-79
49
149
201
230
256
266
247
204
188
210
190
95
-31
-139
-152
-58
62
113
129
193
259
272
236
170
108
53
-30
-144
-207
-166
-98
-94
-139
-190
-212
-202
-184
-156
-83
14
70
55
14
-29
-113
-234
-349
-409
-369
-219
-28
98
131
104
71
72
72
33
-11
-18
-10
-28
-72
-117
-126
-74
-2
44
86
134
168
159
124
94
69
26
-42
-104
-108
-46
43
148
265
355
390
389
352
283
205
142
84
10
-50
-95
-135
-155
-140
-107
-82
-51
-16
35
81
65
-34
-117
-108
-49
-29
-114
-247
-356
-402
-386
-325
-213
-104
-56
-78
-105
-113
-143
-150
-121
-38
87
199
233
143
22
-30
36
194
343
410
354
224
120
88
105
97
50
19
65
166
240
242
188
152
148
152
126
45
-20
-52
-78
-127
-235
-311
-321
-291
-223
-220
-275
-312
-309
-209
-67
60
139
113
35
-35
-52
-30
-53
-129
-230
-295
-286
-234
-163
-125
-88
-12
87
196
235
207
161
113
120
149
210
287
306
293
232
154
127
125
144
129
63
20
-13
-52
-112
-156
-97
-1
67
110
162
258
318
304
233
140
96
77
45
-35
-185
-304
-355
-340
-294
-290
-279
-254
-227
-200
-203
-179
-127
-52
39
80
74
-35
-227
-384
-441
-356
-229
-133
-61
-37
-3
21
20
44
69
108
154
192
256
309
326
307
277
279
290
285
265
232
194
159
122
71
4
-50
-45
41
146
196
175
139
146
175
195
190
178
165
96
-41
-218
-375
-461
-493
-497
-492
-493
-499
-489
-438
-342
-233
-159
-99
-6
114
207
181
25
-141
-242
-261
-215
-136
-27
59
67
12
-69
-92
-11
122
255
332
360
371
363
386
428
456
466
460
470
458
367
209
40
-70
-110
-105
-95
-130
-184
-178
-82
19
15
-49
-32
104
235
226
73
-107
-207
-232
-268
-327
-363
-360
-374
-450
-528
-521
-416
-284
-191
-125
-50
51
162
253
281
201
53
-42
-44
-3
27
46
43
-12
-102
-170
-178
-144
-85
-29
-5
-2
15
82
177
270
361
467
557
559
482
383
282
173
82
42
37
32
-7
-79
-139
-141
-67
35
110
140
164
195
172
75
-53
-168
-231
-264
-289
-327
-388
-438
-476
-484
-451
-390
-285
-185
-129
-137
-162
-110
-6
104
157
132
96
42
24
84
179
258
234
160
99
63
89
126
142
126
99
137
206
282
325
331
344
339
334
317
273
187
56
-66
-176
-239
-227
-173
-120
-133
-184
-231
-261
-222
-166
-119
-92
-113
-123
-121
-103
-44
15
77
71
-48
-198
-340
-406
-380
-358
-320
-290
-229
-126
-61
7
53
156
329
417
393
287
217
197
136
102
97
145
209
250
276
188
48
-42
-34
-4
-19
7
29
18
19
86
158
134
111
137
165
140
91
48
-49
-154
-216
-254
-325
-413
-392
-265
-114
-10
12
-51
-158
-162
-57
38
54
16
-33
-103
-140
-139
-150
-164
-150
-103
-85
-81
-42
21
69
46
6
11
56
112
139
184
265
345
420
422
346
221
125
108
80
33
-20
-81
-105
-86
0
78
108
130
171
258
276
188
53
-65
-91
-122
-172
-208
-210
-115
-47
-38
-75
-141
-124
-58
3
-2
-77
-115
-139
-149
-161
-178
-147
-129
-136
-188
-249
-252
-235
-202
-184
-189
-185
-181
-118
-10
83
151
162
184
241
301
338
261
112
-13
-30
79
205
283
278
184
75
5
-8
11
50
141
248
290
234
115
20
-1
28
22
-47
-98
-79
-46
-76
-120
-115
-79
-98
-215
-351
-409
-368
-269
-160
-84
-22
28
54
65
42
34
30
-3
-60
-138
-147
-89
-29
6
5
57
148
217
265
286
310
311
262
210
181
188
201
193
197
186
108
-2
-78
-68
-1
23
-14
-72
-127
-136
-114
-101
-116
-142
-124
-58
18
51
37
-13
-104
-192
-263
-320
-369
-440
-494
-485
-389
-203
-61
-16
-31
-50
32
138
187
194
189
246
318
311
194
1
-121
-114
-44
24
55
90
103
41
-55
-102
-28
107
156
96
21
47
194
320
328
262
177
121
80
33
-7
-55
-80
-52
0
32
19
4
35
100
143
123
57
35
66
101
125
90
2
-130
-288
-358
-311
-202
-120
-132
-190
-236
-233
-183
-130
-88
-58
-49
-41
-26
23
101
160
173
67
-108
-205
-213
-162
-141
-172
-158
-76
53
140
134
136
180
218
216
165
121
168
292
368
285
104
-45
-106
-75
-22
27
36
-33
-124
-220
-261
-207
-129
-53
-1
10
23
53
97
151
113
-18
-91
-76
-6
51
14
-69
-154
-229
-277
-279
-176
-3
148
240
292
318
286
190
97
71
122
176
152
73
3
-16
4
-17
-46
-52
-70
-61
-48
-88
-133
-139
-103
-48
8
43
67
95
128
124
44
-67
-142
-161
-170
-173
-191
-224
-199
-165
-153
-166
-190
-117
2
83
130
79
7
-8
-2
49
92
115
138
94
44
6
-43
-48
-69
-80
-45
-21
25
34
16
92
204
323
401
366
320
246
117
52
33
25
37
-24
-136
-198
-193
-147
-143
-143
-93
-75
-21
29
-14
-9
27
35
69
76
44
1
-60
-118
-149
-90
7
26
8
-78
-214
-234
-155
-64
22
43
4
-19
19
129
207
190
74
-75
-116
-39
58
128
101
-1
-71
-120
-135
-60
32
99
116
64
25
20
19
23
20
35
58
51
31
-8
-57
-94
-137
-172
-164
-138
-126
-121
-82
-4
85
117
105
123
171
226
249
221
181
114
11
-90
-170
-203
-213
-230
-200
-106
-7
41
-2
-75
-83
-64
-53
-54
-71
-41
28
67
83
73
39
16
-12
-23
9
41
93
128
100
63
23
14
70
122
154
174
160
154
152
145
155
124
31
-85
-174
-161
-74
-34
-61
-133
-185
-123
-17
73
117
53
-47
-106
-129
-87
-59
-110
-162
-192
-180
-136
-118
-81
-16
43
71
28
-21
-15
28
73
55
25
15
24
94
169
233
286
212
49
-100
-191
-136
-15
14
-25
-96
-119
-25
73
118
109
46
-14
-45
-43
-27
-30
-43
-58
-62
-19
40
96
143
93
-29
-150
-230
-186
-89
-16
38
51
66
57
-25
-79
-59
28
150
179
111
15
-60
-60
-26
12
64
100
119
84
-1
-53
-46
33
98
108
94
21
-31
-51
-121
-154
-99
