SAMPLES:	11983
BITSPERSAMPLE:	16
CHANNELS:	1
SAMPLERATE:	16000
NORMALIZED:	FALSE
-1
-1
-3
-9
-12
-16
-13
-8
-9
-5
-2
0
-3
-6
-10
-11
-6
1
4
4
3
-4
-7
-7
-3
0
1
1
0
-3
-2
-3
0
5
5
10
10
11
7
5
6
10
10
9
7
7
6
6
8
9
11
10
11
10
8
2
-5
-5
-8
-12
-11
-10
-8
-9
-10
-7
-4
-1
-2
-3
-1
-4
-1
1
-1
-1
-4
-3
1
2
-1
-6
-9
-11
-11
-7
2
9
11
3
-6
-16
-21
-14
-8
4
13
16
15
8
2
2
5
8
12
11
5
3
0
-1
4
6
7
6
1
-2
-4
-5
-5
-6
0
3
3
6
4
0
-5
-9
-3
0
-3
-4
-4
-4
-2
-8
-11
-6
-4
0
4
0
-6
-9
-10
-6
-2
5
8
8
10
9
5
3
0
3
3
4
9
8
12
11
10
6
3
2
-1
0
-2
-2
-1
3
2
0
0
-3
1
1
-4
-5
-12
-12
-7
-2
3
-2
-9
-14
-15
-11
-4
0
6
4
1
-2
-6
-6
-3
-1
-5
-7
-7
-7
-3
1
8
13
16
18
15
9
7
7
6
2
-1
-1
-2
-4
-4
-5
-4
-3
-3
4
6
9
8
7
6
1
-2
0
2
3
3
1
-3
-7
-5
-4
1
2
-5
-8
-7
-7
-4
-3
-6
-8
-9
-6
-4
0
0
-1
-3
-5
-1
3
5
9
9
5
1
0
3
7
12
9
4
0
-6
-9
-10
-6
-1
6
8
2
-2
-5
-6
3
11
14
17
13
7
1
0
-4
-3
-1
-1
0
-1
-1
-1
-5
-5
-5
-2
0
-6
-11
-13
-13
-13
-7
-3
-1
-2
-4
-4
-7
-4
-1
0
2
5
8
7
8
10
8
6
2
-3
-4
-5
-6
-3
-1
0
0
-3
2
4
11
14
12
11
8
4
4
6
5
5
5
1
-1
-4
-5
-5
-2
3
3
-3
-12
-15
-14
-11
-5
-2
-2
-5
-3
-4
-1
4
7
5
1
0
-7
-8
-6
-7
-5
-6
-5
-2
5
10
11
9
7
5
1
1
0
-2
2
4
6
5
4
7
8
9
5
0
-5
-8
-8
-6
-2
0
4
4
3
3
0
0
2
1
0
-1
-4
-9
-9
-8
-8
-5
0
3
5
5
2
-2
-6
-7
-3
1
2
-1
-7
-10
-9
-6
-4
1
4
3
4
2
2
2
7
12
11
10
9
4
1
2
6
7
9
7
6
1
-5
-9
-10
-8
-6
-4
-7
-11
-12
-13
-8
-3
3
9
7
3
2
1
2
-1
-6
-6
-2
2
5
2
-6
-6
-8
-8
-8
-9
-12
-12
-10
-9
-3
4
6
11
13
11
11
16
20
18
12
12
12
13
15
16
15
10
7
3
-2
-9
-12
-16
-19
-19
-23
-24
-22
-16
-11
-6
-3
-5
-6
-6
-1
8
16
22
27
24
18
15
15
9
1
-6
-14
-17
-17
-13
-10
-10
-11
-11
-4
2
10
10
8
10
11
13
13
10
3
-1
-7
-12
-13
-13
-11
-8
-8
-5
-4
-10
-14
-19
-22
-18
-15
-12
-7
-7
-3
5
10
19
23
24
23
21
18
16
14
12
11
5
0
-6
-9
-6
1
5
4
6
4
-5
-10
-12
-15
-13
-5
0
-4
1
9
6
8
12
8
5
9
8
1
-3
-6
-15
-21
-16
-15
-16
-14
-11
-8
-7
-4
-2
-1
7
17
26
24
17
6
-2
1
5
8
11
9
2
-6
-9
-10
-11
-8
-4
0
8
12
8
7
5
5
2
1
3
1
-3
-5
-10
-7
-3
-2
3
8
7
4
-2
-2
-1
-1
3
-3
-7
-10
-15
-16
-20
-19
-14
-9
-4
-2
-1
-2
-1
0
5
7
9
6
3
3
0
-4
-8
-5
-3
2
7
7
5
8
7
2
3
4
5
7
6
0
-2
0
2
9
13
14
11
6
6
6
4
6
7
6
6
6
4
-3
-9
-17
-21
-26
-28
-22
-18
-14
-8
3
13
22
30
32
29
25
19
14
13
7
-2
-11
-16
-24
-25
-21
-17
-9
-3
-1
1
3
1
1
-3
-9
-14
-16
-17
-16
-13
-11
-7
-3
3
9
15
23
27
26
24
17
9
2
-6
-8
-15
-22
-25
-30
-33
-28
-20
-8
5
13
14
18
25
34
40
40
34
24
12
-1
-14
-24
-27
-29
-28
-24
-20
-18
-11
0
7
11
11
8
5
3
5
2
1
2
1
5
4
5
4
-1
-6
-14
-19
-18
-17
-13
-8
-4
3
9
14
19
20
17
15
15
10
6
4
-3
-1
5
6
14
19
14
13
8
1
-5
-8
-9
-8
-5
1
6
4
2
-2
-8
-11
-11
-11
-11
-11
-15
-15
-10
-4
5
6
5
4
-1
-5
-5
-9
-12
-11
-9
-10
-13
-12
-13
-10
-7
-5
-7
-6
-5
4
15
19
20
22
21
17
14
7
-1
1
2
4
5
2
3
6
9
10
12
15
12
5
-4
-7
-11
-13
-16
-18
-17
-11
-7
-2
4
2
5
12
16
13
12
12
9
6
-1
-7
-19
-24
-24
-24
-19
-13
-7
-3
0
1
6
10
13
16
12
9
8
7
4
4
5
8
8
2
3
0
-7
-10
-12
-6
-7
-7
-7
-13
-12
-12
-12
-8
-4
3
11
15
16
10
-2
-2
-1
-1
3
6
9
7
-3
-6
-6
-6
-7
-6
-7
-6
-3
-1
1
2
2
8
12
19
25
26
25
15
14
17
12
7
2
-9
-21
-26
-22
-19
-13
-7
-1
-1
-1
-3
-7
-5
-5
-2
1
1
4
3
-1
-4
-8
-9
-11
-16
-13
-16
-21
-19
-13
-13
-13
-6
1
6
6
7
8
5
11
16
18
12
8
10
10
14
21
19
9
4
-1
-3
-7
-13
-8
-4
2
11
15
11
14
12
4
-4
-8
-3
1
1
7
8
4
0
-6
-9
-8
-7
-4
-3
-2
-1
0
-4
-7
-10
-14
-16
-16
-7
-4
-2
1
3
6
5
5
5
5
4
1
-8
-11
-12
-8
-4
-1
5
5
0
3
4
5
7
9
11
5
-1
-2
-8
-9
-9
-8
-7
-9
-7
-2
-1
2
4
3
3
3
8
17
20
20
13
0
-7
-16
-21
-14
-8
-3
2
7
11
16
15
6
2
3
4
3
4
3
0
0
0
-1
-4
-1
6
5
-2
-9
-13
-16
-15
-4
2
7
7
5
1
-9
-13
-15
-20
-13
-6
0
6
11
12
16
17
8
2
-4
-2
8
16
19
16
13
3
-3
-3
-12
-18
-21
-32
-39
-35
-30
-23
-9
6
20
31
39
42
34
29
25
20
15
6
-6
-20
-27
-35
-34
-34
-34
-29
-23
-14
-8
5
16
26
32
27
12
3
-1
3
16
31
34
32
23
2
-12
-21
-24
-13
4
15
12
-1
-19
-39
-55
-60
-47
-25
3
27
34
24
11
3
7
26
48
65
69
55
29
-2
-31
-45
-47
-39
-34
-33
-35
-48
-61
-70
-65
-45
-12
26
50
60
60
59
59
62
70
72
68
59
42
17
-8
-35
-59
-75
-83
-80
-74
-60
-35
-13
8
16
17
8
3
7
21
39
57
71
70
46
15
-21
-48
-60
-60
-51
-36
-20
-16
-18
-26
-21
-5
2
6
13
20
24
19
8
9
19
20
19
12
13
19
14
-3
-22
-12
-4
0
4
6
12
7
-5
-24
-26
-24
-16
1
6
17
20
21
15
11
14
-1
-12
-25
-31
-25
-36
-16
9
22
27
16
15
-8
-9
-15
-30
-11
6
46
47
33
30
14
20
-1
1
-5
-12
-1
-1
12
-1
-6
-3
8
26
16
20
5
12
27
24
3
-23
1
26
18
-5
-15
-19
-41
-63
-97
-131
-137
-101
-76
-77
-56
-17
-7
-22
-25
-21
-12
-2
17
37
48
74
96
94
76
55
38
24
23
38
57
56
46
49
65
68
58
79
123
150
164
175
162
113
82
77
30
-43
-95
-121
-167
-249
-307
-357
-392
-365
-321
-309
-298
-198
-102
-100
-130
-90
17
38
19
43
126
213
228
223
204
243
303
298
226
158
224
286
245
171
162
243
256
192
124
72
82
102
93
42
10
51
56
2
-60
-93
-123
-215
-274
-309
-394
-490
-536
-490
-472
-468
-427
-360
-308
-317
-305
-280
-249
-179
-81
16
78
171
302
375
361
299
272
258
216
159
108
100
152
238
277
257
249
277
278
232
189
166
141
125
151
168
127
67
44
28
-28
-107
-179
-223
-250
-251
-245
-250
-236
-176
-91
-52
-65
-96
-125
-148
-177
-220
-236
-201
-126
-48
7
40
43
27
4
-22
-58
-78
-53
-5
18
9
11
40
73
98
138
176
201
208
191
161
136
121
104
97
90
75
56
17
-30
-74
-95
-88
-60
-28
8
56
89
63
-14
-70
-90
-112
-143
-133
-90
-41
2
42
71
80
81
63
5
-80
-144
-175
-189
-184
-140
-46
54
121
134
111
71
25
-5
-27
-41
-25
28
87
120
121
91
50
24
-5
-56
-118
-137
-107
-95
-90
-50
24
58
38
33
86
102
-6
-120
-99
13
18
-125
-217
-116
23
-78
-361
-498
-378
-256
-400
-597
-512
-144
152
145
73
222
534
639
420
215
266
465
475
295
238
388
549
539
420
394
472
543
482
379
375
418
414
308
204
153
71
-92
-285
-428
-566
-689
-775
-823
-782
-744
-718
-717
-684
-636
-667
-767
-880
-852
-750
-712
-703
-648
-455
-233
-93
-31
26
176
275
339
382
439
559
600
612
624
668
698
560
472
452
576
672
535
571
747
1097
1168
923
874
913
1084
814
346
108
-25
136
-123
-392
-492
-373
-55
-262
-433
-629
-561
-482
-844
-949
-1097
-940
-873
-947
-827
-791
-529
-511
-535
-478
-534
-289
-339
-367
-296
-143
131
163
257
265
372
563
563
651
610
637
886
899
829
695
706
657
519
384
134
94
17
-96
-95
-290
-393
-401
-372
-484
-655
-680
-792
-767
-850
-945
-884
-931
-786
-615
-508
-425
-323
-39
8
-3
-14
1
276
222
195
227
316
566
542
549
489
598
850
743
753
705
961
1202
1077
1045
1009
1177
990
638
463
298
276
12
-157
-111
-78
23
-102
-229
-197
-29
-147
-620
-735
-521
-395
-609
-917
-725
-243
6
-171
-362
-204
111
278
-29
-411
-226
84
83
-242
-489
-310
-154
-260
-518
-629
-580
-536
-459
-604
-772
-636
-652
-721
-758
-669
-538
-781
-917
-619
-219
-315
-618
-367
26
297
172
-160
-42
202
394
75
-393
-264
184
509
97
-145
136
661
1522
1011
168
659
1720
2184
1199
322
934
2123
2236
1096
607
1102
2132
2459
1492
891
1396
2400
2192
1080
578
566
958
573
-473
-738
-898
-1012
-957
-1237
-1699
-1699
-1504
-1684
-1695
-1821
-1970
-1938
-2348
-2228
-1832
-2108
-2453
-2315
-1826
-1647
-1693
-1799
-1613
-1095
-944
-860
-930
-926
-337
52
-72
-260
121
795
1055
930
812
1136
1391
1455
1559
1404
1306
1365
1511
1996
1982
1437
1326
1845
2262
1987
1390
1021
1436
2009
1655
1005
707
1082
1815
1556
580
206
735
966
473
-239
-582
-334
-243
-619
-971
-1256
-1413
-1332
-1406
-1888
-2172
-2103
-2151
-2255
-2173
-2059
-2093
-2192
-2066
-1589
-1534
-2008
-1994
-1589
-1412
-1422
-1433
-1250
-842
-657
-579
-474
-462
564
1040
-124
-228
1491
2631
1977
839
1276
3096
3860
2490
1536
2047
3020
3931
3135
1509
1850
3647
3849
2326
1169
1345
2404
2266
466
-216
89
-92
-45
-381
-1551
-1829
-1294
-1485
-1770
-1949
-2513
-2468
-2500
-2695
-2166
-2582
-3462
-2871
-2011
-2120
-2396
-2496
-2250
-1463
-1428
-1965
-1908
-1809
-1248
-473
-895
-1368
-680
-31
642
1214
73
-482
1156
2467
2373
1432
889
2343
4253
3705
2189
2018
2519
3683
4000
2370
1738
2907
3659
3219
2168
1293
1465
1971
1241
431
179
-244
-203
-124
-698
-1338
-1420
-1661
-1840
-1438
-1733
-2312
-2605
-2730
-2149
-2060
-3047
-3516
-2675
-1994
-2126
-2519
-3004
-2532
-1831
-2330
-2706
-2725
-2445
-1524
-1122
-1692
-1126
827
562
-183
179
933
2324
2002
662
1055
3016
4038
3044
2209
1962
3481
5111
3750
2330
2909
4462
4814
3568
2009
1639
2835
2719
1153
603
245
417
923
249
-1259
-1671
-1092
-1400
-1240
-1789
-2985
-2391
-2363
-2415
-2479
-3703
-4179
-3166
-2193
-2799
-3276
-3418
-2988
-1540
-2165
-3369
-3270
-2649
-1307
-1160
-2148
-2467
-467
1377
124
-1029
-93
2356
2970
995
671
2223
4124
3829
2021
2045
3345
5054
5008
3238
2489
4303
5941
4001
2017
2097
2721
3253
1746
-66
587
769
-68
-285
-903
-1846
-1439
-1153
-2323
-2371
-2112
-2868
-2687
-2980
-3083
-2581
-3910
-4614
-3136
-2475
-3856
-4385
-3608
-2623
-1880
-2783
-3567
-2646
-1760
-1108
-1216
-2174
-921
1421
988
-249
1032
2938
3003
1977
1605
3575
5417
4005
2639
3310
4548
5526
5260
3585
3081
5380
6262
4164
2245
1883
2974
3159
1062
-607
-139
716
487
-115
-1501
-2667
-1626
-1372
-2826
-3731
-3871
-3506
-3338
-3611
-4099
-4288
-4497
-4516
-3607
-3873
-4801
-4573
-3840
-2985
-3008
-3620
-3754
-2821
-1690
-1427
-1692
-1748
196
1145
-165
217
2343
3462
2679
1905
2857
4967
5906
4223
3304
4280
5375
6284
5469
3584
4250
6668
6501
4018
2870
3320
3982
3527
955
-162
651
609
10
-746
-2004
-2499
-1647
-2210
-3677
-3682
-3914
-4179
-4192
-4468
-4401
-4737
-5418
-4953
-3614
-4014
-5081
-4636
-3988
-3397
-3288
-4127
-3971
-2969
-2152
-1708
-1630
-601
640
-75
-626
2075
4421
2891
1161
2432
5598
7267
4864
2350
3955
6798
7467
5925
3437
3582
7283
8300
4411
1836
2924
4636
4309
1666
-394
-47
887
569
50
-1518
-3568
-2559
-1262
-2442
-4071
-4920
-4966
-4485
-3634
-4235
-6011
-6813
-5413
-2995
-3961
-7026
-6985
-4338
-2885
-4132
-5656
-5407
-3270
-798
-822
-1325
-975
-6
2029
3031
2822
2304
2402
3306
4579
6038
5094
3607
4234
5783
7224
6505
4676
4412
6371
7683
5930
3967
3264
3684
4732
3606
1040
-178
435
1214
844
-1133
-3567
-3021
-1756
-2705
-4087
-5370
-5787
-5047
-4479
-5029
-6142
-6706
-6045
-4147
-4172
-5966
-5847
-4463
-3355
-3285
-4097
-4166
-3326
-2073
-1198
-279
-171
-792
498
2727
4038
3162
1680
2491
4672
6492
5659
3661
3891
5759
7398
6814
5010
4377
6003
7570
6004
3999
3424
3285
3719
2948
853
-340
-357
-195
-390
-1599
-3571
-3618
-2684
-3323
-4091
-4567
-5109
-4931
-4593
-4887
-5488
-6016
-5880
-4726
-4493
-5485
-5462
-4570
-3723
-3376
-3762
-3861
-3072
-1791
-1169
-512
211
183
763
2355
4124
4159
2933
3216
4983
6776
6220
4272
4433
6002
7028
6522
5203
4524
5661
6911
5403
3811
3607
3410
3483
2757
1019
12
20
-86
-450
-1393
-3228
-3275
-2391
-3423
-4471
-4977
-5462
-5305
-5134
-5597
-6407
-6761
-6255
-5113
-5086
-6462
-6107
-4642
-4020
-3969
-4324
-3967
-2694
-1447
-1053
-268
885
971
1708
2972
3985
4197
3399
3567
4776
6076
5782
4402
4430
5593
6871
6674
5390
5020
6280
7409
5992
4101
3884
4100
3960
2860
881
-187
57
158
-702
-2021
-3618
-3663
-2726
-3863
-5385
-5586
-5588
-5633
-5743
-6117
-6525
-6352
-5958
-5408
-5105
-5750
-5603
-4329
-3461
-3445
-3730
-3586
-2862
-1652
-1006
-482
487
619
1147
2620
4065
4281
3437
3747
5160
6669
6591
5260
5366
6428
7238
7006
5996
5484
6253
7315
6239
4310
3639
3611
3547
2486
705
-334
-406
-589
-1302
-2154
-3576
-4175
-3809
-4352
-5123
-5512
-5860
-6199
-6453
-6523
-6630
-6716
-6746
-6120
-5605
-6041
-5785
-4976
-4670
-4520
-4408
-3734
-2747
-1873
-1142
-17
1412
1652
2090
3323
4642
5477
5018
4754
5637
7063
7326
6027
5628
6450
7492
7424
6179
5781
6462
7330
6483
4729
4225
3974
3653
2665
1163
263
-199
-645
-1527
-2314
-3440
-4356
-4281
-5009
-5832
-6054
-6367
-6802
-7087
-7072
-7353
-7549
-7435
-6730
-5876
-6240
-6346
-5373
-4507
-4161
-4321
-3961
-2901
-1554
-671
-29
899
1288
2025
3429
4456
4704
4388
4844
6112
7189
6925
5715
5943
7202
7902
7418
6453
6500
7446
7759
6258
4605
4501
4332
3672
2476
863
318
100
-729
-1676
-2429
-3242
-4088
-4396
-5098
-5761
-5771
-6552
-7044
-6875
-6682
-6628
-7044
-7135
-6460
-5802
-6040
-6440
-5691
-4779
-4307
-4270
-4238
-3408
-2067
-815
-168
284
994
2249
3873
4738
4854
4825
5118
6213
7273
7271
6205
5994
6988
7581
7311
6273
5910
6759
7088
6220
4929
4318
3860
3487
2830
1311
304
-296
-669
-869
-1821
-3261
-4231
-4116
-4315
-5023
-5798
-6799
-6761
-6446
-6740
-7407
-7935
-7394
-6405
-6148
-6769
-6857
-5583
-4762
-4621
-4506
-3996
-2890
-1926
-1001
-64
867
1459
1799
3133
4372
4653
4493
4542
5617
6924
7169
5892
5420
6663
7595
7579
6483
5864
6812
7591
6760
5278
4867
4477
3879
3287
2057
963
179
-299
-712
-1518
-2997
-4422
-4457
-4478
-5165
-5962
-7087
-7425
-6800
-6432
-7172
-8039
-7472
-6154
-5393
-6251
-6835
-5517
-4380
-4369
-4926
-4837
-3692
-2207
-1161
-841
-132
808
1869
3249
4009
4378
4590
4879
5788
7033
7405
6482
5996
6879
8057
8172
7027
6340
7089
7836
7155
5665
4636
4337
4177
3436
2008
505
-296
-605
-1120
-2078
-3474
-4358
-4513
-4719
-5329
-6099
-6585
-6966
-6822
-6557
-7194
-7928
-7978
-7090
-6489
-7145
-7507
-6700
-5309
-4801
-5003
-4626
-3677
-2203
-1048
-275
480
1036
2367
3925
4831
5026
5051
5632
6299
7207
7447
6618
6418
7102
8059
8092
7159
6631
7069
7608
6829
5780
5106
4171
3775
3441
2360
870
-233
-396
-523
-1613
-3445
-4421
-4383
-4809
-5544
-6580
-7704
-7738
-7190
-7208
-8056
-8597
-7926
-6728
-6422
-7283
-7383
-6220
-5095
-4652
-4934
-4770
-3540
-2008
-951
-353
340
1225
2453
3701
4735
5265
5043
5229
6279
7263
7230
6360
6200
7189
8137
7901
7063
6799
7394
8105
7366
5927
5313
5041
4624
3604
1892
535
14
-376
-1299
-2478
-3803
-4533
-4381
-4883
-5894
-6556
-7060
-7154
-6915
-7083
-7760
-8140
-7798
-7101
-6764
-7317
-7507
-6489
-5411
-5050
-5045
-4717
-3767
-2293
-1101
-311
282
946
2254
3593
4451
4831
5063
5577
6358
7283
7478
7029
6907
7458
8324
8356
7677
7097
7293
7631
7130
5985
5017
4345
3699
3224
2332
1003
-212
-743
-948
-1794
-3229
-4468
-4722
-4800
-5561
-6483
-7426
-7664
-7212
-6998
-7701
-8557
-8136
-6998
-6556
-7046
-7433
-6592
-5270
-4785
-4823
-4702
-3706
-2295
-1060
-307
220
1234
2397
3609
4652
5069
5066
5362
6269
6990
7151
6619
6248
6904
7772
7850
7243
6955
7350
7975
7779
6429
5249
4810
4515
3912
2453
756
-211
-298
-574
-1798
-3400
-4563
-4600
-4477
-5447
-6819
-7659
-7367
-6769
-7177
-8332
-8690
-7693
-6785
-6707
-7427
-7673
-6426
-5180
-4947
-5183
-4902
-3500
-2047
-1320
-922
1
1129
1907
2891
3888
4786
5141
4947
6305
7691
7241
6737
7243
8145
8120
7665
7142
7318
8125
7328
6586
6179
5467
5436
4895
3342
1735
1666
897
-1024
-1686
-2421
-2992
-3782
-5181
-5547
-5438
-5788
-6945
-7264
-7331
-7626
-6980
-7546
-8314
-7687
-6794
-6558
-7170
-7024
-5987
-5010
-4956
-5170
-3960
-2776
-1640
-127
692
1123
1768
3274
4721
5091
4964
5081
6143
7017
7373
7216
6533
6970
7844
8189
7583
6872
7304
7809
7518
6168
5234
5017
4476
3937
2427
924
188
-246
-554
-1820
-3183
-4042
-4222
-4506
-5639
-6331
-6993
-7351
-7414
-7929
-8184
-8408
-8210
-7737
-7441
-7209
-7021
-6115
-5286
-4946
-4824
-4782
-3929
-2821
-1824
-841
-26
807
1811
3335
4599
4926
4941
5236
6374
7334
7302
6915
6882
7467
7934
8015
7668
7344
7716
7986
7687
6755
5734
5055
4403
3705
2525
1245
-1
-783
-918
-1663
-3221
-4834
-5263
-4923
-5279
-6384
-7648
-7664
-6924
-6882
-7853
-8952
-8543
-7225
-6629
-7342
-7910
-6796
-5259
-4619
-5054
-5294
-4001
-2228
-1108
-732
-302
686
2111
3703
4492
4784
5118
5580
6690
7559
7550
6993
6853
7595
8339
8286
7323
6896
7625
8074
7484
6102
5015
4692
4446
3650
2086
547
-197
-148
-400
-1752
-3361
-4314
-4475
-4798
-5823
-6962
-7692
-7516
-7058
-7234
-8101
-8591
-7869
-6990
-6795
-7335
-7479
-6439
-5273
-4806
-5006
-4760
-3527
-1936
-769
-222
312
1186
2452
3779
4602
4838
4859
5502
6703
7342
7072
6546
6463
6978
7553
7395
6759
6847
7441
7566
7013
6018
5371
4926
4295
3230
1948
789
-349
-698
-941
-2042
-3423
-4456
-4667
-4863
-5463
-6561
-7550
-7460
-7288
-7400
-7972
-8392
-7576
-6607
-6514
-7029
-6694
-5590
-4950
-4646
-4645
-4132
-3099
-2088
-828
162
761
1172
2262
3887
4682
4823
4579
5005
6476
7519
7332
6443
6553
7587
8229
7735
6590
6698
7546
7556
6626
5386
4700
4381
4049
2860
1159
114
-312
-333
-1190
-3054
-4273
-4450
-4473
-5142
-6098
-6877
-7004
-6536
-6756
-7478
-8000
-7864
-6905
-6379
-6794
-7100
-6367
-5225
-4794
-5040
-5188
-4213
-2692
-1595
-835
-188
609
1854
3358
4335
4581
4788
5372
6361
6999
6927
6556
6435
6916
7450
7463
6848
6466
6998
7444
6935
5760
4996
4933
4410
3427
2091
732
40
-158
-452
-1707
-3296
-4001
-3877
-3960
-5411
-6768
-6864
-6499
-6383
-7076
-7862
-7972
-7222
-6524
-6856
-7372
-7096
-5830
-4734
-4816
-5185
-4766
-3440
-2094
-1139
-415
117
1067
2611
3929
4310
4133
4510
5551
6422
6644
6551
6400
6376
6837
7291
7086
6573
6564
7255
7510
6667
5574
5189
4896
4232
3473
2167
834
270
215
-502
-2336
-3958
-4321
-3892
-4404
-5959
-6909
-7069
-6691
-6627
-7459
-8468
-8283
-6767
-6176
-6984
-7555
-6702
-5097
-4669
-5100
-5136
-4294
-3150
-2143
-1074
-527
52
1344
2865
3985
4362
4556
4882
5643
6579
6850
6526
6105
6681
7787
7847
7063
6728
7544
8117
7436
6279
5433
5263
4949
4065
2629
1166
488
160
-261
-1417
-2941
-3752
-4192
-4498
-5153
-6145
-6901
-7212
-6960
-6903
-7496
-8259
-7961
-6819
-6650
-7233
-7514
-6872
-5558
-5060
-5228
-5054
-4121
-2846
-1566
-635
-417
222
1761
3358
4385
4579
4794
5493
6552
7350
7230
6740
6531
7212
8086
7947
7072
6721
7484
7914
7241
6119
5194
5036
4837
4019
2498
794
2
6
-205
-1789
-3563
-4185
-4326
-4435
-5439
-6859
-7568
-7429
-6974
-7351
-8240
-8792
-7998
-6679
-6934
-7814
-7777
-6432
-4992
-4889
-5338
-5086
-3613
-2038
-973
-114
257
1029
2739
4292
4810
4607
4843
5776
6958
7317
6860
6709
6887
7446
7965
7661
6882
6820
7723
7779
7041
6100
4987
4529
4085
3476
1907
98
-538
-392
-290
-2263
-4463
-4716
-4365
-4355
-5787
-7355
-7848
-7160
-6575
-7729
-8869
-8933
-7471
-6040
-6824
-7844
-7242
-5247
-4032
-4790
-5511
-4762
-2706
-1325
-885
-350
157
1542
3276
4195
4463
4519
5251
6368
7220
7012
6493
6647
6840
7532
7927
7227
6616
7047
7969
7979
6910
5439
4910
5132
4642
3164
1114
-280
-284
55
-1403
-3938
-4874
-4142
-3602
-4964
-6947
-7503
-6825
-6342
-7142
-8347
-8740
-7769
-6495
-6691
-7753
-7836
-6300
-4845
-4977
-5513
-5190
-3667
-2225
-1472
-685
-18
769
1922
3356
4527
4610
4430
5016
6382
7101
6561
6208
6440
7218
7876
7674
6923
6612
7389
7842
7054
5790
4816
4905
4739
3734
2277
893
359
86
-257
-1748
-3634
-4014
-3849
-4162
-5550
-6900
-7159
-6810
-6555
-7355
-8039
-8053
-7327
-6196
-6435
-7301
-7224
-6062
-4867
-4853
-5217
-5016
-3556
-2155
-1480
-637
-74
692
2113
3611
4496
4443
4524
5310
6542
7107
6601
6278
6376
7085
7758
7455
6589
6423
7505
8113
7183
5901
5206
5414
5253
3999
2147
514
153
241
-478
-2540
-4290
-4034
-3632
-4480
-6044
-7047
-6952
-6660
-6821
-7798
-8651
-8368
-7315
-6667
-7318
-7897
-7174
-5846
-5046
-5233
-5463
-4711
-3245
-1975
-1201
-644
8
1085
2550
3831
4431
4452
4729
5741
6932
7224
6534
6138
6874
8007
8303
7581
6771
7146
8330
8272
6845
5425
5151
5543
5086
3375
1400
591
573
303
-1118
-3271
-4209
-3973
-4004
-5234
-6932
-7472
-7056
-6630
-7164
-8264
-8741
-8045
-6875
-6869
-7718
-7865
-6688
-5141
-4925
-5528
-5550
-4368
-2794
-1994
-1362
-612
368
1765
3281
4413
4524
4482
5167
6511
7717
7292
6363
6513
7471
8358
8142
6970
6410
7723
8973
7876
6058
5072
5266
5504
4119
1833
490
460
436
-365
-2214
-4017
-3988
-3617
-4536
-6085
-7091
-7001
-6507
-6669
-7741
-8398
-8244
-7557
-6860
-7230
-7872
-7509
-6292
-5234
-5129
-5417
-5100
-3699
-2299
-1436
-517
88
848
2357
3955
4748
4536
4587
5523
7009
7625
6745
6274
6836
7810
8306
7511
6365
6601
8056
8326
6982
5503
5006
5453
5126
3337
1387
488
267
129
-845
-2898
-4075
-3917
-3886
-4864
-6415
-7314
-7232
-6692
-7116
-8205
-8673
-8409
-7319
-6735
-7292
-7675
-6991
-5453
-4731
-4992
-5209
-4484
-2765
-1657
-846
-168
247
1390
3063
4559
4730
4387
4960
6190
7440
7216
6388
6311
6860
7888
8192
7344
6403
7068
8392
7960
6523
5173
4837
5183
4423
2623
940
146
-25
-207
-1588
-3788
-4351
-3899
-4258
-5547
-6931
-7362
-6967
-6581
-7104
-8037
-8475
-7867
-6586
-6616
-7656
-7761
-6529
-5046
-4697
-4982
-4795
-3661
-2303
-1363
-479
-148
269
1778
3571
4447
4233
4358
5307
6604
7367
6807
6328
6580
7355
8060
7685
6684
6371
7573
8128
6973
5787
5155
5224
4886
3556
1840
660
393
110
-768
-2530
-3766
-3566
-3698
-4817
-6119
-6679
-6731
-6816
-7100
-7672
-8085
-8036
-7281
-6841
-7328
-7552
-6867
-5769
-5143
-5081
-5079
-4503
-3208
-2060
-860
-75
128
1036
2846
4356
4498
4249
4700
5958
7223
7058
6426
6513
7121
7800
7716
6955
6434
7223
8143
7548
6159
5283
5485
5463
4156
2358
1095
719
340
-395
-1814
-3357
-3647
-3632
-4373
-5767
-6630
-6613
-6784
-7112
-7519
-7895
-8150
-7923
-7101
-7019
-7512
-7444
-6401
-5219
-5147
-5417
-5044
-3939
-2791
-1481
-81
48
322
2148
4208
5007
4440
4358
5379
6996
7576
6491
5926
6331
7458
8262
7439
6333
6809
8321
8315
6877
5613
5188
5518
5060
3407
1590
613
478
378
-859
-3172
-4172
-3742
-3873
-5055
-6506
-7152
-7160
-6977
-7176
-7876
-8437
-8266
-7124
-6567
-7233
-7656
-7012
-5584
-4828
-5124
-5261
-4387
-2887
-1604
-610
-217
-36
1310
3228
4511
4594
4254
4811
6229
7439
7051
6297
6545
7450
8409
8172
7190
6800
7700
8462
7404
6057
5192
5168
5092
3948
2327
945
396
119
-408
-1896
-3731
-4105
-4086
-4801
-6008
-6986
-7280
-7149
-7029
-7627
-8170
-8177
-7664
-6786
-6806
-7414
-7373
-6437
-5284
-5029
-5115
-4790
-3677
-2266
-1048
34
243
682
2361
4111
4929
4483
4303
5393
7081
7591
6397
5806
6511
7897
8501
7330
6341
6953
8320
8253
6597
5207
4891
5319
4638
2661
924
229
362
73
-1417
-3256
-3823
-3455
-3922
-5330
-6625
-6937
-6775
-6906
-7433
-7937
-7958
-7605
-7042
-6961
-7196
-7020
-6418
-5497
-4887
-4571
-4273
-3681
-2562
-1171
94
175
53
1427
3578
4771
4307
3894
4897
6662
7433
6482
5717
6163
7392
7979
6946
5938
6531
7974
7843
6265
5444
5333
5464
4642
3020
1686
811
465
-143
-1115
-2660
-3637
-3472
-4103
-5093
-5880
-6435
-6668
-6922
-6915
-7332
-7588
-7544
-7137
-6494
-6812
-7020
-6556
-5835
-5167
-4976
-4483
-3924
-3043
-1625
-415
203
201
1246
3083
4264
4407
3959
4520
6021
6907
6492
5670
5876
6828
7690
7314
6143
6374
7621
7862
6765
5572
5195
5314
4922
3406
1685
828
317
55
-579
-2194
-3335
-3339
-3417
-4238
-5254
-5843
-6292
-6537
-6938
-7392
-7517
-7745
-7490
-7016
-6915
-6851
-6400
-5552
-5058
-4720
-4385
-4029
-3352
-2295
-704
41
15
741
2551
4356
4545
3909
4162
5616
6827
6384
5615
5626
6528
7544
7339
6202
5877
7245
7919
6651
5486
5201
5315
4835
3795
2539
1408
786
219
-210
-1515
-3054
-3286
-3418
-4185
-5225
-5786
-6065
-6526
-6713
-7050
-7333
-7583
-7318
-6640
-6748
-7010
-6610
-5776
-5162
-4882
-4564
-4122
-3340
-2445
-1305
-521
-484
342
2048
3439
3723
3671
4240
5339
6232
5994
5532
5625
6174
7082
7130
6465
6448
7439
8006
7268
6223
5658
5724
5159
3802
2539
1654
1042
477
95
-1223
-2660
-2867
-3100
-3827
-5151
-5885
-5944
-6223
-6561
-7129
-7223
-7253
-7037
-6608
-7032
-7163
-6565
-5686
-5205
-5475
-5155
-4295
-3474
-2776
-1639
-578
-661
6
1934
3435
3774
3394
3798
5203
6343
6227
5539
5629
6404
7415
7384
6117
5899
7428
8314
7027
5581
5493
6048
5625
3994
2547
1710
1365
856
2
-1337
-2628
-2584
-2608
-3731
-5231
-5852
-5793
-6294
-6725
-7217
-7552
-7594
-7318
-6666
-6840
-7260
-6955
-6004
-5227
-5339
-5163
-4452
-3551
-2511
-1367
-539
-586
201
2330
3744
3728
3421
4137
5615
6505
6051
5335
5647
6338
7176
7230
6069
5802
7191
8109
7019
5686
5323
5722
5735
4156
2476
1627
1316
883
-108
-1601
-2946
-2682
-2634
-4072
-5359
-5765
-5480
-5860
-6828
-7607
-7609
-7031
-7016
-6932
-7026
-7133
-6232
-5431
-5265
-5358
-4877
-3871
-3175
-2547
-1552
-344
-56
224
1939
3549
3830
3455
3778
5205
6481
6378
5523
5504
6226
7167
7391
6137
5395
6679
7851
6795
5037
4828
5549
5267
3760
2206
1477
1157
709
86
-1290
-2810
-3052
-2782
-3555
-5047
-5670
-5758
-6108
-6358
-6580
-6865
-7167
-6867
-6244
-6344
-6880
-6663
-5527
-4837
-5038
-4879
-3999
-3021
-2293
-1145
-292
-491
136
2058
3737
3808
3200
3672
5112
6379
6080
5108
5055
5767
6856
6907
5756
5235
6719
8072
6890
5238
4856
5460
5223
3488
1821
1010
894
575
-84
-1269
-2587
-2502
-2400
-3513
-4992
-5446
-5153
-5547
-6166
-6543
-6488
-6329
-6182
-5860
-6301
-6887
-6479
-5578
-5111
-5598
-5635
-4700
-3727
-3094
-2223
-1231
-1260
-578
1897
3591
3749
3792
4878
6483
7375
7069
6330
6478
7087
7852
7837
6378
5961
7556
8331
6486
4619
4441
4990
4664
2263
425
269
281
-462
-1945
-3380
-4113
-3379
-3609
-5540
-6419
-6287
-5833
-6394
-7558
-7615
-6905
-6243
-6203
-5937
-5696
-5349
-4194
-3635
-3533
-3288
-2680
-1785
-1417
-471
620
765
658
1724
3832
4291
3344
3292
4934
6641
5940
4490
4723
5974
6836
6374
5242
5052
6679
7528
5881
4129
3962
4674
4084
1719
-225
-47
203
-1050
-2519
-3455
-3655
-3650
-4278
-5311
-5808
-5471
-5409
-5864
-6341
-6164
-5488
-5679
-5799
-5047
-4333
-4212
-4175
-3433
-2462
-2170
-2336
-2334
-1341
285
938
275
-86
1630
3676
3772
2830
2929
4870
6344
5581
4379
4589
5725
6314
5823
4607
4578
6094
6484
5112
3760
3621
3934
3391
1915
562
167
-411
-1194
-1620
-2644
-3656
-3942
-4003
-4264
-4775
-5426
-6064
-5910
-5400
-5454
-6017
-6445
-5632
-4430
-4299
-4844
-4704
-3332
-2143
-1932
-2185
-2197
-680
1244
1346
59
267
2889
4565
3810
2501
3095
5581
6346
4720
3604
4380
5883
6299
5073
3675
4637
6547
6155
4155
3085
3779
4299
2958
883
-48
-17
-656
-1587
-2447
-3341
-3530
-3678
-4272
-4844
-4953
-4976
-5537
-5862
-5666
-5405
-5661
-5898
-5096
-4355
-4355
-4425
-3766
-2612
-2060
-1987
-2005
-1471
54
1197
1046
436
1562
3845
4434
3504
3008
4358
6054
5705
4356
3988
5020
6114
5806
4340
3661
4995
5974
4856
3256
2801
3507
3531
1936
261
-247
-334
-939
-1929
-3265
-4065
-3890
-4026
-4839
-5559
-5772
-5615
-5569
-5698
-5780
-5697
-5597
-5122
-4307
-4065
-4011
-3526
-2629
-1584
-1223
-1291
-1057
27
1293
1571
1042
1052
2800
4386
3985
2926
3247
4993
5861
5016
3925
3951
5123
5989
5424
4060
4121
5449
5660
4388
3108
2938
3235
2480
663
-668
-1017
-1526
-2228
-3133
-4248
-4574
-4416
-4607
-5128
-5454
-5492
-5553
-5501
-5391
-5153
-5109
-5223
-4548
-3748
-3549
-3510
-2990
-1998
-1312
-1023
-1148
-863
694
2102
1870
895
1873
4298
5114
4053
3192
4370
6166
6038
4645
4042
4844
5696
5550
4233
3201
4246
5243
4238
2453
1829
2520
2501
1076
-674
-1317
-1337
-1867
-2545
-3656
-4476
-4296
-4231
-4808
-5477
-5443
-5392
-5598
-5572
-5470
-5282
-5250
-4886
-3905
-3405
-3386
-3048
-2044
-1115
-864
-647
-460
219
1660
2491
2010
1582
3112
5059
4974
3671
3428
5095
6061
5063
3954
3959
4847
5417
4989
3782
3574
4780
4969
3652
2209
2033
2570
1880
4
-1336
-1546
-1815
-2378
-3134
-4263
-4817
-4524
-4328
-4911
-5682
-5809
-5485
-5230
-5389
-5608
-5556
-5128
-4203
-3556
-3670
-3673
-2648
-1099
-481
-760
-782
44
1697
2860
2332
1403
2478
4937
5619
4338
3411
4531
6476
6186
4242
3296
4215
5465
5185
3469
2394
3724
5104
4200
2404
1609
2189
2498
1307
-740
-1960
-1899
-1820
-2406
-4013
-5184
-4739
-4185
-4614
-5718
-6195
-6016
-5652
-5235
-5516
-5916
-5724
-4596
-3444
-3423
-3461
-2797
-1339
-256
-176
-188
-235
794
2670
3223
1994
1447
3655
5590
4889
3125
3020
5358
6558
5387
4015
3980
5295
6179
5396
3481
3417
5179
5127
3252
1660
1749
2370
1297
-739
-1908
-2003
-2312
-2859
-3633
-4927
-5201
-4779
-4997
-5638
-5998
-5699
-5527
-5626
-5456
-5031
-5035
-5321
-4480
-3432
-3318
-3259
-2531
-1171
-502
-673
-596
115
1677
2859
2582
1876
2887
5473
6327
4887
3731
5003
7233
6735
4563
3787
4756
5840
5291
3445
2591
4053
5222
4060
2033
1264
2235
2499
472
-1930
-2394
-1971
-2354
-3421
-4842
-5235
-4787
-4757
-5377
-6211
-6206
-5903
-5847
-6096
-6158
-5751
-5488
-4733
-4005
-3613
-3135
-2625
-1442
-364
-84
-95
237
1486
3073
3482
2294
2311
4693
6205
5401
3849
3845
6017
7272
5561
3724
4096
5514
6184
5004
3125
3460
5363
5252
3165
1872
1875
2097
1332
-718
-2233
-2595
-2940
-3403
-4280
-5611
-6211
-5620
-5253
-5826
-6211
-6352
-6163
-5482
-5175
-5542
-6028
-5457
-3886
-2963
-3312
-3597
-2516
-807
3
-347
-776
14
2094
3581
2953
1719
3042
5954
6540
4841
3936
5447
7325
7047
5245
4309
5113
6129
5970
4240
2930
4064
5144
3858
1905
1435
1779
1593
224
-1497
-2078
-2305
-2788
-3444
-4634
-5740
-5668
-5152
-5788
-6541
-6523
-6442
-6215
-6117
-5993
-5838
-5676
-4881
-3877
-3288
-3230
-2749
-1465
-541
-16
41
107
1332
3009
3569
2593
2557
4665
6434
5908
4239
4283
6319
7172
5542
3867
4046
5459
6181
4936
3259
3715
5365
5165
3218
1803
1863
2344
1433
-867
-2319
-2459
-2700
-3316
-4572
-5773
-5909
-5420
-5448
-6239
-6653
-6592
-6232
-5826
-5897
-5891
-5817
-5337
-4255
-3508
-3440
-3328
-2141
-595
-47
-40
-91
439
2100
3319
2771
1717
3007
5656
6468
5224
4039
5448
7574
7130
5312
4294
4891
6105
6158
4281
2779
3942
5386
4426
2124
1053
1755
2150
623
-1414
-2194
-2309
-2470
-3134
-4720
-6010
-5927
-5255
-5660
-6694
-6978
-6448
-5852
-5812
-5939
-6092
-5955
-5153
-4123
-3551
-3696
-3280
-1887
-652
-111
-68
77
988
2896
3937
2930
2541
4319
6272
6130
4419
4011
5884
7333
6090
4273
4148
5144
6164
5438
3621
3452
4997
5524
3630
1720
1515
2104
1611
-664
-2225
-2001
-2003
-2803
-4066
-5376
-5700
-5274
-5369
-6295
-6799
-6500
-6206
-6104
-6208
-6041
-5591
-5097
-4488
-3848
-3247
-2856
-2257
-1274
-604
-188
198
480
1412
2735
2879
2086
2625
4714
5941
5486
4491
4845
6727
7118
5324
3970
4316
5536
6014
4780
3345
4029
5565
4879
2604
1303
1615
2101
775
-1525
-2409
-2189
-2171
-2845
-4404
-5651
-5235
-4434
-5044
-6170
-6511
-6048
-5549
-5755
-6112
-5980
-5600
-5097
-4371
-3963
-3857
-3217
-2027
-956
-537
-240
127
625
2066
3244
2589
1771
3215
5555
5980
4733
4046
5492
7209
6475
4752
4212
4805
5763
5609
3784
2768
4170
5277
3997
2065
1409
2255
2536
468
-1469
-1685
-1806
-2309
-3126
-4462
-5303
-4956
-4757
-5432
-6174
-6556
-6238
-5679
-5771
-5891
-5808
-5608
-4812
-3894
-3731
-3924
-3357
-2128
-947
-582
-603
-197
829
2503
3211
2210
1948
3877
5775
5406
3927
3701
5507
6859
5631
4066
4090
5246
6268
5711
3933
3643
5263
5632
3903
2257
1885
2603
2050
-154
-1582
-1865
-1985
-2376
-3228
-4609
-5060
-4471
-4685
-5511
-6244
-6503
-6269
-6199
-6095
-5899
-5849
-5619
-4601
-3612
-3596
-3550
-2803
-1624
-652
-662
-767
-381
711
2323
2454
1351
1635
4082
5740
4934
3665
3929
5873
6887
5672
4358
4248
5364
6277
5222
3366
3424
5259
5539
3756
2279
2391
3268
2287
-110
-1410
-1753
-1848
-2384
-3657
-4960
-5009
-4236
-4657
-5564
-5933
-5673
-5180
-5635
-5973
-5726
-5561
-5371
-5013
-4415
-4272
-3914
-2973
-2069
-1231
-1011
-745
-280
671
2271
2427
1457
1709
3974
5491
4540
3444
4084
6194
6847
5207
4081
4555
5768
6116
4984
3479
3762
5531
5375
3233
1940
2473
3124
1814
-294
-1136
-1062
-1300
-2128
-3111
-4273
-4668
-4275
-4670
-5666
-6253
-5954
-5632
-5927
-5917
-5582
-5431
-5290
-4660
-3961
-4067
-4019
-3028
-1859
-1222
-1251
-982
-351
809
2376
2342
1282
1799
4221
5730
4487
3121
3901
6081
6611
4790
3636
3989
5523
6367
4952
3163
3642
5918
5984
3519
1912
2355
3328
2002
-384
-1388
-1382
-1222
-1998
-3392
-4483
-4316
-3759
-4549
-5609
-6003
-5573
-5198
-5685
-5759
-5531
-5467
-5137
-4361
-3845
-3935
-3649
-3030
-2043
-1210
-1317
-1285
-851
343
1868
1903
888
1398
3946
5309
4512
3508
3917
5957
6840
5397
3766
3579
5063
6170
4956
2889
3287
5474
5797
4010
2311
2209
3049
2455
415
-1068
-1595
-1477
-1455
-2762
-4319
-4335
-3795
-4064
-4940
-5579
-5739
-5567
-5525
-5672
-5761
-6111
-5711
-4564
-4176
-4324
-4125
-3193
-1971
-1258
-1072
-962
-447
758
2381
2343
976
1403
3621
4939
4162
2864
3154
5237
6388
5193
3820
3813
5104
6480
5559
3433
3542
5502
6064
4490
2624
2326
3274
2910
705
-868
-1306
-1410
-1385
-2452
-4042
-4378
-3988
-4269
-5158
-5800
-5847
-5573
-5578
-5707
-5390
-5349
-5314
-4676
-4192
-4038
-3900
-3372
-2488
-1963
-1847
-1577
-1059
-404
1119
2131
1395
1396
3060
4627
4571
3447
3341
4676
6051
5555
4301
3916
4319
5644
5666
3910
3209
4625
5954
4869
2980
2352
2822
2815
1275
-145
-848
-944
-778
-1534
-3053
-4025
-3766
-3573
-4426
-5322
-5532
-5355
-5530
-5869
-5939
-6194
-6052
-5241
-4498
-4230
-3984
-3101
-2116
-1717
-1633
-1278
-796
-372
803
1809
1339
1090
2446
4085
4196
3298
3100
4252
5577
5374
4221
3727
4223
5369
5775
4576
3638
4792
6217
5527
3728
2919
3196
3080
1878
281
-760
-1218
-1477
-1909
-3063
-4360
-4565
-4263
-4511
-5231
-5557
-5424
-5384
-5367
-5454
-5659
-5628
-5096
-4425
-4214
-4196
-3701
-2755
-2176
-2236
-2022
-1328
-682
338
1315
1303
1053
2076
3716
4158
3509
3173
4443
6152
6033
4858
4223
4598
5675
6001
4726
3478
4403
5917
5510
3632
2296
2687
3210
2220
824
18
-335
-550
-973
-2314
-3829
-4061
-3788
-4060
-4936
-5632
-5622
-5565
-5804
-6109
-6326
-6466
-5892
-4723
-4200
-4345
-4251
-3297
-2225
-1915
-1925
-1555
-896
194
1624
1646
642
1212
3255
4555
3907
2777
3433
5430
5977
4559
3389
3708
5276
6414
5508
4051
4632
6294
6300
4493
2940
3081
3730
2927
1112
-168
-738
-1112
-1598
-2585
-3798
-4202
-3937
-4011
-4627
-5357
-5658
-5647
-5624
-5492
-5430
-5697
-5621
-4671
-3929
-4134
-4429
-3764
-2486
-1791
-1918
-1868
-1442
-474
1139
1593
594
569
2769
4672
4310
3024
3059
5044
6287
5311
4023
3902
5084
6232
5684
3955
3735
5317
5880
4605
2898
2468
3147
2909
1319
-34
-477
-687
-965
-1725
-3088
-3699
-3640
-3850
-4421
-5036
-5379
-5571
-5725
-5746
-5535
-5685
-5883
-5139
-4247
-3894
-3879
-3677
-2833
-1951
-1656
-1679
-1439
-838
634
1842
1186
527
2064
4105
4402
3148
2564
3992
5696
5218
3708
3425
4375
5649
5679
4354
3687
4932
5868
4935
3365
2741
3298
3202
1658
390
59
-298
-990
-1616
-2398
-3042
-3302
-3786
-4155
-4364
-4709
-5156
-5603
-5530
-5066
-5160
-5819
-5554
-4415
-3945
-4043
-3935
-3198
-2107
-1567
-1715
-1674
-1197
-83
1239
1024
97
1008
3174
4046
3164
2539
3447
5190
5507
4236
3651
4071
5040
5532
4482
3382
4052
5408
5116
3762
3128
3409
3656
2483
1046
595
227
-606
-1377
-1977
-2694
-3064
-3475
-4178
-4370
-4383
-4647
-5086
-5327
-4913
-4633
-5162
-5536
-4848
-4160
-4154
-4224
-3917
-2980
-2041
-1889
-1958
-1630
-750
776
1482
554
350
2103
3726
3478
2234
2128
3859
5465
4878
3678
3835
5071
6243
5711
4081
3880
5284
5969
4613
2964
2835
3641
3218
1278
269
371
166
-625
-1540
-2144
-2510
-3058
-3777
-4336
-4678
-4906
-5175
-5566
-5529
-5037
-5254
-5934
-5541
-4524
-3935
-4106
-4255
-3295
-2076
-1838
-2323
-2179
-1469
-184
1452
1340
405
1274
3285
4213
3258
2309
3061
5001
5664
4465
3767
4187
5113
5747
4862
3790
4495
5957
5895
4302
3193
3244
3455
2414
794
236
104
-395
-1058
-1861
-2798
-3476
-3799
-4216
-4456
-4642
-4933
-5240
-5547
-5496
-5465
-5811
-5908
-5129
-4183
-3998
-4017
-3668
-2725
-1926
-2049
-2216
-1805
-903
552
1344
516
36
1680
3801
4032
3046
2877
4491
6240
5793
4368
3916
4611
5766
5663
4200
3421
4741
5925
4862
3261
2672
3426
3583
2137
791
113
-140
-646
-1442
-2468
-3346
-3275
-3473
-4006
-4495
-4894
-5006
-5366
-5457
-5393
-5576
-5791
-5573
-4821
-4603
-4631
-4360
-3683
-2556
-1937
-1744
-1468
-1011
-90
1213
1469
540
843
2822
4131
3576
2420
2626
4440
5585
4793
3792
3936
5111
6202
5562
3946
3848
5373
5826
4390
2883
2823
3697
3163
1384
320
1
-198
-626
-1451
-2719
-3416
-3350
-3789
-4447
-5010
-5157
-5046
-5354
-5513
-5354
-5176
-5199
-5035
-4578
-4384
-4071
-3718
-3273
-2719
-2434
-2158
-1829
-1379
-420
909
1134
511
1255
3086
4113
3652
2916
3453
4874
5577
4812
4184
4446
5178
5927
5360
4214
4437
5502
5444
4150
3159
3084
3344
2679
1130
302
13
-492
-891
-1650
-2841
-3328
-3332
-3797
-4483
-4893
-5168
-5407
-5716
-5934
-5553
-5366
-5726
-5536
-4981
-4509
-4081
-3709
-3230
-2587
-1947
-1748
-1536
-1053
-17
1360
1313
762
1657
3442
4384
3698
2958
3484
5079
5720
4803
4146
4209
5295
6110
5146
3989
4561
6020
5666
3982
2905
3094
3704
2503
643
-174
-310
-396
-1129
-2419
-3634
-3524
-3273
-4310
-5071
-5149
-4979
-5265
-6066
-6138
-5571
-5383
-5661
-5307
-4538
-4104
-3633
-3357
-3097
-2408
-1716
-1426
-1377
-991
350
1578
1132
555
1850
3795
4313
3566
3141
4078
5625
5803
4611
3843
4253
5521
5971
4679
3646
4647
5865
5087
3404
2799
3408
3448
1880
300
-157
-221
-709
-1721
-2897
-3523
-3208
-3319
-4339
-4958
-4810
-4745
-5257
-5696
-5421
-5133
-5446
-5531
-4814
-4273
-4235
-3998
-3496
-2858
-2151
-1706
-1593
-1336
-508
933
1685
1091
1038
2605
4071
3958
3062
3040
4163
5321
5193
4162
3701
4460
5660
5515
4172
3765
4850
5456
4528
3177
2763
3189
2829
1394
288
-29
-203
-734
-1610
-2719
-3177
-3135
-3582
-4283
-4837
-4978
-5065
-5386
-5554
-5437
-5313
-5411
-5002
-4314
-4082
-3829
-3590
-3128
-2474
-1987
-1743
-1650
-1058
-293
699
1280
909
1148
2406
3813
3956
3173
3141
4142
5442
5085
3869
3734
4508
5563
5351
4282
3907
4670
5334
4484
3339
2756
2957
2903
1432
293
-88
-517
-1129
-1824
-2496
-3141
-3308
-3634
-4145
-4416
-4840
-5066
-5235
-5380
-5177
-5098
-5386
-5315
-4517
-3993
-3997
-3870
-3236
-2263
-1724
-1668
-1347
-772
-271
745
1426
1053
1230
2477
3779
4006
3342
3146
4162
5427
5140
4197
3879
4344
5429
5326
4109
3623
4339
4968
4303
3147
2544
2706
2568
1370
294
-300
-809
-1218
-1709
-2472
-3242
-3649
-3900
-4086
-4469
-5075
-5376
-5335
-5145
-4939
-5018
-5305
-4938
-4079
-3696
-3734
-3834
-3258
-2131
-1580
-1678
-1544
-761
11
1093
1700
1233
1410
2563
3978
4179
3243
3029
4073
5452
5102
4000
3831
4435
5461
5171
3973
3526
4290
5029
4202
3029
2457
2544
2471
1320
201
-392
-708
-1191
-1776
-2408
-3261
-3574
-3737
-4150
-4719
-5305
-5362
-5091
-4912
-5038
-5028
-4765
-4254
-3466
-3377
-3640
-3490
-2816
-2080
-1965
-2075
-1752
-789
-201
304
1226
1428
1500
2189
3382
3936
3403
3311
4059
4960
4793
4183
4096
4094
4636
4888
4193
3445
3590
4555
4392
3108
2322
2535
2658
1472
423
-81
-683
-1002
-1377
-2039
-2947
-3211
-2950
-3470
-4384
-4840
-4602
-4707
-5306
-5355
-5101
-4990
-4800
-4212
-3821
-3889
-3581
-2647
-1959
-2056
-1829
-985
-533
-510
135
1304
1452
1216
1819
3031
3763
3407
3123
3492
4212
4646
4345
3857
3530
4164
4986
4444
3459
3605
4639
4565
3547
3048
2894
2736
1953
1015
414
-418
-1055
-1368
-1831
-2851
-3344
-3190
-3908
-4686
-4752
-4589
-4717
-5256
-5248
-4781
-4538
-4486
-4100
-3731
-3815
-3354
-2646
-2477
-2486
-2049
-1289
-984
-1004
-493
934
1578
1225
1417
2416
3706
4009
3443
3252
3941
5068
5099
4332
3686
4069
5340
5097
3841
3269
3923
4470
3653
2751
2263
2171
1978
1156
583
-277
-1033
-1248
-1624
-2357
-3173
-3269
-3652
-4277
-4244
-4413
-4853
-5306
-5211
-4655
-4790
-5154
-4941
-4178
-3814
-3686
-3187
-2812
-2333
-1614
-1009
-797
-763
-93
1169
1761
1326
1350
2496
3793
4042
3311
3107
3875
4959
5024
3890
3132
3691
5026
4979
3637
3076
3879
4900
4402
3128
2426
2295
2365
1645
405
-723
-1285
-1277
-1725
-2627
-3430
-3500
-3394
-3937
-4184
-4221
-4502
-4668
-4618
-4479
-4595
-4641
-4389
-3960
-3588
-3457
-3101
-2733
-2422
-1737
-1154
-1127
-1111
-490
583
1357
1260
1059
1870
3320
3871
3274
2818
3489
4725
4840
3747
3153
3695
4691
4792
3777
3030
3637
4600
4224
3123
2425
2457
2723
1972
686
-119
-540
-900
-1460
-2206
-2954
-3144
-3219
-3710
-3997
-4206
-4415
-4517
-4701
-4684
-4514
-4592
-4755
-4466
-3969
-3579
-3376
-3225
-2602
-1694
-1159
-1092
-858
-290
509
1458
1547
1277
1788
2996
3683
3094
2701
3235
4243
4527
3750
3411
3700
4395
4750
4279
3747
3754
4480
4368
3367
2564
2164
2186
1567
626
-92
-791
-1273
-1630
-1887
-2768
-3408
-3315
-3562
-3701
-3973
-4357
-4455
-4318
-4031
-4159
-4456
-4591
-4058
-3385
-3611
-3714
-3373
-2732
-1886
-1496
-1422
-1100
-361
493
1358
1479
1099
1671
2861
3508
3183
2670
3057
4038
4467
3849
3408
3692
4328
4775
4209
3602
3875
4584
4557
3482
2711
2587
2615
1894
615
30
-466
-1014
-1431
-1973
-2572
-3036
-3142
-3487
-3844
-4006
-4466
-4743
-4861
-4788
-4633
-4833
-4915
-4467
-3776
-3589
-3583
-3117
-2449
-1722
-1313
-1217
-862
-273
444
1250
1542
1359
1688
2733
3469
3263
2830
2842
3578
4285
3904
3334
3276
3864
4655
4416
3623
3546
4296
4484
3584
2805
2433
2376
1860
718
102
-378
-971
-1420
-1834
-2312
-2739
-2895
-3240
-3510
-3564
-3876
-4107
-4329
-4379
-4187
-4298
-4550
-4283
-3754
-3638
-3529
-3184
-2720
-2078
-1607
-1428
-1214
-737
-116
727
1111
801
1153
2201
3109
3275
2829
2836
3594
4383
4228
3609
3391
3729
4503
4469
3670
3402
3838
4210
3716
2961
2526
2304
1945
1138
567
30
-654
-1204
-1599
-1844
-2380
-2955
-3400
-3619
-3626
-4001
-4454
-4752
-4643
-4295
-4340
-4549
-4412
-3752
-3189
-2975
-2844
-2653
-2028
-1333
-1064
-1019
-809
-353
556
1385
1155
858
1644
3000
3412
2737
2359
2997
4111
4167
3398
3057
3401
4317
4565
3747
3065
3494
4216
3755
2743
2171
2167
2133
1311
509
119
-349
-817
-1178
-1631
-2316
-2643
-2840
-3377
-3676
-3808
-3991
-4238
-4376
-4165
-3963
-4049
-4113
-3665
-3334
-3357
-3191
-2897
-2525
-2122
-1783
-1526
-1111
-586
249
1203
1205
1042
1867
3040
3302
2769
2542
3035
3872
4022
3480
3184
3452
4239
4679
4106
3495
3867
4626
4305
3244
2697
2558
2287
1380
491
-2
-737
-1255
-1583
-1970
-2576
-3062
-3169
-3485
-3647
-3869
-4278
-4534
-4609
-4258
-4180
-4441
-4261
-3637
-3084
-3092
-2972
-2509
-2102
-1640
-1483
-1347
-941
-448
271
940
1066
1001
1727
2891
3243
2902
2707
3070
3717
4010
3618
3146
3206
3836
4422
4002
3241
3389
4040
4008
3156
2525
2290
2016
1455
551
-20
-632
-1256
-1390
-1637
-2222
-2681
-2648
-2777
-3124
-3200
-3534
-3893
-4054
-4043
-4026
-4368
-4495
-4110
-3642
-3522
-3396
-2864
-2375
-1823
-1351
-1201
-896
-420
225
891
1136
1076
1410
2368
2960
2866
2612
2668
3272
3782
3734
3315
3129
3637
4264
4234
3603
3440
4041
4246
3543
2614
2233
2185
1778
843
-70
-586
-914
-1214
-1645
-2283
-2738
-2848
-3016
-3349
-3513
-3631
-3919
-4140
-4145
-3946
-3863
-4017
-3872
-3466
-3266
-3095
-2693
-2400
-2157
-1604
-1266
-1058
-606
-157
476
1034
1114
1204
1856
2691
2963
2827
2567
2835
3712
3872
3381
3030
3252
3972
4230
3752
3188
3436
3869
3552
2871
2192
1948
1867
1259
491
-34
-490
-899
-1117
-1476
-2105
-2556
-2789
-2970
-3186
-3606
-3996
-4077
-4124
-4058
-3878
-4037
-4031
-3557
-3180
-3031
-2893
-2599
-2165
-1745
-1507
-1223
-678
-342
74
859
1199
1194
1488
2311
3003
2834
2436
2589
3275
3718
3390
2965
2884
3483
4141
3922
3327
3239
3812
3912
3191
2458
2006
1892
1479
659
-61
-657
-954
-1115
-1424
-2181
-2686
-2469
-2510
-2940
-3407
-3637
-3555
-3592
-3739
-3887
-3826
-3667
-3440
-3226
-3330
-3136
-2690
-2438
-2208
-1952
-1554
-1060
-678
-379
431
1335
1403
1388
1993
2957
3390
2856
2401
2825
3595
3588
3025
2718
2893
3640
3953
3384
2923
3287
3887
3639
2837
2271
2186
2057
1274
452
-129
-629
-926
-1323
-2010
-2584
-2612
-2651
-3100
-3425
-3496
-3418
-3542
-3900
-3873
-3630
-3652
-3691
-3410
-3192
-3009
-2608
-2332
-2065
-1752
-1406
-906
-553
-429
18
920
1125
853
1219
2025
2600
2393
2079
2394
3135
3638
3330
2956
3050
3700
4306
3879
3196
3192
3799
3844
3009
2280
1900
1920
1562
697
105
-337
-612
-916
-1346
-1932
-2263
-2181
-2643
-3146
-3306
-3388
-3494
-3884
-3978
-3813
-3771
-3859
-3775
-3400
-3245
-3024
-2764
-2495
-2011
-1596
-1102
-753
-628
-183
703
1287
1156
1161
1670
2368
2744
2436
2151
2465
3150
3471
3091
2628
2910
3775
3994
3360
2963
3313
3769
3535
2843
2294
2104
2025
1532
736
0
-463
-607
-889
-1626
-2260
-2329
-2401
-2782
-3093
-3338
-3527
-3598
-3658
-3682
-3649
-3680
-3611
-3265
-3016
-2891
-2673
-2478
-2174
-1800
-1551
-1325
-1035
-769
-350
368
765
818
1012
1659
2569
2784
2381
2266
2934
3643
3415
2837
2686
3258
3841
3660
3152
2961
3432
3673
3220
2552
2049
2048
1801
1113
450
-113
-408
-639
-979
-1584
-2051
-2138
-2449
-2796
-3071
-3379
-3614
-3783
-3690
-3551
-3633
-3780
-3483
-2851
-2627
-2624
-2561
-2212
-1616
-1354
-1369
-1314
-940
-515
-60
432
501
635
1165
2032
2568
2263
2030
2394
3156
3341
2787
2413
2561
3208
3406
3005
2679
2827
3402
3394
2883
2386
2248
2360
1879
1131
448
-2
-247
-659
-1187
-1825
-2090
-2236
-2580
-2755
-2946
-3112
-3358
-3470
-3200
-3077
-3346
-3580
-3182
-2676
-2685
-2906
-2889
-2379
-1912
-1816
-1741
-1412
-910
-379
257
663
821
1130
1755
2535
2735
2389
2257
2739
3371
3292
2810
2528
2803
3459
3597
3166
2743
2957
3486
3442
2794
2050
1941
1996
1443
639
-88
-477
-705
-1088
-1672
-2229
-2411
-2491
-2594
-2833
-3140
-3229
-3303
-3281
-3180
-3208
-3428
-3503
-3105
-2766
-2744
-2893
-2740
-2182
-1791
-1573
-1401
-1091
-681
-120
651
898
726
912
1862
2619
2201
1633
1818
2632
3056
2712
2394
2506
3204
3820
3780
3268
3105
3811
4147
3489
2562
2232
2471
2182
1227
311
-132
-228
-426
-1007
-1819
-2106
-1910
-2108
-2698
-3113
-3098
-3082
-3427
-3683
-3628
-3607
-3745
-3628
-3317
-3240
-3121
-2820
-2488
-2183
-1836
-1386
-1101
-859
-443
227
919
1010
902
1317
2162
2652
2354
2023
2275
3007
3369
2939
2562
2734
3381
3790
3387
2793
2828
3438
3511
2734
1945
1707
1836
1500
639
-66
-390
-494
-674
-1177
-1830
-2036
-1835
-1985
-2494
-2842
-2997
-3069
-3094
-3205
-3454
-3682
-3548
-3068
-2808
-2947
-2937
-2469
-1930
-1623
-1459
-1379
-1134
-640
-283
-37
220
358
577
1134
1751
1883
1740
1853
2330
2910
2999
2733
2683
3016
3579
3797
3422
2969
3183
3646
3372
2572
1947
1903
1978
1496
711
156
35
49
-179
-893
-1639
-1728
-1599
-1907
-2656
-3247
-3277
-3122
-3177
-3530
-3826
-3768
-3332
-2893
-3078
-3239
-2769
-2136
-1838
-1915
-1740
-1222
-709
-430
-358
61
553
767
860
1087
1684
1976
1834
1777
2090
2744
2979
2799
2651
2859
3470
3626
3119
2631
2905
3371
2940
2155
1795
1935
1967
1373
613
168
148
141
-354
-1209
-1688
-1444
-1405
-2091
-2826
-3018
-2887
-2953
-3282
-3648
-3698
-3421
-3152
-3111
-3210
-2910
-2362
-2134
-2105
-1919
-1530
-1277
-1149
-927
-582
-68
334
542
737
1211
1921
2209
2090
2112
2583
3141
3193
2961
2849
3159
3632
3558
3089
2847
3167
3335
2788
2133
1834
1916
1730
1082
534
236
145
-66
-546
-1158
-1467
-1420
-1751
-2393
-2885
-2995
-2936
-3222
-3574
-3669
-3530
-3284
-3064
-3006
-3052
-2674
-2155
-1949
-1911
-1823
-1440
-1114
-985
-835
-633
-272
204
576
654
960
1680
2062
2060
2126
2464
2848
2916
2760
2691
2850
3021
3054
2863
2656
2817
2974
2788
2526
2343
2156
1919
1586
1183
786
352
-47
-427
-958
-1410
-1604
-1948
-2535
-2888
-2920
-2940
-3183
-3477
-3464
-3288
-3136
-3064
-3062
-2983
-2731
-2379
-2290
-2275
-2002
-1663
-1382
-1217
-941
-572
-107
468
661
748
1255
2028
2402
2228
2266
2653
3157
3285
2928
2741
2840
3171
3279
2847
2437
2526
2906
2811
2298
1900
1831
1969
1599
901
386
95
-33
-499
-1276
-1810
-1861
-1917
-2428
-2886
-3024
-2872
-2856
-3181
-3214
-3095
-2978
-2843
-2837
-2852
-2711
-2376
-2287
-2279
-2070
-1791
-1419
-1253
-1083
-702
-175
353
529
697
1146
1766
2073
2040
2177
2452
2835
2989
2842
2817
2990
3276
3335
3131
2993
3135
3270
3057
2710
2370
2059
1846
1530
946
285
-187
-327
-558
-1221
-1773
-1940
-1988
-2243
-2623
-2931
-3166
-3141
-3141
-3360
-3587
-3569
-3196
-3031
-3143
-3079
-2684
-2241
-2061
-1830
-1577
-1260
-755
-393
-194
2
491
975
1126
1228
1542
2050
2208
2146
2340
2683
2930
2909
2881
2954
3142
3337
3189
2884
2788
2979
2951
2450
1937
1744
1792
1454
724
218
27
-102
-526
-1142
-1596
-1732
-1743
-2088
-2598
-2913
-2863
-2749
-3055
-3446
-3505
-3232
-3032
-3157
-3272
-3107
-2631
-2268
-2173
-2059
-1784
-1264
-810
-602
-491
-251
299
762
891
971
1336
1820
2050
2167
2317
2553
2814
2937
3033
3122
3202
3266
3211
3095
3009
2914
2641
2292
2052
1830
1548
1164
744
431
198
-64
-417
-850
-1221
-1400
-1599
-2046
-2526
-2766
-2775
-2813
-3105
-3397
-3303
-3012
-2889
-2920
-2939
-2718
-2257
-1926
-1868
-1852
-1618
-1129
-710
-630
-609
-330
109
564
806
800
930
1381
1877
2089
2053
2104
2462
2835
2927
2876
2794
2838
3041
3136
2932
2596
2448
2443
2363
2021
1540
1262
1035
742
435
43
-396
-768
-987
-1227
-1543
-1945
-2377
-2551
-2613
-2784
-3113
-3414
-3379
-3144
-3040
-3174
-3191
-2912
-2527
-2206
-2161
-2138
-1813
-1289
-913
-869
-829
-484
110
524
663
798
1075
1628
2125
2274
2253
2398
2806
3107
3147
2989
2922
3047
3146
3155
2891
2562
2472
2518
2385
1912
1480
1255
1098
807
357
-14
-368
-650
-840
-1132
-1548
-1956
-2124
-2225
-2495
-2839
-3051
-3080
-3119
-3137
-3124
-3154
-3047
-2779
-2506
-2375
-2264
-1968
-1639
-1378
-1174
-966
-716
-456
-108
146
300
599
987
1295
1488
1785
2143
2333
2458
2663
2919
3031
2998
3031
3089
3103
3033
2836
2625
2510
2430
2165
1738
1420
1210
967
588
136
-238
-507
-717
-1074
-1563
-1914
-2066
-2211
-2556
-2917
-3025
-2978
-3015
-3174
-3220
-3076
-2910
-2798
-2671
-2476
-2242
-1962
-1663
-1409
-1188
-928
-618
-311
-18
228
403
625
1021
1416
1580
1637
1877
2321
2622
2632
2569
2653
2880
3017
2892
2586
2443
2598
2683
2369
1895
1719
1802
1741
1355
876
601
493
340
-60
-640
-1077
-1271
-1430
-1786
-2258
-2583
-2698
-2738
-2813
-2931
-3033
-3008
-2829
-2592
-2458
-2443
-2345
-2106
-1859
-1653
-1516
-1446
-1317
-1002
-632
-460
-367
-49
438
844
1140
1401
1643
1943
2328
2601
2609
2560
2700
2897
2900
2746
2609
2554
2540
2529
2428
2167
1935
1888
1832
1534
1125
828
585
271
-86
-487
-941
-1332
-1561
-1767
-2109
-2463
-2653
-2709
-2747
-2828
-2922
-2987
-2911
-2669
-2496
-2541
-2559
-2281
-1898
-1726
-1702
-1557
-1215
-828
-567
-434
-265
109
580
874
1000
1224
1630
1962
2083
2161
2330
2522
2614
2609
2584
2570
2589
2603
2549
2424
2310
2267
2206
2047
1804
1557
1353
1115
777
363
-36
-371
-700
-1078
-1464
-1772
-1974
-2150
-2368
-2579
-2677
-2666
-2669
-2747
-2808
-2746
-2611
-2525
-2487
-2393
-2218
-2015
-1805
-1583
-1362
-1136
-864
-538
-218
61
323
604
909
1204
1466
1674
1839
2024
2240
2407
2475
2533
2616
2666
2683
2715
2711
2584
2424
2360
2308
2132
1814
1501
1281
1081
801
402
-41
-355
-520
-768
-1216
-1656
-1857
-1902
-2063
-2388
-2664
-2747
-2667
-2620
-2744
-2888
-2838
-2569
-2340
-2344
-2357
-2131
-1724
-1390
-1262
-1166
-877
-409
13
225
351
637
1083
1452
1614
1659
1804
2093
2325
2372
2298
2292
2414
2508
2462
2324
2206
2173
2189
2106
1859
1574
1415
1320
1079
690
302
20
-191
-451
-815
-1212
-1462
-1564
-1679
-1909
-2127
-2178
-2201
-2249
-2291
-2328
-2357
-2333
-2189
-2094
-2060
-1939
-1735
-1508
-1330
-1097
-846
-643
-418
-154
143
351
542
765
977
1228
1448
1607
1656
1738
1960
2132
2168
2090
2072
2182
2282
2233
2022
1878
1882
1882
1708
1368
1105
987
868
579
140
-190
-315
-422
-724
-1151
-1400
-1419
-1458
-1686
-1963
-2052
-1958
-1902
-2025
-2200
-2200
-2027
-1886
-1926
-2005
-1902
-1624
-1401
-1358
-1317
-1102
-769
-479
-295
-129
118
442
728
901
1031
1228
1459
1566
1576
1638
1767
1844
1800
1758
1812
1912
1945
1862
1774
1774
1806
1722
1498
1288
1189
1079
808
456
207
64
-138
-445
-733
-903
-1019
-1182
-1405
-1590
-1665
-1703
-1796
-1905
-1945
-1917
-1901
-1903
-1878
-1810
-1722
-1606
-1453
-1305
-1171
-1011
-805
-578
-386
-238
-69
168
427
607
703
835
1082
1336
1452
1465
1542
1743
1926
1946
1854
1838
1946
2016
1904
1691
1549
1492
1382
1138
841
625
491
331
96
-144
-315
-444
-593
-755
-906
-1054
-1213
-1371
-1488
-1589
-1720
-1862
-1943
-1932
-1889
-1894
-1902
-1826
-1667
-1501
-1379
-1272
-1134
-935
-719
-548
-426
-283
-85
105
238
363
533
712
862
1016
1196
1349
1460
1567
1691
1783
1809
1800
1794
1807
1805
1739
1608
1488
1443
1395
1232
1002
832
746
640
441
205
24
-93
-205
-372
-592
-767
-853
-922
-1080
-1284
-1418
-1452
-1462
-1519
-1597
-1618
-1558
-1487
-1471
-1491
-1455
-1306
-1154
-1097
-1089
-993
-781
-581
-459
-368
-198
48
261
384
479
640
845
994
1049
1073
1129
1199
1249
1251
1205
1142
1114
1110
1048
934
846
825
802
695
521
370
299
246
125
-79
-237
-270
-318
-489
-676
-722
-663
-671
-779
-879
-880
-830
-821
-870
-921
-895
-812
-787
-820
-790
-670
-570
-517
-441
-328
-198
-66
64
169
244
336
475
597
641
663
744
862
940
959
964
1018
1111
1152
1113
1080
1103
1121
1045
907
818
786
717
570
422
327
254
157
13
-145
-246
-299
-396
-571
-727
-806
-885
-1031
-1175
-1253
-1303
-1364
-1412
-1444
-1462
-1431
-1347
-1268
-1209
-1127
-1017
-902
-761
-603
-497
-437
-321
-132
24
98
166
288
443
596
706
774
847
958
1096
1183
1187
1169
1182
1213
1214
1150
1033
932
902
881
771
592
469
438
410
306
164
77
61
44
-43
-169
-255
-284
-331
-456
-613
-727
-788
-850
-940
-1025
-1045
-998
-941
-908
-863
-764
-632
-534
-480
-425
-338
-272
-255
-247
-197
-112
-31
30
106
231
399
555
667
759
871
990
1057
1058
1031
1009
970
893
811
752
690
610
526
469
438
399
322
221
140
98
38
-104
-275
-400
-480
-563
-670
-792
-892
-931
-922
-926
-987
-1041
-1019
-957
-913
-901
-888
-850
-778
-682
-604
-555
-485
-383
-274
-185
-112
-33
46
128
234
340
428
515
615
715
785
826
872
920
952
945
911
882
868
846
786
698
642
643
642
565
434
335
313
307
232
79
-63
-129
-150
-215
-359
-513
-589
-588
-596
-671
-773
-820
-794
-749
-748
-794
-812
-746
-632
-567
-572
-571
-490
-365
-264
-215
-183
-113
-2
109
170
204
273
379
465
507
539
588
636
656
657
661
668
660
622
559
518
517
510
447
348
279
267
258
201
94
-12
-76
-96
-136
-234
-349
-417
-428
-440
-498
-566
-595
-579
-557
-563
-580
-572
-539
-509
-495
-474
-423
-363
-321
-295
-253
-179
-101
-48
-8
55
137
191
215
248
312
376
406
412
434
482
523
507
462
463
510
535
481
401
376
401
387
302
195
152
161
137
44
-76
-131
-125
-153
-252
-363
-404
-377
-378
-442
-511
-528
-494
-480
-511
-541
-521
-459
-419
-415
-393
-319
-224
-160
-122
-72
9
100
173
215
246
299
369
418
425
424
447
494
533
551
546
543
555
573
567
525
467
418
369
309
243
177
113
53
10
-28
-80
-143
-189
-215
-237
-270
-310
-351
-375
-393
-422
-467
-512
-540
-567
-603
-629
-613
-577
-539
-497
-442
-374
-316
-264
-220
-175
-131
-89
-55
-33
-2
36
72
103
135
172
212
257
292
328
379
449
511
544
564
588
604
584
536
483
444
408
347
265
190
150
126
73
6
-38
-47
-61
-102
-153
-178
-178
-199
-245
-297
-333
-346
-365
-412
-457
-464
-440
-423
-421
-390
-328
-267
-219
-190
-158
-110
-60
-12
18
50
101
153
187
203
226
273
309
326
342
365
398
415
420
412
404
402
380
329
271
236
212
164
105
67
42
16
-16
-40
-53
-68
-102
-158
-208
-233
-245
-258
-283
-305
-293
-310
-360
-394
-400
-354
-302
-270
-236
-209
-170
-142
-137
-119
-112
-89
-65
-66
-45
-37
-26
-7
-7
25
54
75
132
173
216
263
277
286
287
282
270
248
229
200
187
163
112
89
61
31
43
31
12
27
32
24
25
-2
-43
-52
-74
-119
-136
-143
-151
-138
-158
-192
-180
-162
-149
-120
-93
-78
-46
-26
-40
-39
-33
-42
-22
-2
5
31
55
57
65
78
77
86
97
97
111
118
106
105
101
78
66
59
47
42
38
25
25
28
14
11
6
-5
5
19
12
20
23
5
5
-7
-36
-51
-71
-99
-112
-119
-126
-115
-102
-96
-74
-46
-30
-11
0
-2
8
6
-13
-27
-45
-61
-60
-69
-81
-70
-49
-28
2
22
45
80
100
105
117
114
104
102
76
51
43
37
45
69
74
71
74
65
52
52
43
30
26
6
-15
-31
-59
-78
-81
-84
-80
-61
-64
-67
-64
-67
-63
-56
-61
-62
-62
-75
-79
-77
-82
-74
-61
-59
-48
-27
-14
5
22
29
40
51
54
59
64
56
54
51
49
49
54
56
58
55
48
50
57
61
64
68
60
57
53
48
37
24
14
-1
-15
-26
-40
-54
-62
-68
-55
-47
-41
-29
-19
-17
-22
-26
-28
-29
-44
-46
-48
-55
-59
-53
-47
-42
-23
-6
7
17
24
29
37
41
40
37
31
24
18
17
17
19
24
35
41
45
55
57
51
41
33
18
2
-12
-27
-36
-42
-47
-40
-34
-30
-23
-15
-10
-6
0
2
-2
-2
-6
-9
-11
-14
-16
-18
-16
-12
-14
-15
-12
-8
-2
3
4
5
4
-2
-9
-9
-9
-6
-4
-8
-13
-18
-26
-25
-15
-1
16
30
33
28
24
21
22
24
30
32
25
17
9
4
-4
-8
-7
-7
-4
-2
1
1
0
-4
-4
-4
-6
-4
-2
-5
-9
-10
-13
-14
-15
-14
-7
-9
-11
-6
0
4
9
14
16
13
11
13
12
10
10
14
18
19
17
12
11
7
1
3
4
2
6
5
1
-5
-8
-5
-3
-9
-10
-9
-12
-18
-19
-22
-25
-18
-13
-10
-9
-15
-18
-24
-21
-15
-10
-2
1
1
-6
-7
-2
2
5
8
4
-2
-1
1
0
-1
2
5
10
16
21
24
22
16
17
17
16
21
21
17
17
13
10
11
9
10
18
26
23
18
13
1
-6
-9
-12
-16
-18
-24
-24
-21
-21
-20
-20
-18
-16
-15
-17
-24
-33
-34
-34
-33
-31
-30
-25
-22
-22
-16
-10
4
14
16
15
12
15
20
26
30
33
39
38
35
32
30
28
27
27
17
13
14
14
14
12
2
1
8
6
5
3
-6
-8
-5
-13
-19
-23
-27
-24
-19
-25
-29
-25
-27
-24
-15
-13
-6
-1
-1
-4
-6
-2
1
3
1
-3
-2
-2
0
5
2
5
11
16
19
14
12
10
12
17
17
21
19
12
5
-1
-3
-4
-3
0
3
1
-5
-4
-2
2
5
5
0
-8
-16
-16
-15
-13
-10
-8
-8
-10
-11
-12
-14
-15
-18
-21
-15
-4
2
4
2
-1
-3
-3
-1
2
1
1
-1
-3
-4
-2
2
7
15
18
18
15
9
7
9
17
20
16
10
7
7
5
5
8
7
5
7
8
9
9
7
1
-2
-4
-4
-5
-9
-10
-8
-8
-13
-18
-13
-6
-2
-1
-5
-8
-14
-13
-10
-9
-5
-3
-4
-1
-2
-7
-8
-9
-4
4
9
10
7
6
5
7
14
14
11
9
5
5
6
9
11
9
10
12
12
7
-1
-10
-14
-10
-7
-4
-5
-3
-4
-7
-12
-14
-13
-9
-5
-1
-4
-8
-13
-18
-15
-11
-3
4
7
5
1
-4
-9
-9
-8
-7
-3
-1
1
2
3
2
1
-2
-1
1
2
7
7
11
13
13
14
17
17
16
18
16
18
20
20
19
18
12
8
5
3
0
0
4
5
4
1
-7
-8
-8
-9
-13
-19
-22
-25
-27
-29
-25
-20
-18
-15
-18
-18
-10
-7
-6
-6
-5
1
6
10
7
1
-3
-2
4
11
13
13
6
4
7
11
14
13
11
10
11
10
10
9
7
10
9
4
3
5
6
6
-4
-11
-14
-12
-7
-7
-4
-9
-12
-11
-10
-4
0
0
-2
-8
-11
-12
-13
-13
-13
-12
-4
-3
-1
3
6
7
4
1
0
0
4
4
3
3
2
4
6
9
11
13
11
9
7
6
8
6
4
1
1
4
4
2
-3
-7
-4
-2
4
6
6
0
-8
-14
-15
-11
-7
-5
-6
-9
-9
-4
-8
-11
-5
1
4
2
-3
-5
-11
-11
-8
-1
4
6
8
4
0
-3
-2
4
8
13
16
15
13
7
7
8
8
14
15
11
7
4
-1
-3
1
2
1
5
6
6
2
-1
-2
-4
-5
-6
-3
-1
-4
-4
-5
-5
-5
-3
-2
-9
-11
-12
-14
-17
-19
-16
-13
-11
-10
-9
-7
-7
-5
-4
0
4
3
4
3
1
2
7
7
6
6
9
13
17
14
11
7
4
7
6
7
5
2
-5
-13
-12
-7
2
8
9
5
-1
-10
-13
-13
-7
-3
3
7
1
-3
-2
-2
0
2
3
-1
-5
-9
-8
-6
-1
6
4
5
4
1
2
2
3
4
9
16
13
10
7
-1
-6
-7
-5
1
5
5
6
0
2
6
5
8
7
8
7
6
6
2
1
-2
-3
0
0
-1
-1
-6
-8
-9
-10
-9
-5
-4
-5
-9
-15
-16
-15
-15
-16
-14
-8
-5
-7
-10
-13
-13
-8
5
13
18
14
3
-2
-6
-6
0
6
8
7
6
5
4
2
2
4
6
12
13
12
9
4
3
-1
4
6
5
5
-3
-8
-8
-6
1
5
3
0
-2
-2
-1
1
1
2
0
-1
-5
-14
-18
-18
-14
-7
-1
4
4
4
3
5
6
6
4
7
10
14
13
9
4
-2
-1
3
4
8
7
5
3
-2
-4
-1
1
0
0
-3
-2
3
2
-1
-1
-5
-7
-5
-7
-8
-4
-3
0
0
-3
-5
-10
-14
-14
-13
-9
-7
-7
-6
-8
-7
-5
-6
-5
-4
0
3
9
12
9
7
10
13
11
7
8
7
9
6
-2
-4
1
6
7
6
6
4
4
3
3
5
6
11
11
10
3
-8
-12
-9
-4
3
7
10
6
-3
-9
-15
-13
-11
-7
-4
-5
-6
-11
-14
-12
-11
-9
-4
-5
-4
-2
-5
-4
-4
-5
-2
1
4
6
1
-3
-1
1
6
10
12
12
11
9
2
-1
-4
0
6
8
15
16
15
10
6
6
0
1
3
2
-1
-2
-6
-10
-10
-9
-3
2
7
7
4
2
-2
-4
-1
2
2
3
1
-2
-3
-5
-9
-10
-9
-7
-5
-5
-8
-9
-8
-7
-5
0
6
6
5
5
2
1
-3
-2
4
7
9
5
-1
-6
-9
-5
1
3
3
0
-2
-6
-4
-2
1
4
2
-1
-4
-5
-6
-4
-1
3
2
1
1
-3
-2
1
3
2
-1
-2
0
4
7
8
4
0
-2
-3
-4
-3
-3
2
1
0
1
1
1
-1
1
4
4
4
3
8
12
15
15
12
5
0
0
-3
-1
1
0
-4
-10
-10
-5
4
9
9
8
3
2
-2
-8
-8
-9
-9
-6
-11
-8
-9
-11
-9
-9
-8
-7
-4
-4
-4
-4
-5
-10
-10
-8
-5
-3
1
4
5
9
11
10
11
11
9
5
4
5
6
7
7
5
5
8
8
7
6
6
6
6
8
9
6
5
1
-1
-2
-5
-8
-11
-13
-14
-12
-4
-1
-1
1
-4
