SAMPLES:	12760
BITSPERSAMPLE:	16
CHANNELS:	1
SAMPLERATE:	16000
NORMALIZED:	FALSE
2
-1
2
3
1
2
1
3
5
6
6
8
16
14
4
-4
-8
-6
0
4
6
8
6
1
-3
-4
-1
2
6
8
0
-12
-18
-16
-10
-6
0
2
-1
-5
-11
-10
-2
7
7
-5
-19
-24
-21
-5
7
14
14
9
2
-4
1
8
14
15
11
-1
-5
1
5
5
3
1
2
5
7
4
1
-4
-1
5
7
4
-2
-3
-2
-3
1
1
4
4
2
3
-4
-8
-2
4
8
1
-5
-7
-8
0
5
8
8
7
6
3
-2
-7
-14
-26
-25
-13
0
8
8
2
-6
-11
-12
-13
-9
-4
0
3
2
-2
-2
1
9
15
16
7
-3
-9
-9
1
11
15
11
2
-5
-8
-3
3
6
7
8
14
21
20
8
-7
-16
-16
-6
7
10
1
-8
-13
-16
-9
-1
2
6
3
-3
-11
-12
-5
7
13
11
3
-2
-2
-1
2
5
6
0
-5
-5
-7
-4
-5
-7
-6
-6
-4
-2
-3
-3
-2
6
13
12
9
-1
-5
-6
-3
4
10
13
11
3
-3
-8
-11
-6
4
9
9
8
4
-1
-6
-8
-7
0
2
1
1
-7
-9
-8
-5
-1
1
-1
-2
-4
-4
-5
-5
1
10
12
7
4
-2
-5
-1
2
0
-5
-10
-13
-8
-3
3
3
1
0
3
7
8
8
4
1
0
0
5
8
10
10
5
0
0
3
8
5
2
-3
-5
-6
-5
-3
-4
-5
-9
-6
-1
0
0
-4
-6
-9
-9
-7
-9
-7
-4
-6
-6
-3
-2
6
15
11
6
0
-4
-9
-5
6
15
20
15
2
-7
-9
-3
9
16
15
9
4
3
2
3
-2
-11
-12
-9
-4
2
9
10
7
2
-4
-7
-4
-6
-8
-9
-12
-11
-10
-10
0
8
3
0
-2
-3
-4
0
7
7
8
8
3
-1
-1
-7
-6
0
2
7
8
2
-7
-5
0
4
4
3
3
2
-2
-2
0
1
3
3
4
6
5
-2
-9
-10
-12
-10
0
9
12
9
0
-9
-7
-3
-1
1
3
1
-1
5
2
-2
-6
-9
-8
-7
-2
6
8
6
3
-1
-2
2
4
6
5
5
5
1
-3
-5
-3
-1
0
-5
-1
1
-2
-2
2
5
7
6
3
2
3
4
5
2
-2
-3
-4
-1
-1
-6
-6
-5
-3
1
1
-5
-13
-18
-16
-5
6
15
13
1
-10
-12
-5
1
8
11
7
2
2
0
-2
-2
2
6
3
-8
-12
-7
0
12
15
9
3
-1
-1
-2
0
0
1
3
4
5
6
11
7
4
0
-6
-4
2
4
2
-5
-8
-7
0
2
1
-3
-6
-8
-11
-8
-4
2
6
4
2
-1
-5
-8
-10
-5
-4
-1
8
12
6
-2
-8
-7
-2
10
19
18
8
-4
-10
-10
-5
1
4
2
-1
-3
-4
-8
-4
4
7
8
2
-4
-7
-10
-8
-4
-1
1
7
10
8
-1
-4
-4
-6
-5
-5
-7
-3
4
10
13
14
13
9
3
-4
-9
-11
-9
-2
6
11
9
-3
-11
-8
-3
6
12
8
5
-2
-5
-8
-8
-1
0
-1
-3
-5
-5
-3
2
5
9
6
6
3
-3
-6
-7
-4
1
-3
-4
-7
-3
4
6
12
15
13
3
-9
-15
-16
-6
5
12
11
3
0
-1
3
3
-4
-5
-5
-6
-7
-4
-3
-1
1
-1
2
3
-2
-5
-8
-9
-5
0
5
6
4
3
0
-2
-4
-7
-5
0
8
10
9
9
11
10
4
-1
-7
-10
-3
5
7
9
2
-5
-9
-12
-8
1
3
1
-2
-6
-9
-8
-1
1
0
5
9
9
4
-1
-7
-9
-3
5
10
12
4
-3
-5
-2
6
12
13
8
1
2
5
6
4
4
0
-2
-2
-1
6
4
4
3
-1
-7
-14
-14
-9
-3
1
2
0
-5
-12
-17
-15
-11
-5
-3
0
4
5
1
-3
-5
-4
-3
2
4
3
2
-2
1
3
3
2
-1
3
4
1
2
0
1
3
3
3
2
3
5
7
5
3
-1
-2
4
9
13
15
9
-3
-6
-2
4
12
8
2
-5
-8
-3
1
-1
-12
-22
-24
-18
-6
6
12
7
1
-4
-6
-6
-7
-10
-5
-1
6
8
6
0
-5
-2
1
1
3
5
3
-1
-3
-1
0
6
10
7
11
12
7
2
-2
3
9
8
4
-4
-8
-7
-4
2
-2
-4
-3
-4
-3
-6
-7
-5
-3
-3
-7
-10
-8
-5
-4
0
0
-4
-7
-5
-1
3
4
8
9
4
0
2
0
1
5
5
11
9
3
-1
-6
-6
0
2
1
1
0
2
3
3
6
4
-1
1
4
6
8
7
0
-6
-7
-8
-1
7
5
-3
-5
-3
-3
-2
1
0
-2
-4
-8
-5
2
11
13
8
1
-5
-11
-10
-4
4
5
0
-5
-8
-8
-2
4
5
0
-7
-8
-6
-7
-10
-12
-13
-9
-2
6
9
10
7
6
8
8
6
6
6
6
3
-1
-6
-10
-5
0
8
12
10
4
4
1
1
2
0
-4
-5
-6
-9
-4
-3
0
6
10
9
4
-4
-8
-4
3
9
13
6
1
-2
-2
-2
-3
-4
-5
-3
-1
1
0
-1
2
4
4
4
0
0
2
0
4
9
9
4
-1
-8
-9
-7
-5
6
10
5
-1
-5
-4
-2
-3
-7
-15
-19
-16
-12
-7
-8
-10
-10
-6
3
6
9
1
-3
-3
-8
-8
-5
-2
7
8
5
3
-1
-2
3
5
7
11
13
11
5
0
-1
6
15
16
13
8
4
4
8
13
9
4
-3
-8
-6
-5
-2
-1
-3
-3
-4
-1
2
2
0
-4
-6
-7
-13
-15
-9
-2
10
13
6
-2
-11
-17
-17
-11
-2
2
3
0
-4
-4
1
3
4
3
3
1
-2
-4
-6
-7
-6
1
12
19
14
-1
-11
-11
-2
7
8
9
8
2
-6
-10
-8
3
8
9
8
5
1
-3
-10
-16
-19
-16
-5
1
1
1
0
-4
-5
-2
6
15
18
11
3
-1
-3
-2
0
7
11
8
5
-2
-4
-1
5
7
4
-2
-3
4
8
11
8
-1
-6
-6
-3
2
5
2
-7
-15
-15
-15
-11
-4
-2
-1
3
-1
1
7
5
2
-2
-6
-6
-8
-2
5
6
7
4
-2
1
2
3
7
5
5
1
-6
-9
-8
-4
1
8
9
9
4
-1
-7
-5
-2
3
2
-6
-9
-5
4
7
5
0
-1
-1
0
3
4
4
2
1
0
-4
-6
-4
-1
0
3
3
-3
-8
-15
-15
-6
4
8
6
3
-2
-6
-4
2
6
7
7
4
0
-5
-6
-3
-2
4
8
8
6
3
2
3
2
2
0
-2
-6
-7
-1
5
9
11
8
2
-2
0
4
5
1
-1
0
2
0
-2
-2
-4
-7
-9
-6
-5
-4
-7
-6
-5
4
7
0
-4
-10
-9
-3
2
6
2
-2
-6
-9
-6
-2
3
5
2
0
-1
3
5
3
0
-1
-5
-6
-7
-6
1
5
3
5
7
9
14
14
8
7
3
-1
2
-1
0
2
0
-2
-5
-7
-1
0
4
6
3
2
0
-1
-3
-4
-5
-5
-5
0
4
7
1
-3
-1
3
6
4
-1
-3
-4
2
6
3
-2
-5
-7
-10
-11
-7
-4
0
2
5
1
-4
-8
-8
-1
5
14
15
9
4
-7
-10
-10
-8
-1
3
1
2
2
1
4
4
3
2
-4
-10
-14
-16
-13
-7
1
3
0
-2
-4
-2
3
6
12
13
6
1
-3
-2
6
14
15
12
2
-8
-9
-9
-7
-1
7
16
13
6
1
-3
0
7
8
6
9
8
9
3
-5
-6
-3
5
1
-6
-17
-23
-15
-5
5
7
1
-7
-16
-20
-16
-9
0
5
6
6
4
4
4
6
10
11
8
1
-5
-7
-3
-3
-6
-7
-4
0
5
9
8
1
-2
-2
-2
-3
-2
-2
-1
2
3
6
6
2
-1
-4
-2
-1
-1
-6
-9
-9
-7
-1
1
1
4
5
4
5
8
8
5
2
1
1
1
3
0
1
4
8
9
9
6
-1
-7
-10
-4
3
2
-2
-7
-4
5
10
8
0
-6
-9
-9
-6
-4
-2
-3
-5
-6
-3
1
6
4
4
3
0
4
1
1
3
4
5
-1
-7
-12
-11
-4
4
6
3
1
-2
-9
-13
-11
-7
-3
0
4
6
9
8
5
2
-4
-8
-6
-3
0
0
-3
2
5
4
8
11
11
8
3
1
3
5
5
2
-2
-3
-6
-6
-5
-2
4
9
11
5
-3
-6
-9
-5
-1
1
3
4
5
9
12
10
-1
-9
-10
-9
-6
-5
-7
-14
-23
-21
-15
-10
-5
0
7
12
13
11
5
-2
-4
0
6
7
10
7
0
-10
-13
-11
-3
2
2
4
5
2
2
3
7
10
11
10
6
4
1
1
-2
1
2
1
0
-4
-7
-4
-1
0
2
8
12
10
8
2
-5
-13
-12
-7
-5
1
6
8
11
11
4
1
0
-4
-5
-9
-6
-5
-9
-6
-5
-7
-2
-2
-6
-8
-5
1
2
-1
-8
-14
-14
-7
-1
3
2
9
12
6
3
-6
-2
6
11
9
-2
-3
0
4
12
16
9
-4
-6
-4
0
4
-2
-2
-4
-9
-9
-7
-4
0
10
16
15
13
6
-3
-13
-15
-12
-7
3
8
11
13
7
2
-1
0
1
4
4
2
-3
0
4
7
10
7
2
0
1
4
4
-1
-5
-10
-17
-16
-8
-1
4
6
-1
-4
-4
-2
1
1
-2
-8
-13
-10
-10
-12
-12
-6
-3
-3
2
8
12
8
3
-2
-2
-1
5
10
10
6
4
5
2
2
0
6
7
3
-1
-8
-7
-5
-1
0
-1
-2
-1
-4
-6
-3
-3
0
3
3
3
2
3
0
-3
-3
2
7
4
1
-2
-5
-4
-12
-11
-7
-2
7
16
21
17
7
-1
-6
-1
7
9
9
6
0
-6
-12
-11
-3
6
8
8
6
4
1
-1
0
0
0
-1
-1
-3
-1
2
5
10
5
-1
-8
-9
-6
-5
-4
-1
1
1
-4
-10
-11
-5
4
8
6
1
-8
-11
-7
-6
-6
-3
-8
-10
-6
-2
-4
-6
-8
-11
-7
2
8
8
7
3
-3
-3
4
16
19
11
3
-4
-8
-7
-2
1
2
1
-1
-3
0
5
11
13
12
11
7
5
1
-2
-3
-2
3
2
2
1
-6
-10
-9
-5
-3
0
2
5
-1
-8
-9
-9
-6
-2
8
13
14
11
4
-4
-6
0
5
9
11
9
6
1
-4
-6
-7
-4
-4
-2
6
5
2
-5
-8
-4
0
4
3
2
-2
-1
0
-3
-8
-10
-7
-6
-4
-7
-9
-9
-10
-5
-2
1
3
4
1
-4
-9
-7
-4
-2
-2
-1
-1
-3
-2
-1
5
11
9
3
-2
0
2
5
8
9
11
9
5
-1
-6
-3
2
10
13
4
-6
-13
-12
-2
10
18
20
17
8
2
1
-1
-4
-5
-7
-4
0
2
3
1
0
-1
-5
-10
-8
-7
-7
-8
-6
-2
-1
-2
-5
-11
-11
-7
1
3
3
-3
-8
-8
-8
-6
-2
1
4
4
2
1
2
6
5
3
0
2
7
15
20
15
5
-7
-10
-7
0
7
11
10
5
0
-4
-3
1
3
1
0
-5
-7
-6
-6
-3
-2
4
3
2
-1
-4
-7
-9
-5
3
11
9
3
-5
-6
-2
1
3
0
-6
-4
-1
2
6
3
-6
-9
-9
-7
2
6
5
0
-4
-2
4
9
10
11
4
-2
-7
-9
-4
2
8
9
4
-5
-14
-16
-8
0
5
11
7
-1
-7
-10
-7
2
8
6
1
-7
-13
-10
1
8
11
12
7
-2
-11
-15
-10
0
9
14
14
6
-4
-6
-2
5
17
17
10
5
-1
-2
-6
-8
-13
-17
-13
-16
-15
-11
-11
-12
-14
-12
-1
8
17
22
23
23
19
11
4
-6
-25
-40
-47
-45
-42
-39
-22
-12
-9
-13
-26
-37
-56
-76
-89
-102
-90
-70
-48
-10
24
60
99
137
162
184
193
183
182
183
202
243
284
328
358
365
371
322
214
49
-174
-450
-779
-1065
-1328
-1522
-1646
-1752
-1645
-1405
-1072
-649
-198
280
715
1066
1313
1431
1427
1317
1127
900
677
518
451
473
585
793
1066
1359
1614
1801
1894
1858
1678
1346
904
405
-136
-673
-1175
-1611
-1929
-2132
-2212
-2189
-2071
-1857
-1593
-1319
-1064
-817
-621
-498
-479
-538
-629
-752
-893
-1041
-1156
-1193
-1125
-978
-761
-548
-317
-69
188
376
467
531
724
1039
1315
1578
1972
2566
3223
3700
4010
4380
4713
4853
4536
3849
3046
2069
794
-701
-2247
-3534
-4463
-5104
-5365
-5267
-4811
-4026
-3115
-2363
-1741
-1353
-1060
-879
-979
-1172
-1225
-1077
-671
-180
431
1326
2271
3179
3892
4343
4577
4555
4131
3438
2485
1317
99
-1152
-2345
-3401
-4344
-5008
-5267
-5307
-5037
-4506
-3718
-2586
-1454
-430
604
1510
2203
2484
2380
2214
1919
1402
836
502
524
879
1284
1948
3086
4298
5497
6307
6926
7312
7138
6473
5131
3383
1374
-894
-3066
-5227
-6974
-8119
-8605
-8353
-7685
-6581
-5141
-3365
-1888
-669
237
748
1141
1006
548
136
-368
-581
-772
-906
-633
-250
292
929
1506
1898
2344
2437
2239
1841
999
137
-831
-1951
-2857
-3746
-4329
-4466
-4556
-4304
-3676
-2872
-1785
-533
693
2222
3691
4929
6036
6848
7497
7901
7771
7526
7208
6510
5738
4592
3251
1964
461
-1072
-2448
-3727
-4552
-5099
-5344
-5166
-4805
-4342
-3726
-3236
-2956
-2734
-2859
-2939
-3028
-3163
-3025
-2697
-2042
-1046
20
1281
2513
3572
4445
4994
5133
4847
4176
3119
1911
448
-1205
-2752
-4152
-5219
-6030
-6595
-6622
-6222
-5453
-4409
-3269
-1979
-642
553
1524
2357
2999
3480
3923
4173
4349
4460
4625
4932
5241
5523
5962
6428
6789
6860
6381
5539
4347
2663
650
-1498
-3561
-5226
-6642
-7623
-8094
-8148
-7775
-7099
-6296
-5315
-4241
-3232
-2179
-1233
-375
452
1140
1797
2386
2779
3203
3465
3574
3529
3204
2698
2094
1252
292
-645
-1547
-2229
-2870
-3509
-3896
-4164
-4293
-4231
-4203
-3962
-3492
-2926
-2185
-1333
-409
750
1995
3216
4423
5475
6468
7445
8083
8469
8675
8665
8458
7852
6772
5425
3812
1897
-184
-2371
-4383
-5994
-7218
-7991
-8169
-7908
-7224
-6227
-5198
-4185
-3269
-2608
-2038
-1622
-1409
-1159
-893
-497
99
673
1337
2171
2922
3597
4072
4184
4112
3716
2883
1833
499
-969
-2394
-3848
-5059
-5978
-6644
-6841
-6643
-6148
-5296
-4202
-2859
-1294
217
1695
3168
4589
5824
6731
7326
7851
8203
8248
8051
7744
7441
7030
6310
5258
4068
2709
1137
-610
-2390
-4019
-5338
-6356
-6968
-7239
-7212
-6825
-6200
-5555
-4904
-4330
-3782
-3157
-2658
-2171
-1525
-708
236
1199
2115
3126
4001
4626
4963
4916
4530
3848
2780
1440
-7
-1489
-2809
-4010
-5028
-5753
-6116
-6087
-5719
-5244
-4564
-3631
-2524
-1336
-213
886
2106
3418
4558
5461
6202
6950
7625
8023
8126
8171
8131
7937
7360
6315
5068
3595
1788
-221
-2351
-4289
-5804
-7053
-7868
-8245
-8202
-7704
-6960
-6227
-5347
-4454
-3571
-2661
-1933
-1293
-588
53
692
1325
1811
2439
2995
3356
3648
3696
3516
3229
2574
1815
964
-135
-1135
-2129
-3041
-3686
-4338
-4859
-5050
-5150
-4953
-4543
-4011
-3043
-1828
-411
1272
2877
4479
6131
7464
8545
9271
9571
9705
9441
8676
7557
6104
4420
2570
422
-1660
-3476
-4980
-6080
-6766
-6985
-6702
-6100
-5437
-4736
-4120
-3589
-3221
-3051
-3037
-2961
-2834
-2565
-2185
-1722
-998
-47
983
1972
2856
3599
4262
4566
4427
3926
3170
2225
1073
-320
-1726
-2915
-3920
-4744
-5421
-5828
-5792
-5325
-4647
-3737
-2574
-1020
853
2615
4174
5659
7139
8437
9202
9408
9451
9319
8919
7951
6479
4963
3448
1658
-316
-2341
-3982
-5080
-5949
-6553
-6783
-6564
-5965
-5291
-4889
-4483
-4192
-3975
-3879
-3989
-4046
-3783
-3276
-2583
-1756
-787
461
1759
2912
3835
4482
4893
5089
4761
4059
3083
1876
659
-702
-2099
-3297
-4296
-4957
-5300
-5541
-5439
-4956
-4174
-3108
-2020
-894
616
2282
3774
5047
6096
7261
8283
8682
8742
8724
8630
8441
7677
6609
5566
4324
2748
914
-1108
-2850
-4364
-5690
-6600
-7185
-7392
-7155
-6780
-6491
-6145
-5926
-5515
-5115
-4852
-4524
-3895
-3042
-2029
-1072
-58
1207
2318
3223
3932
4341
4556
4569
4000
3276
2263
1025
-114
-1366
-2551
-3501
-4317
-4709
-4811
-4938
-4690
-4109
-3351
-2327
-1393
-290
1372
2940
4342
5630
6855
8200
9147
9425
9659
9660
9476
8922
7699
6315
4934
3211
1265
-769
-2735
-4256
-5587
-6574
-7156
-7384
-7187
-6637
-6266
-5830
-5450
-5184
-4809
-4622
-4462
-4143
-3594
-2853
-2074
-1270
-215
934
1974
2799
3430
3842
4183
4054
3453
2734
1726
681
-573
-1858
-2923
-3837
-4484
-4818
-5029
-4996
-4655
-4038
-3146
-2010
-892
532
2360
4082
5681
6931
8165
9350
9968
10109
10003
9607
9175
8290
6882
5412
3871
2099
237
-1730
-3502
-4827
-5981
-6685
-7052
-7165
-6818
-6277
-5918
-5413
-5093
-4797
-4415
-4252
-4047
-3699
-3226
-2463
-1698
-972
16
1025
1921
2668
3126
3401
3618
3398
2871
2069
1071
82
-1101
-2363
-3406
-4317
-4940
-5251
-5350
-5180
-4698
-3971
-2935
-1742
-512
902
2533
4296
5902
7217
8412
9544
10302
10527
10323
9934
9451
8706
7475
5994
4475
2893
1117
-855
-2816
-4488
-5791
-6733
-7401
-7745
-7598
-7021
-6376
-5836
-5412
-5023
-4549
-4258
-4191
-4122
-3760
-3064
-2277
-1545
-569
622
1816
2817
3435
3775
3968
3797
3190
2251
1098
35
-1028
-2167
-3169
-4025
-4561
-4742
-4865
-4780
-4381
-3760
-2848
-1858
-832
408
1779
3296
4819
6091
7217
8294
9120
9706
9786
9585
9358
8959
8238
7132
5792
4384
2794
898
-1140
-3110
-4768
-6043
-6957
-7569
-7724
-7493
-6882
-6329
-5953
-5564
-5116
-4598
-4323
-4190
-3847
-3248
-2591
-1971
-1302
-320
740
1707
2498
3108
3453
3553
3343
2783
1965
849
-193
-1235
-2365
-3409
-4244
-4693
-4812
-4888
-4644
-4054
-3239
-2261
-1285
-101
1266
2626
3937
5253
6504
7556
8359
8946
9446
9641
9464
9161
8732
8234
7325
5953
4539
3004
1295
-709
-2831
-4438
-5718
-6752
-7626
-8157
-8063
-7660
-7294
-6956
-6489
-5846
-5187
-4735
-4319
-3804
-3120
-2318
-1460
-733
153
1030
1940
2694
3004
3124
3092
2894
2401
1489
459
-331
-1201
-2182
-3143
-3856
-4194
-4303
-4439
-4250
-3744
-3025
-2077
-1207
-165
1073
2282
3652
5050
6250
7459
8496
9297
9847
9941
9776
9474
8868
8050
6882
5436
3946
2195
256
-1721
-3616
-5150
-6325
-7167
-7592
-7602
-7213
-6656
-6139
-5620
-5141
-4740
-4411
-4180
-3985
-3702
-3275
-2721
-2118
-1487
-704
257
1237
2076
2651
3054
3370
3308
2792
1903
902
-125
-1251
-2429
-3499
-4257
-4734
-4953
-4947
-4732
-4161
-3324
-2322
-1133
112
1515
3105
4731
6223
7521
8619
9576
10270
10500
10422
10084
9542
8865
7738
6261
4690
2988
1195
-742
-2733
-4387
-5678
-6654
-7316
-7712
-7644
-7184
-6734
-6315
-5905
-5619
-5243
-4961
-4764
-4553
-4142
-3404
-2457
-1525
-521
665
1812
2818
3432
3643
3730
3609
3028
2128
982
-86
-1119
-2250
-3293
-4141
-4655
-4750
-4726
-4595
-4118
-3450
-2556
-1586
-648
512
1789
3154
4580
5779
6910
7977
8788
9430
9642
9549
9456
9184
8709
7882
6727
5533
4102
2287
275
-1815
-3606
-5121
-6473
-7448
-7951
-8040
-7769
-7447
-7046
-6460
-5906
-5330
-4897
-4569
-4153
-3644
-3107
-2458
-1731
-810
298
1333
2137
2761
3116
3299
3201
2619
1926
1092
231
-676
-1753
-2734
-3414
-3923
-4207
-4365
-4272
-3778
-3133
-2396
-1518
-521
652
1988
3362
4785
6096
7296
8390
9275
9783
9919
9853
9636
9198
8352
7083
5689
4151
2366
411
-1597
-3328
-4711
-5880
-6733
-7241
-7389
-7122
-6695
-6259
-5774
-5320
-4881
-4538
-4458
-4407
-4153
-3723
-3102
-2424
-1603
-416
795
1778
2509
2946
3248
3319
2877
2197
1340
340
-652
-1798
-2929
-3778
-4401
-4653
-4619
-4522
-4128
-3474
-2639
-1633
-671
348
1744
3266
4758
6113
7250
8389
9350
9837
9998
9900
9599
9216
8439
7348
6097
4579
2904
1079
-914
-2758
-4367
-5667
-6500
-7105
-7406
-7319
-7035
-6632
-6278
-6015
-5629
-5224
-4909
-4616
-4275
-3732
-3005
-2249
-1370
-339
725
1742
2536
3087
3395
3373
3063
2496
1668
718
-260
-1236
-2134
-2961
-3610
-3957
-4104
-4072
-3857
-3415
-2686
-1818
-901
78
1191
2446
3732
4943
6050
7124
8127
8919
9395
9575
9573
9343
8837
7965
6790
5478
3926
2190
293
-1666
-3421
-4984
-6224
-7122
-7677
-7801
-7563
-7104
-6623
-6159
-5732
-5284
-4912
-4697
-4429
-4039
-3408
-2647
-1880
-922
144
1201
2096
2700
3110
3307
3145
2615
1856
952
27
-926
-1900
-2670
-3310
-3788
-3994
-4058
-3889
-3562
-3096
-2347
-1424
-436
688
1974
3406
4889
6151
7311
8442
9347
9938
10182
10123
9933
9431
8501
7286
5802
4103
2255
270
-1717
-3501
-5097
-6298
-7093
-7569
-7700
-7502
-7113
-6598
-6159
-5824
-5394
-5010
-4680
-4353
-3969
-3379
-2619
-1922
-1114
-188
771
1678
2357
2813
3161
3228
2945
2405
1590
718
-246
-1267
-2232
-3046
-3709
-4085
-4280
-4282
-4011
-3525
-2741
-1787
-761
390
1767
3194
4614
5841
6971
8085
9001
9551
9791
9781
9587
9194
8355
7250
5905
4383
2677
796
-1210
-3050
-4650
-5960
-6862
-7451
-7585
-7355
-6911
-6419
-5945
-5585
-5240
-5018
-4894
-4708
-4376
-3827
-3147
-2378
-1482
-399
675
1644
2392
2975
3370
3484
3209
2605
1801
880
-124
-1200
-2206
-3052
-3662
-4067
-4265
-4267
-4000
-3497
-2770
-1906
-911
217
1502
2891
4296
5660
6919
8070
9014
9695
10024
10069
9785
9261
8456
7374
6070
4568
2923
1174
-625
-2404
-3989
-5360
-6391
-7080
-7397
-7373
-7080
-6706
-6312
-5968
-5706
-5498
-5362
-5182
-4814
-4228
-3483
-2576
-1578
-440
681
1632
2392
2976
3326
3460
3235
2690
1985
1076
63
-1043
-2182
-3153
-3882
-4421
-4649
-4659
-4378
-3768
-2976
-2038
-994
127
1443
2897
4313
5705
7002
8247
9337
10043
10332
10344
10091
9608
8767
7596
6266
4800
3158
1315
-672
-2582
-4234
-5624
-6668
-7354
-7583
-7413
-6993
-6535
-6132
-5796
-5477
-5243
-5119
-5006
-4755
-4226
-3520
-2695
-1769
-701
446
1518
2333
2932
3322
3491
3337
2785
1958
1000
-17
-1115
-2239
-3277
-4040
-4529
-4766
-4818
-4621
-4117
-3309
-2320
-1241
-40
1353
2931
4512
5971
7249
8468
9525
10276
10564
10500
10242
9820
9054
7893
6452
4891
3225
1348
-669
-2617
-4245
-5537
-6486
-7161
-7431
-7305
-6859
-6370
-5966
-5661
-5354
-5081
-4960
-4936
-4823
-4404
-3763
-3024
-2243
-1262
-123
1036
1979
2722
3296
3662
3640
3147
2306
1258
124
-1114
-2368
-3513
-4371
-4908
-5167
-5232
-5070
-4594
-3792
-2766
-1625
-330
1238
3060
4843
6451
7864
9188
10329
11008
11155
10992
10632
10050
9083
7704
6164
4540
2757
797
-1252
-3145
-4673
-5875
-6723
-7200
-7275
-6956
-6423
-5957
-5592
-5312
-5071
-4875
-4861
-4895
-4736
-4340
-3742
-3055
-2247
-1174
63
1231
2223
3007
3571
3900
3745
3148
2246
1094
-123
-1412
-2734
-3858
-4702
-5226
-5424
-5414
-5159
-4572
-3696
-2640
-1400
-74
1493
3248
4932
6503
7830
8986
9934
10499
10626
10483
10136
9637
8877
7755
6415
4981
3310
1512
-449
-2340
-3891
-5188
-6139
-6820
-7125
-7082
-6766
-6465
-6181
-5918
-5637
-5340
-5174
-5095
-4873
-4470
-3849
-3143
-2371
-1353
-192
1010
1986
2726
3205
3479
3393
2875
2033
990
-83
-1202
-2391
-3475
-4355
-4891
-5126
-5171
-4955
-4463
-3591
-2512
-1313
-19
1489
3176
4848
6368
7671
8897
9957
10658
10943
10881
10596
10124
9272
8080
6626
5073
3384
1518
-467
-2415
-4063
-5404
-6384
-7052
-7314
-7194
-6782
-6336
-5967
-5672
-5406
-5167
-5041
-5012
-4884
-4508
-3912
-3177
-2386
-1415
-278
880
1832
2585
3096
3411
3390
2945
2164
1135
-8
-1195
-2390
-3510
-4419
-5066
-5336
-5358
-5139
-4685
-3880
-2798
-1563
-329
1020
2613
4308
5930
7291
8520
9664
10575
10997
11031
10746
10311
9613
8538
7142
5565
3852
2018
51
-1992
-3813
-5293
-6306
-6961
-7274
-7269
-6842
-6283
-5759
-5452
-5281
-5100
-4978
-4983
-4990
-4782
-4284
-3511
-2678
-1686
-538
681
1739
2582
3108
3437
3443
3084
2388
1450
354
-815
-2039
-3216
-4209
-4967
-5361
-5478
-5324
-4923
-4158
-3132
-1868
-565
921
2630
4443
6126
7558
8803
9921
10770
11122
11114
10812
10347
9540
8380
6900
5313
3524
1598
-418
-2364
-4041
-5436
-6429
-7047
-7259
-7155
-6752
-6236
-5709
-5317
-5039
-4863
-4794
-4829
-4825
-4658
-4268
-3661
-2884
-1843
-662
570
1647
2551
3274
3725
3796
3393
2634
1639
492
-806
-2173
-3423
-4408
-5097
-5500
-5658
-5514
-5064
-4264
-3193
-1969
-601
929
2694
4477
6099
7445
8668
9769
10583
10927
10874
10605
10225
9549
8448
7002
5431
3782
1940
-78
-2140
-3851
-5199
-6116
-6747
-7000
-6861
-6383
-5850
-5439
-5196
-5062
-4968
-4956
-5047
-5120
-4935
-4440
-3678
-2881
-1869
-688
601
1689
2545
3168
3586
3671
3291
2537
1527
342
-1017
-2391
-3668
-4673
-5425
-5770
-5821
-5520
-4962
-4087
-3002
-1771
-436
997
2649
4385
6048
7508
8881
10033
10863
11180
11174
10855
10315
9424
8220
6789
5247
3569
1697
-221
-2069
-3696
-5103
-6114
-6786
-7008
-6909
-6486
-5998
-5536
-5230
-5049
-4986
-5004
-5073
-5100
-4868
-4374
-3652
-2817
-1752
-585
626
1664
2533
3150
3521
3560
3191
2467
1492
369
-886
-2180
-3400
-4421
-5154
-5540
-5670
-5499
-5015
-4181
-3110
-1885
-542
941
2627
4369
6012
7463
8797
9919
10698
11012
10958
10638
10140
9371
8277
6929
5434
3822
1996
38
-1942
-3639
-5040
-6062
-6791
-7093
-6979
-6525
-6019
-5609
-5319
-5112
-4973
-4990
-5083
-5136
-4880
-4377
-3659
-2858
-1806
-574
731
1831
2672
3283
3689
3760
3340
2519
1444
270
-1044
-2405
-3711
-4731
-5399
-5708
-5788
-5605
-5137
-4314
-3228
-2001
-649
876
2667
4521
6261
7725
9065
10206
10992
11253
11106
10730
10186
9354
8166
6730
5191
3562
1702
-276
-2235
-3865
-5212
-6184
-6830
-7063
-6920
-6507
-6011
-5605
-5312
-5141
-5028
-4995
-4998
-4989
-4712
-4131
-3296
-2407
-1378
-219
1018
2068
2837
3352
3649
3682
3243
2447
1366
178
-1118
-2434
-3663
-4706
-5454
-5825
-5883
-5684
-5241
-4462
-3335
-2010
-605
874
2579
4387
6095
7485
8671
9696
10449
10797
10690
10385
9936
9326
8397
7162
5741
4227
2539
707
-1248
-3043
-4541
-5659
-6434
-6915
-7013
-6767
-6293
-5901
-5644
-5504
-5321
-5185
-5153
-5166
-4950
-4439
-3704
-2911
-1972
-818
485
1726
2664
3339
3741
3837
3429
2564
1372
71
-1245
-2518
-3720
-4688
-5311
-5541
-5519
-5295
-4875
-4169
-3121
-1886
-568
794
2420
4189
5879
7229
8415
9500
10453
10971
11041
10793
10432
9821
8761
7309
5682
4024
2179
226
-1757
-3447
-4867
-5896
-6669
-7031
-7024
-6667
-6221
-5814
-5487
-5264
-5102
-5035
-5019
-5033
-4797
-4308
-3569
-2780
-1797
-678
531
1602
2448
3076
3491
3640
3355
2701
1761
654
-638
-2010
-3326
-4439
-5264
-5741
-5862
-5663
-5169
-4386
-3334
-2105
-741
733
2407
4174
5882
7400
8733
9879
10669
11038
11006
10737
10224
9439
8340
7013
5498
3825
1963
32
-1865
-3534
-4930
-5968
-6628
-6915
-6845
-6530
-6090
-5722
-5417
-5224
-5088
-5077
-5156
-5180
-4971
-4501
-3841
-3026
-1958
-667
673
1852
2770
3473
3867
3899
3451
2632
1564
360
-928
-2267
-3498
-4514
-5223
-5602
-5688
-5503
-5040
-4239
-3146
-1903
-550
907
2579
4356
6050
7460
8679
9762
10602
10980
10924
10600
10119
9380
8289
6891
5339
3712
1895
-33
-1972
-3650
-5062
-6059
-6690
-6928
-6845
-6465
-5963
-5511
-5195
-5030
-4944
-4938
-4988
-5031
-4842
-4364
-3623
-2784
-1748
-558
687
1747
2549
3090
3427
3475
3096
2328
1307
187
-1069
-2374
-3596
-4568
-5276
-5599
-5642
-5409
-4906
-4082
-3008
-1748
-373
1132
2852
4688
6419
7840
9109
10184
10934
11138
10970
10513
9933
9085
7932
6507
4980
3315
1436
-538
-2422
-4060
-5396
-6280
-6797
-6940
-6820
-6420
-5966
-5506
-5218
-5035
-4937
-4840
-4834
-4859
-4706
-4235
-3486
-2590
-1520
-319
995
2145
3029
3514
3752
3660
3193
2318
1194
-65
-1362
-2663
-3862
-4810
-5430
-5659
-5577
-5200
-4592
-3717
-2639
-1392
-84
1362
2990
4703
6323
7771
9057
10146
10885
11127
10965
10527
9899
8940
7618
6050
4382
2563
576
-1475
-3343
-4831
-5903
-6593
-6918
-6833
-6413
-5833
-5361
-5046
-4850
-4702
-4642
-4690
-4774
-4686
-4319
-3707
-2973
-2126
-1090
120
1291
2219
2873
3320
3528
3367
2786
1893
825
-357
-1622
-2900
-4032
-4904
-5417
-5617
-5510
-5170
-4523
-3598
-2455
-1197
194
1814
3604
5389
6941
8317
9481
10426
10894
10949
10659
10199
9478
8400
6987
5404
3771
1978
94
-1829
-3479
-4843
-5811
-6497
-6776
-6731
-6366
-5880
-5394
-5018
-4787
-4616
-4546
-4510
-4555
-4431
-4111
-3485
-2747
-1833
-773
454
1601
2514
3135
3515
3638
3328
2595
1520
333
-942
-2228
-3531
-4618
-5402
-5775
-5864
-5677
-5229
-4438
-3343
-2077
-748
649
2229
3906
5520
6898
8113
9209
10114
10634
10741
10553
10224
9625
8674
7315
5780
4097
2273
304
-1667
-3378
-4776
-5757
-6420
-6693
-6661
-6346
-5892
-5439
-5109
-4918
-4803
-4701
-4661
-4616
-4468
-4061
-3391
-2595
-1691
-716
409
1494
2416
3046
3381
3446
3105
2366
1244
-36
-1312
-2519
-3589
-4514
-5122
-5406
-5395
-5198
-4830
-4190
-3230
-2055
-734
661
2261
3948
5585
6991
8169
9195
9994
10486
10543
10342
9922
9333
8389
7078
5517
3841
2071
196
-1736
-3436
-4802
-5731
-6371
-6702
-6686
-6352
-5834
-5392
-5045
-4808
-4595
-4474
-4458
-4471
-4348
-3980
-3356
-2618
-1695
-677
511
1604
2511
3116
3430
3476
3132
2447
1418
257
-974
-2217
-3404
-4435
-5167
-5546
-5618
-5407
-4949
-4155
-3121
-1896
-591
739
2245
3753
5290
6617
7799
8846
9669
10234
10363
10256
9895
9329
8466
7224
5767
4144
2369
541
-1415
-3102
-4555
-5583
-6300
-6720
-6735
-6509
-6018
-5612
-5224
-4948
-4735
-4593
-4563
-4551
-4398
-4098
-3530
-2849
-1937
-886
283
1438
2372
3085
3426
3504
3162
2470
1478
332
-838
-2001
-3107
-4099
-4858
-5303
-5442
-5300
-4920
-4226
-3235
-2040
-764
532
1943
3430
4939
6288
7466
8519
9395
10033
10267
10184
9860
9328
8560
7441
6106
4588
2976
1246
-607
-2361
-3939
-5151
-6038
-6600
-6783
-6675
-6276
-5863
-5462
-5144
-4899
-4662
-4567
-4460
-4317
-3992
-3447
-2810
-2001
-1095
-59
1015
1917
2664
3089
3299
3164
2640
1826
709
-410
-1620
-2738
-3785
-4624
-5124
-5316
-5204
-4877
-4317
-3445
-2381
-1165
85
1385
2844
4293
5721
6906
8006
8920
9665
10060
10115
9911
9486
8857
7927
6700
5274
3683
1976
156
-1709
-3407
-4870
-5905
-6655
-6965
-6999
-6653
-6177
-5665
-5237
-4937
-4696
-4576
-4511
-4437
-4254
-3859
-3267
-2537
-1588
-570
613
1647
2581
3191
3536
3515
3103
2363
1295
111
-1118
-2285
-3323
-4199
-4792
-5035
-5013
-4738
-4314
-3614
-2640
-1502
-304
921
2258
3729
5124
6329
7342
8282
9071
9660
9859
9828
9598
9146
8404
7325
5946
4454
2770
1003
-820
-2606
-4091
-5346
-6215
-6800
-7009
-6936
-6590
-6183
-5736
-5374
-5051
-4815
-4639
-4527
-4306
-3933
-3391
-2700
-1902
-891
178
1266
2149
2850
3289
3438
3197
2594
1665
605
-579
-1754
-2876
-3836
-4547
-4968
-5093
-4962
-4580
-3987
-3105
-2061
-908
302
1574
3002
4459
5760
6925
7946
8881
9597
9913
9927
9722
9336
8709
7766
6551
5181
3672
1990
219
-1653
-3314
-4747
-5805
-6538
-6939
-6977
-6641
-6165
-5717
-5371
-5114
-4840
-4700
-4620
-4531
-4211
-3708
-2981
-2225
-1247
-201
876
1820
2529
3010
3199
3090
2633
1896
896
-200
-1339
-2402
-3382
-4190
-4731
-4921
-4856
-4551
-4058
-3321
-2362
-1308
-173
1013
2298
3631
4892
6057
7085
8002
8736
9264
9513
9527
9320
8890
8227
7287
6083
4683
3115
1426
-353
-2126
-3683
-5000
-5928
-6613
-6917
-6921
-6641
-6250
-5855
-5497
-5185
-4918
-4738
-4589
-4398
-4024
-3484
-2714
-1843
-803
252
1352
2269
2962
3331
3377
3143
2553
1696
597
-548
-1693
-2748
-3680
-4364
-4744
-4818
-4635
-4231
-3593
-2760
-1766
-717
402
1557
2760
3959
5079
6109
7020
7835
8453
8887
9071
9099
8924
8593
7985
7142
6002
4654
3069
1332
-487
-2274
-3871
-5230
-6221
-6895
-7164
-7151
-6844
-6453
-5976
-5585
-5206
-4937
-4674
-4453
-4150
-3741
-3160
-2403
-1516
-506
511
1520
2330
2927
3166
3132
2762
2146
1234
182
-953
-2009
-2951
-3709
-4252
-4523
-4503
-4235
-3769
-3147
-2361
-1447
-440
598
1677
2783
3943
5060
6101
7013
7828
8475
8942
9128
9122
8887
8488
7809
6881
5691
4347
2808
1147
-607
-2318
-3837
-5124
-6099
-6782
-7095
-7112
-6832
-6487
-6045
-5663
-5251
-4923
-4598
-4347
-4002
-3581
-2980
-2253
-1409
-477
464
1398
2157
2713
2936
2900
2552
1990
1136
151
-934
-1948
-2863
-3616
-4198
-4495
-4508
-4205
-3690
-3011
-2156
-1172
-96
981
2022
3105
4227
5319
6347
7229
8023
8701
9153
9297
9164
8767
8263
7494
6503
5227
3801
2222
562
-1230
-2946
-4481
-5664
-6450
-6918
-7026
-6863
-6460
-6036
-5636
-5421
-5196
-5063
-4866
-4671
-4326
-3791
-3007
-2075
-1055
-17
993
1943
2655
3101
3178
2998
2493
1754
730
-378
-1496
-2442
-3241
-3819
-4180
-4278
-4132
-3822
-3348
-2755
-1949
-1006
59
1155
2302
3472
4656
5741
6690
7503
8175
8716
9041
9168
9070
8772
8219
7399
6296
4955
3432
1758
24
-1730
-3302
-4683
-5730
-6517
-6954
-7133
-7022
-6772
-6413
-6024
-5650
-5270
-4966
-4625
-4282
-3767
-3164
-2375
-1561
-631
244
1120
1822
2347
2637
2681
2501
2029
1368
477
-459
-1479
-2407
-3250
-3830
-4151
-4154
-3930
-3499
-2904
-2177
-1334
-490
420
1346
2368
3435
4539
5600
6595
7492
8232
8787
9084
9174
9026
8728
8206
7431
6338
4984
3396
1655
-206
-2098
-3823
-5266
-6290
-6967
-7270
-7306
-7049
-6659
-6211
-5831
-5505
-5207
-4907
-4601
-4262
-3818
-3207
-2420
-1523
-563
389
1316
2107
2686
2980
2988
2712
2161
1350
357
-699
-1707
-2621
-3389
-3956
-4246
-4258
-4042
-3665
-3117
-2381
-1473
-501
517
1562
2707
3889
5019
6020
6907
7743
8446
8976
9202
9224
9032
8675
8006
7051
5802
4404
2841
1147
-646
-2399
-3936
-5225
-6180
-6873
-7176
-7197
-6920
-6561
-6146
-5788
-5418
-5085
-4754
-4439
-4055
-3538
-2875
-2075
-1233
-336
516
1363
2043
2558
2769
2727
2374
1768
914
-75
-1085
-2020
-2798
-3423
-3811
-3974
-3864
-3585
-3131
-2576
-1864
-1050
-161
765
1724
2770
3864
4961
5952
6857
7651
8332
8810
9043
9037
8836
8449
7782
6819
5561
4109
2482
730
-1116
-2874
-4395
-5570
-6435
-7011
-7283
-7218
-6893
-6463
-6044
-5672
-5286
-4893
-4530
-4214
-3858
-3354
-2657
-1859
-1033
-202
670
1521
2220
2644
2793
2719
2442
1899
1099
119
-861
-1767
-2576
-3282
-3789
-4002
-3916
-3612
-3192
-2609
-1847
-934
10
941
1893
2940
4023
5068
5987
6822
7579
8232
8664
8857
8831
8612
8178
7453
6453
5206
3801
2205
507
-1274
-2916
-4389
-5562
-6463
-7006
-7211
-7120
-6818
-6434
-5990
-5594
-5195
-4887
-4568
-4261
-3835
-3315
-2646
-1877
-994
-78
829
1631
2262
2672
2795
2659
2226
1591
751
-151
-1087
-1917
-2637
-3179
-3544
-3677
-3595
-3319
-2899
-2349
-1653
-847
52
978
1960
2994
4085
5133
6105
6992
7775
8430
8865
9074
9052
8809
8309
7499
6374
4982
3411
1700
-78
-1867
-3500
-4906
-5965
-6708
-7117
-7234
-7082
-6742
-6301
-5859
-5460
-5090
-4779
-4466
-4138
-3721
-3197
-2524
-1731
-826
113
1046
1878
2510
2890
2967
2751
2258
1518
619
-364
-1325
-2213
-2923
-3480
-3769
-3843
-3676
-3358
-2892
-2282
-1547
-712
164
1114
2109
3240
4319
5392
6318
7200
7935
8544
8884
9048
8996
8776
8285
7450
6322
4941
3399
1675
-158
-2029
-3681
-5098
-6160
-6940
-7359
-7436
-7193
-6817
-6385
-6000
-5613
-5232
-4887
-4570
-4242
-3793
-3162
-2378
-1513
-575
357
1299
2076
2629
2883
2873
2612
2135
1411
526
-438
-1370
-2209
-2942
-3495
-3831
-3895
-3715
-3347
-2822
-2140
-1310
-389
579
1563
2615
3695
4759
5736
6610
7416
8123
8672
8977
9081
8942
8614
7961
7028
5761
4318
2673
957
-867
-2594
-4152
-5403
-6331
-6958
-7246
-7255
-6984
-6632
-6192
-5841
-5436
-5104
-4741
-4475
-4128
-3692
-3037
-2236
-1299
-320
685
1648
2408
2908
3040
2903
2472
1829
946
-18
-1000
-1854
-2598
-3192
-3615
-3796
-3756
-3541
-3221
-2743
-2085
-1269
-343
638
1686
2859
4070
5227
6264
7183
7987
8646
9052
9192
9110
8857
8402
7658
6639
5369
3935
2318
554
-1322
-3036
-4541
-5677
-6533
-7017
-7185
-7020
-6716
-6379
-6083
-5809
-5513
-5275
-5001
-4746
-4278
-3685
-2891
-2067
-1098
-126
917
1824
2506
2899
3040
2933
2520
1810
829
-221
-1276
-2213
-3066
-3688
-4015
-4000
-3751
-3355
-2857
-2194
-1394
-538
323
1226
2217
3334
4440
5502
6468
7409
8236
8883
9214
9314
9193
8905
8313
7402
6181
4788
3226
1513
-361
-2229
-3885
-5249
-6268
-7030
-7387
-7445
-7140
-6778
-6340
-6030
-5674
-5416
-5140
-4914
-4574
-4053
-3324
-2418
-1465
-440
515
1473
2185
2722
2910
2924
2679
2223
1478
559
-430
-1375
-2217
-2952
-3460
-3723
-3668
-3441
-3077
-2629
-2009
-1269
-463
372
1268
2360
3546
4781
5881
6916
7824
8622
9125
9328
9256
8999
8567
7841
6837
5530
4093
2421
676
-1248
-3000
-4601
-5798
-6738
-7293
-7532
-7415
-7059
-6627
-6186
-5844
-5455
-5144
-4783
-4518
-4098
-3622
-2887
-2086
-1125
-186
808
1699
2422
2882
3043
2942
2545
1931
1074
180
-778
-1622
-2440
-3068
-3537
-3721
-3712
-3472
-3069
-2455
-1687
-825
82
1034
2059
3150
4242
5291
6285
7211
8016
8642
9019
9178
9126
8858
8323
7472
6350
4959
3389
1606
-246
-2120
-3749
-5136
-6138
-6865
-7212
-7273
-7068
-6785
-6482
-6197
-5903
-5578
-5293
-4990
-4657
-4129
-3461
-2630
-1763
-780
233
1277
2104
2707
2984
3045
2811
2284
1473
529
-403
-1265
-2044
-2749
-3252
-3508
-3477
-3320
-3026
-2628
-2006
-1244
-398
459
1385
2466
3638
4789
5804
6730
7605
8394
8963
9226
9240
9078
8706
8016
6972
5628
4146
2502
767
-1111
-2864
-4398
-5590
-6494
-7115
-7382
-7329
-7023
-6656
-6281
-5944
-5593
-5280
-4984
-4733
-4360
-3871
-3156
-2331
-1368
-357
693
1671
2461
3000
3216
3143
2771
2134
1269
269
-775
-1741
-2583
-3231
-3678
-3864
-3806
-3533
-3079
-2488
-1737
-899
24
1000
2026
3126
4208
5273
6217
7104
7841
8459
8842
9053
9022
8810
8297
7518
6424
5102
3565
1855
67
-1749
-3373
-4802
-5872
-6707
-7157
-7359
-7207
-6930
-6524
-6168
-5794
-5466
-5135
-4830
-4501
-4048
-3432
-2603
-1687
-667
311
1295
2085
2685
2937
2942
2644
2142
1384
480
-503
-1422
-2237
-2911
-3410
-3709
-3755
-3609
-3254
-2774
-2119
-1346
-459
493
1510
2594
3726
4854
5908
6866
7693
8368
8847
9096
9124
8926
8521
7855
6928
5718
4287
2640
887
-936
-2663
-4213
-5454
-6370
-6921
-7148
-7104
-6879
-6563
-6213
-5887
-5572
-5294
-4989
-4677
-4247
-3723
-3026
-2229
-1298
-336
654
1552
2298
2811
3040
2976
2607
1979
1116
140
-901
-1866
-2719
-3353
-3765
-3914
-3842
-3557
-3085
-2457
-1686
-848
57
1000
2022
3090
4185
5238
6222
7110
7860
8446
8800
8958
8897
8675
8207
7511
6514
5271
3771
2078
234
-1630
-3356
-4829
-5940
-6724
-7138
-7275
-7113
-6818
-6410
-6030
-5642
-5302
-4970
-4662
-4340
-3933
-3401
-2690
-1856
-897
56
1013
1820
2477
2838
2932
2713
2239
1533
650
-324
-1314
-2190
-2938
-3465
-3798
-3867
-3731
-3370
-2861
-2198
-1417
-543
428
1433
2512
3598
4709
5768
6771
7651
8391
8932
9237
9323
9135
8724
7995
7059
5815
4402
2739
994
-849
-2585
-4169
-5477
-6448
-7055
-7261
-7186
-6850
-6462
-6002
-5664
-5348
-5171
-4951
-4739
-4374
-3903
-3243
-2445
-1521
-541
412
1307
2040
2601
2876
2891
2587
2040
1245
305
-724
-1717
-2592
-3272
-3711
-3894
-3823
-3549
-3100
-2524
-1831
-1048
-168
816
1899
3083
4278
5463
6536
7512
8277
8868
9198
9339
9223
8894
8287
7439
6319
4955
3372
1621
-174
-1951
-3544
-4930
-5950
-6673
-6993
-7070
-6867
-6595
-6234
-5940
-5660
-5460
-5260
-5040
-4739
-4290
-3688
-2885
-1960
-896
155
1182
2034
2703
3074
3166
2929
2415
1635
695
-347
-1374
-2318
-3091
-3658
-3968
-4014
-3809
-3404
-2838
-2130
-1290
-363
625
1645
2732
3847
4962
6004
6963
7806
8500
8994
9243
9286
9090
8681
7941
6952
5658
4214
2536
807
-1010
-2681
-4217
-5465
-6453
-7083
-7365
-7351
-7106
-6750
-6286
-5865
-5455
-5204
-4934
-4706
-4334
-3913
-3280
-2510
-1522
-491
547
1484
2287
2848
3079
2992
2612
2010
1177
202
-856
-1815
-2668
-3348
-3852
-4060
-3973
-3635
-3133
-2475
-1656
-714
279
1285
2344
3490
4642
5721
6682
7556
8283
8823
9087
9155
9013
8689
8089
7232
6090
4726
3108
1296
-596
-2415
-3990
-5276
-6176
-6732
-6874
-6787
-6508
-6239
-5933
-5717
-5502
-5371
-5198
-4967
-4576
-4052
-3392
-2581
-1653
-607
415
1402
2215
2879
3210
3228
2855
2229
1353
346
-765
-1818
-2710
-3398
-3858
-4104
-4067
-3803
-3344
-2780
-2077
-1250
-316
675
1711
2821
3944
5068
6090
7044
7842
8494
8898
9078
9030
8782
8313
7597
6629
5416
4025
2415
693
-1142
-2857
-4411
-5638
-6577
-7098
-7270
-7100
-6787
-6390
-5996
-5609
-5284
-5059
-4846
-4577
-4123
-3553
-2823
-2006
-1023
-37
926
1746
2435
2902
3097
2965
2540
1875
1003
5
-1050
-2030
-2891
-3555
-4000
-4183
-4120
-3837
-3354
-2694
-1855
-916
145
1275
2514
3763
4984
6097
7103
7957
8626
9063
9244
9206
8931
8442
7666
6660
5390
3956
2333
644
-1101
-2724
-4205
-5376
-6233
-6693
-6836
-6693
-6403
-6048
-5702
-5428
-5211
-5064
-4887
-4687
-4322
-3853
-3156
-2353
-1359
-335
747
1699
2512
3048
3317
3255
2848
2120
1116
-15
-1193
-2254
-3154
-3769
-4123
-4186
-4053
-3730
-3275
-2677
-1970
-1154
-229
839
2024
3303
4554
5750
6785
7663
8282
8690
8854
8875
8715
8395
7839
7031
5967
4672
3177
1509
-211
-1907
-3406
-4688
-5634
-6294
-6596
-6660
-6496
-6264
-5968
-5719
-5468
-5272
-5061
-4831
-4503
-4056
-3448
-2693
-1810
-826
179
1179
2024
2679
3039
3119
2869
2335
1517
541
-520
-1558
-2504
-3319
-3924
-4270
-4353
-4179
-3784
-3157
-2311
-1288
-198
950
2071
3229
4306
5332
6247
7116
7881
8511
8908
9082
9041
8758
8232
7374
6309
4998
3579
1953
291
-1424
-2952
-4326
-5384
-6172
-6583
-6679
-6510
-6200
-5873
-5567
-5345
-5156
-5067
-4934
-4763
-4379
-3835
-3078
-2193
-1182
-149
864
1730
2405
2814
2934
2758
2287
1560
649
-350
-1349
-2269
-3064
-3644
-3969
-4021
-3853
-3503
-2976
-2294
-1489
-611
349
1386
2550
3762
4951
6042
7002
7822
8424
8811
8924
8880
8614
8185
7454
6510
5299
3944
2382
729
-967
-2533
-3891
-4989
-5788
-6310
-6495
-6471
-6246
-6006
-5705
-5468
-5210
-5057
-4875
-4703
-4381
-3939
-3301
-2522
-1596
-598
415
1369
2143
2712
2969
2964
2644
2072
1246
291
-742
-1728
-2646
-3402
-3947
-4210
-4192
-3931
-3452
-2778
-1923
-962
63
1130
2256
3428
4581
5671
6650
7533
8225
8725
8953
8978
8772
8385
7741
6878
5780
4510
3062
1466
-194
-1814
-3254
-4496
-5440
-6125
-6433
-6494
-6323
-6109
-5837
-5611
-5396
-5268
-5177
-5068
-4830
-4422
-3845
-3079
-2147
-1040
89
1173
2057
2739
3132
3208
2915
2298
1449
468
-571
-1616
-2563
-3334
-3842
-4110
-4141
-3956
-3539
-2927
-2168
-1296
-343
718
1839
3027
4164
5266
6237
7114
7806
8321
8616
8745
8704
8484
8038
7306
6311
5068
3627
1997
306
-1367
-2838
-4094
-5058
-5770
-6161
-6305
-6214
-6045
-5814
-5587
-5349
-5150
-4967
-4784
-4537
-4170
-3676
-3017
-2232
-1297
-307
722
1632
2395
2876
3072
2937
2505
1784
870
-157
-1180
-2129
-2968
-3641
-4073
-4232
-4141
-3819
-3318
-2614
-1755
-795
223
1292
2447
3649
4824
5917
6916
7792
8496
8962
9152
9106
8815
8271
7441
6348
5018
3538
1906
215
-1458
-2975
-4251
-5211
-5854
-6169
-6204
-6035
-5746
-5461
-5218
-5076
-4973
-4937
-4871
-4764
-4491
-4043
-3356
-2497
-1480
-393
687
1672
2445
2973
3172
3086
2664
2000
1082
51
-1058
-2112
-3056
-3790
-4258
-4440
-4329
-3984
-3412
-2680
-1790
-836
230
1344
2554
3762
4963
6076
7090
7940
8574
8990
9140
9076
8746
8201
7381
6348
5055
3617
2005
393
-1222
-2659
-3919
-4899
-5587
-5983
-6102
-6053
-5854
-5653
-5430
-5297
-5183
-5143
-5041
-4903
-4581
-4132
-3437
-2576
-1521
-402
715
1749
2592
3193
3438
3353
2913
2199
1246
163
-974
-2044
-2987
-3723
-4236
-4480
-4464
-4200
-3711
-3030
-2162
-1170
-72
1092
2290
3509
4662
5750
6672
7466
8056
8489
8680
8695
8463
8050
7379
6512
5418
4156
2727
1203
-363
-1887
-3244
-4408
-5257
-5858
-6115
-6169
-5986
-5762
-5471
-5254
-5057
-4925
-4790
-4624
-4348
-3924
-3318
-2543
-1645
-658
341
1300
2091
2673
2957
2959
2661
2080
1258
272
-770
-1788
-2699
-3446
-3966
-4212
-4205
-3967
-3539
-2925
-2159
-1278
-336
681
1772
2954
4135
5300
6363
7349
8148
8741
9048
9108
8905
8459
7739
6754
5533
4123
2569
919
-731
-2309
-3653
-4724
-5435
-5862
-5981
-5899
-5634
-5367
-5135
-5016
-4924
-4869
-4786
-4656
-4394
-3950
-3336
-2570
-1715
-742
242
1210
2015
2643
3007
3106
2897
2392
1632
651
-436
-1559
-2587
-3471
-4109
-4485
-4558
-4378
-3990
-3394
-2615
-1660
-622
527
1760
3113
4423
5648
6701
7617
8302
8739
8876
8810
8551
8096
7429
6544
5469
4189
2748
1171
-406
-1951
-3282
-4379
-5124
-5624
-5840
-5849
-5673
-5453
-5253
-5114
-4984
-4853
-4768
-4631
-4427
-4034
-3523
-2835
-2022
-1020
9
1021
1897
2607
3046
3140
2902
2330
1528
494
-612
-1699
-2610
-3411
-3988
-4334
-4362
-4133
-3729
-3155
-2375
-1411
-385
730
1867
3124
4314
5427
6371
7237
7928
8443
8718
8787
8671
8313
7713
6815
5743
4429
3026
1474
-44
-1588
-2941
-4131
-4962
-5559
-5877
-5954
-5805
-5551
-5318
-5136
-5022
-4880
-4854
-4779
-4649
-4261
-3768
-3065
-2270
-1263
-235
777
1608
2289
2718
2835
2663
2184
1509
602
-398
-1435
-2314
-3106
-3690
-4082
-4163
-4027
-3709
-3242
-2538
-1638
-649
381
1486
2735
3994
5184
6229
7232
8105
8768
9096
9154
8997
8616
7952
6999
5832
4523
3086
1521
-89
-1653
-3026
-4172
-5003
-5554
-5794
-5784
-5574
-5272
-4994
-4778
-4661
-4578
-4562
-4568
-4564
-4401
-4013
-3403
-2651
-1755
-731
366
1373
2143
2682
2935
2934
2528
1831
887
-147
-1226
-2284
-3217
-3932
-4361
-4495
-4371
-4034
-3490
-2751
-1793
-756
360
1491
2763
4040
5245
6278
7203
8025
8636
8951
8987
8828
8472
7836
6919
5789
4506
3099
1580
85
-1378
-2679
-3811
-4636
-5190
-5508
-5637
-5568
-5351
-5112
-4959
-4861
-4790
-4725
-4707
-4624
-4366
-3904
-3237
-2456
-1457
-413
669
1575
2304
2783
2935
2787
2316
1653
786
-203
-1222
-2204
-3054
-3782
-4281
-4477
-4400
-4056
-3543
-2761
-1825
-794
276
1349
2567
3744
4930
5987
6995
7896
8537
8941
9033
8934
8566
7937
7074
5980
4720
3283
1730
186
-1388
-2780
-4032
-4910
-5526
-5837
-5892
-5737
-5426
-5141
-4908
-4715
-4562
-4457
-4413
-4330
-4081
-3722
-3157
-2535
-1644
-699
349
1278
2103
2717
3034
3021
2635
1967
1056
-3
-1119
-2173
-3090
-3787
-4263
-4423
-4373
-4040
-3561
-2833
-1965
-978
90
1221
2457
3682
4851
5905
6857
7699
8331
8737
8910
8885
8638
8086
7280
6188
4914
3433
1809
172
-1434
-2836
-4045
-4915
-5470
-5718
-5707
-5535
-5240
-4952
-4718
-4583
-4510
-4481
-4462
-4398
-4183
-3819
-3235
-2526
-1603
-604
421
1352
2074
2636
2877
2831
2440
1806
987
3
-1050
-2064
-2937
-3623
-4130
-4365
-4328
-4044
-3571
-2934
-2064
-1119
-59
1025
2235
3481
4657
5763
6745
7629
8279
8673
8836
8766
8461
7865
7041
6023
4832
3474
1962
462
-1047
-2431
-3656
-4608
-5230
-5575
-5672
-5547
-5290
-4971
-4730
-4544
-4429
-4362
-4332
-4275
-4069
-3719
-3170
-2493
-1610
-622
391
1310
2056
2603
2849
2774
2391
1758
937
-44
-1082
-2065
-2927
-3647
-4173
-4451
-4463
-4240
-3806
-3167
-2303
-1318
-215
926
2163
3405
4601
5716
6745
7661
8371
8870
9103
9125
8847
8300
7451
6360
5034
3517
1869
233
-1347
-2735
-3914
-4767
-5310
-5576
-5603
-5459
-5202
-4928
-4688
-4517
-4397
-4350
-4317
-4258
-4082
-3782
-3293
-2662
-1802
-845
176
1123
1951
2570
2906
2899
2561
1957
1118
131
-941
-1961
-2874
-3635
-4191
-4482
-4516
-4309
-3894
-3260
-2413
-1427
-314
886
2172
3491
4735
5890
6891
7740
8345
8728
8843
8770
8440
7924
7170
6245
5118
3826
2362
833
-720
-2212
-3520
-4593
-5307
-5745
-5863
-5771
-5482
-5166
-4834
-4625
-4459
-4402
-4362
-4314
-4139
-3808
-3290
-2605
-1758
-781
201
1168
1946
2553
2846
2854
2521
1948
1150
217
-826
-1848
-2777
-3542
-4094
-4402
-4422
-4183
-3703
-3070
-2233
-1293
-215
896
2045
3223
4353
5415
6359
7224
7938
8480
8784
8880
8718
8295
7589
6618
5404
4000
2424
774
-832
-2348
-3642
-4711
-5406
-5804
-5906
-5787
-5499
-5130
-4769
-4477
-4255
-4104
-4017
-3962
-3861
-3623
-3230
-2653
-1922
-1031
-96
823
1609
2217
2565
2619
2349
1819
1067
170
-810
-1780
-2612
-3319
-3817
-4145
-4199
-4067
-3720
-3222
-2509
-1638
-637
455
1623
2871
4088
5258
6284
7235
7979
8553
8821
8910
8733
8340
7634
6717
5596
4294
2835
1260
-269
-1744
-3034
-4151
-4912
-5424
-5618
-5644
-5435
-5142
-4804
-4533
-4306
-4148
-4067
-4033
-3971
-3776
-3456
-2958
-2298
-1435
-498
445
1286
1999
2476
2657
2510
2082
1416
540
-473
-1522
-2470
-3300
-3943
-4371
-4502
-4384
-4047
-3512
-2764
-1830
-800
344
1544
2847
4082
5289
6346
7326
8079
8644
8916
8987
8786
8351
7655
6712
5563
4201
2727
1142
-391
-1896
-3161
-4237
-4938
-5408
-5545
-5505
-5247
-4973
-4688
-4502
-4365
-4300
-4290
-4297
-4253
-4030
-3638
-3018
-2250
-1281
-257
803
1688
2396
2801
2927
2692
2138
1320
339
-699
-1715
-2629
-3410
-3971
-4288
-4334
-4173
-3819
-3265
-2489
-1537
-526
543
1667
2900
4081
5180
6139
7053
7826
8397
8692
8777
8680
8327
7703
6780
5675
4349
2892
1296
-260
-1786
-3120
-4240
-5010
-5511
-5745
-5751
-5524
-5203
-4923
-4721
-4532
-4340
-4218
-4134
-3990
-3661
-3213
-2664
-2013
-1169
-261
624
1355
2008
2465
2675
2537
2138
1516
700
-296
-1345
-2305
-3137
-3795
-4230
-4371
-4258
-3948
-3450
-2725
-1816
-835
193
1311
2534
3735
4830
5820
6748
7571
8149
8465
8549
8492
8202
7659
6816
5805
4601
3256
1739
166
-1372
-2758
-3925
-4823
-5423
-5738
-5756
-5554
-5203
-4855
-4531
-4275
-4065
-3948
-3899
-3843
-3650
-3304
-2808
-2197
-1431
-534
417
1266
1945
2422
2673
2619
2230
1573
733
-204
-1194
-2133
-2954
-3589
-4020
-4186
-4138
-3871
-3438
-2767
-1921
-953
51
1137
2350
3599
4769
5781
6739
7583
8251
8575
8669
8542
8229
7597
6699
5586
4325
2910
1377
-146
-1634
-2957
-4080
-4833
-5323
-5535
-5566
-5330
-4980
-4633
-4416
-4238
-4063
-3939
-3899
-3875
-3667
-3295
-2752
-2130
-1314
-406
547
1354
2025
2489
2703
2592
2185
1549
699
-295
-1337
-2268
-3089
-3750
-4208
-4334
-4212
-3924
-3490
-2802
-1885
-887
126
1227
2471
3718
4817
5757
6636
7434
7989
8253
8303
8215
7937
7384
6580
5562
4396
3066
1641
168
-1259
-2565
-3652
-4442
-4972
-5243
-5295
-5095
-4803
-4528
-4369
-4229
-4111
-4027
-4023
-3972
-3742
-3343
-2787
-2135
-1303
-403
508
1278
1920
2361
2565
2464
2082
1463
650
-294
-1295
-2250
-3111
-3775
-4196
-4309
-4175
-3840
-3318
-2600
-1729
-817
101
1047
2126
3258
4380
5390
6348
7227
7967
8434
8586
8493
8187
7671
6839
5754
4446
3082
1621
139
-1372
-2716
-3831
-4627
-5176
-5488
-5564
-5392
-5030
-4660
-4360
-4179
-3995
-3852
-3723
-3670
-3506
-3190
-2638
-1984
-1204
-368
510
1319
1970
2394
2544
2446
2078
1504
697
-236
-1222
-2113
-2921
-3593
-4082
-4263
-4177
-3910
-3488
-2838
-1940
-945
46
1056
2208
3414
4539
5492
6371
7181
7825
8195
8290
8213
7956
7478
6691
5686
4499
3204
1761
258
-1236
-2595
-3742
-4613
-5182
-5470
-5471
-5255
-4876
-4531
-4225
-4007
-3823
-3753
-3767
-3767
-3615
-3307
-2904
-2374
-1664
-756
188
1045
1718
2251
2559
2564
2187
1529
701
-216
-1181
-2111
-2929
-3568
-3974
-4122
-4028
-3757
-3280
-2588
-1677
-720
242
1239
2384
3564
4667
5657
6626
7531
8217
8562
8616
8455
8079
7399
6452
5325
4082
2718
1237
-259
-1697
-2964
-4046
-4803
-5271
-5398
-5320
-5014
-4652
-4297
-4115
-4045
-4049
-4050
-4051
-4005
-3769
-3324
-2685
-2002
-1220
-381
506
1243
1832
2237
2470
2422
2074
1472
676
-264
-1276
-2236
-3071
-3706
-4106
-4211
-4074
-3754
-3281
-2597
-1731
-777
235
1355
2603
3830
4919
5852
6708
7438
7946
8178
8218
8114
7814
7231
6382
5320
4079
2688
1216
-236
-1620
-2861
-3877
-4589
-5044
-5279
-5320
-5135
-4838
-4523
-4267
-4015
-3798
-3638
-3584
-3517
-3327
-3007
-2602
-2070
-1310
-398
528
1289
1917
2360
2583
2424
1944
1226
410
-527
-1509
-2423
-3169
-3709
-4023
-4085
-3941
-3593
-3059
-2323
-1486
-587
350
1405
2535
3653
4658
5592
6490
7280
7832
8095
8155
8041
7732
7112
6195
5069
3831
2468
974
-550
-1973
-3161
-4098
-4720
-5104
-5212
-5090
-4755
-4406
-4118
-3940
-3766
-3604
-3536
-3560
-3556
-3314
-2896
-2375
-1831
-1098
-238
654
1339
1850
2191
2367
2256
1825
1164
365
-498
-1402
-2240
-2998
-3586
-3981
-4087
-3970
-3667
-3204
-2491
-1566
-565
417
1425
2576
3762
4826
5683
6459
7161
7701
7898
7833
7610
7290
6743
5903
4849
3699
2472
1117
-306
-1685
-2849
-3783
-4448
-4902
-5091
-5066
-4807
-4492
-4187
-3976
-3789
-3617
-3487
-3436
-3396
-3210
-2864
-2370
-1843
-1190
-434
395
1103
1671
2042
2243
2174
1821
1219
454
-393
-1266
-2078
-2793
-3318
-3623
-3669
-3539
-3266
-2837
-2182
-1338
-446
434
1390
2483
3582
4513
5271
6018
6766
7342
7619
7654
7588
7354
6849
5999
4942
3756
2477
1066
-407
-1823
-3041
-3972
-4617
-5010
-5185
-5105
-4804
-4393
-4041
-3791
-3601
-3430
-3352
-3373
-3401
-3274
-2983
-2572
-2063
-1386
-561
294
1021
1609
2042
2278
2202
1806
1185
436
-386
-1258
-2066
-2735
-3198
-3478
-3545
-3451
-3175
-2727
-2074
-1280
-418
481
1480
2582
3657
4605
5428
6216
6897
7358
7523
7509
7347
7014
6393
5539
4529
3431
2220
912
-402
-1621
-2678
-3565
-4237
-4695
-4891
-4884
-4680
-4397
-4090
-3838
-3607
-3421
-3300
-3269
-3235
-3068
-2758
-2343
-1864
-1216
-436
397
1110
1696
2116
2347
2250
1847
1206
422
-471
-1398
-2234
-2922
-3421
-3731
-3773
-3591
-3226
-2754
-2095
-1289
-396
489
1416
2410
3405
4296
5063
5739
6318
6736
6967
7049
6988
6738
6272
5611
4766
3735
2534
1259
-23
-1258
-2402
-3342
-4033
-4454
-4675
-4682
-4518
-4234
-3945
-3680
-3475
-3315
-3221
-3161
-3068
-2909
-2657
-2307
-1801
-1151
-403
333
1005
1548
1928
2054
1923
1556
1013
340
-435
-1212
-1921
-2505
-2971
-3274
-3379
-3270
-3007
-2605
-2056
-1360
-565
278
1166
2101
3056
3944
4745
5439
6033
6456
6703
6783
6719
6496
6067
5458
4672
3727
2630
1426
189
-1012
-2137
-3093
-3830
-4297
-4542
-4559
-4403
-4140
-3842
-3565
-3321
-3141
-3018
-2948
-2874
-2742
-2527
-2215
-1775
-1231
-616
-15
550
1024
1385
1582
1562
1340
941
411
-202
-867
-1560
-2232
-2816
-3207
-3372
-3315
-3109
-2744
-2200
-1463
-623
240
1137
2068
3019
3882
4673
5409
6087
6590
6836
6879
6805
6620
6208
5536
4624
3608
2517
1398
232
-938
-2061
-2992
-3653
-4047
-4247
-4299
-4187
-3945
-3640
-3370
-3129
-2972
-2890
-2920
-2958
-2914
-2717
-2443
-2087
-1636
-1020
-284
435
1011
1371
1560
1554
1384
984
424
-290
-1022
-1744
-2348
-2820
-3104
-3191
-3103
-2858
-2504
-1956
-1287
-502
245
1050
1892
2821
3667
4404
5017
5584
6054
6351
6464
6416
6266
5925
5416
4686
3860
2880
1830
645
-515
-1620
-2509
-3222
-3731
-4050
-4138
-4008
-3766
-3511
-3316
-3117
-2979
-2870
-2885
-2875
-2829
-2635
-2392
-2058
-1670
-1146
-568
-4
471
843
1122
1241
1192
926
536
10
-556
-1186
-1785
-2334
-2725
-2956
-3002
-2872
-2571
-2072
-1438
-685
103
960
1817
2663
3445
4159
4812
5360
5812
6102
6279
6277
6144
5806
5345
4704
3928
3000
1970
886
-200
-1208
-2127
-2861
-3453
-3815
-4027
-4027
-3938
-3736
-3529
-3309
-3162
-3063
-3031
-3020
-2970
-2857
-2619
-2288
-1815
-1279
-642
-28
574
1016
1326
1405
1287
939
435
-181
-811
-1406
-1933
-2338
-2610
-2688
-2624
-2398
-2064
-1572
-996
-327
340
1041
1738
2471
3179
3843
4430
4955
5399
5751
5972
6043
5971
5732
5329
4709
3924
2982
1982
916
-138
-1171
-2067
-2795
-3317
-3659
-3799
-3776
-3626
-3409
-3217
-3062
-2966
-2899
-2885
-2874
-2854
-2735
-2540
-2231
-1845
-1367
-836
-283
224
660
992
1171
1184
994
658
179
-383
-1013
-1615
-2150
-2541
-2760
-2797
-2649
-2339
-1889
-1343
-725
-63
649
1394
2150
2893
3596
4243
4820
5308
5671
5906
5993
5934
5706
5305
4743
4023
3167
2199
1169
115
-899
-1822
-2586
-3160
-3528
-3698
-3692
-3546
-3304
-3047
-2818
-2659
-2587
-2597
-2645
-2688
-2666
-2566
-2359
-2031
-1598
-1073
-521
30
515
883
1091
1117
962
639
161
-415
-1030
-1611
-2110
-2485
-2695
-2727
-2577
-2281
-1846
-1296
-654
32
749
1490
2231
2949
3602
4204
4724
5162
5482
5692
5763
5701
5471
5087
4530
3840
3008
2066
1066
55
-906
-1781
-2487
-3027
-3352
-3526
-3518
-3409
-3202
-2996
-2805
-2666
-2573
-2528
-2519
-2495
-2434
-2288
-2082
-1773
-1395
-932
-462
4
411
745
936
964
821
534
113
-408
-959
-1491
-1944
-2313
-2538
-2603
-2492
-2255
-1884
-1395
-800
-145
555
1291
2048
2784
3450
4055
4585
5016
5304
5464
5484
5376
5116
4717
4185
3537
2781
1940
1056
160
-697
-1484
-2142
-2662
-3009
-3217
-3263
-3188
-3019
-2826
-2641
-2493
-2393
-2336
-2312
-2278
-2230
-2123
-1950
-1685
-1354
-963
-546
-132
237
527
714
763
662
398
13
-458
-966
-1468
-1908
-2245
-2454
-2516
-2427
-2175
-1791
-1283
-691
-43
632
1327
2007
2662
3268
3812
4308
4726
5070
5301
5405
5376
5197
4850
4332
3666
2881
2003
1053
87
-834
-1660
-2333
-2828
-3138
-3263
-3230
-3080
-2860
-2632
-2421
-2264
-2171
-2145
-2163
-2186
-2190
-2142
-2010
-1776
-1448
-1043
-605
-174
203
489
656
682
559
302
-66
-510
-981
-1438
-1840
-2146
-2333
-2377
-2280
-2059
-1714
-1248
-692
-71
592
1277
1966
2643
3273
3830
4300
4673
4939
5088
5113
5026
4807
4451
3952
3328
2598
1788
944
102
-681
-1362
-1900
-2292
-2535
-2644
-2639
-2555
-2432
-2302
-2204
-2151
-2143
-2175
-2242
-2296
-2316
-2269
-2130
-1895
-1570
-1179
-748
-324
63
368
569
620
526
277
-87
-539
-1026
-1506
-1929
-2251
-2452
-2505
-2400
-2138
-1738
-1212
-610
49
710
1378
2023
2648
3213
3728
4167
4533
4792
4952
4989
4906
4698
4349
3874
3258
2544
1729
896
44
-721
-1406
-1926
-2316
-2530
-2602
-2548
-2417
-2253
-2094
-1987
-1929
-1946
-1992
-2089
-2157
-2208
-2163
-2041
-1802
-1486
-1079
-641
-207
178
462
627
638
507
227
-154
-616
-1083
-1533
-1901
-2182
-2322
-2323
-2178
-1901
-1512
-1028
-477
128
757
1395
2011
2595
3129
3594
3984
4282
4487
4577
4552
4418
4181
3829
3381
2838
2210
1509
767
41
-648
-1253
-1761
-2137
-2383
-2488
-2492
-2414
-2296
-2157
-2042
-1961
-1923
-1925
-1961
-2000
-1999
-1964
-1848
-1659
-1383
-1055
-683
-319
16
280
455
499
411
215
-74
-422
-812
-1205
-1574
-1864
-2029
-2065
-1969
-1738
-1391
-951
-435
139
728
1337
1953
2550
3082
3570
3984
4313
4538
4649
4631
4485
4232
3848
3331
2696
1995
1232
475
-250
-907
-1480
-1912
-2203
-2357
-2390
-2315
-2173
-2007
-1853
-1754
-1714
-1750
-1832
-1958
-2077
-2160
-2153
-2056
-1846
-1544
-1169
-765
-364
-26
220
364
385
283
65
-236
-599
-965
-1308
-1591
-1810
-1920
-1919
-1795
-1555
-1207
-783
-290
263
844
1437
2023
2580
3087
3545
3943
4260
4466
4555
4514
4345
4044
3624
3085
2439
1718
959
213
-476
-1073
-1565
-1922
-2150
-2253
-2253
-2173
-2060
-1931
-1816
-1729
-1691
-1694
-1730
-1769
-1796
-1796
-1738
-1617
-1437
-1197
-901
-579
-255
39
275
408
423
311
105
-195
-550
-929
-1291
-1606
-1845
-1970
-1965
-1830
-1571
-1203
-748
-223
333
910
1474
2010
2494
2920
3276
3554
3749
3865
3890
3821
3659
3409
3072
2645
2150
1596
1008
398
-203
-759
-1239
-1630
-1909
-2080
-2142
-2119
-2017
-1870
-1699
-1546
-1418
-1334
-1280
-1250
-1244
-1240
-1222
-1174
-1095
-980
-833
-655
-478
-295
-155
-58
-31
-58
-149
-297
-501
-736
-975
-1193
-1370
-1494
-1535
-1500
-1369
-1158
-847
-474
-25
460
979
1493
2000
2464
2871
3211
3468
3640
3704
3664
3501
3245
2888
2475
1991
1482
946
428
-70
-522
-906
-1201
-1418
-1550
-1610
-1616
-1574
-1516
-1441
-1401
-1377
-1406
-1447
-1521
-1592
-1643
-1665
-1630
-1531
-1357
-1118
-845
-539
-259
-17
154
223
209
66
-147
-450
-767
-1072
-1342
-1512
-1609
-1584
-1446
-1209
-864
-473
-20
437
894
1343
1741
2124
2429
2689
2894
3038
3151
3191
3203
3144
3029
2849
2567
2242
1828
1383
901
410
-51
-494
-858
-1159
-1379
-1514
-1608
-1626
-1628
-1595
-1563
-1558
-1561
-1614
-1656
-1720
-1766
-1784
-1764
-1680
-1541
-1342
-1102
-853
-587
-358
-165
-43
0
-20
-128
-294
-510
-728
-944
-1132
-1263
-1319
-1291
-1169
-957
-673
-336
46
459
888
1308
1714
2086
2418
2705
2936
3117
3222
3247
3185
3042
2825
2540
2213
1838
1426
1001
565
152
-236
-565
-837
-1041
-1182
-1272
-1321
-1336
-1330
-1323
-1318
-1324
-1349
-1395
-1460
-1526
-1568
-1580
-1550
-1479
-1353
-1178
-971
-743
-512
-308
-153
-68
-53
-128
-270
-466
-700
-939
-1169
-1347
-1459
-1474
-1381
-1184
-892
-519
-95
368
831
1283
1684
2025
2296
2503
2647
2735
2777
2758
2700
2600
2461
2288
2088
1846
1573
1254
915
558
214
-112
-384
-614
-791
-915
-1006
-1058
-1099
-1124
-1158
-1202
-1271
-1350
-1449
-1536
-1611
-1648
-1650
-1595
-1490
-1342
-1152
-951
-744
-570
-433
-370
-363
-419
-521
-659
-805
-948
-1065
-1146
-1171
-1137
-1038
-875
-663
-400
-101
231
584
953
1328
1703
2064
2409
2715
2963
3139
3225
3214
3095
2877
2566
2165
1702
1197
686
199
-245
-611
-886
-1059
-1134
-1126
-1057
-961
-855
-766
-711
-703
-750
-850
-980
-1117
-1241
-1331
-1372
-1353
-1270
-1134
-954
-757
-565
-394
-267
-190
-178
-226
-336
-492
-686
-884
-1073
-1222
-1320
-1360
-1328
-1221
-1038
-782
-456
-80
339
782
1237
1669
2054
2383
2652
2842
2949
2960
2874
2693
2433
2115
1752
1358
952
552
171
-171
-459
-686
-846
-943
-974
-961
-918
-852
-791
-743
-729
-741
-794
-876
-979
-1094
-1200
-1279
-1313
-1286
-1201
-1057
-866
-656
-443
-256
-116
-41
-46
-128
-278
-477
-701
-927
-1131
-1280
-1346
-1318
-1191
-971
-675
-323
63
471
881
1273
1632
1937
2191
2390
2536
2626
2654
2616
2515
2347
2120
1829
1473
1098
715
342
0
-294
-530
-710
-821
-870
-871
-831
-768
-707
-671
-673
-708
-772
-866
-970
-1078
-1178
-1243
-1267
-1239
-1162
-1042
-894
-747
-603
-475
-376
-319
-307
-345
-425
-537
-660
-786
-907
-992
-1026
-1002
-912
-755
-529
-244
88
449
825
1197
1551
1878
2162
2387
2550
2632
2624
2535
2365
2123
1815
1464
1092
717
356
16
-287
-546
-750
-896
-987
-1019
-1007
-960
-897
-833
-777
-744
-736
-752
-796
-859
-935
-1006
-1059
-1080
-1050
-972
-855
-710
-557
-416
-299
-219
-179
-183
-229
-318
-430
-539
-629
-690
-713
-688
-617
-495
-328
-125
106
360
629
905
1183
1454
1705
1922
2099
2230
2296
2291
2208
2050
1825
1555
1259
949
642
345
66
-177
-380
-544
-661
-741
-798
-837
-859
-868
-871
-869
-869
-877
-895
-916
-940
-966
-980
-990
-986
-968
-937
-889
-829
-760
-687
-616
-553
-494
-451
-420
-399
-397
-410
-435
-464
-485
-496
-490
-450
-365
-230
-55
159
409
684
972
1259
1523
1751
1943
2081
2158
2165
2099
1972
1790
1561
1295
1000
693
393
118
-126
-329
-486
-603
-670
-693
-683
-646
-591
-528
-476
-443
-439
-467
-521
-589
-673
-760
-840
-909
-948
-952
-927
-870
-788
-691
-594
-501
-428
-383
-368
-377
-402
-442
-479
-503
-510
-496
-468
-417
-333
-216
-64
118
318
527
735
935
1127
1296
1428
1517
1558
1558
1525
1456
1345
1202
1035
848
664
485
313
148
-16
-165
-289
-381
-436
-455
-447
-425
-388
-343
-304
-275
-269
-292
-339
-412
-503
-601
-695
-762
-800
-809
-786
-737
-664
-580
-494
-413
-347
-301
-280
-289
-332
-391
-449
-494
-517
-516
-488
-426
-319
-174
-3
174
345
504
640
755
852
928
987
1032
1057
1058
1038
990
914
818
715
604
488
372
258
157
78
24
-1
-12
-12
-8
-11
-20
-47
-93
-155
-223
-288
-348
-392
-425
-444
-445
-429
-400
-375
-358
-348
-348
-363
-384
-410
-444
-483
-521
-549
-563
-551
-518
-467
-397
-319
-238
-159
-89
-34
8
46
78
109
152
204
272
353
436
517
585
644
687
717
733
724
692
640
577
507
429
338
239
144
64
4
-33
-57
-67
-63
-47
-28
0
28
47
55
47
14
-37
-109
-191
-271
-352
-422
-481
-524
-549
-554
-535
-496
-450
-401
-358
-327
-314
-305
-307
-310
-309
-312
-309
-300
-281
-251
-207
-149
-88
-22
45
116
191
272
357
445
524
594
644
666
668
646
605
548
472
384
297
216
151
103
75
64
72
94
125
164
203
231
248
248
237
216
175
126
66
-8
-79
-149
-216
-275
-325
-375
-418
-445
-463
-463
-454
-434
-404
-374
-350
-329
-310
-293
-293
-307
-329
-361
-383
-390
-380
-352
-310
-248
-166
-62
52
158
255
332
390
429
442
433
403
364
319
279
243
216
199
197
214
234
258
283
305
320
317
305
277
239
199
158
118
73
33
3
-18
-26
-29
-26
-29
-37
-47
-63
-84
-111
-149
-186
-224
-255
-276
-296
-308
-317
-319
-313
-308
-305
-300
-300
-300
-290
-272
-237
-191
-143
-96
-54
-12
36
77
114
145
171
192
206
208
196
185
173
165
155
144
138
133
132
139
146
150
152
148
146
146
148
153
148
136
115
88
55
24
-1
-29
-50
-58
-65
-71
-68
-57
-46
-39
-44
-58
-73
-91
-109
-125
-135
-142
-142
-140
-134
-122
-113
-104
-92
-82
-73
-65
-60
-59
-60
-59
-54
-42
-23
1
31
57
84
108
122
126
117
107
94
84
68
49
27
7
-6
-16
-26
-30
-26
-15
4
22
43
58
69
77
78
81
82
82
77
64
50
32
13
-1
-12
-12
-1
9
15
13
6
-2
-14
-21
-33
-56
-78
-99
-119
-130
-134
-140
-139
-132
-113
-82
-56
-29
-10
8
28
49
63
68
65
51
38
22
6
-6
-17
-30
-37
-36
-29
-15
1
14
24
35
47
59
65
64
62
56
51
42
32
28
25
23
23
25
24
21
22
22
26
30
28
25
16
1
-5
-4
-6
-12
-24
-37
-43
-44
-41
-33
-31
-27
-20
-18
-11
-8
-7
-6
-7
-4
-3
2
0
-7
-16
-24
-30
-32
-33
-34
-33
-31
-29
-29
-27
-22
-14
-4
3
5
3
-2
-6
-8
-7
-4
-6
-8
-8
-1
15
33
46
47
44
40
38
40
34
30
29
22
17
11
7
3
1
5
8
10
7
3
-2
-9
-10
-11
-13
-12
-14
-15
-12
-9
-2
3
8
11
10
10
8
6
-2
-7
-10
-11
-9
-9
-12
-17
-24
-26
-21
-17
-13
-11
-5
2
6
10
10
3
-6
-10
-11
-4
3
9
14
12
11
12
11
9
10
13
14
10
4
-3
-4
-8
-11
-14
-10
-4
3
6
7
5
3
-1
-6
-9
-17
-23
-24
-19
-12
-5
1
5
6
8
17
22
26
26
19
10
-2
-11
-12
-12
-10
-7
-3
-2
2
10
12
13
6
2
0
-1
-1
0
-2
-1
5
7
4
1
2
3
4
7
4
2
2
0
-6
-11
-9
-7
-3
2
1
-4
-11
-16
-21
-21
-22
-17
-19
-22
-20
-16
-10
-4
6
11
16
17
17
17
11
13
20
23
19
11
4
0
1
5
6
5
2
-1
0
2
8
10
7
2
-1
4
8
14
16
11
5
-5
-8
-6
-4
-3
0
-4
-9
-10
-6
1
3
6
6
-1
-8
-11
-10
-7
-7
-11
-15
-23
-29
-27
-21
-10
-1
0
-3
-9
-13
-10
-7
-1
5
9
13
11
3
2
6
13
15
15
13
3
-9
-17
-13
2
12
19
14
4
-3
-3
7
14
16
16
8
3
2
5
13
15
12
8
2
1
7
11
6
1
-6
-11
-13
-17
-18
-11
-2
4
1
-6
-13
-16
-18
-11
-3
2
3
-1
-5
-6
-8
-12
-14
-10
-4
2
2
1
3
-1
-1
-4
-3
-3
-6
0
4
9
11
7
3
-2
-3
-6
-6
-4
-2
0
0
7
14
15
14
16
18
21
21
20
11
2
-5
-9
-4
2
7
11
4
-4
-6
-10
-6
-2
-3
-7
-9
-11
-12
-5
-2
-3
-2
-4
-14
-18
-17
-12
-8
-4
-2
-2
3
7
11
14
9
4
4
3
6
7
-3
-16
-23
-23
-14
-3
3
4
-6
-13
-13
-9
4
12
13
12
7
5
6
9
11
7
2
-1
4
10
14
10
5
1
2
10
14
14
13
9
4
4
4
1
0
-5
-13
-22
-24
-20
-15
-7
-1
4
6
2
-3
-6
-2
4
9
7
0
-10
-11
-7
-7
-6
-5
-5
-4
-6
-5
-2
-1
-2
-5
-5
-1
1
2
4
6
7
9
11
8
9
11
12
9
2
-3
-4
3
11
16
15
8
6
-3
-7
-5
-9
-7
-9
-11
-10
-9
-7
-6
-6
-4
-2
-2
-4
-2
-2
0
2
2
1
-2
-6
-7
-8
-5
-4
-6
-2
-2
1
3
0
-4
-7
-4
0
3
6
4
1
-3
-5
2
10
16
14
7
2
2
4
17
27
23
20
10
4
1
2
1
-2
-3
-10
-11
-8
-1
3
-1
-3
-3
-3
-2
0
1
-4
-12
-17
-16
-14
-12
-14
-16
-18
-16
-7
4
8
11
10
0
-7
-13
-13
-4
4
6
5
2
-1
-8
-14
-14
-8
0
10
16
18
15
15
17
18
17
14
11
10
13
12
11
7
0
-8
-15
-12
0
9
13
12
8
0
-3
0
7
7
1
-7
-13
-15
-12
-10
-11
-11
-14
-16
-15
-11
-13
-12
-14
-16
-11
-11
-5
0
3
5
2
-6
-13
-15
-10
3
11
12
9
8
4
9
16
22
23
11
2
-4
0
8
12
14
12
4
1
5
15
25
24
14
4
1
3
9
11
10
3
-6
-10
-14
-13
-9
-11
-12
-12
-18
-20
-13
-8
-11
-16
-16
-13
-8
-4
-6
-12
-12
-7
-4
-3
-2
3
2
-1
-4
-4
-4
0
5
3
1
-2
-1
-3
0
6
11
12
13
9
6
0
6
15
20
22
19
17
16
18
20
18
15
9
1
-4
-9
-13
-18
-17
-10
-5
2
0
-5
-13
-20
-19
-10
-1
5
7
1
-9
-11
-11
-5
-2
-5
-10
-13
-12
-6
-2
-4
-5
-2
2
0
-4
-4
-2
2
5
8
6
-1
-5
-6
-2
1
5
5
7
8
8
10
13
18
18
9
4
2
7
10
10
6
-5
-9
-6
3
6
5
1
-10
-16
-9
0
9
9
7
1
-6
-5
-4
-5
-7
-13
-14
-10
-8
-6
-7
-5
-2
2
2
5
3
-3
-7
-8
-1
3
7
8
7
2
-8
-7
-6
0
8
13
11
4
3
5
7
17
21
12
-1
-12
-20
-16
-6
0
0
-5
-11
-18
-16
-9
0
8
7
5
2
1
2
2
1
-4
-7
-4
-1
5
5
5
5
4
1
-6
-8
-7
-1
10
16
14
10
3
-3
-5
3
11
9
3
-2
-4
-5
-7
-7
-4
-2
-4
-5
-7
-6
-6
-5
1
6
6
6
1
-6
-8
-9
-2
1
0
4
3
-1
-4
-7
-1
6
11
14
9
-4
-10
-7
0
7
13
11
3
-2
-6
-2
5
10
10
4
2
-2
-5
-2
0
1
1
1
-4
-3
2
3
2
1
0
2
1
3
-6
-14
-15
-14
-10
-9
-9
-8
-10
-8
-8
-8
-3
0
1
3
2
8
13
11
7
-2
-7
-7
-6
3
8
10
10
1
-10
-15
-9
4
13
13
8
1
-2
-3
-1
8
11
9
3
-1
-1
2
6
14
12
10
3
-8
-10
-9
-4
-1
0
-5
-11
-12
-9
-3
-1
4
3
-2
-3
-1
-6
-8
-6
-1
12
21
22
16
6
-3
-9
-6
-1
2
0
-2
-4
-3
0
5
3
2
3
0
0
0
-2
-5
-8
-12
-13
-10
-5
2
5
3
0
1
4
10
12
7
-5
-13
-12
-9
-4
0
0
-1
-1
-3
-1
0
0
-4
-10
-12
-9
-6
-3
3
3
10
13
8
3
-4
-2
2
4
6
-1
-3
2
8
11
7
1
-4
-2
4
10
14
10
2
-4
-3
-4
0
10
10
4
2
3
4
0
-5
-7
-6
-7
-3
1
5
5
-1
-2
-3
-2
2
1
2
-1
-6
-7
-14
-16
-10
-4
3
5
1
1
0
0
-3
-8
-5
3
8
13
10
2
-2
-2
-1
2
8
7
-1
-4
-3
-4
-5
-10
-12
-7
-5
-1
1
2
6
10
4
-1
1
3
4
8
5
-4
-10
-9
-9
-6
-2
0
-2
-2
-1
0
4
3
-1
-1
-2
-1
3
10
12
8
2
0
-1
-1
1
2
3
3
4
5
6
8
2
-4
-9
-10
-3
