SAMPLES:	15427
BITSPERSAMPLE:	16
CHANNELS:	1
SAMPLERATE:	16000
NORMALIZED:	FALSE
188
226
138
31
8
54
97
73
8
-16
6
7
-10
8
74
149
167
143
140
155
141
73
-18
-75
-90
-92
-89
-79
-75
-88
-101
-78
-6
78
121
102
55
7
-25
-21
-3
7
-8
-56
-110
-124
-81
10
64
16
-115
-242
-248
-145
-38
5
-10
-20
22
59
29
-38
-89
-81
-45
-37
-59
-65
-30
11
24
13
5
-1
1
15
61
114
104
39
-16
4
56
23
-105
-201
-146
38
192
212
155
119
130
146
143
143
160
162
103
2
-74
-82
-19
80
146
158
127
99
102
86
-12
-171
-295
-302
-205
-92
-12
10
-22
-87
-152
-168
-152
-174
-234
-241
-120
66
138
33
-143
-240
-176
-42
50
82
64
40
8
-52
-90
-85
-23
89
194
262
255
183
99
40
58
134
193
211
147
36
-58
-116
-99
-24
65
143
170
111
16
-38
-24
40
80
33
-63
-121
-111
-54
1
-1
-38
-63
-75
-44
35
81
66
-29
-178
-266
-255
-191
-103
-37
9
60
86
75
35
4
0
1
20
52
58
56
29
-11
14
74
97
65
-18
-86
-71
-13
22
14
-2
-15
-41
-30
12
64
136
126
17
-71
-157
-236
-270
-310
-287
-140
69
230
211
63
-74
-106
-8
75
89
80
4
-54
-28
26
142
219
149
19
-125
-199
-132
24
196
286
283
221
93
-25
-74
-32
139
268
249
138
-19
-92
-53
-18
-12
-33
-38
5
26
1
-64
-109
-77
-35
-33
-81
-172
-228
-208
-182
-176
-197
-236
-218
-132
-34
43
91
111
109
90
34
-40
-89
-123
-117
-33
67
124
97
-2
-80
-70
22
140
234
262
213
129
41
-22
-26
52
149
204
223
168
87
44
4
-20
-40
-63
-24
40
78
69
17
-27
-69
-92
-61
-16
-2
-55
-137
-157
-107
-44
-49
-142
-233
-226
-93
99
220
190
26
-164
-269
-260
-191
-128
-54
30
84
44
-64
-121
-73
14
75
76
19
-28
-26
28
91
113
108
76
36
19
52
143
198
153
51
-35
-22
52
103
127
128
127
101
30
-32
-58
-34
-20
-53
-51
8
65
67
-3
-71
-107
-117
-77
-32
4
34
73
143
137
6
-136
-165
-70
24
24
1
-6
24
85
92
29
-97
-220
-221
-94
86
185
114
-26
-85
-25
75
96
55
46
39
6
-31
-71
-74
-77
-110
-145
-212
-260
-234
-166
-82
-48
-66
-82
-92
-71
-25
4
21
42
85
137
150
146
147
132
129
139
143
109
51
31
64
123
163
162
108
16
-37
-35
-12
12
49
104
118
66
4
-35
-59
-76
-64
-13
33
56
42
-13
-107
-188
-200
-158
-114
-88
-76
-74
-102
-144
-159
-152
-110
-41
23
65
39
-43
-87
-40
60
119
86
20
-16
1
60
110
133
114
56
1
-47
-61
5
123
206
196
127
104
135
162
145
67
-4
-18
-5
15
6
-71
-175
-214
-143
7
136
131
-8
-140
-156
-65
42
91
78
49
13
-45
-98
-119
-102
-77
-63
-36
-14
-22
-70
-142
-159
-108
-71
-83
-117
-134
-110
-65
-21
-2
-23
-32
-29
-24
9
41
102
223
281
247
187
93
-20
-148
-249
-230
-107
59
149
137
117
95
79
111
143
158
160
96
5
-37
-2
86
143
124
21
-113
-150
-73
46
160
165
45
-91
-193
-216
-136
-28
46
35
-50
-94
-53
43
86
38
21
19
-41
-111
-178
-194
-122
-19
94
157
116
35
-25
-19
45
72
14
-107
-215
-195
-70
56
128
114
30
-59
-97
-54
25
86
146
144
51
-99
-215
-191
-78
48
130
133
117
75
44
44
13
-43
-122
-183
-172
-123
-32
46
44
20
1
26
62
26
-34
-90
-118
-89
-52
-17
15
47
96
108
82
84
109
128
130
100
57
16
4
17
6
-11
-36
-92
-117
-82
-6
99
159
142
71
-14
-41
4
77
160
147
31
-86
-183
-180
-82
12
77
80
40
-4
-75
-119
-138
-198
-231
-212
-131
11
95
119
131
148
159
83
-57
-163
-229
-208
-103
-2
106
150
91
21
2
84
162
116
13
-92
-134
-96
-82
-77
-37
29
95
99
70
71
119
199
216
139
19
-92
-131
-113
-75
-23
5
32
42
4
-57
-115
-129
-98
-79
-81
-111
-127
-116
-116
-90
-34
46
152
194
166
112
40
-7
-1
30
90
140
114
59
-3
-73
-105
-145
-178
-92
14
63
55
-51
-105
-71
-45
17
36
23
71
67
64
122
168
253
292
188
65
-35
-73
14
98
147
174
95
-10
-88
-160
-184
-201
-266
-297
-258
-174
-60
5
2
21
58
77
57
-10
-67
-82
-85
-70
-9
51
58
3
-93
-156
-166
-142
-59
38
83
73
38
21
46
70
63
58
80
121
163
156
112
97
99
82
14
-105
-166
-110
6
114
177
177
121
-18
-154
-169
-100
-6
29
-16
-66
-129
-185
-159
-76
-28
-11
15
48
73
44
5
14
19
-34
-107
-102
0
139
215
191
125
11
-116
-158
-81
56
164
165
80
-4
-62
-48
25
88
120
106
83
87
81
52
29
22
-12
-57
-85
-106
-122
-152
-150
-82
-6
38
54
46
-9
-89
-170
-204
-199
-215
-191
-84
34
64
-18
-127
-135
-25
111
207
182
29
-137
-218
-167
-24
84
112
115
124
138
138
105
85
101
93
35
-22
-37
-11
6
-9
8
82
140
131
88
68
78
76
55
62
93
95
62
37
49
63
15
-94
-181
-199
-159
-117
-122
-138
-105
-21
66
67
-51
-180
-215
-137
-26
27
45
73
80
36
-60
-179
-216
-133
10
141
179
107
22
-9
5
31
14
-26
-8
64
136
150
80
-13
-59
-37
44
150
205
153
12
-127
-153
-76
-7
11
4
13
25
-8
-54
-62
-66
-90
-107
-106
-110
-127
-107
-26
67
114
113
66
-11
-63
-63
7
148
283
293
149
-24
-111
-119
-78
26
130
148
79
-24
-141
-224
-185
-29
73
34
-28
-39
-28
-27
-25
-10
-19
-60
-58
3
71
110
119
112
79
45
54
82
63
6
-29
-3
36
28
-68
-242
-353
-303
-140
16
61
20
-19
-29
36
116
85
-17
-102
-101
21
153
198
126
-38
-132
-98
-50
2
42
37
20
-19
-34
-8
8
55
126
131
111
103
76
42
-8
-34
-5
47
112
137
50
-63
-109
-107
-49
17
28
-10
-74
-109
-106
-93
-51
-24
-63
-104
-114
-88
-20
62
134
145
72
9
7
53
107
86
-17
-110
-132
-70
25
87
106
87
43
2
-26
-19
18
36
14
-17
-26
-23
-13
4
5
-32
-95
-121
-76
18
115
151
109
23
-71
-162
-231
-231
-114
74
207
184
0
-179
-211
-118
2
33
-31
-130
-174
-98
51
206
287
227
53
-126
-167
-56
84
174
169
112
68
30
15
-5
-2
38
57
56
46
58
69
36
10
-6
-3
29
52
83
102
92
58
-13
-57
-45
-11
-9
-83
-183
-235
-189
-62
56
99
26
-100
-184
-177
-98
-44
-40
-70
-98
-77
-35
-2
17
22
38
64
91
95
60
38
62
80
45
-38
-81
-45
11
36
-2
-55
-51
-5
37
53
77
119
145
133
110
96
68
18
-49
-81
-69
-31
24
49
49
17
-35
-87
-122
-100
-53
-27
-47
-68
-56
-18
57
115
109
15
-105
-151
-116
-44
17
29
-3
-16
20
83
125
111
79
19
-51
-89
-117
-118
-98
-59
-17
13
84
165
172
96
18
-3
11
-10
-54
-84
-80
-15
52
66
66
115
179
161
86
-2
-70
-116
-129
-80
-33
-24
-46
-112
-160
-148
-86
0
85
189
215
84
-125
-277
-277
-151
6
121
131
41
-61
-106
-49
85
186
162
11
-138
-172
-81
77
202
252
210
83
-53
-136
-144
-70
44
121
105
21
-59
-123
-174
-170
-94
40
158
196
125
7
-25
44
116
107
23
-73
-123
-80
18
72
76
73
86
77
10
-71
-146
-184
-169
-122
-38
56
135
166
106
17
-28
-33
-27
-33
-12
22
31
26
-20
-57
-40
15
56
2
-73
-62
21
103
100
6
-143
-268
-280
-181
-41
69
90
68
58
76
104
70
-2
-59
-81
-72
-66
-66
-72
-102
-144
-157
-114
-33
27
61
92
96
67
1
-77
-121
-110
0
158
285
332
258
111
-7
-29
13
19
-19
-57
-58
-23
24
92
184
272
283
145
-64
-174
-105
56
139
96
8
-5
86
206
256
194
81
3
-18
-13
-12
-13
-30
-51
-79
-128
-208
-290
-314
-276
-206
-125
-65
-50
-85
-146
-199
-247
-286
-288
-214
-71
75
129
68
-25
-46
2
39
25
-12
-32
-34
-27
9
102
215
262
197
72
6
44
132
166
104
0
-60
-41
33
112
174
209
203
161
113
90
101
128
128
71
-25
-125
-184
-169
-88
37
138
142
37
-133
-280
-314
-226
-82
14
10
-65
-150
-164
-92
-1
74
140
193
201
99
-97
-293
-389
-313
-132
51
179
191
99
-23
-68
22
154
229
228
142
33
-36
-38
68
203
251
179
18
-85
-83
-31
79
173
185
77
-146
-332
-371
-237
0
165
166
42
-114
-200
-217
-178
-89
-7
60
98
81
14
-85
-143
-96
18
116
135
53
-70
-158
-176
-137
-74
-10
33
60
80
96
117
113
61
-18
-80
-77
-20
45
106
142
117
24
-112
-206
-190
-91
34
135
189
198
152
83
31
25
75
133
141
96
25
-20
-14
1
-10
-63
-128
-142
-111
-97
-141
-226
-271
-244
-175
-92
-28
28
77
94
72
-5
-102
-154
-126
-22
88
143
138
100
72
77
110
127
100
37
-23
-37
-20
19
69
108
133
120
91
83
111
157
172
148
117
103
88
41
-2
11
42
35
-15
-53
-31
17
11
-82
-186
-197
-122
-64
-88
-174
-225
-179
-99
-58
-57
-90
-129
-143
-141
-140
-124
-76
-26
28
86
88
15
-35
0
51
50
16
1
6
19
18
-9
-32
-17
27
84
130
113
35
-36
-76
-76
-32
24
51
37
8
-15
12
98
191
200
74
-83
-134
-81
-12
-1
-45
-74
-16
85
131
128
104
72
34
6
9
46
49
-20
-97
-139
-91
53
204
271
208
70
-48
-86
-26
63
120
108
4
-114
-209
-271
-245
-155
-19
122
187
144
10
-81
-65
7
103
134
70
-33
-117
-109
-46
41
114
79
1
-67
-161
-223
-221
-154
-26
85
109
2
-141
-192
-129
35
186
232
197
79
-55
-96
-70
-12
51
35
-44
-109
-142
-145
-106
-35
26
72
99
25
-87
-133
-84
57
175
175
89
-27
-119
-120
-28
60
117
145
129
105
75
52
49
59
47
13
5
-2
-32
-52
-70
-110
-197
-298
-295
-174
-4
147
221
189
72
-32
-29
39
73
58
54
94
128
120
59
-24
-68
-44
33
91
92
62
28
-11
-35
-25
14
71
136
194
221
186
71
-70
-137
-110
-25
47
61
17
-91
-212
-260
-193
-70
24
71
67
9
-110
-237
-291
-236
-118
-8
52
24
-59
-113
-99
-50
-33
-34
4
53
40
-28
-43
34
124
134
60
-26
-69
-55
25
138
185
121
12
-61
-59
-28
-15
20
55
40
10
2
20
42
38
40
92
148
161
143
112
42
-51
-104
-64
69
194
212
147
20
-142
-259
-297
-256
-154
-35
75
141
104
-30
-183
-254
-203
-44
162
288
236
20
-201
-232
-73
118
191
126
6
-80
-87
-19
57
63
-21
-115
-127
-61
37
118
153
117
8
-121
-189
-142
-22
114
207
182
32
-149
-224
-135
-3
52
26
18
97
184
190
96
-43
-141
-167
-121
-22
66
77
-5
-99
-145
-133
-72
-3
46
80
126
181
184
83
-46
-95
-72
-39
5
56
69
46
11
-43
-114
-140
-9
201
271
144
-36
-104
-57
20
68
35
-67
-154
-154
-46
90
172
171
74
-79
-202
-219
-126
23
141
159
73
-59
-167
-225
-218
-145
-49
24
25
-55
-144
-181
-121
22
120
100
53
90
170
169
80
-27
-116
-159
-122
11
152
192
161
129
59
-73
-151
-73
74
143
108
44
19
63
149
181
98
-30
-74
-16
53
63
17
-72
-144
-121
-25
38
35
-1
-64
-131
-138
-71
8
55
60
4
-101
-160
-92
39
92
49
-7
-35
-41
-36
-39
-57
-49
3
60
103
113
81
7
-91
-149
-131
-19
118
193
154
2
-149
-194
-143
-42
80
195
223
143
46
30
97
185
187
91
5
-16
14
-23
-135
-211
-197
-86
8
26
-14
-64
-37
20
44
-10
-130
-206
-228
-171
-52
51
112
59
-58
-121
-101
-60
-34
-7
13
33
15
-40
-67
-43
35
88
129
141
135
175
155
129
84
-11
-28
-35
-10
40
51
85
60
10
-46
-107
-75
-44
-4
55
69
65
64
97
121
63
-91
-207
-154
-20
43
-17
-87
-123
-100
-85
-103
-53
-6
110
237
312
316
134
33
-5
1
35
-171
-239
-278
-327
-294
-482
-476
-455
-427
-273
-289
-124
-7
121
320
421
649
663
587
356
156
207
225
375
329
322
371
285
292
157
216
336
384
346
56
-174
-406
-445
-496
-568
-644
-832
-792
-747
-532
-266
-53
226
375
486
427
328
207
89
21
-148
-230
-382
-529
-656
-789
-713
-550
-290
-61
54
117
112
189
303
443
523
436
285
43
-141
-235
-201
0
207
466
702
953
1185
1244
1231
1104
998
835
562
260
-86
-319
-547
-725
-863
-960
-936
-926
-850
-820
-736
-593
-493
-393
-492
-650
-838
-1021
-1097
-1116
-1012
-871
-724
-570
-325
125
651
1166
1523
1724
1824
1791
1596
1349
1123
933
817
630
473
456
436
522
615
645
741
635
402
103
-345
-736
-1100
-1487
-1736
-1948
-1991
-1821
-1577
-1199
-751
-298
118
408
621
821
952
999
951
815
646
444
237
82
-75
-226
-380
-563
-753
-983
-1222
-1466
-1710
-1860
-1878
-1672
-1344
-1010
-750
-602
-343
48
654
1335
1867
2283
2464
2646
2863
3094
3380
3453
3319
2907
2300
1632
872
191
-404
-893
-1361
-1921
-2401
-2686
-2668
-2500
-2336
-2118
-1982
-1827
-1775
-1872
-1774
-1609
-1251
-775
-412
107
663
1271
1941
2469
2996
3395
3411
2964
2091
1001
73
-776
-1614
-2306
-3045
-3463
-3677
-3798
-3611
-3366
-2893
-2331
-1816
-1223
-548
329
1260
2227
3135
4056
4934
5501
5787
5807
5689
5504
5075
4246
3238
1942
494
-803
-2227
-3313
-4054
-4640
-4687
-4755
-4665
-4313
-4276
-4126
-3986
-3925
-3479
-3079
-2581
-1752
-927
206
1432
2579
3883
4907
5680
6106
5996
5532
4594
3517
2384
1178
-24
-1356
-2497
-3540
-4327
-4725
-5007
-4886
-4616
-4334
-3888
-3402
-2702
-1942
-1297
-670
-145
249
730
1199
1577
2103
2771
3734
4622
5285
6125
6878
7503
7627
7306
6864
5992
4877
3210
1168
-904
-3089
-4922
-6755
-8332
-9109
-9157
-8321
-7127
-5814
-4235
-2780
-1711
-769
-116
439
1035
1113
1157
1034
852
1241
1640
2267
3107
3739
4292
4497
4264
3820
3114
1947
626
-1084
-2975
-4433
-5877
-6821
-7303
-7567
-7138
-6458
-5445
-4032
-2599
-1066
534
2014
3317
4407
5019
5545
6002
6134
6305
6349
6400
6510
6265
5931
5726
5350
4938
4130
2701
1255
-529
-2330
-3972
-5904
-7188
-7902
-8231
-8027
-7874
-7143
-5763
-4462
-3077
-1816
-727
520
1356
1913
2491
2700
3209
3817
4030
4316
4252
4135
4036
3310
2443
1502
308
-945
-2466
-4072
-5243
-6033
-6674
-7037
-7236
-7090
-6384
-5615
-4506
-3077
-1598
166
1676
2893
4039
5170
6529
7591
8182
8390
8477
8450
8028
7507
6935
6312
5426
3943
2209
320
-1632
-3417
-5155
-6699
-7872
-8649
-8816
-8483
-7806
-6641
-5311
-3986
-2826
-2016
-1240
-403
446
1318
1974
2544
3241
3914
4572
5237
5641
5892
5641
4778
3633
2097
440
-1217
-3006
-4701
-6239
-7537
-8395
-8778
-8699
-8020
-6859
-5536
-4050
-2629
-1091
735
2618
4573
6310
7551
8433
8999
9481
9844
9831
9529
8991
8027
6712
5024
3134
1254
-729
-2561
-4267
-5946
-7221
-8216
-8873
-8974
-8632
-7774
-6761
-5906
-4974
-4078
-3189
-2166
-1201
-77
1102
2328
3654
4714
5565
6283
6713
6970
6786
6100
5116
3759
2019
37
-2168
-4228
-5917
-7439
-8519
-9165
-9441
-9153
-8540
-7541
-6123
-4485
-2551
-429
1732
3830
5802
7466
8828
9791
10357
10738
10668
10291
9773
8886
7851
6406
4708
2961
880
-1168
-3174
-5208
-6819
-8151
-9117
-9648
-9929
-9590
-8811
-7995
-6933
-5793
-4635
-3245
-2002
-589
923
2347
3955
5355
6465
7404
7839
8014
7798
7002
5837
4323
2448
426
-1670
-3700
-5504
-7203
-8475
-9265
-9642
-9539
-9025
-8137
-6861
-5410
-3662
-1730
262
2213
4144
5939
7473
8789
9973
10976
11495
11420
11084
10607
9890
8834
7253
5446
3355
906
-1655
-4304
-6762
-8632
-10119
-10918
-11193
-11022
-10271
-9260
-8092
-6681
-5301
-3817
-2333
-1011
485
1902
3191
4433
5397
6301
7215
7788
8058
7735
6894
5727
4178
2230
121
-2112
-4206
-6083
-7813
-9093
-9888
-10184
-9814
-9108
-8171
-6836
-5191
-3180
-1026
1046
3075
5145
6935
8416
9488
10185
10780
11023
10927
10693
10210
9678
8784
7332
5645
3555
1129
-1385
-4034
-6520
-8554
-10172
-11068
-11407
-11289
-10599
-9544
-8231
-6726
-5130
-3482
-1959
-708
491
1676
2799
4000
4982
5872
6660
7086
7217
6779
5818
4555
3092
1506
-207
-2246
-4318
-6222
-7906
-9021
-9660
-9791
-9394
-8637
-7461
-6032
-4184
-2128
63
2212
4096
6219
8161
9606
10694
11616
12323
12399
11697
11092
10358
9341
8035
5933
3858
1482
-1362
-3811
-6607
-8866
-10046
-10879
-10896
-10899
-10306
-8972
-7569
-6249
-4985
-3964
-2828
-1843
-1114
0
1037
2391
3805
4596
5537
6377
6888
7298
6676
5697
4382
2687
761
-1392
-3660
-5573
-7066
-8401
-9219
-9607
-9471
-8882
-7989
-6707
-5005
-3136
-1088
1101
3415
5713
7792
9606
11096
12118
12711
12790
12434
11818
10807
9420
7725
5849
3693
1298
-1251
-3933
-6257
-8047
-9157
-9722
-9989
-9949
-9412
-8683
-7966
-7206
-6383
-5366
-4400
-3493
-2481
-1202
240
1818
3340
4843
6290
7354
7888
7901
7309
6329
4983
3176
1041
-1295
-3470
-5336
-7004
-8393
-9147
-9599
-9554
-9097
-8333
-6864
-5167
-3212
-1092
995
3337
5731
7884
9563
10996
12204
12976
13084
12607
12011
11039
9922
8473
6700
4867
2518
28
-2557
-5120
-7095
-8697
-9863
-10730
-11152
-11043
-10363
-9370
-8308
-7219
-6185
-4920
-3673
-2442
-1162
194
1874
3429
4756
5899
6591
7102
7124
6727
5984
4777
3141
1172
-1053
-3210
-5085
-6688
-7897
-8615
-8973
-8924
-8458
-7827
-6895
-5683
-4178
-2368
-478
1476
3722
6114
8279
10007
11458
12596
13325
13345
12976
12495
11765
10838
9225
7235
4819
2017
-604
-3424
-6099
-8327
-10133
-11112
-11647
-11644
-10895
-9724
-8474
-7293
-6299
-5288
-4096
-2994
-1920
-899
251
1680
2974
4143
5255
6052
6664
6774
6274
5593
4514
2988
1248
-906
-2886
-4631
-6206
-7372
-8193
-8647
-8700
-8427
-7785
-6773
-5496
-4044
-2222
-390
1719
4135
6442
8610
10208
11786
13121
13682
13602
13026
12224
11309
9687
7701
5568
3138
586
-2182
-4948
-7141
-9068
-10334
-11033
-11158
-10526
-9607
-8537
-7594
-6618
-5515
-4395
-3620
-2921
-2225
-1320
33
1344
2692
4060
5294
6672
7310
7345
6940
6101
4817
2901
825
-1244
-3335
-5465
-7333
-8817
-9671
-9861
-9531
-8698
-7582
-6238
-4575
-2851
-896
1079
2944
5037
7020
8562
9714
10822
12047
12849
12877
12554
11976
11284
10241
8638
6970
5033
2609
-69
-3157
-6096
-8441
-10319
-11361
-11966
-12097
-11478
-10344
-9034
-7660
-6343
-4871
-3450
-2367
-1394
-530
593
1914
3017
4114
5136
5893
6475
6522
6236
5559
4426
2779
838
-1260
-3408
-5158
-6638
-7874
-8773
-9358
-9332
-8760
-7854
-6652
-5276
-3547
-1738
207
2076
3849
5799
7598
9115
10314
11431
12416
12931
12890
12558
12055
11403
10298
8481
6349
3800
949
-1827
-4911
-7607
-9883
-11586
-12309
-12605
-12099
-10954
-9470
-7920
-6459
-5039
-3614
-2339
-1337
-404
343
1216
2252
3074
4117
5019
5690
6185
6110
5639
4718
3456
2002
242
-1848
-3858
-5662
-7210
-8341
-9187
-9539
-9327
-8624
-7448
-6121
-4603
-2795
-913
1088
2817
4597
6686
8499
9972
11193
12366
13361
13611
13300
12712
11887
10947
9350
7355
5121
2459
-276
-3109
-6191
-8766
-10892
-12125
-12475
-12450
-11682
-10368
-8839
-7260
-5830
-4462
-3052
-1940
-940
-195
641
1626
2552
3452
4362
5022
5568
5748
5578
5001
4085
2948
1405
-362
-2637
-4739
-6477
-7872
-8850
-9426
-9584
-9133
-8407
-7285
-5841
-4029
-1938
165
2182
3881
5745
7661
9448
10625
11543
12520
13378
13559
13038
12178
11378
10531
9091
7010
4557
1767
-1087
-4020
-7074
-9324
-11123
-12056
-12502
-12488
-11657
-10232
-8396
-6612
-5118
-3722
-2338
-1250
-431
162
837
1750
2581
3176
3713
4245
4943
5149
5097
4479
3579
2473
777
-1077
-3098
-4917
-6489
-7813
-8741
-9094
-8915
-8376
-7588
-6558
-5283
-3679
-1738
475
2342
4064
6043
8079
9862
10921
11928
12993
13834
13837
13179
12344
11410
10380
8561
6380
3871
942
-1888
-4900
-7757
-10063
-11795
-12337
-12531
-12246
-11292
-9845
-8040
-6320
-4830
-3495
-2176
-1060
-205
269
834
1653
2455
3207
3941
4601
5157
5218
4858
4234
3425
2275
770
-1085
-3167
-5028
-6668
-7939
-8941
-9529
-9522
-8827
-7691
-6386
-5068
-3559
-1551
533
2474
4349
6466
8690
10244
11049
11922
12814
13781
13802
13174
12352
11319
10262
8657
6625
4066
1120
-1821
-4713
-7560
-9943
-11687
-12478
-12834
-12594
-11709
-9961
-8087
-6394
-5041
-3850
-2485
-1456
-557
23
579
1378
2197
3081
3894
4557
5366
5829
5992
5378
4193
2683
806
-1242
-3437
-5490
-7102
-8341
-9309
-9974
-10055
-9260
-7857
-6282
-4642
-2781
-587
1620
3400
4813
6262
7954
9513
10459
11121
11886
12629
13193
13054
12644
11916
10991
9654
7590
5127
2468
-392
-3283
-6582
-9549
-11673
-12901
-13301
-13201
-12395
-10803
-8773
-7005
-5310
-4107
-2830
-1737
-1032
-326
145
817
1699
2258
3071
3769
4492
5091
5046
4618
3704
2620
1267
-209
-2064
-3788
-5339
-6681
-7675
-8480
-8717
-8330
-7660
-6670
-5576
-4067
-2208
-182
1892
3762
5611
7114
8828
10218
11057
11562
11921
12473
12604
11966
11225
10378
9591
8301
6376
4303
1968
-477
-3301
-6474
-9243
-11274
-12437
-12875
-12764
-11976
-10449
-8498
-6711
-5136
-3939
-2571
-1370
-694
-397
-260
284
1075
1507
2077
2744
3679
4566
4841
4607
4020
3235
2154
550
-1578
-3576
-5333
-6751
-7966
-8779
-8985
-8431
-7537
-6414
-5037
-3171
-861
1443
3297
4827
6349
8027
9585
10469
10811
11168
11691
12145
11913
11165
10516
9835
8990
7423
5456
3281
759
-1906
-4811
-7651
-9904
-11579
-12255
-12527
-12202
-11163
-9514
-7709
-6057
-4673
-3361
-2061
-1197
-681
-369
108
861
1397
1805
2356
2870
3765
4251
4435
4071
3327
2365
951
-842
-2662
-4342
-5784
-7108
-8192
-8694
-8497
-7711
-6597
-5346
-3815
-1865
255
2299
3933
5456
6938
8569
9858
10628
10956
11234
11676
11867
11433
10874
10233
9581
8406
6589
4493
2199
-399
-3085
-5962
-8632
-10567
-11808
-12097
-12123
-11516
-10190
-8369
-6599
-5092
-3900
-2662
-1663
-1107
-865
-764
-321
501
1200
1964
2738
3649
4572
4847
4724
4062
3324
2309
711
-1327
-3490
-5299
-6773
-8099
-8916
-9034
-8446
-7266
-6001
-4579
-2898
-971
1042
2757
4161
5484
6653
7797
8849
9533
9979
10441
11027
11523
11333
10889
10411
9589
8661
7038
5224
3089
477
-2238
-5297
-8201
-10375
-11795
-12365
-12423
-11814
-10483
-8664
-6863
-5158
-3776
-2551
-1443
-930
-554
-517
-302
309
744
1249
1881
2566
3515
3945
4004
3747
3229
2328
990
-730
-2504
-4104
-5625
-6894
-7855
-8263
-8128
-7545
-6579
-5319
-3657
-1668
447
2485
4098
5629
7051
8455
9617
10272
10677
10971
11195
11220
10732
10229
9726
9263
8441
6830
4845
2539
68
-2427
-5205
-7824
-9962
-11469
-12160
-12331
-11648
-10219
-8303
-6560
-5258
-4248
-3196
-2237
-1529
-1277
-1170
-645
145
965
1828
2631
3602
4542
5122
5323
4838
3886
2508
792
-1302
-3430
-5232
-6676
-7882
-8806
-9028
-8422
-7125
-5543
-4031
-2467
-892
893
2763
4328
5633
6462
7257
8118
8784
9203
9563
10162
10801
10951
10691
10394
9974
9302
7875
5939
3788
1165
-1599
-4497
-7479
-9794
-11621
-12605
-12884
-12353
-11027
-9166
-7258
-5609
-4236
-3045
-2006
-1288
-825
-723
-426
151
622
1133
1748
2433
3489
4142
4472
4250
3717
2846
1567
-143
-1970
-3599
-4978
-6165
-7257
-7887
-8072
-7625
-6562
-5326
-3873
-2096
-261
1729
3372
4844
6401
7999
9272
10009
10290
10675
11127
11439
11180
10558
9955
9222
8425
7043
5214
3094
711
-1831
-4687
-7540
-9764
-11215
-11865
-12111
-11682
-10527
-8905
-7363
-5962
-4632
-3432
-2451
-1936
-1568
-1329
-856
-60
808
1689
2482
3426
4303
4865
4976
4532
3886
2735
1115
-813
-2769
-4413
-5856
-7051
-7851
-8149
-7963
-7318
-6233
-4880
-3302
-1587
354
2218
3882
5353
6610
7849
8937
9694
10178
10688
11114
11219
10874
10322
9837
9364
8459
7005
5014
2712
272
-2172
-4785
-7360
-9542
-11116
-11915
-12101
-11532
-10336
-8675
-7172
-5844
-4580
-3374
-2409
-1722
-1329
-1022
-485
301
994
1775
2621
3502
4432
5035
5105
4590
3692
2406
945
-993
-2935
-4638
-6098
-7238
-8137
-8470
-8146
-7316
-6050
-4588
-2933
-1156
592
2214
3683
4947
5949
6927
7810
8595
9090
9543
10178
10676
10761
10490
10344
10247
9907
8872
7141
4928
2240
-720
-3921
-7190
-9923
-11988
-13117
-13413
-13008
-11866
-10201
-8267
-6417
-4709
-3117
-1725
-814
-405
-270
-86
384
803
1262
1974
2688
3682
4350
4673
4766
4271
3479
2139
412
-1359
-3194
-4877
-6364
-7649
-8492
-8823
-8528
-7573
-6306
-4698
-2761
-698
1346
3136
4771
6267
7522
8656
9397
9825
10169
10429
10769
10827
10485
10206
9746
9231
8268
6686
4900
2538
-166
-3181
-6371
-8965
-11056
-12325
-12898
-12897
-12139
-10638
-8668
-6594
-4669
-3208
-1965
-1240
-796
-383
-27
661
1238
1710
2315
2797
3497
3915
4045
3940
3576
2831
1564
-78
-1829
-3464
-4972
-6240
-7252
-7886
-8032
-7810
-7088
-6024
-4651
-2900
-1045
848
2616
4243
5806
7510
9150
10374
11116
11661
12074
12258
11907
11288
10685
10052
8935
7156
5039
2736
194
-2458
-5308
-7868
-10030
-11602
-12413
-12573
-11908
-10642
-8888
-7214
-5737
-4478
-3367
-2404
-1619
-1104
-719
-197
454
1082
1966
2935
4015
4891
5391
5617
5258
4519
3119
1316
-699
-2862
-4858
-6640
-8056
-9013
-9453
-9285
-8535
-7281
-5735
-3841
-1625
542
2642
4358
5828
6911
7936
8906
9494
9869
10075
10393
10723
10605
10397
10153
9962
9554
8381
6758
4592
2066
-864
-4112
-7334
-10042
-12205
-13492
-13925
-13508
-12159
-10249
-8102
-6015
-4386
-2824
-1521
-464
294
536
848
1147
1445
1776
2202
2798
3375
3634
3615
3267
2822
2017
789
-686
-2212
-3720
-5175
-6453
-7360
-7732
-7656
-7197
-6408
-5340
-4002
-2356
-457
1519
3357
4958
6554
8148
9499
10560
11384
12099
12621
12520
12034
11301
10435
9485
7981
6108
3962
1468
-1188
-4097
-7048
-9401
-11230
-12085
-12301
-11863
-10818
-9337
-7682
-6175
-4846
-3638
-2643
-1970
-1583
-1295
-835
-167
647
1520
2441
3381
4323
4796
5067
4682
4101
3164
1537
-340
-2467
-4497
-6113
-7566
-8466
-8831
-8665
-7937
-6970
-5654
-4160
-2351
-266
1718
3394
4856
6166
7557
8845
9744
10419
11006
11479
11872
11692
11342
10902
10313
9635
8194
6310
4130
1534
-1131
-4238
-7264
-9655
-11343
-12243
-12734
-12499
-11427
-9764
-8005
-6390
-4928
-3534
-2422
-1728
-1293
-1044
-628
68
744
1523
2152
2802
3546
3942
4148
3922
3460
2623
1217
-500
-2331
-3887
-5219
-6487
-7513
-8091
-8083
-7532
-6478
-5176
-3585
-1815
58
2045
3767
5326
6895
8453
9679
10312
10728
11177
11656
11695
11222
10688
10095
9498
8482
7009
5090
2750
254
-2478
-5370
-8036
-10192
-11500
-12251
-12428
-11914
-10632
-8995
-7451
-5988
-4698
-3484
-2578
-1962
-1472
-918
-198
553
1334
2073
2666
3469
4088
4437
4289
3693
2890
1720
227
-1641
-3381
-4763
-6047
-6969
-7535
-7564
-7094
-6335
-5259
-3979
-2431
-694
1173
2845
4186
5483
7078
8720
9786
10466
10969
11551
11958
11706
11322
10717
10052
9137
7659
5888
3613
1041
-1551
-4296
-6858
-9093
-10651
-11554
-12009
-11861
-11011
-9546
-8004
-6699
-5557
-4377
-3373
-2543
-1939
-1471
-861
-162
599
1468
2246
3167
3968
4486
4568
4068
3367
2322
1030
-605
-2549
-4252
-5569
-6483
-7091
-7554
-7524
-6943
-5888
-4504
-2922
-1344
350
2066
3676
5123
6426
7901
9283
10144
10532
10687
11017
11178
10926
10589
10116
9608
8640
7174
5323
3023
611
-1802
-4467
-7121
-9475
-11083
-11841
-12073
-11749
-10721
-9195
-7562
-6205
-5078
-4068
-3256
-2467
-1929
-1438
-777
-160
586
1386
2123
3001
3795
4432
4598
4103
3319
2101
598
-1073
-2839
-4255
-5404
-6422
-7089
-7413
-7205
-6527
-5487
-4089
-2617
-954
831
2535
4087
5415
6726
8150
9351
10094
10377
10610
10854
10833
10523
10129
9726
9258
8344
6828
4990
2858
589
-1888
-4586
-7215
-9519
-10924
-11680
-11996
-11619
-10573
-8950
-7417
-6062
-4853
-3783
-2832
-2221
-1849
-1529
-1063
-429
445
1433
2307
3179
3784
4139
3986
3394
2735
1784
562
-1143
-2952
-4390
-5688
-6691
-7292
-7428
-7065
-6326
-5169
-3774
-2252
-526
1298
3065
4627
5913
7143
8435
9454
10114
10601
11120
11544
11466
11021
10443
9820
9043
7675
5890
3797
1350
-1102
-3760
-6354
-8600
-10242
-11032
-11413
-11300
-10624
-9355
-7807
-6562
-5501
-4561
-3625
-2919
-2442
-1900
-1263
-392
394
1234
2094
2913
3772
4372
4666
4341
3549
2473
980
-737
-2584
-4211
-5568
-6614
-7297
-7590
-7401
-6775
-5659
-4292
-2860
-1401
111
1746
3366
4725
5856
6967
8079
9102
9852
10379
10992
11345
11332
11018
10517
10079
9368
8174
6545
4307
1684
-1081
-3972
-6705
-9135
-10912
-11744
-12069
-11737
-10823
-9419
-7731
-6310
-5007
-3905
-3040
-2410
-2136
-1885
-1530
-1011
-333
373
1141
1948
2765
3527
4100
4168
3788
2971
1797
317
-1423
-3063
-4542
-5803
-6712
-7203
-7265
-6938
-6244
-5067
-3504
-1770
131
1892
3592
5065
6276
7573
8642
9453
9824
10002
10320
10521
10485
10142
9718
9160
8498
7500
6063
4331
2169
-98
-2728
-5472
-7921
-9817
-10800
-11326
-11273
-10674
-9592
-8158
-6857
-5620
-4503
-3602
-2976
-2658
-2394
-1915
-1177
-298
685
1538
2359
3124
3719
4159
4014
3563
2759
1477
-7
-1721
-3223
-4611
-5839
-6603
-7049
-6972
-6426
-5508
-4333
-3069
-1629
11
1657
3237
4682
5914
7192
8326
9170
9721
10091
10655
11008
10863
10481
10041
9649
9021
7851
6187
4019
1548
-989
-3719
-6404
-8689
-10316
-11233
-11683
-11520
-10696
-9411
-7935
-6544
-5300
-4210
-3288
-2644
-2305
-2115
-1694
-970
-137
769
1621
2597
3527
4201
4500
4174
3515
2464
1083
-509
-2193
-3638
-4955
-6048
-6821
-7165
-6963
-6274
-5253
-4098
-2844
-1410
283
1918
3385
4614
5717
6981
8085
9028
9732
10304
10883
11082
11023
10826
10514
10066
9251
7914
6153
3924
1410
-1201
-4150
-6882
-9196
-10770
-11440
-11707
-11240
-10295
-9049
-7591
-6340
-5156
-4197
-3500
-2977
-2636
-2312
-1799
-1142
-350
616
1464
2419
3285
3999
4490
4351
3994
3158
1816
148
-1773
-3379
-4815
-6027
-6840
-7361
-7312
-6718
-5721
-4475
-3127
-1588
129
1844
3473
4944
6122
7181
8129
8840
9375
9734
10099
10423
10463
10385
10096
9677
9134
8067
6561
4651
2424
-38
-2905
-5845
-8447
-10441
-11552
-11983
-11834
-11101
-9948
-8496
-6948
-5481
-4193
-3201
-2548
-2176
-2020
-1652
-995
-215
607
1296
2140
3017
3712
4132
4057
3780
3074
1833
315
-1389
-2873
-4251
-5463
-6372
-6942
-6987
-6552
-5718
-4594
-3221
-1677
24
1648
3149
4541
5742
7023
8185
9064
9640
9957
10453
10820
10807
10537
10155
9803
9144
7897
6161
4084
1702
-762
-3436
-6083
-8398
-10293
-11431
-12028
-11898
-11039
-9809
-8359
-6994
-5712
-4536
-3615
-2916
-2486
-2171
-1658
-878
-41
793
1602
2600
3624
4314
4657
4465
4010
3188
1863
250
-1504
-3055
-4415
-5660
-6570
-7059
-6980
-6497
-5721
-4667
-3336
-1650
144
1776
3108
4179
5207
6296
7463
8519
9243
9708
10094
10473
10632
10597
10488
10289
9776
8643
7025
5046
2791
236
-2672
-5634
-8345
-10488
-11907
-12562
-12409
-11538
-10121
-8473
-6870
-5555
-4439
-3499
-2801
-2334
-2092
-1692
-1095
-425
295
961
1862
2946
3897
4553
4623
4237
3504
2373
1074
-455
-2120
-3735
-5282
-6467
-7157
-7340
-6939
-6164
-5082
-3701
-2197
-525
1155
2702
4112
5307
6457
7672
8634
9267
9538
9782
10194
10469
10486
10315
9958
9421
8395
7011
5396
3379
925
-1965
-5014
-7768
-10044
-11526
-12227
-12330
-11746
-10650
-9121
-7454
-5966
-4596
-3404
-2519
-1908
-1652
-1379
-947
-440
172
867
1739
2792
3621
4120
4204
3848
3283
2336
1114
-310
-1901
-3427
-4836
-5966
-6643
-6970
-6836
-6257
-5312
-4006
-2541
-951
780
2484
4032
5255
6197
7273
8334
9173
9624
9827
10135
10312
10211
9992
9731
9468
8815
7533
5784
3578
1125
-1494
-4217
-6754
-9038
-10804
-11851
-12346
-12068
-11074
-9474
-7568
-6005
-4777
-3798
-3018
-2298
-1841
-1434
-914
-396
254
875
1520
2372
3203
3940
4297
4075
3486
2448
1109
-373
-1982
-3402
-4623
-5602
-6214
-6556
-6526
-6117
-5416
-4304
-2877
-1283
400
1953
3372
4608
5646
6729
7819
8728
9362
9752
10229
10630
10698
10460
9997
9535
8904
7869
6440
4477
1985
-781
-3675
-6448
-8856
-10785
-11951
-12389
-12189
-11267
-9852
-8078
-6439
-5082
-3903
-3035
-2300
-1784
-1484
-1203
-828
-272
484
1311
2152
2920
3515
3958
4003
3664
2966
1905
637
-960
-2660
-4202
-5351
-6099
-6541
-6579
-6239
-5512
-4479
-3160
-1698
-98
1529
3073
4430
5445
6417
7473
8457
9194
9645
10073
10387
10412
10167
9869
9632
9254
8417
6963
4941
2408
-302
-3035
-5697
-8103
-10154
-11514
-12222
-12276
-11519
-10111
-8211
-6453
-5095
-4025
-3260
-2630
-2273
-2061
-1749
-1291
-580
299
1167
1991
2792
3484
4048
4180
3917
3339
2300
1030
-588
-2276
-3825
-5197
-6036
-6513
-6605
-6363
-5807
-4846
-3583
-2113
-456
1292
2940
4335
5355
6208
7141
8029
8755
9141
9436
9773
9927
9867
9629
9414
9102
8458
7300
5658
3557
1196
-1417
-4267
-7138
-9631
-11271
-12037
-12183
-11726
-10702
-9237
-7663
-6191
-4754
-3394
-2298
-1627
-1307
-1179
-899
-424
227
864
1454
2206
3036
3737
3956
3629
3024
2172
1092
-157
-1555
-2881
-4141
-5256
-6064
-6502
-6396
-5782
-4811
-3613
-2365
-1003
507
2025
3526
4679
5650
6657
7631
8493
9046
9452
9897
10235
10307
10150
9804
9284
8515
7380
5833
3856
1447
-1121
-3885
-6548
-8950
-10716
-11652
-12060
-11725
-10783
-9288
-7592
-6080
-4699
-3559
-2709
-2110
-1789
-1610
-1445
-1003
-373
392
1112
1833
2603
3257
3805
3870
3576
2947
1988
770
-755
-2273
-3642
-4853
-5689
-6246
-6456
-6208
-5480
-4308
-3033
-1719
-284
1234
2741
4121
5253
6262
7251
8063
8684
9054
9426
9803
9951
9878
9604
9201
8682
7889
6810
5226
3130
721
-1912
-4666
-7345
-9508
-10930
-11677
-11888
-11370
-10188
-8573
-6908
-5503
-4349
-3383
-2564
-1878
-1526
-1333
-1156
-832
-149
653
1497
2290
2999
3559
3699
3486
3117
2409
1352
-46
-1579
-3019
-4359
-5358
-6020
-6382
-6259
-5647
-4624
-3414
-2239
-879
615
2108
3509
4695
5892
7041
7969
8764
9393
10025
10586
10711
10531
10065
9534
8990
8054
6705
4819
2444
-109
-2822
-5476
-7813
-9667
-10737
-11278
-11381
-10885
-9851
-8352
-6801
-5526
-4426
-3551
-2821
-2241
-1887
-1500
-1121
-624
87
902
1746
2633
3401
4021
4118
3837
3267
2350
1165
-180
-1604
-3007
-4335
-5413
-6061
-6388
-6174
-5677
-4844
-3784
-2486
-1106
359
1784
3216
4478
5632
6790
7833
8678
9231
9560
9799
9956
9907
9737
9422
9179
8644
7573
5898
3720
1274
-1242
-3784
-6222
-8443
-10254
-11404
-11930
-11738
-10873
-9443
-7703
-6145
-4860
-3722
-2769
-1943
-1440
-1232
-1081
-875
-372
328
1035
1742
2427
3078
3450
3392
3181
2684
1849
731
-727
-2201
-3632
-4859
-5683
-6177
-6177
-5839
-5217
-4226
-3089
-1737
-170
1354
2857
4156
5331
6611
7726
8586
9196
9613
10072
10369
10436
10275
9816
9312
8538
7318
5741
3729
1498
-818
-3310
-5824
-8172
-9988
-11045
-11523
-11341
-10590
-9387
-7856
-6444
-5136
-3993
-3157
-2452
-2001
-1739
-1429
-1039
-382
407
1191
1997
2689
3331
3741
3628
3270
2678
1890
887
-512
-1986
-3358
-4562
-5386
-5932
-6131
-5917
-5369
-4437
-3403
-2266
-898
630
2282
3789
5032
6225
7309
8233
8859
9229
9655
10040
10218
10058
9658
9223
8685
7838
6598
4869
2776
399
-2163
-4780
-7241
-9253
-10617
-11411
-11678
-11257
-10147
-8545
-6900
-5467
-4291
-3372
-2702
-2202
-1855
-1547
-1235
-809
-171
570
1357
2154
2932
3613
3959
3876
3444
2645
1540
139
-1352
-2718
-3921
-4893
-5646
-6128
-6135
-5664
-4789
-3653
-2462
-1150
253
1703
3114
4323
5502
6720
7873
8802
9305
9598
9829
9948
9971
9826
9532
9051
8199
6947
5278
3217
995
-1356
-3862
-6387
-8721
-10429
-11410
-11784
-11455
-10533
-9132
-7576
-6235
-5033
-3984
-3028
-2228
-1724
-1321
-1016
-671
-140
489
1245
2004
2726
3302
3559
3589
3370
2827
1961
796
-540
-1906
-3202
-4356
-5302
-5906
-6007
-5645
-4942
-3996
-2960
-1809
-435
1142
2726
4094
5244
6227
7129
7913
8469
8779
8978
9282
9536
9551
9292
8792
8240
7547
6536
5080
3104
788
-1783
-4498
-7108
-9301
-10800
-11547
-11675
-11248
-10239
-8788
-7138
-5580
-4317
-3242
-2422
-1828
-1465
-1332
-1169
-916
-423
316
1127
1993
2714
3218
3511
3538
3343
2820
1910
717
-674
-2077
-3314
-4362
-5148
-5646
-5826
-5578
-4934
-3948
-2762
-1495
-61
1419
2809
4020
5067
6180
7331
8301
8922
9135
9278
9465
9559
9448
9045
8498
7817
6845
5589
3971
2053
-128
-2604
-5141
-7498
-9406
-10651
-11326
-11430
-10919
-9846
-8295
-6654
-5120
-3786
-2777
-2105
-1793
-1699
-1498
-1038
-335
329
851
1410
2133
2960
3684
4044
3964
3435
2507
1321
-7
-1299
-2454
-3476
-4373
-5169
-5753
-5900
-5594
-4883
-3898
-2655
-1171
373
1813
3098
4250
5300
6284
7189
7951
8431
8673
8861
9037
9109
8995
8733
8414
7900
7036
5763
4064
2068
-235
-2781
-5357
-7726
-9602
-10835
-11469
-11359
-10580
-9265
-7737
-6349
-5079
-3902
-2888
-2100
-1616
-1282
-990
-767
-450
-34
632
1482
2381
3173
3659
3791
3653
3204
2459
1336
-41
-1456
-2810
-3944
-4822
-5324
-5490
-5460
-5286
-4837
-3987
-2680
-1180
423
2021
3482
4696
5661
6572
7498
8210
8599
8810
8960
9087
8992
8834
8624
8256
7578
6516
5091
3390
1400
-788
-3214
-5753
-8087
-9901
-10946
-11295
-10985
-10091
-8734
-7225
-5793
-4544
-3413
-2479
-1815
-1476
-1320
-1150
-913
-592
-101
630
1558
2520
3252
3696
3823
3638
3116
2258
1192
-22
-1308
-2544
-3716
-4798
-5611
-6057
-5996
-5517
-4678
-3524
-2186
-748
704
2100
3492
4762
5835
6811
7508
8013
8269
8390
8487
8516
8402
8217
7919
7645
7195
6411
5287
3676
1751
-482
-2883
-5319
-7616
-9565
-10796
-11352
-11110
-10279
-8960
-7361
-5804
-4417
-3263
-2373
-1758
-1417
-1255
-1015
-754
-348
60
641
1361
2182
2952
3547
3847
3860
3465
2648
1512
171
-1082
-2339
-3481
-4520
-5311
-5823
-5931
-5671
-4923
-3822
-2409
-878
632
2085
3399
4593
5618
6545
7326
7941
8220
8338
8328
8330
8227
8007
7707
7408
6969
6269
5138
3599
1696
-568
-2991
-5438
-7612
-9322
-10475
-11049
-10931
-10130
-8727
-7138
-5591
-4213
-3102
-2307
-1865
-1639
-1421
-1127
-759
-295
240
927
1689
2487
3218
3737
3933
3772
3245
2405
1322
88
-1157
-2484
-3742
-4803
-5444
-5712
-5666
-5357
-4674
-3621
-2255
-806
615
2013
3335
4521
5485
6391
7196
7826
8140
8313
8414
8467
8335
8110
7820
7510
6998
6119
4841
3164
1228
-1000
-3410
-5832
-7940
-9526
-10442
-10794
-10497
-9684
-8408
-6922
-5487
-4146
-2984
-2114
-1649
-1561
-1559
-1393
-1095
-623
-111
568
1451
2479
3457
4108
4309
4183
3755
3001
1900
536
-936
-2441
-3869
-5055
-5755
-5958
-5762
-5341
-4676
-3662
-2323
-830
716
2203
3559
4706
5651
6538
7302
7795
8002
8053
8079
8096
7957
7723
7451
7109
6619
5798
4585
3007
1076
-1141
-3557
-5945
-7990
-9431
-10301
-10646
-10393
-9524
-8124
-6555
-5138
-3922
-2959
-2247
-1795
-1564
-1368
-1055
-638
-129
450
1134
1992
2861
3551
3984
4124
3988
3406
2384
1114
-183
-1439
-2727
-3946
-4923
-5461
-5642
-5545
-5245
-4634
-3605
-2216
-674
870
2273
3493
4509
5523
6574
7586
8223
8579
8784
8810
8612
8202
7771
7393
6894
6170
5185
3757
1924
-205
-2482
-4742
-6826
-8543
-9592
-10212
-10301
-9885
-8872
-7413
-5900
-4570
-3489
-2764
-2362
-2210
-2073
-1761
-1328
-785
-112
670
1570
2516
3444
4287
4771
4766
4274
3382
2251
937
-464
-1858
-3232
-4466
-5431
-5937
-6000
-5655
-4936
-3785
-2427
-1034
226
1480
2699
3789
4784
5831
6749
7426
7752
8035
8386
8578
8504
8246
7928
7550
6918
5920
4575
2786
776
-1386
-3618
-5816
-7798
-9330
-10199
-10517
-10189
-9273
-7934
-6529
-5315
-4306
-3387
-2645
-2110
-1796
-1506
-1100
-649
-114
532
1290
2170
3094
3925
4483
4579
4290
3548
2557
1318
-130
-1603
-2998
-4276
-5219
-5817
-5987
-5805
-5344
-4550
-3490
-2126
-619
835
2229
3529
4758
6029
7038
7796
8276
8661
9087
9327
9268
8969
8437
7860
7127
6055
4618
2772
711
-1552
-3897
-6129
-8011
-9360
-10087
-10393
-10200
-9472
-8308
-6842
-5389
-4172
-3198
-2527
-2061
-1831
-1711
-1401
-993
-318
441
1296
2273
3177
3905
4405
4588
4503
3928
2998
1724
114
-1529
-3041
-4231
-5117
-5789
-6152
-6110
-5677
-4756
-3544
-2049
-489
996
2361
3642
4649
5566
6387
7223
7925
8351
8668
8827
8750
8521
8228
7960
7551
6815
5662
4005
1977
-293
-2602
-4973
-7084
-8936
-10170
-10893
-10987
-10309
-9114
-7622
-6160
-4983
-3956
-3240
-2564
-1994
-1494
-1033
-630
-112
407
1030
1707
2554
3316
3835
3990
3840
3421
2673
1621
468
-810
-2054
-3276
-4258
-4983
-5421
-5521
-5248
-4551
-3586
-2398
-1094
283
1660
2974
4191
5405
6524
7447
8041
8460
8862
9278
9507
9438
9098
8516
7739
6692
5404
3808
1922
-180
-2495
-4936
-7212
-9108
-10295
-10868
-10786
-10142
-9044
-7682
-6271
-5008
-3969
-3142
-2565
-2178
-1875
-1557
-1155
-729
-239
431
1333
2503
3498
4234
4398
4213
3737
2899
1834
557
-863
-2178
-3518
-4478
-5142
-5506
-5557
-5307
-4597
-3540
-2245
-883
507
1800
3058
4174
5303
6417
7492
8355
8987
9277
9434
9256
9132
8890
8585
8000
6847
5310
3355
1239
-943
-3141
-5282
-7254
-8914
-10047
-10650
-10656
-10173
-9079
-7769
-6304
-5112
-4064
-3254
-2645
-2192
-1835
-1404
-946
-407
261
1011
1889
2817
3675
4346
4526
4329
3672
2761
1580
357
-962
-2312
-3693
-4871
-5646
-5931
-5762
-5200
-4313
-3201
-1983
-642
748
2200
3598
4773
5874
6716
7409
7906
8309
8721
9012
9050
8939
8687
8359
7750
6744
5401
3739
1787
-389
-2782
-5209
-7436
-9198
-10245
-10718
-10656
-10145
-9193
-7952
-6617
-5339
-4184
-3231
-2520
-2030
-1627
-1190
-708
-135
500
1208
1968
2780
3496
3957
4020
3672
3053
2231
1221
128
-1126
-2467
-3761
-4832
-5463
-5632
-5420
-4924
-4179
-3253
-2080
-749
647
2039
3357
4633
5916
7122
8121
8760
9200
9497
9665
9594
9286
8862
8335
7498
6272
4719
2942
1013
-1070
-3307
-5505
-7516
-9195
-10312
-10834
-10705
-9977
-8820
-7511
-6237
-5115
-4119
-3320
-2698
-2255
-1724
-1118
-484
121
718
1415
2260
3061
3685
3976
3904
3555
2912
1973
834
-410
-1664
-2848
-4019
-4954
-5575
-5700
-5366
-4700
-3843
-2827
-1675
-274
1202
2683
3983
5146
6177
7051
7710
8199
8648
9027
9293
9236
8974
8513
7952
7215
6303
5069
3463
1347
-1010
-3457
-5673
-7535
-8998
-9978
-10476
-10399
-9793
-8763
-7622
-6431
-5405
-4423
-3551
-2799
-2206
-1663
-1121
-513
139
881
1644
2387
3082
3572
3796
3614
3195
2532
1654
536
-670
-1895
-3082
-4090
-4783
-5094
-5112
-4892
-4501
-3834
-2860
-1599
-236
1138
2455
3758
4966
6117
7271
8218
8923
9393
9699
9708
9444
8940
8431
7910
7192
6112
4612
2688
525
-1730
-3990
-5978
-7646
-8916
-9901
-10419
-10348
-9619
-8492
-7229
-6077
-5103
-4258
-3484
-2783
-2249
-1764
-1168
-481
236
1057
1842
2608
3207
3614
3728
3625
3227
2449
1293
-42
-1312
-2412
-3373
-4138
-4743
-5214
-5340
-5091
-4447
-3497
-2226
-875
490
1655
2758
3846
4968
6087
7167
8038
8619
8986
9146
9157
9090
8931
8575
8077
7222
6049
4513
2821
900
-1239
-3447
-5526
-7384
-8865
-9786
-10124
-9955
-9419
-8594
-7647
-6548
-5462
-4476
-3578
-2786
-2244
-1827
-1407
-841
-109
731
1662
2485
3000
3210
3199
3077
2822
2285
1449
365
-866
-2120
-3249
-4080
-4566
-4778
-4743
-4512
-4073
-3417
-2507
-1286
129
1535
2833
3948
5008
6043
7057
8013
8811
9366
9688
9703
9492
9131
8634
8015
7106
5865
4350
2599
579
-1599
-3885
-5923
-7580
-8770
-9477
-9765
-9659
-9134
-8365
-7408
-6330
-5348
-4477
-3817
-3299
-2808
-2247
-1548
-707
93
950
1744
2483
3136
3542
3674
3529
3037
2268
1229
-2
-1255
-2490
-3587
-4471
-5103
-5433
-5380
-4978
-4149
-3182
-2149
-1018
249
1673
3103
4375
5507
6489
7348
8106
8731
9212
9511
9576
9472
9170
8640
8007
7082
5859
4310
2443
426
-1740
-4005
-6040
-7749
-8947
-9639
-9823
-9551
-8930
-8185
-7247
-6239
-5256
-4329
-3601
-2987
-2495
-1935
-1304
-628
66
878
1712
2524
3117
3484
3534
3305
2703
1848
826
-242
-1336
-2495
-3562
-4431
-4953
-5140
-4987
-4578
-3905
-3063
-2023
-900
333
1566
2790
3990
5270
6514
7585
8384
8955
9389
9725
9841
9660
9233
8635
7872
6835
5494
3863
2020
8
-2056
-4133
-6052
-7684
-8882
-9618
-9894
-9675
-8956
-8028
-7014
-6054
-5110
-4250
-3579
-3168
-2777
-2245
-1568
-795
37
929
1819
2599
3170
3490
3547
3380
2879
2031
810
-470
-1675
-2708
-3642
-4379
-4812
-4910
-4836
-4498
-3884
-2911
-1758
-552
682
1957
3222
4434
5654
6699
7632
8417
9081
9580
9882
9844
9622
9150
8499
7509
6259
4748
3116
1384
-577
-2767
-4964
-6806
-8202
-9037
-9390
-9283
-8837
-8219
-7605
-6906
-6185
-5371
-4535
-3772
-3132
-2520
-1847
-1029
-104
759
1558
2276
2932
3419
3661
3601
3246
2546
1498
277
-925
-2020
-2982
-3772
-4403
-4734
-4809
-4638
-4204
-3549
-2694
-1605
-464
643
1758
2930
4270
5635
6888
7914
8766
9377
9732
9837
9728
9349
8839
8163
7200
5996
4460
2651
741
-1332
-3459
-5326
-6941
-8107
-8834
-9191
-9104
-8612
-7934
-7104
-6247
-5454
-4794
-4290
-3821
-3299
-2632
-1823
-946
-115
667
1412
2227
2985
3572
3825
3667
3127
2241
1146
83
-978
-2105
-3212
-4221
-4875
-5108
-5015
-4619
-3983
-3237
-2343
-1314
-128
1134
2395
3713
5055
6291
7356
8213
8972
9652
10037
10133
9950
9464
8783
7900
6694
5153
3264
1195
-858
-2847
-4690
-6274
-7448
-8174
-8624
-8780
-8509
-7925
-7167
-6407
-5792
-5285
-4848
-4431
-3907
-3196
-2351
-1493
-617
334
1264
2139
2957
3566
3891
3877
3438
2635
1607
416
-794
-1889
-2862
-3714
-4341
-4693
-4823
-4735
-4345
-3666
-2769
-1715
-623
490
1708
2992
4273
5518
6557
7390
8164
8823
9270
9504
9520
9338
8953
8355
7538
6448
5024
3248
1188
-992
-3122
-5034
-6579
-7708
-8483
-8912
-8966
-8649
-8066
-7320
-6509
-5759
-5093
-4465
-3859
-3256
-2612
-1981
-1355
-594
318
1306
2291
3071
3534
3657
3426
2912
2182
1250
240
-813
-1887
-2845
-3685
-4365
-4746
-4811
-4496
-3813
-3002
-2132
-1181
-207
811
1876
3006
4248
5538
6700
7627
8464
9262
9795
10001
9945
9593
8972
8052
6869
5567
4046
2231
262
-1780
-3751
-5494
-6948
-7966
-8498
-8611
-8359
-7875
-7306
-6723
-6167
-5575
-5005
-4548
-4099
-3551
-2899
-2191
-1402
-498
462
1412
2313
3055
3573
3786
3560
2891
1929
815
-309
-1400
-2424
-3241
-3838
-4281
-4539
-4613
-4463
-3991
-3164
-2052
-839
344
1475
2611
3867
5136
6243
7272
8246
9030
9545
9728
9647
9375
8919
8345
7489
6297
4865
3162
1259
-744
-2797
-4591
-6011
-7119
-7855
-8247
-8268
-7925
-7421
-6828
-6199
-5643
-5108
-4723
-4426
-4026
-3483
-2731
-1781
-781
250
1269
2144
2875
3449
3759
3732
3318
2540
1486
238
-1043
-2259
-3297
-4077
-4582
-4767
-4614
-4253
-3784
-3100
-2203
-1160
-3
1118
2143
3177
4272
5373
6440
7491
8383
9006
9328
9404
9341
9143
8765
8084
7087
5741
4040
2105
92
-1938
-3863
-5538
-6894
-7841
-8389
-8540
-8273
-7732
-7085
-6486
-6033
-5491
-4948
-4499
-4015
-3449
-2790
-2062
-1260
-284
762
1767
2707
3333
3561
3507
3195
2628
1869
876
-211
-1329
-2420
-3347
-4088
-4546
-4635
-4466
-4069
-3421
-2611
-1665
-668
401
1567
2741
3932
5135
6176
7137
8071
8860
9373
9483
9359
9139
8804
8323
7513
6299
4783
2960
1006
-950
-2863
-4636
-6205
-7395
-8093
-8367
-8222
-7761
-7225
-6647
-6088
-5552
-5052
-4631
-4195
-3713
-3185
-2581
-1922
-1157
-213
830
1870
2760
3368
3597
3428
2944
2197
1216
164
-888
-1942
-2926
-3772
-4327
-4531
-4453
-4178
-3692
-2982
-2065
-1023
51
1095
2144
3305
4504
5635
6667
7589
8407
9039
9331
9374
9290
9093
8664
7935
6843
5391
3709
1870
-69
-2021
-3852
-5500
-6814
-7688
-8106
-8112
-7787
-7322
-6820
-6347
-5845
-5287
-4763
-4385
-4118
-3765
-3221
-2398
-1397
-296
795
1768
2565
3123
3387
3379
3047
2475
1694
708
-456
-1722
-2901
-3846
-4388
-4565
-4457
-4160
-3731
-3104
-2251
-1232
-151
912
2047
3182
4314
5358
6296
7203
8046
8872
9441
9637
9561
9202
8621
7801
6769
5555
4109
2466
555
-1446
-3382
-5065
-6387
-7307
-7801
-8022
-7889
-7532
-7064
-6459
-5840
-5269
-4890
-4653
-4384
-3975
-3328
-2562
-1737
-814
242
1313
2197
2860
3294
3478
3318
2803
2046
1164
147
-1050
-2333
-3457
-4258
-4633
-4644
-4394
-3941
-3403
-2723
-1874
-799
441
1702
2992
4203
5237
6016
6644
7335
8089
8818
9257
9383
9215
8761
8150
7288
6235
4877
3194
1355
-632
-2540
-4310
-5804
-6859
-7514
-7714
-7619
-7289
-6881
-6459
-5995
-5543
-5052
-4667
-4300
-3909
-3441
-2776
-2022
-1080
-71
905
1818
2494
2987
3202
3125
2756
2059
1111
-45
-1241
-2339
-3231
-3910
-4379
-4587
-4550
-4210
-3644
-2914
-2012
-1004
125
1286
2449
3632
4778
5898
6926
7837
8611
9147
9369
9282
9008
8667
8249
7625
6667
5310
3613
1681
-338
-2250
-3962
-5393
-6526
-7340
-7769
-7817
-7522
-7001
-6419
-5873
-5368
-4895
-4492
-4209
-3970
-3570
-2932
-2114
-1230
-362
543
1400
2133
2703
3015
3083
2813
2166
1275
206
-921
-2035
-3133
-4037
-4626
-4813
-4613
-4203
-3676
-3054
-2283
-1271
-138
1058
2277
3445
4610
5688
6642
7536
8260
8766
9067
9148
9134
8934
8466
7741
6711
5472
3996
2271
425
-1499
-3282
-4777
-5995
-6877
-7415
-7566
-7354
-6935
-6420
-5876
-5399
-5027
-4774
-4559
-4231
-3780
-3192
-2496
-1735
-887
51
1072
1991
2632
2973
3051
2893
2415
1535
380
-778
-1804
-2693
-3458
-4127
-4601
-4809
-4700
-4234
-3451
-2415
-1276
-172
937
2041
3210
4414
5556
6550
7383
8117
8703
9076
9191
9126
8872
8438
7747
6765
5553
4179
2580
794
-1133
-3001
-4688
-6030
-6907
-7357
-7399
-7142
-6758
-6398
-6039
-5654
-5229
-4844
-4507
-4177
-3763
-3228
-2584
-1902
-1069
-125
852
1758
2495
3000
3209
3077
2551
1704
640
-467
-1577
-2657
-3569
-4215
-4543
-4564
-4408
-4021
-3381
-2461
-1345
-253
783
1825
2963
4163
5242
6100
6859
7622
8348
8881
9090
9078
8898
8496
7840
6897
5741
4413
2878
1194
-612
-2372
-4004
-5462
-6589
-7250
-7488
-7387
-7057
-6605
-6106
-5621
-5135
-4712
-4428
-4258
-4061
-3684
-3021
-2145
-1145
-162
751
1596
2353
2894
3115
2965
2482
1767
884
-115
-1184
-2281
-3281
-4048
-4534
-4647
-4382
-3852
-3229
-2553
-1762
-798
310
1507
2681
3793
4848
5855
6814
7731
8532
9104
9334
9265
8994
8552
7927
7089
6008
4714
3146
1352
-551
-2420
-4022
-5275
-6202
-6813
-7174
-7253
-7038
-6700
-6220
-5746
-5348
-4989
-4706
-4468
-4136
-3755
-3130
-2348
-1468
-506
399
1244
2040
2655
3065
3166
2835
2232
1314
241
-891
-1986
-2914
-3610
-4159
-4434
-4505
-4279
-3723
-2934
-1932
-832
232
1316
2414
3551
4727
5760
6708
7555
8235
8712
8889
8794
8637
8341
7939
7282
6300
5059
3527
1780
-28
-1836
-3410
-4716
-5818
-6621
-7121
-7200
-6865
-6398
-5946
-5549
-5285
-4979
-4742
-4513
-4182
-3763
-3206
-2512
-1741
-768
266
1233
2123
2778
3162
3232
2833
2097
1157
51
-973
-2049
-3044
-3846
-4470
-4755
-4709
-4375
-3728
-2945
-2049
-1125
-175
804
1861
2995
4206
5384
6366
7184
7790
8373
8838
9068
9086
8786
8253
7502
6501
5362
4037
2511
829
-895
-2638
-4162
-5460
-6501
-7060
-7161
-6816
-6365
-6020
-5715
-5433
-5074
-4672
-4313
-4009
-3782
-3482
-2956
-2180
-1192
-112
793
1604
2344
2905
3282
3246
2821
2031
906
-300
-1478
-2560
-3409
-4046
-4443
-4597
-4493
-4143
-3582
-2786
-1782
-712
372
1498
2632
3786
4830
5711
6463
7192
7912
8463
8667
8617
8448
8216
7762
6942
5808
4519
3136
1639
-16
-1751
-3308
-4647
-5773
-6656
-7206
-7325
-6996
-6451
-5762
-5150
-4725
-4483
-4441
-4395
-4196
-3816
-3165
-2390
-1486
-461
478
1311
1934
2362
2683
2879
2857
2501
1656
524
-786
-2035
-3054
-3824
-4270
-4401
-4330
-4059
-3652
-3043
-2183
-1228
-200
866
1990
3172
4313
5314
6267
7159
7997
8605
8880
8864
8656
8353
7968
7342
6449
5302
3901
2344
608
-1265
-3009
-4481
-5580
-6277
-6778
-6990
-6891
-6583
-6214
-5814
-5399
-4985
-4622
-4332
-4093
-3785
-3331
-2732
-1940
-947
65
1058
1943
2604
3036
3108
2852
2370
1669
741
-356
-1544
-2672
-3534
-4119
-4500
-4644
-4555
-4219
-3591
-2686
-1676
-548
621
1730
2773
3711
4547
5369
6207
7040
7733
8223
8417
8342
8201
7968
7577
7022
6244
5204
3965
2414
629
-1212
-2913
-4365
-5531
-6418
-6937
-7084
-6868
-6473
-6070
-5663
-5231
-4746
-4316
-4048
-3917
-3712
-3289
-2558
-1687
-822
35
905
1713
2391
2746
2781
2549
2052
1336
444
-537
-1561
-2539
-3388
-3985
-4269
-4208
-3950
-3519
-2904
-2156
-1251
-240
702
1626
2586
3585
4593
5538
6355
7049
7626
8060
8300
8382
8331
8008
7483
6810
5924
4874
3600
2004
228
-1577
-3251
-4664
-5714
-6456
-6884
-6952
-6724
-6380
-5966
-5540
-5192
-4912
-4696
-4501
-4183
-3683
-3086
-2449
-1733
-925
-105
733
1538
2246
2725
2873
2649
2099
1333
466
-470
-1404
-2292
-3107
-3769
-4186
-4293
-4058
-3481
-2682
-1849
-1088
-283
658
1720
2852
3942
4893
5651
6246
6795
7357
7909
8278
8370
8214
7860
7363
6736
6013
5097
3883
2380
644
-1121
-2736
-4112
-5227
-6120
-6742
-7030
-6958
-6680
-6371
-6025
-5667
-5264
-4895
-4637
-4373
-3979
-3368
-2625
-1839
-1005
-132
820
1679
2288
2596
2602
2385
1938
1258
384
-562
-1466
-2270
-2918
-3415
-3716
-3802
-3705
-3374
-2792
-1959
-986
4
916
1739
2593
3455
4282
5043
5678
6229
6771
7285
7669
7868
7916
7773
7455
6988
6321
5489
4491
3230
1715
28
-1747
-3468
-4971
-6124
-6828
-7079
-7024
-6862
-6662
-6356
-5860
-5204
-4583
-4113
-3792
-3559
-3247
-2798
-2253
-1541
-648
294
1172
1830
2168
2272
2215
1947
1439
757
-55
-944
-1781
-2498
-3049
-3356
-3471
-3443
-3216
-2769
-2084
-1185
-216
655
1410
2127
2883
3699
4541
5310
5935
6456
6915
7310
7602
7767
7759
7566
7162
6505
5598
4453
3071
1522
-122
-1780
-3336
-4675
-5711
-6406
-6755
-6766
-6535
-6185
-5821
-5522
-5254
-4950
-4577
-4109
-3593
-3111
-2656
-2174
-1575
-796
99
978
1684
2168
2443
2527
2366
1893
1179
309
-619
-1478
-2173
-2660
-2940
-3079
-3200
-3236
-3051
-2549
-1735
-801
130
989
1799
2611
3397
4124
4775
5403
6020
6589
7056
7339
7425
7343
7128
6814
6424
5877
5085
4009
2629
1044
-597
-2211
-3720
-5047
-6126
-6873
-7214
-7176
-6876
-6433
-5937
-5454
-5047
-4674
-4294
-3900
-3466
-2943
-2327
-1617
-777
40
754
1372
1841
2172
2364
2349
2055
1425
597
-322
-1173
-1832
-2370
-2793
-3061
-3118
-2989
-2661
-2172
-1526
-731
136
964
1620
2163
2733
3305
3986
4773
5486
6167
6684
7038
7245
7379
7493
7410
7097
6524
5662
4562
3203
1567
-209
-1940
-3443
-4742
-5795
-6643
-7185
-7386
-7177
-6670
-6116
-5542
-5002
-4468
-3947
-3534
-3215
-2888
-2530
-2041
-1473
-748
50
801
1445
1957
2218
2211
1961
1522
1039
469
-180
-872
-1602
-2295
-2776
-3007
-2968
-2847
-2652
-2277
-1725
-984
-71
879
1787
2577
3231
3842
4414
5001
5645
6267
6813
7126
7149
7092
7031
6916
6696
6203
5413
4345
2992
1426
-317
-2089
-3664
-4941
-5950
-6727
-7286
-7445
-7192
-6654
-5988
-5292
-4683
-4224
-3938
-3697
-3409
-3034
-2528
-1966
-1376
-718
23
767
1439
1899
2155
2200
2058
1698
1184
519
-266
-1099
-1827
-2401
-2759
-2887
-2853
-2728
-2473
-1953
-1150
-212
645
1345
1956
2606
3265
3954
4600
5174
5706
6243
6689
7018
7142
7185
7144
6941
6537
5885
4920
3739
2312
695
-1013
-2796
-4378
-5659
-6589
-7102
-7220
-7141
-6791
-6340
-5747
-5092
-4424
-3900
-3559
-3358
-3122
-2806
-2331
-1778
-1206
-517
172
858
1472
1964
2237
2309
2014
1539
937
316
-327
-975
-1708
-2380
-2858
-3019
-2922
-2665
-2195
-1593
-939
-226
482
1096
1779
2509
3317
4166
4992
5653
6231
6745
7086
7183
7225
7240
7193
7006
6488
5591
4460
3097
1519
-200
-1960
-3550
-4900
-6071
-6937
-7375
-7374
-6997
-6463
-5941
-5430
-4925
-4418
-3930
-3556
-3298
-3060
-2720
-2244
-1616
-892
-84
699
1351
1819
2157
2326
2275
1935
1348
661
7
-625
-1319
-2006
-2579
-2910
-2942
-2744
-2422
-1897
-1213
-481
198
815
1438
2164
2962
3763
4469
5060
5622
6172
6668
7074
7361
7515
7547
7344
6811
5942
4895
3694
2319
714
-1100
-2985
-4659
-5954
-6794
-7165
-7152
-6892
-6544
-6112
-5586
-4956
-4325
-3832
-3591
-3434
-3206
-2852
-2436
-1973
-1428
-718
90
833
1437
1912
2281
2478
2399
1989
1358
600
-192
-971
-1679
-2247
-2605
-2784
-2813
-2664
-2319
-1783
-1111
-406
295
1019
1787
2595
3393
4097
4700
5252
5812
6406
6946
7302
7396
7214
6830
6337
5777
5120
4258
3102
1618
-103
-1849
-3466
-4851
-5907
-6620
-6983
-7063
-6924
-6578
-6039
-5344
-4605
-4008
-3633
-3454
-3285
-2960
-2503
-1982
-1463
-924
-282
422
1115
1670
2005
2226
2319
2229
1906
1292
497
-390
-1285
-2002
-2442
-2570
-2460
-2313
-2182
-2021
-1702
-1093
-327
433
1181
1919
2681
3481
4265
5012
5674
6265
6775
7147
7340
7368
7247
6993
6507
5730
4698
3406
1932
322
-1353
-2955
-4377
-5633
-6593
-7223
-7424
-7168
-6579
-5864
-5138
-4532
-4097
-3800
-3588
-3364
-3104
-2768
-2403
-1906
-1303
-596
150
913
1582
2179
2535
2604
2443
2028
1379
627
-164
-982
-1726
-2304
-2639
-2791
-2784
-2703
-2407
-1838
-1035
-209
525
1140
1758
2420
3130
3857
4558
5273
5979
6576
7018
7323
7480
7476
7256
6744
5943
4996
3879
2510
904
-852
-2616
-4169
-5420
-6343
-6945
-7177
-7034
-6596
-6030
-5489
-4985
-4488
-4030
-3600
-3225
-2892
-2554
-2231
-1904
-1449
-760
119
1010
1665
2012
2207
2371
2368
2146
1706
1052
241
-612
-1434
-2098
-2494
-2661
-2748
-2741
-2552
-2157
-1576
-900
-173
649
1586
2466
3165
3743
4290
4858
5514
6180
6708
7026
7129
7022
6785
6470
5995
5262
4276
3074
1665
108
-1558
-3238
-4729
-5835
-6545
-6920
-6996
-6845
-6490
-5926
-5222
-4503
-3879
-3443
-3223
-3087
-2871
-2508
-2047
-1541
-978
-342
348
1015
1587
2035
2308
2401
2232
1743
1034
235
-518
-1175
-1702
-2082
-2356
-2542
-2573
-2384
-1922
-1285
-649
-79
422
981
1745
2665
3621
4473
5154
5735
6244
6724
7124
7311
7325
7202
6903
6355
5471
4360
3088
1615
9
-1641
-3158
-4428
-5509
-6344
-6858
-6999
-6803
-6406
-5881
-5297
-4741
-4265
-3902
-3645
-3429
-3154
-2773
-2311
-1795
-1230
-570
171
883
1482
1907
2184
2320
2232
1892
1333
654
-49
-781
-1494
-2105
-2528
-2720
-2751
-2613
-2267
-1694
-916
-64
748
1466
2127
2827
3558
4283
4906
5428
5912
6371
6775
7030
7115
7055
6810
6358
5670
4751
3655
2354
856
-784
-2464
-4022
-5360
-6408
-7051
-7262
-7066
-6614
-6038
-5425
-4824
-4272
-3800
-3421
-3098
-2827
-2585
-2323
-1975
-1482
-845
-100
647
1291
1741
2005
2111
2084
1858
1430
821
121
-603
-1275
-1830
-2223
-2468
-2582
-2533
-2282
-1802
-1171
-457
264
987
1727
2507
3297
4068
4770
5415
6005
6522
6909
7102
7093
6942
6683
6309
5711
4844
3702
2338
834
-715
-2213
-3604
-4873
-5992
-6845
-7282
-7232
-6817
-6219
-5646
-5115
-4584
-4028
-3553
-3147
-2801
-2446
-2059
-1682
-1310
-823
-208
498
1202
1760
2140
2307
2279
2026
1584
944
221
-478
-1128
-1730
-2152
-2424
-2522
-2444
-2207
-1785
-1157
-449
219
922
1670
2434
3196
3865
4425
5049
5702
6258
6635
6792
6772
6745
6668
6359
5733
4827
3701
2484
1130
-403
-2013
-3562
-4919
-5953
-6608
-6848
-6724
-6391
-6000
-5578
-5028
-4367
-3738
-3346
-3151
-3010
-2783
-2393
-1851
-1255
-632
-52
447
894
1333
1744
2043
2118
1841
1318
718
126
-461
-1084
-1736
-2285
-2587
-2584
-2348
-1960
-1510
-1048
-537
51
723
1493
2324
3112
3819
4419
4946
5486
6016
6465
6790
6935
6908
6714
6344
5801
5062
4104
2931
1558
50
-1485
-2985
-4356
-5527
-6407
-6896
-6975
-6714
-6221
-5635
-5023
-4424
-3885
-3426
-3061
-2773
-2535
-2328
-2084
-1719
-1184
-501
187
770
1218
1524
1725
1799
1675
1345
864
293
-316
-949
-1579
-2111
-2451
-2552
-2425
-2102
-1676
-1170
-583
91
845
1642
2429
3155
3833
4481
5111
5718
6241
6585
6739
6767
6749
6668
6408
5813
4905
3784
2539
1197
-234
-1701
-3115
-4367
-5405
-6167
-6583
-6643
-6446
-6067
-5573
-4971
-4355
-3815
-3429
-3177
-2953
-2684
-2333
-1882
-1318
-690
-90
443
928
1368
1716
1866
1766
1427
970
424
-161
-748
-1287
-1734
-2109
-2370
-2466
-2334
-1968
-1497
-990
-454
147
833
1539
2266
2980
3724
4443
5056
5560
5994
6408
6715
6810
6674
6328
5860
5275
4572
3711
2653
1396
-57
-1557
-2956
-4135
-5058
-5787
-6303
-6522
-6367
-5875
-5257
-4621
-4056
-3634
-3333
-3061
-2734
-2366
-2007
-1660
-1288
-920
-506
-11
506
996
1352
1544
1543
1331
1020
629
116
-545
-1244
-1806
-2207
-2445
-2505
-2336
-1994
-1558
-1016
-398
303
1052
1825
2602
3271
3892
4499
5070
5605
6041
6383
6566
6569
6450
6216
5830
5227
4425
3423
2258
960
-429
-1807
-3138
-4321
-5291
-5965
-6233
-6172
-5895
-5531
-5129
-4618
-4077
-3575
-3171
-2883
-2609
-2352
-2108
-1814
-1399
-814
-180
371
808
1139
1367
1448
1315
973
575
197
-175
-636
-1219
-1735
-2118
-2293
-2222
-1997
-1668
-1298
-840
-213
509
1257
2004
2672
3251
3793
4328
4910
5486
5964
6321
6420
6284
6053
5738
5357
4841
4184
3414
2398
1097
-392
-1903
-3206
-4181
-4901
-5449
-5825
-5951
-5731
-5307
-4827
-4350
-3963
-3608
-3269
-2927
-2561
-2244
-1946
-1634
-1301
-897
-420
87
540
878
1102
1236
1212
951
525
15
-493
-971
-1420
-1757
-1977
-2041
-1953
-1752
-1405
-963
-453
97
656
1248
1912
2616
3298
3955
4524
5000
5382
5679
5975
6196
6289
6241
5967
5437
4657
3709
2711
1654
475
-790
-2097
-3298
-4263
-5003
-5479
-5691
-5610
-5276
-4843
-4440
-4120
-3831
-3505
-3134
-2785
-2466
-2192
-1927
-1573
-1159
-661
-159
273
613
820
961
979
865
610
229
-200
-641
-1034
-1416
-1694
-1849
-1910
-1808
-1639
-1321
-882
-398
227
856
1559
2356
3096
3785
4340
4772
5215
5640
5961
6164
6155
5981
5707
5196
4600
3916
3081
2228
1177
-25
-1239
-2468
-3471
-4218
-4757
-5029
-5192
-5252
-5148
-4963
-4539
-3952
-3458
-3018
-2765
-2658
-2509
-2358
-2062
-1610
-1138
-606
-126
269
626
800
870
904
744
488
151
-331
-792
-1217
-1565
-1752
-1872
-1900
-1759
-1431
-912
-322
277
924
1498
1975
2505
3077
3699
4338
4845
5274
5592
5700
5676
5628
5585
5458
5115
4536
3724
2700
1556
372
-746
-1731
-2664
-3528
-4229
-4734
-5004
-5003
-4778
-4488
-4238
-4047
-3859
-3550
-3173
-2851
-2545
-2233
-1950
-1688
-1417
-1081
-625
-113
327
637
843
885
710
411
59
-348
-751
-1125
-1413
-1554
-1624
-1624
-1475
-1175
-777
-318
206
732
1208
1702
2248
2781
3291
3703
4033
4506
5029
5338
5444
5404
5299
5180
4973
4604
3979
3071
2074
1093
133
-797
-1795
-2871
-3855
-4645
-5148
-5224
-4997
-4671
-4281
-3830
-3323
-2813
-2465
-2242
-2030
-1885
-1735
-1528
-1334
-1051
-727
-533
-359
-235
-218
-192
-197
-214
-213
-328
-518
-778
-1166
-1472
-1584
-1582
-1429
-1146
-740
-209
244
643
1131
1678
2315
2954
3445
3861
4242
4590
4949
5264
5462
5447
5262
5005
4599
4002
3224
2296
1312
281
-781
-1785
-2677
-3397
-3887
-4133
-4097
-3766
-3219
-2604
-2111
-1730
-1411
-1307
-1403
-1589
-1839
-2060
-2216
-2355
-2506
-2483
-2168
-1780
-1388
-958
-633
-527
-584
-737
-978
-1222
-1395
-1518
-1673
-1795
-1714
-1423
-936
-326
256
783
1272
1710
2127
2590
3083
3500
3744
3844
3961
4038
4030
4083
4187
4252
4189
4007
3810
3564
3184
2614
1824
896
-10
-832
-1600
-2239
-2705
-3005
-3127
-3091
-2901
-2657
-2415
-2157
-1907
-1699
-1605
-1667
-1957
-2394
-2760
-2999
-3086
-2968
-2645
-2217
-1809
-1417
-1073
-842
-711
-652
-626
-674
-777
-892
-1068
-1192
-1211
-1107
-855
-494
-2
566
1166
1690
2045
2322
2551
2769
2958
3106
3246
3357
3507
3695
3876
4037
4152
4189
4021
3687
3280
2794
2287
1718
1061
297
-521
-1250
-1845
-2246
-2432
-2458
-2359
-2184
-1984
-1841
-1772
-1755
-1822
-2030
-2331
-2635
-2946
-3208
-3325
-3333
-3278
-3119
-2801
-2359
-1886
-1444
-1101
-886
-784
-767
-822
-912
-1002
-1050
-992
-784
-466
-99
300
696
1068
1444
1828
2182
2469
2699
2900
3085
3192
3162
3093
3155
3364
3591
3770
3859
3783
3555
3241
2906
2544
2083
1454
700
-21
-615
-1092
-1473
-1768
-1966
-2039
-1995
-1895
-1791
-1701
-1639
-1662
-1835
-2159
-2555
-2920
-3221
-3450
-3568
-3529
-3319
-2963
-2498
-1974
-1488
-1093
-792
-584
-498
-552
-670
-757
-780
-785
-797
-771
-616
-308
97
539
991
1438
1825
2114
2319
2486
2660
2849
3006
3106
3161
3210
3283
3346
3383
3389
3365
3294
3097
2730
2230
1651
1066
501
-30
-464
-791
-1014
-1158
-1272
-1375
-1460
-1507
-1547
-1597
-1674
-1784
-1958
-2255
-2636
-3023
-3325
-3458
-3427
-3268
-3032
-2740
-2399
-2027
-1631
-1275
-997
-823
-783
-821
-907
-976
-946
-834
-627
-358
-92
163
384
625
935
1308
1706
2035
2229
2325
2433
2643
2939
3263
3543
3673
3621
3409
3133
2917
2724
2492
2140
1628
1066
485
-42
-416
-615
-599
-447
-258
-59
77
138
102
-62
-346
-747
-1292
-1997
-2796
-3527
-3978
-4080
-3905
-3510
-2967
-2335
-1714
-1223
-912
-732
-654
-721
-914
-1235
-1554
-1793
-1926
-1841
-1588
-1153
-606
-43
506
974
1363
1665
1855
1858
1682
1395
1128
1026
1063
1249
1508
1719
1892
2039
2281
2626
2949
3143
3176
3114
2944
2698
2357
1944
1509
1003
514
97
-225
-449
-635
-791
-913
-1023
-1144
-1270
-1415
-1568
-1712
-1903
-2157
-2419
-2637
-2744
-2760
-2753
-2710
-2617
-2465
-2217
-1930
-1626
-1340
-1144
-1021
-945
-843
-708
-664
-703
-694
-527
-219
62
305
575
854
1101
1274
1470
1708
1906
2058
2149
2190
2155
2052
2030
2110
2230
2335
2415
2516
2571
2534
2432
2263
2044
1726
1339
979
621
267
-86
-415
-673
-903
-1099
-1244
-1347
-1431
-1567
-1731
-1898
-2081
-2246
-2421
-2571
-2626
-2574
-2411
-2231
-2090
-1979
-1887
-1766
-1619
-1441
-1221
-1021
-838
-721
-677
-636
-565
-397
-162
72
282
422
535
669
841
1075
1304
1488
1625
1717
1804
1875
1940
2012
2060
2123
2205
2304
2368
2307
2153
1986
1886
1831
1712
1507
1231
930
670
461
328
247
136
-55
-354
-715
-1080
-1401
-1639
-1806
-1936
-2081
-2298
-2556
-2714
-2664
-2416
-2087
-1801
-1614
-1538
-1550
-1607
-1639
-1574
-1426
-1256
-1122
-1078
-1102
-1109
-1004
-752
-385
39
436
711
834
857
930
1169
1488
1714
1747
1617
1454
1385
1458
1585
1693
1770
1820
1903
2041
2166
2231
2232
2146
1992
1816
1589
1306
1026
749
481
254
48
-146
-346
-569
-784
-957
-1104
-1265
-1421
-1580
-1809
-2049
-2211
-2263
-2192
-2085
-2020
-1965
-1863
-1713
-1554
-1427
-1368
-1319
-1225
-1124
-1011
-942
-996
-1049
-957
-694
-294
159
520
732
874
969
1047
1128
1146
1141
1140
1082
990
959
1012
1112
1305
1553
1727
1814
1806
1766
1840
1983
2092
2123
2002
1728
1359
987
691
526
440
267
51
-120
-315
-460
-575
-787
-1017
-1261
-1505
-1658
-1784
-1898
-1936
-1883
-1779
-1738
-1738
-1740
-1743
-1695
-1655
-1586
-1450
-1404
-1374
-1235
-1028
-776
-579
-468
-375
-262
-28
278
537
713
752
740
760
832
1005
1159
1215
1218
1131
1028
1000
1067
1205
1270
1267
1338
1488
1654
1746
1742
1700
1608
1496
1414
1296
1162
992
722
440
186
-33
-223
-469
-723
-953
-1171
-1261
-1192
-1058
-1032
-1207
-1446
-1651
-1763
-1706
-1545
-1375
-1252
-1192
-1141
-1126
-1172
-1187
-1124
-1022
-915
-824
-764
-716
-667
-606
-458
-209
66
301
467
586
656
665
636
618
669
748
787
784
766
762
793
845
936
1099
1326
1563
1743
1826
1806
1706
1547
1365
1181
1004
822
622
395
152
-100
-318
-475
-599
-689
-740
-754
-755
-783
-827
-847
-837
-810
-826
-904
-999
-1091
-1160
-1221
-1267
-1258
-1197
-1084
-931
-786
-652
-527
-416
-316
-271
-266
-247
-201
-107
35
205
348
411
402
371
380
450
513
549
583
596
577
557
597
694
781
817
823
869
962
1060
1132
1158
1115
1000
815
583
373
214
81
-20
-111
-233
-352
-412
-391
-302
-228
-253
-366
-510
-635
-687
-660
-630
-661
-746
-889
-1015
-993
-868
-741
-678
-725
-772
-688
-496
-257
-47
45
34
13
2
-22
-27
-10
35
122
185
208
247
269
239
197
165
153
181
242
314
405
492
532
554
625
762
882
884
730
516
432
529
702
799
703
419
94
-90
-106
-31
11
-99
-277
-340
-283
-177
-114
-187
-350
-493
-579
-633
-664
-677
-695
-691
-628
-563
-509
-461
-486
-518
-447
-306
-118
38
60
30
64
127
185
222
194
149
140
84
7
-40
-76
-57
-2
20
69
153
215
240
207
179
266
469
702
831
783
632
456
312
251
257
280
298
251
102
-54
-136
-128
-62
-56
-162
-283
-336
-290
-176
-105
-123
-195
-315
-446
-509
-509
-445
-342
-300
-349
-428
-483
-449
-331
-209
-106
-29
10
38
48
56
130
254
373
436
358
190
35
-68
-49
54
116
113
23
-115
-157
-41
154
352
444
380
270
210
241
357
469
517
497
385
221
38
-137
-237
-262
-230
-145
-53
-37
-132
-278
-377
-345
-201
-58
-15
-92
-205
-258
-235
-167
-121
-149
-214
-259
-282
-251
-156
-71
-43
-35
-3
65
134
174
216
303
422
523
524
407
257
138
91
123
155
101
-41
-212
-338
-337
-215
-26
143
202
168
112
76
126
246
285
181
-2
-195
-302
-257
-172
-162
-198
-239
-291
-294
-251
-244
-240
-217
-215
-244
-303
-373
-401
-351
-275
-199
-98
3
68
61
-19
-72
-61
-16
45
53
32
58
85
138
207
219
263
409
586
732
779
677
473
312
293
391
512
497
274
27
-96
-85
14
66
29
27
84
143
185
163
119
144
235
291
231
90
-70
-213
-316
-420
-536
-612
-648
-650
-626
-602
-591
-576
-527
-436
-330
-253
-245
-344
-484
-552
-519
-410
-290
-217
-202
-202
-189
-157
-85
22
98
147
218
313
445
602
672
605
513
470
498
608
691
670
630
591
490
365
239
117
105
214
301
321
295
226
192
228
237
194
114
6
-77
-94
-77
-100
-217
-393
-533
-584
-542
-450
-394
-389
-410
-478
-578
-670
-746
-764
-685
-539
-398
-310
-288
-299
-251
-117
29
108
78
-29
-104
-89
4
130
229
273
266
237
241
324
464
598
679
695
658
563
436
350
330
356
396
370
288
239
244
298
372
386
320
232
154
123
128
104
65
40
30
8
-58
-145
-190
-203
-258
-396
-587
-708
-695
-598
-497
-443
-430
-437
-491
-583
-637
-605
-473
-323
-263
-305
-406
-492
-473
-330
-137
6
11
-93
-195
-210
-112
37
166
259
336
385
410
443
500
583
654
658
592
493
409
390
421
429
351
195
47
25
156
365
547
611
549
403
225
78
22
51
125
183
143
16
-104
-162
-148
-114
-162
-263
-325
-380
-464
-579
-700
-718
-588
-447
-368
-323
-305
-276
-222
-218
-283
-361
-434
-424
-285
-131
-49
-25
-19
38
162
250
267
260
267
297
340
344
294
203
72
-15
17
162
350
480
469
356
243
165
147
167
165
145
162
215
282
313
238
97
12
17
42
23
-91
-260
-378
-417
-410
-360
-289
-229
-185
-208
-294
-341
-356
-362
-351
-367
-387
-327
-233
-156
-96
-62
-24
49
129
162
132
65
-1
-38
-42
-28
18
82
127
161
169
140
166
247
308
343
326
236
140
79
53
91
169
234
240
177
101
113
225
378
498
489
370
221
61
-65
-104
-63
12
41
-41
-181
-294
-320
-245
-160
-148
-207
-312
-357
-249
-57
108
132
-47
-294
-447
-454
-319
-145
-37
-34
-128
-244
-316
-311
-217
-88
39
164
246
250
152
-7
-129
-145
-47
89
125
7
-174
-256
-160
24
189
255
222
180
130
91
144
276
400
432
357
227
102
29
14
60
130
138
65
-45
-138
-167
-125
-35
63
78
-34
-197
-293
-256
-144
-37
4
-22
-94
-206
-317
-349
-277
-121
49
141
125
25
-100
-177
-152
-37
89
149
107
-19
-141
-145
-15
165
280
271
180
109
115
176
221
201
139
82
49
45
59
93
163
252
316
336
309
240
156
97
72
44
-22
-134
-226
-242
-202
-175
-198
-220
-165
-47
31
1
-92
-148
-138
-138
-194
-269
-289
-227
-147
-121
-168
-236
-254
-191
-95
-51
-94
-200
-311
-349
-272
-104
81
175
134
34
-13
36
127
169
141
107
106
109
62
-13
-34
54
194
282
272
213
190
226
286
308
279
212
128
71
79
142
205
221
187
109
-7
-135
-221
-227
-167
-106
-70
-55
-61
-96
-153
-204
-217
-176
-105
-62
-44
-18
8
8
-43
-122
-146
-91
-6
73
133
141
94
2
-89
-68
52
150
158
77
25
116
240
215
67
-105
-188
-96
49
138
184
112
-83
-235
-296
-239
-36
172
281
327
322
266
175
6
-143
-106
32
95
17
-152
-287
-320
-315
-296
-217
-131
-100
-109
-180
-278
-303
-255
-188
-135
-122
-105
-50
-18
-45
-92
-131
-138
-123
-129
-121
-72
-9
44
82
83
60
64
124
196
210
173
171
235
307
309
264
239
232
224
214
204
187
178
197
239
286
316
315
269
191
166
190
173
83
-8
-48
-46
-40
-67
-118
-168
-200
-221
-264
-317
-336
-302
-229
-132
-53
-39
-101
-190
-221
-193
-203
-279
-338
-300
-175
-50
9
0
-44
-86
-89
-61
-51
-59
-43
14
76
98
68
34
24
25
59
120
187
262
337
354
272
141
60
87
136
120
58
7
-15
-23
-22
-14
-1
3
16
30
-5
-72
-124
-126
-105
-101
-103
-93
-84
-122
-171
-184
-165
-127
-108
-104
-122
-142
-149
-123
-69
-15
75
165
165
29
-154
-244
-203
-81
27
109
143
122
107
164
295
424
465
350
169
57
80
196
272
249
164
106
86
119
221
294
291
202
42
-94
-189
-262
-298
-269
-182
-84
-8
5
-19
-33
-72
-153
-237
-291
-268
-189
-154
-167
-177
-166
-111
-64
-89
-150
-164
-83
27
64
-17
-159
-218
-191
-121
-26
14
44
87
100
89
11
-80
-113
-56
90
182
192
92
-41
-49
15
163
322
421
464
347
147
-42
-123
-35
115
249
260
154
29
-94
-106
-18
84
154
98
-35
-183
-287
-263
-133
17
73
5
-109
-199
-204
-160
-123
-84
-75
-83
-116
-165
-185
-166
-93
6
101
153
118
51
-5
7
95
164
166
79
-49
-137
-156
-112
-54
7
88
153
196
178
103
14
-82
-146
-161
-114
-3
112
167
131
48
23
97
235
333
313
188
28
-66
-63
1
72
90
62
8
-39
-56
-59
-68
-111
-145
-121
-53
-13
-84
-222
-304
-235
-51
100
159
117
32
-27
-83
-96
-69
-46
-43
-87
-106
-77
-28
-15
-63
-91
-80
-34
-20
-88
-166
-203
-169
-92
-43
-31
-71
-117
-102
7
184
330
356
257
112
32
83
217
321
329
243
139
87
94
147
193
181
116
36
-15
-9
22
51
63
52
53
50
3
-80
-211
-333
-364
-326
-229
-121
-109
-169
-222
-227
-126
6
74
69
-24
-117
-107
-65
-36
-66
-196
-299
-335
-339
-255
-130
23
199
267
187
38
-67
1
183
294
284
201
141
176
238
277
286
258
205
139
104
129
189
232
221
145
85
80
106
133
98
18
-66
-146
-144
-62
-24
-44
-101
-190
-225
-191
-129
-83
-120
-210
-232
-188
-142
-119
-122
-127
-114
-122
-167
-175
-82
42
82
2
-87
-91
-96
-163
-243
-306
-296
-173
-40
26
64
89
92
89
102
138
167
175
186
203
199
177
121
29
8
101
207
271
275
224
183
164
146
138
129
111
72
-35
-151
-171
-92
43
149
134
-6
-180
-274
-230
-107
-17
-33
-147
-246
-235
-136
-8
115
179
122
-28
-184
-253
-206
-114
-54
-59
-101
-95
-25
56
103
83
31
10
61
150
201
148
16
-89
-103
-28
85
145
129
85
48
28
40
62
74
77
87
97
76
29
-12
-30
-6
38
41
-9
-71
-132
-172
-191
-210
-230
-255
-245
-205
-145
-74
-18
24
41
15
-78
-190
-213
-111
62
180
170
98
57
64
83
98
150
234
254
148
-30
-132
-76
87
229
250
203
149
94
66
96
184
269
285
223
124
37
-49
-157
-224
-147
47
210
204
6
-245
-385
-355
-231
-129
-96
-160
-266
-316
-290
-197
-94
-42
-46
-69
-93
-162
-261
-322
-274
-131
21
79
23
-18
9
66
131
185
249
306
321
235
120
90
129
161
127
49
-5
19
74
79
66
80
127
149
96
16
-16
44
117
128
58
-80
-200
-201
-51
153
274
219
19
-167
-237
-209
-140
-70
-11
25
45
35
29
69
102
74
-14
-129
-223
-247
-181
-59
42
47
-51
-169
-199
-113
9
92
93
32
-59
-140
-131
-34
73
122
87
14
-28
-30
12
108
218
237
111
-78
-207
-224
-161
-94
-63
-39
6
51
71
97
164
216
158
-17
-192
-255
-214
-134
-29
94
185
194
144
110
119
163
203
186
84
-50
-138
-126
-24
89
140
100
5
-77
-112
-100
-84
-95
-125
-147
-157
-132
-73
-11
30
35
23
28
39
37
21
-29
-114
-190
-213
-182
-121
-39
31
9
-63
-77
0
122
195
169
95
42
25
52
121
169
192
229
230
173
139
120
70
39
60
91
102
58
-62
-201
-300
-316
-175
62
195
166
76
-22
-106
-147
-151
-125
-62
5
44
28
-67
-187
-219
-134
-17
54
57
11
-47
-109
-153
-124
-26
54
63
23
-34
-83
-81
-32
17
39
18
-39
-98
-140
-142
-78
24
127
209
233
182
86
8
4
75
163
211
211
170
104
43
13
36
102
141
100
-2
-104
-148
-139
-123
-117
-92
-22
70
148
177
144
37
-113
-223
-226
-155
-95
-111
-210
-316
-352
-278
-103
102
264
337
268
81
-108
-188
-150
-70
-12
8
17
26
34
78
161
223
215
129
16
-41
-31
-8
-7
-13
-7
13
16
5
41
114
154
101
-45
-195
-248
-162
25
217
314
271
119
-35
-63
40
155
162
64
-49
-90
-74
-66
-98
-144
-152
-106
-54
-38
-56
-80
-88
-101
-154
-223
-243
-165
-5
143
189
120
-4
-103
-119
-57
33
110
130
70
-48
-185
-260
-221
-108
-3
39
49
110
245
371
369
218
27
-80
-65
14
100
158
195
205
164
79
-5
-34
7
87
149
144
68
-61
-172
-210
-167
-86
-33
-20
-33
-50
-71
-123
-201
-261
-267
-205
-111
-66
-100
-172
-233
-235
-187
-136
-82
-39
-4
21
39
79
151
186
148
82
50
119
237
291
257
161
87
83
108
114
107
96
105
132
130
119
119
149
224
290
290
197
54
-55
-49
31
87
44
-97
-232
-275
-212
-101
-33
-49
-107
-152
-162
-154
-189
-269
-334
-337
-253
-138
-76
-94
-165
-228
-242
-221
-195
-148
-83
-16
21
25
6
-12
-33
-70
-74
-34
58
180
238
217
144
58
35
84
158
254
308
266
207
152
140
198
239
253
231
103
-75
-178
-155
11
183
197
126
46
-15
-11
30
72
127
145
107
46
-41
-109
-110
-51
36
80
41
-39
-123
-199
-267
-291
-238
-135
-71
-95
-204
-329
-375
-308
-174
-51
13
15
-41
-126
-146
-60
85
254
353
344
278
160
42
-20
-36
22
93
99
79
26
-69
-128
-119
-26
100
152
107
-21
-140
-144
-69
6
58
24
-50
-70
-58
-28
25
51
76
101
78
51
18
-21
-25
2
38
11
-88
-164
-155
-73
15
46
-36
-164
-233
-197
-44
112
168
87
-94
-204
-196
-52
189
343
371
242
22
-108
-128
-21
97
115
58
-81
-154
-110
-19
88
130
131
112
87
85
59
50
68
92
154
175
161
135
78
30
-24
-48
-19
17
75
108
85
50
9
13
75
131
132
53
-83
-222
-298
-257
-135
-35
-23
-94
-192
-242
-233
-209
-201
-190
-131
-44
19
-6
-113
-239
-310
-267
-160
-56
8
1
-50
-87
-103
-79
-13
42
45
5
-64
-110
-83
-40
7
92
169
224
253
209
140
114
114
144
190
195
191
210
193
181
191
188
196
177
103
38
4
8
77
167
209
173
38
-109
-146
-76
60
171
168
90
-23
-160
-257
-323
-336
-241
-100
2
18
-83
-214
-253
-206
-110
-27
-20
-79
-165
-242
-250
-146
1
102
128
85
80
167
248
251
113
-99
-207
-180
-52
81
121
104
50
16
35
58
76
83
104
161
184
170
104
-20
-98
-119
-53
83
166
191
123
-11
-75
-68
-23
-5
-72
-153
-240
-297
-293
-262
-175
-91
-58
-57
-132
-224
-277
-284
-213
-115
-36
-19
-83
-145
-143
-14
188
306
321
249
152
99
2
-98
-125
-62
125
314
413
423
328
205
126
49
-12
-3
85
214
290
239
116
48
53
121
248
328
329
279
158
26
-106
-255
-317
-275
-233
-201
-166
-142
-123
-134
-160
-151
-145
-199
-258
-269
-272
-251
-176
-53
41
-1
-142
-270
-322
-270
-123
5
13
-59
-81
-2
74
77
72
100
134
162
185
229
254
216
168
107
8
-45
29
164
249
232
165
106
71
94
170
211
141
-3
-92
-86
-34
29
80
61
-32
-141
-198
-151
-29
82
105
19
-155
-301
-341
-300
-215
-123
-77
-87
-157
-250
-268
-202
-110
-37
-21
-29
-19
-5
16
49
81
75
43
35
67
119
163
218
249
204
144
136
139
104
39
42
161
291
365
330
155
-20
-28
104
212
194
118
75
31
-36
-90
-85
-23
46
63
-20
-155
-247
-290
-304
-302
-284
-238
-217
-221
-193
-128
-59
-7
-19
-106
-210
-285
-292
-201
-63
71
187
209
98
-50
-135
-138
-88
-32
-2
45
128
156
88
-1
-3
161
381
448
307
74
-62
-25
93
187
186
109
48
20
20
48
91
145
147
62
-48
-143
-173
-111
-23
41
78
49
-50
-127
-135
-73
58
166
147
40
-63
-137
-143
-96
-65
-73
-112
-117
-60
-19
-54
-148
-237
-221
-103
-13
20
42
14
-66
-112
-110
-81
-25
27
68
111
139
117
52
27
52
54
63
98
108
108
102
83
91
112
101
59
27
37
7
-73
-72
-8
20
-1
-64
-86
-17
42
60
73
56
-9
-79
-95
-26
44
54
59
67
83
105
71
11
-41
-137
-225
-245
-221
-155
-89
-21
68
104
91
49
-19
-16
9
-69
-150
-131
-25
102
153
106
-39
-246
-321
-166
85
268
280
169
59
-52
-111
-62
-52
-114
-112
-29
90
202
246
193
58
-31
5
4
-108
-206
-209
-112
-13
21
64
116
114
133
190
178
96
27
-14
-58
-79
-75
-104
-122
-54
37
57
35
37
61
65
65
73
71
53
1
-12
37
39
-1
-14
-45
-89
-68
1
30
0
-65
-177
-336
-443
-371
-152
40
130
159
129
45
-28
-63
-72
-31
55
120
112
50
20
51
92
131
140
50
-79
-120
-23
124
197
160
60
-51
-100
-23
97
162
191
178
135
103
83
36
-55
-136
-172
-190
-188
-142
-88
-58
-65
-100
-129
-133
-105
-44
5
5
-50
-132
-184
-172
-88
40
143
190
172
97
4
-82
-136
-117
-38
61
150
169
122
98
125
201
291
327
277
148
-29
-157
-171
-80
43
119
130
96
52
27
33
51
35
-22
-62
-45
-17
-18
-49
-104
-178
-259
-299
-276
-219
-151
-81
-54
-111
-202
-260
-257
-194
-135
-115
-101
-96
-64
-24
-63
-138
-145
-65
58
154
201
219
221
224
195
135
82
96
208
311
333
293
191
99
48
49
127
170
139
88
45
83
177
275
358
371
299
128
-91
-245
-268
-158
-22
50
53
-31
-152
-234
-289
-267
-161
-84
-107
-236
-387
-378
-254
-119
-4
-9
-75
-136
-147
-63
-34
-69
-158
-297
-303
-201
-32
156
246
273
171
-9
-59
-1
118
183
109
11
-56
-69
-21
19
101
218
258
204
66
-61
-61
21
153
275
296
237
123
13
-70
-130
-113
-24
80
140
106
-6
-128
-188
-174
-143
-113
-84
-96
-133
-93
38
181
232
129
-99
-323
-405
-316
-119
73
162
107
-10
-82
-105
-77
-7
63
124
142
110
53
-8
-49
-81
-63
29
164
308
379
322
176
39
-34
-49
-21
18
45
81
130
152
128
89
63
70
112
140
117
57
-15
-87
-151
-194
-243
-269
-198
-44
96
113
-20
-216
-326
-257
-77
55
29
-126
-288
-347
-274
-134
9
101
101
34
-46
-97
-88
-26
27
-10
-89
-123
-118
-102
-87
-59
-9
47
106
168
188
126
19
-50
-53
-12
39
50
11
-3
49
117
146
122
74
44
49
68
65
37
5
22
118
224
254
202
116
15
-65
-79
-22
82
204
266
219
122
45
9
22
67
79
38
-7
-29
-27
-21
-58
-148
-226
-250
-225
-152
-39
77
136
105
-6
-113
-136
-104
-98
-124
-155
-188
-199
-173
-147
-117
-72
-25
6
28
19
-49
-133
-157
-93
17
77
49
4
8
44
68
62
48
61
106
134
111
53
8
26
110
192
201
120
17
-44
-59
-16
76
141
125
30
-103
-213
-236
-153
-6
104
122
88
73
78
27
-65
-122
-121
-70
-20
-13
-48
-105
-110
-47
44
131
143
102
48
-13
-79
-151
-204
-177
-56
74
105
30
-20
31
111
123
81
37
-2
1
80
160
153
54
-37
-44
-27
-42
-76
-70
-1
60
49
-40
-176
-239
-145
43
209
269
219
108
-23
-120
-135
-46
91
180
168
64
-64
-140
-132
-64
6
48
55
13
-75
-213
-282
-164
24
143
148
57
-54
-151
-174
-25
211
333
241
30
-135
-172
-110
-57
-72
-105
-85
-43
-56
-83
-61
22
88
53
-10
1
55
102
109
60
20
11
-22
-76
-134
-174
-146
-55
50
145
195
164
79
9
4
50
103
140
123
56
-25
-87
-99
-81
-66
-59
-59
-78
-95
-101
-112
-111
-83
-32
28
53
31
19
53
99
95
35
-17
8
104
181
170
73
-42
-89
-49
17
53
63
88
149
205
195
117
12
-60
-82
-70
-18
58
93
25
-108
-218
-254
-223
-152
-42
81
131
75
-37
-113
-99
-7
83
101
43
-45
-127
-188
-199
-147
-83
-85
-134
-120
-22
60
37
-51
-113
-126
-113
-83
-51
-21
25
72
90
62
9
-19
-9
38
140
267
337
284
151
47
11
14
38
85
135
160
142
81
23
33
119
197
187
70
-86
-174
-151
-46
73
113
23
-137
-234
-204
-128
-123
-178
-202
-158
-71
18
68
78
64
25
-23
-35
-6
24
-4
-96
-182
-192
-140
-99
-81
-71
-73
-69
16
175
299
293
135
-77
-183
-113
62
218
266
195
69
-25
-71
-70
-13
81
174
220
183
67
-51
-58
45
143
146
64
-35
-131
-218
-283
-280
-198
-106
-75
-104
-115
-83
-29
10
32
65
93
110
80
10
-86
-167
-162
-76
41
82
27
-81
-166
-160
-76
27
85
102
88
50
11
1
33
52
51
47
50
52
61
94
120
120
79
23
-16
-21
-10
-1
30
59
66
31
-28
-91
-154
-202
-214
-173
-77
30
80
77
94
153
215
218
190
172
127
50
-59
-145
-151
-70
66
198
264
231
122
20
11
74
109
70
-35
-152
-197
-158
-107
-89
-82
-85
-109
-104
-43
35
88
65
-61
-239
-347
-324
-229
-116
-24
-16
-74
-114
-103
