SAMPLES:	12037
BITSPERSAMPLE:	16
CHANNELS:	1
SAMPLERATE:	16000
NORMALIZED:	FALSE
-169
-338
-316
-209
-172
-226
-336
-385
-270
-59
127
186
153
47
-47
4
128
249
288
239
157
141
239
304
263
78
-88
-156
-238
-214
-139
-33
84
113
91
-51
-173
-170
-112
24
128
180
249
299
353
396
401
347
208
86
-42
-236
-402
-524
-542
-435
-273
-117
-122
-216
-181
-2
237
397
400
231
25
-6
17
4
34
58
67
71
8
-139
-326
-455
-471
-386
-220
-123
-122
-94
-75
-43
83
234
332
295
158
-6
-139
-97
57
138
133
2
-265
-529
-559
-302
-13
240
342
124
-196
-400
-321
-15
300
586
641
454
247
30
-107
-64
128
280
249
173
72
-44
-114
-177
-144
-23
138
293
290
195
94
37
135
303
377
287
129
15
-173
-356
-361
-268
-87
19
-74
-256
-417
-361
-281
-246
-147
-229
-355
-367
-267
-19
171
309
333
294
380
348
271
225
55
-94
-177
-131
-48
-32
-44
-268
-448
-385
-243
8
219
283
132
-84
-32
142
376
498
336
118
-109
-266
-357
-405
-356
-345
-289
-163
-77
18
70
80
87
69
85
169
253
325
373
355
240
68
-29
-94
-68
109
159
42
-73
-83
-62
-106
-143
-233
-308
-201
33
254
296
132
-111
-253
-254
-105
177
385
390
166
-89
-224
-305
-267
-121
75
191
67
-121
-199
-165
0
174
271
252
70
-56
-68
47
293
461
560
499
247
-45
-280
-274
-146
-74
-134
-318
-449
-488
-388
-209
-118
-53
32
111
225
306
244
29
-201
-272
-242
-147
0
51
-20
-184
-363
-410
-309
-97
72
94
78
-34
-173
-140
27
240
340
298
266
234
264
299
236
202
47
-138
-86
105
325
281
18
-203
-331
-203
-73
-51
17
31
64
68
41
77
75
192
391
476
344
-60
-337
-313
-117
148
227
138
-90
-363
-516
-546
-382
-179
-8
177
278
329
291
201
112
73
236
396
374
193
-154
-514
-770
-786
-594
-392
-203
-144
-171
-150
-78
86
244
361
334
184
130
129
132
71
-10
-22
-65
-85
-135
-235
-303
-363
-324
-250
-193
-144
-91
68
231
322
310
225
239
330
472
577
538
388
199
80
-59
-192
-200
-133
-11
38
-16
-101
-135
-59
76
296
513
526
335
112
-28
-86
-56
-10
-19
-75
-188
-311
-362
-341
-404
-619
-774
-769
-611
-357
-195
-143
-117
23
231
330
385
393
312
235
219
246
245
153
5
-87
-26
79
23
-116
-160
-123
-121
-150
-69
54
117
181
289
404
459
442
367
266
205
128
-33
-172
-190
-127
-110
-269
-514
-661
-521
-135
149
227
133
-60
-170
-160
28
267
328
282
190
175
243
231
175
-15
-213
-192
-79
-4
-138
-412
-583
-655
-505
-163
106
188
18
-177
-171
0
265
423
411
308
147
119
203
155
57
24
-58
-121
-46
75
39
-168
-332
-426
-386
-119
97
186
243
182
128
156
252
353
344
332
206
-116
-409
-574
-492
-251
-117
-137
-314
-419
-240
20
216
322
322
217
48
91
345
490
527
406
211
39
-118
-107
-82
-50
7
-63
-173
-288
-356
-282
-209
-107
13
48
90
102
158
205
264
363
200
2
-102
-210
-175
-65
29
-34
-218
-221
-181
-173
-104
-116
-176
-206
-15
316
458
439
275
3
-190
-250
-48
120
165
144
-119
-434
-626
-476
-169
-57
-64
-139
-138
-45
83
261
302
219
98
-50
4
65
78
104
-23
-58
-22
117
144
-2
-100
-233
-338
-173
185
232
463
438
197
-483
-446
-90
323
393
61
-248
-546
-129
-44
86
-282
178
503
814
178
-254
-102
414
628
45
-369
-801
-231
70
149
-523
-633
-377
399
769
749
958
745
389
-156
-217
-441
-340
124
552
99
-429
-124
795
1256
804
253
-358
-536
-215
17
-482
-1571
-2368
-1909
-1011
-184
327
616
512
179
369
729
923
932
707
299
-271
-763
-477
-149
-231
-598
-955
-1046
-907
-340
143
66
-476
-750
-622
-159
78
177
195
284
553
530
347
302
885
1579
1752
755
-336
-623
112
730
521
-18
-591
-502
-150
391
481
478
386
341
-18
-86
257
691
865
240
-531
-1095
-864
-399
53
114
-265
-779
-670
-71
327
340
-117
-465
-501
-170
144
334
353
275
183
-26
-265
-418
-224
-2
-12
-322
-639
-856
-733
-405
-246
-270
-292
-57
271
444
535
607
419
349
225
211
233
276
306
127
-79
-254
-145
80
289
101
-309
-816
-736
-183
420
438
261
322
506
793
913
832
567
386
365
294
7
-373
-725
-927
-1108
-1255
-1100
-674
-141
178
282
193
-35
9
219
388
418
298
117
38
7
140
362
388
185
-101
-305
-437
-455
-527
-681
-914
-949
-595
-231
-18
-55
-134
-85
323
841
1039
816
605
492
359
475
473
307
-96
-282
-678
-707
-498
-22
408
239
-154
-323
112
578
1115
1015
893
559
682
799
657
513
482
303
-104
-606
-1112
-1152
-1110
-997
-980
-1119
-1323
-1091
-498
136
457
521
432
272
183
242
364
192
55
34
83
122
-28
-56
-494
-327
358
490
-700
-1621
-1631
-890
-467
-925
-1503
-1587
-6
1243
1394
511
201
372
1341
1763
1947
1767
1380
520
-705
-1443
-1875
-1451
-1097
-1172
-1814
-1835
-965
489
1184
2187
4014
4916
3581
1903
1757
2576
3110
2443
657
-785
-762
402
789
-1184
-3973
-5938
-6028
-4513
-2727
-796
336
120
-410
-249
387
1290
2274
2482
1417
315
548
1661
2199
1567
292
-1433
-2950
-3187
-2260
-1475
-2197
-3395
-3589
-2887
-1948
-818
572
1468
1629
1621
2111
2417
2867
3383
3316
1672
-307
-1293
-1169
-725
-1324
-2304
-3019
-3021
-2360
-1228
-714
-998
-1274
-1472
1097
6728
8644
5381
2493
2282
4695
7074
5733
2738
-158
147
2154
526
-3926
-7652
-9976
-8224
-5509
-4317
-944
1159
1073
1293
1379
923
2452
4493
4925
2839
4
388
2240
2683
1449
-690
-3238
-5065
-4628
-2706
-2709
-5173
-7113
-6570
-4646
-3131
-1429
433
835
833
2615
5757
7296
6956
6959
6440
4765
2004
689
393
-664
-2649
-4298
-6039
-7292
-6818
-5204
-3796
-3498
-2826
-828
1068
1720
2800
3939
4708
4645
3964
3482
2640
2387
3679
5185
4412
2009
66
-354
-38
-55
-232
-1754
-3210
-3374
-2012
-944
-1287
-2335
-2656
-2471
-2044
-374
1940
3779
4168
3837
2621
1131
196
173
104
-1199
-2856
-3861
-3820
-3355
-2646
-1718
-1657
-2246
-2402
-1170
126
1252
2453
2275
464
-1208
-517
1374
2122
567
-1330
-2377
-1633
-239
236
-708
-2679
-3848
-3103
-1148
79
1109
1342
594
-678
-462
489
2061
3916
5724
6813
5091
3135
3423
5472
6141
4920
1287
-2000
-2873
-1510
-436
-2838
-7055
-9076
-8164
-5171
-1282
1490
3887
4444
3383
3154
3228
2949
3347
3086
1106
-1540
-2587
-891
906
274
-2007
-4054
-5207
-4828
-2465
-961
-2381
-4832
-5066
-2369
-356
240
16
294
725
1678
2433
2405
2202
2451
3239
1854
-1122
-3149
-2353
-1336
-1093
-2233
-2908
-3227
-2704
-1484
-850
-812
-1008
900
3814
7039
7947
6900
5865
6342
7294
7325
5526
1925
6
125
276
-2467
-7390
-10408
-10455
-8425
-5098
-2257
-52
1846
2506
2578
2728
2692
3676
4973
4054
1515
-364
-51
1679
2555
897
-1575
-4119
-4937
-3750
-2078
-2410
-5105
-7346
-7407
-5182
-2985
-1011
-599
-708
-498
1405
3563
4836
5049
4859
4037
2229
947
577
1037
-180
-2490
-5057
-5663
-4952
-2860
-747
1466
4084
3864
2510
3192
6205
8637
9304
6264
2934
1479
2337
3418
626
-4233
-7470
-8547
-6798
-3750
-2037
171
743
-250
-637
-470
-198
1664
3052
2446
727
700
2507
3577
3219
2011
339
-1775
-2752
-2260
-1612
-3406
-6252
-8301
-8359
-6760
-4938
-3548
-2349
-2038
-1135
1174
2940
3630
4313
5286
4593
3398
2761
2633
2451
1082
-1374
-3527
-5098
-4675
-2099
1022
3857
3884
1382
627
2806
5676
7246
5697
3072
1699
2385
3237
1718
-1953
-4993
-5967
-4791
-2530
-777
1097
1791
838
-719
-1284
-1185
-120
1050
685
-759
-1365
614
3346
4452
3041
1298
-18
-819
-971
-1412
-2788
-5307
-7200
-7649
-7453
-7263
-6063
-4408
-3298
-2876
-1623
1003
3814
5885
7019
6592
4741
3075
2358
2095
791
-740
-1862
-2251
-1761
167
3375
4579
2419
-49
490
2696
4612
4604
2863
660
-472
140
181
-1660
-3534
-3932
-3035
-1177
343
2103
3733
3393
1708
653
-580
-1319
-712
-588
-1485
-2565
-1918
595
2495
2187
836
-313
-684
-185
82
-1131
-3658
-5503
-5609
-5464
-5940
-5947
-5066
-3807
-3075
-2190
-96
2447
4216
5471
5556
4388
3145
2476
2148
1234
-362
-1292
-1311
723
3332
3767
2431
1397
1447
3070
4532
3003
441
-712
650
1333
-340
-3081
-4750
-4707
-2557
-993
-312
1010
2360
3574
3641
2163
266
806
1516
622
-1275
-2658
-2511
-1129
81
-73
-590
-900
-167
574
162
-1021
-2500
-3248
-3622
-4257
-4517
-4125
-3612
-3118
-2845
-2523
-1707
-676
1101
2624
3132
2993
2705
2362
1978
1155
172
64
343
353
143
188
762
2809
5897
7047
4575
1832
1994
4118
5464
4113
976
-2134
-3110
-2280
-2122
-3315
-5155
-5995
-4116
-1432
596
2538
3343
2508
1331
754
368
419
1085
800
-14
-841
-860
-434
469
1139
669
-1167
-3864
-4598
-3926
-2636
-3623
-5845
-7686
-7076
-5437
-3180
-1202
-492
196
1363
3271
4716
6018
5697
4974
3006
671
-818
-545
456
291
-361
-1657
-1605
-376
2398
5350
6782
5478
2681
1993
3600
5603
4924
2425
-717
-2230
-1807
-691
-1130
-2980
-4137
-3689
-1958
50
1997
3018
2501
154
-1851
-2478
-1718
-425
187
-803
-2428
-2759
-1089
1389
2035
533
-1493
-2929
-3245
-2646
-2335
-3509
-5484
-6391
-5710
-4263
-2923
-1983
-1140
-161
723
2136
3830
4991
5026
4369
2819
818
-267
-256
434
145
-1427
-2678
-1607
1041
4125
7171
8237
6303
3540
3890
5938
6779
5126
2294
-460
-2094
-1984
-2010
-3607
-6081
-7343
-6857
-4802
-2268
1375
4326
4406
2221
461
-172
-53
986
1419
-31
-2447
-2681
-400
1977
2176
663
-1747
-4229
-5470
-4942
-4022
-5039
-7232
-8095
-7406
-5897
-3466
-778
869
1027
1389
3412
5805
6938
7040
6014
3643
874
-160
-24
-290
-1892
-2287
-431
849
566
-470
1327
5583
8653
6559
2918
1202
3582
7237
7165
2811
-2311
-3304
-732
1472
389
-1442
-3452
-4005
-4092
-2777
-951
746
1465
415
-1321
-3073
-2059
560
1622
-374
-2431
-2564
-1140
394
955
80
-2531
-4790
-4773
-3484
-2993
-4079
-5233
-6044
-6416
-5769
-3266
-351
1085
1187
1366
2089
2963
4663
6169
5652
2702
-77
-797
-250
577
92
-1913
-3480
-2620
495
4961
9601
10181
7119
3896
4667
7559
9322
7577
3534
-163
-817
78
-1622
-5256
-9359
-10803
-9384
-6131
-2748
1592
3835
3119
1016
-150
-1
958
2322
1439
-1035
-2417
-551
2970
4831
3453
491
-2563
-4773
-4899
-4059
-4599
-7732
-10987
-11664
-10025
-7396
-4683
-2287
-890
184
2921
7087
10112
11107
10067
7398
3712
928
440
409
-1196
-4135
-6058
-6416
-5595
-4038
-2008
107
1528
4525
8272
10011
8833
7811
8496
9750
9709
8036
5880
3398
2392
1514
-1586
-6753
-10742
-12092
-9964
-7298
-4906
-2740
-1629
-1383
-1220
-523
-707
37
1555
2334
1843
1622
2974
4924
5212
3347
570
-2376
-4104
-4374
-4744
-7242
-10847
-12737
-11987
-10248
-8397
-6060
-3473
-966
1471
4944
8662
11003
11754
10599
7647
4371
2541
2173
1411
-1012
-4016
-6049
-6557
-5506
-3703
-2538
-1672
-923
997
5821
10256
11047
8835
7472
8164
10474
11617
10344
7010
3867
2312
-142
-4592
-9563
-12469
-12129
-9771
-7877
-5569
-3153
-1840
-2069
-2270
-1975
-697
2439
4867
4841
3035
2640
4732
6404
4901
1208
-2380
-5222
-6517
-7141
-8226
-10914
-13059
-12572
-10538
-8771
-7035
-3826
-53
2841
5162
7702
9587
10617
10562
9321
6364
3101
1406
994
12
-2161
-4092
-5432
-5963
-5370
-4003
-3319
-2537
-1306
2233
7897
11309
10919
8966
9101
11264
13669
13465
10631
5777
2487
1297
-1260
-6393
-12004
-15774
-16017
-13694
-10659
-6445
-3063
-1221
-470
503
943
2338
5063
6803
5908
3676
3071
4360
5318
3806
359
-3821
-7199
-8138
-7677
-8094
-10233
-12501
-12791
-11344
-9038
-5744
-1745
1356
3333
5301
8042
10565
12040
11954
9603
5636
2158
996
989
-56
-2749
-5745
-7630
-7650
-6601
-5461
-4771
-3616
-1179
1747
6698
11815
14377
13277
11879
12348
14477
15222
12919
8208
3026
71
-2662
-7406
-14057
-18882
-19750
-15881
-11278
-6923
-3150
-383
1060
2430
4014
5066
6744
7793
6974
3916
2111
3076
4403
2989
-1062
-4999
-7591
-8561
-8415
-8535
-10676
-13348
-13906
-11907
-9206
-6860
-3627
443
3995
6522
9168
11475
12678
12484
10677
7504
3754
1082
56
-1380
-4425
-7554
-8972
-8718
-7664
-6496
-5270
-3803
-1255
2594
8193
13395
15492
14541
13267
13524
14829
15327
13051
8597
3247
-182
-3314
-8150
-13858
-18044
-19248
-16936
-13062
-8592
-3510
692
3183
4084
4737
4909
6252
7967
7879
5732
3759
3412
3650
2321
-978
-4566
-7803
-9486
-9754
-9876
-11385
-13405
-14047
-12657
-10066
-6797
-2940
1119
4492
6850
9176
11289
12689
12566
10554
6852
2987
396
-1052
-2847
-5489
-7896
-8804
-8448
-7780
-6941
-5757
-3785
-302
3412
6701
10929
15047
17086
16200
14793
14343
14520
13221
9965
4985
130
-3167
-6645
-11891
-17506
-20240
-18602
-13654
-9003
-4441
-202
3051
4928
6582
7278
6977
7178
7345
6336
3857
2111
1752
1202
-1212
-4405
-7354
-9630
-10776
-10685
-10646
-11846
-12875
-11874
-9349
-6590
-3644
-255
2946
5109
7276
10002
11931
12062
10476
7690
4099
771
-1110
-2256
-4279
-7076
-9024
-8849
-7338
-5705
-4319
-3064
-1785
727
3692
7293
12762
17388
17894
14548
12248
12924
14737
13404
8615
1879
-2987
-4530
-6536
-11140
-16389
-19371
-17753
-12823
-8214
-2355
3316
6676
6919
6334
5663
5932
7569
8010
5511
1195
-1350
-716
357
-1319
-4514
-7819
-10171
-10803
-10041
-9486
-10299
-11654
-11335
-9466
-7074
-3898
102
3464
4997
6226
8556
10889
11826
10941
7953
3483
-712
-2524
-2609
-3275
-5594
-7929
-8731
-8183
-6425
-4168
-2214
-369
2364
6040
10676
14663
16637
15933
14197
13298
13188
12636
10144
5953
1040
-2950
-6726
-11120
-15036
-16866
-15738
-12260
-8052
-3531
967
4171
5507
5711
5284
5047
5503
5925
4684
1989
-296
-865
-253
-450
-2139
-4832
-7269
-8522
-8594
-8802
-9901
-11437
-11916
-10732
-8463
-5852
-3052
56
2724
5107
7436
9546
10810
10598
8751
5603
2224
-113
-1196
-2510
-4597
-6751
-7755
-7312
-6159
-5064
-4097
-3092
-858
2489
6270
10919
14312
15557
15084
15145
15384
14946
13207
10400
6507
2388
-1594
-6494
-11722
-15686
-16861
-15582
-12593
-9241
-4460
29
3165
4653
5475
5519
5076
5256
5147
4215
2306
1220
951
316
-1563
-3552
-5153
-6752
-8185
-9184
-10113
-11632
-12592
-12386
-11178
-9496
-7027
-3484
450
3486
6069
8810
10851
11545
10826
9041
6183
3195
929
-993
-3474
-5850
-6789
-6827
-7048
-7402
-7018
-5588
-3425
-258
3526
7651
12327
15951
16566
15208
14929
16080
16733
14472
10136
5085
955
-2546
-6753
-11928
-16292
-17741
-16036
-12456
-8309
-3627
110
2531
3446
4366
5063
5753
6434
5696
3649
1413
835
1313
884
-956
-3377
-5655
-7713
-8933
-9326
-9789
-11461
-13001
-12742
-10834
-8357
-5701
-3009
-480
2436
6113
10152
12239
12283
10727
8250
5409
2521
250
-1694
-3829
-6070
-7350
-8095
-8483
-7839
-6057
-4062
-2345
406
3953
8929
14399
17821
17502
15541
15136
16076
16109
13185
8363
2986
-872
-4168
-8167
-12827
-16470
-17569
-15565
-12128
-8239
-3181
1773
5065
5885
5654
5378
5847
6426
5798
3267
688
136
786
216
-2602
-5451
-7078
-7783
-8346
-9390
-10738
-11914
-11977
-10760
-9292
-8112
-6203
-2927
789
3730
6583
9558
11407
11690
10524
8146
4895
1889
-331
-2535
-4981
-6931
-7452
-7252
-7265
-7024
-5781
-3958
-1178
2464
6650
11502
15130
16735
16160
15276
15014
15578
14757
11763
6905
2088
-1468
-5152
-9533
-13915
-16602
-16830
-13854
-9927
-5383
-1219
1804
3549
4677
4992
5408
6220
6283
4784
2180
582
350
331
-1122
-3467
-5797
-7488
-8282
-8487
-9229
-10769
-12229
-12101
-10736
-8908
-7056
-4732
-2165
240
3208
6881
10363
12275
12392
10450
7294
3921
1790
477
-1660
-4609
-6813
-7778
-8069
-7790
-7036
-5464
-3731
-851
2946
7135
11934
15914
17413
16159
14827
14780
15542
14730
11538
6561
1585
-2386
-6070
-10182
-14097
-16465
-16382
-13431
-9442
-4607
-202
2667
3690
4036
4282
4888
5827
5966
4601
2001
84
-226
-42
-1100
-2938
-4886
-6947
-8531
-9226
-9587
-10352
-11532
-11800
-11331
-10193
-8105
-5136
-2009
784
3389
6600
9841
11893
12439
11277
8562
5075
2484
517
-1570
-4266
-6513
-7874
-8473
-8391
-7444
-5795
-3872
-653
3458
8337
13094
16222
16988
16271
15788
15569
15130
13427
10227
6037
1805
-2168
-6425
-11196
-14950
-16902
-16354
-13467
-9299
-4327
-168
2545
3566
4020
4291
4912
5730
5528
3882
1719
710
780
872
-343
-2877
-6135
-8566
-9223
-8785
-9213
-11115
-12770
-12949
-11452
-9264
-6733
-4269
-1819
918
4299
8071
11506
13764
13892
11547
7563
3886
1458
-118
-2451
-5693
-8384
-9516
-8832
-7329
-5980
-5091
-3478
-26
4507
9506
14160
17228
17729
16718
15888
15403
14555
12815
9610
5040
133
-4000
-7898
-11940
-15170
-16836
-16034
-13133
-8568
-3371
794
2856
3363
3758
4528
5418
6159
5797
3783
1250
-78
260
424
-832
-3819
-6894
-9057
-9522
-9245
-9923
-11939
-13336
-12478
-10395
-7988
-5772
-3008
-228
2568
5485
8877
11804
13381
12974
10473
6686
3088
938
-492
-2631
-5844
-8245
-9102
-8637
-7489
-6008
-4507
-2262
1318
6734
13124
17095
17301
15496
14961
15553
15916
14124
10395
5688
1676
-1550
-5482
-10413
-14661
-16571
-16162
-13911
-10576
-5498
-566
2618
3492
3625
3801
5129
6596
6603
4255
1379
587
1228
1531
24
-2682
-6000
-8277
-9164
-8965
-9505
-10985
-12571
-12559
-11130
-9403
-7036
-4217
-1312
1190
4117
7328
10388
12222
12596
10871
7527
4148
2008
552
-1871
-5168
-7965
-8977
-8599
-7568
-6314
-4979
-2864
530
4568
9596
14552
17267
16888
15660
15332
15828
15177
12407
7904
2909
-722
-3817
-7971
-12860
-16279
-17097
-14820
-11160
-6669
-2078
1326
2826
3356
3998
4797
6043
6683
5549
2870
1034
1074
1980
1151
-1494
-4672
-7433
-9019
-9323
-9411
-10670
-12318
-13077
-12165
-10505
-8608
-6056
-2890
72
3222
6650
9895
12186
12652
11331
8669
5625
3350
1588
-652
-4046
-7385
-9025
-9047
-8235
-7167
-5934
-4047
-943
3059
8626
13720
16733
16828
15930
15637
15768
15263
13026
9218
4569
761
-2819
-7085
-12163
-16043
-17412
-15566
-11948
-7387
-2782
517
2170
2881
3504
4251
5610
6425
5642
3735
2285
2138
2530
1509
-1052
-3810
-6183
-8100
-9198
-9892
-10843
-12414
-13417
-13150
-11551
-8821
-5528
-2270
243
2716
5892
9546
12361
13232
11867
8890
5229
2448
537
-1358
-3634
-6197
-8133
-9231
-9235
-8027
-5814
-2610
595
4756
9956
13868
15034
14681
15156
16314
16720
14874
11101
6466
2953
403
-3509
-9434
-14971
-17514
-15951
-12250
-8378
-4382
-1042
910
1918
2824
3764
5195
6372
6378
4521
2533
1940
2631
2907
1499
-1727
-5502
-7976
-8409
-7784
-8635
-11105
-13825
-14114
-12328
-9559
-6996
-4621
-2354
-99
3175
7079
10704
12917
12889
10267
6689
3676
2298
1480
-669
-4477
-8433
-10137
-9366
-7467
-5758
-4272
-2301
1264
6677
11995
14508
14137
13516
13957
15027
14836
12808
9266
5416
2037
-1478
-6051
-10924
-14263
-14530
-12483
-9731
-6479
-3075
-251
1282
2109
2170
2487
3862
5418
5487
4074
2918
2994
3338
2414
277
-2433
-5208
-7257
-8270
-9186
-10767
-12695
-13547
-13044
-11545
-9216
-6056
-2877
-193
2557
5983
9465
11892
12618
11156
8105
4493
1881
488
-908
-3297
-6131
-8089
-8836
-8192
-6759
-4714
-2316
944
5825
10468
12383
12214
12885
14361
15372
14282
11753
8677
6190
4194
889
-4707
-10799
-14622
-14961
-12260
-8750
-4915
-1725
-44
-17
329
1311
2640
4083
4942
4655
3409
2755
3145
3751
3064
1160
-1859
-4936
-7205
-7877
-8132
-9875
-12391
-14075
-13565
-11390
-8707
-6043
-3541
-1458
1365
5339
9275
11875
12474
10831
7572
4306
2219
1076
-265
-2715
-5571
-7865
-8638
-7799
-5686
-2966
-211
3323
7036
9604
9967
10334
11632
13291
13332
11611
8858
6371
5105
3493
-481
-6488
-11515
-13615
-11644
-8237
-4665
-1808
-263
-84
-184
197
1054
2446
3436
3601
2587
1943
2344
3346
3627
2479
143
-2743
-5106
-6095
-6442
-7819
-10376
-12739
-13266
-11961
-9626
-6935
-4652
-2921
-831
2414
6522
9794
11199
10645
8349
5191
2590
1372
729
-841
-3386
-5799
-7277
-6986
-5350
-2629
-428
1754
5178
8301
9451
9271
9871
10989
11276
9817
7796
5435
4048
3185
1077
-3265
-8161
-11065
-10701
-7997
-4950
-1780
313
888
541
274
59
602
1744
2694
2461
1325
1162
2330
3285
2708
960
-1520
-4031
-5705
-5746
-5843
-7648
-10262
-11831
-11824
-10464
-7753
-4517
-2075
-637
1347
4398
7620
9477
9616
7973
5124
2417
895
13
-1355
-3061
-4466
-5233
-5360
-4591
-2880
-646
1500
4783
8367
9807
9296
8940
9666
10257
9220
7035
4800
2938
2245
1040
-2071
-6534
-10125
-10662
-8475
-5336
-2049
570
1649
1510
966
863
1072
1939
2757
2603
1750
1007
1350
2166
2179
1201
-654
-3339
-5493
-6293
-6363
-7217
-9213
-10873
-11246
-10187
-8017
-5345
-3175
-1467
742
3984
7104
8902
9250
8214
5842
2787
562
-720
-1902
-3297
-4452
-5157
-5497
-5064
-2897
161
3251
6612
9109
9697
9145
9311
10335
10573
9035
6481
3767
1825
798
-644
-3544
-7196
-9988
-10325
-7992
-4548
-885
1949
2598
1573
747
596
1096
2027
2563
2243
1456
1329
2119
2654
1972
411
-1373
-3157
-4838
-5930
-6863
-8264
-9689
-10269
-10102
-9353
-7707
-4983
-2045
-42
1764
4370
7360
9352
9475
7771
4717
1578
-236
-1134
-2314
-4183
-5722
-6299
-6369
-5803
-3845
-888
2863
6783
9914
10790
10017
10147
11347
12015
10467
7407
4073
1896
624
-1135
-4799
-9004
-11811
-11650
-8807
-5328
-1663
1396
3034
2948
2300
1665
1630
2157
2834
2658
1866
1718
2363
2821
1943
479
-1201
-2962
-4758
-6075
-7084
-8564
-10373
-11329
-10824
-9368
-7101
-4401
-1944
29
2293
5225
8320
10167
10331
8692
5642
2343
-215
-1760
-3107
-4924
-6811
-8074
-8006
-6645
-4252
-1378
1879
5887
9579
11020
10403
10224
11517
12807
11792
8723
4770
1944
776
-715
-4472
-9589
-13288
-13337
-10195
-6066
-2103
936
2409
2344
2144
2354
3197
4411
4879
3670
1931
1491
3022
4642
4088
1440
-1892
-4572
-5921
-6010
-6697
-8954
-11898
-13274
-12502
-10381
-7617
-4343
-1338
781
3000
6183
9835
12114
12234
10113
6177
1885
-779
-1690
-2797
-4966
-7491
-9177
-9551
-8108
-4871
-997
2595
5606
8080
9217
9927
11066
12629
12674
10608
7946
5574
3527
1425
-1416
-5312
-9141
-11803
-12184
-10507
-7179
-3351
-203
986
889
942
1540
2515
4026
5259
5068
3737
3120
3954
4833
4059
1622
-1223
-3939
-5599
-6495
-7659
-9871
-12040
-12790
-11999
-10637
-8361
-4981
-1430
1207
3519
6697
9881
12024
12384
10657
7036
3164
569
-892
-2692
-4979
-7019
-8252
-8556
-7961
-5731
-2636
1052
4963
8232
9712
10041
10701
11999
12518
11078
8650
5973
3933
1944
-745
-4939
-9313
-12347
-12722
-10890
-8170
-4997
-2053
-100
445
789
1310
2441
3447
4274
4412
4067
3799
4335
5094
4859
3292
278
-2969
-5678
-6733
-7283
-8775
-11417
-13348
-13451
-11543
-8629
-5731
-2955
-272
2960
6737
10356
12532
12815
11174
8313
4796
1794
-316
-2242
-4419
-6628
-8098
-8426
-7757
-5793
-3338
187
4098
7275
8753
9119
10063
11616
12695
11768
9296
6115
4177
2438
15
-4166
-8667
-11997
-12460
-10885
-8286
-5016
-2155
-359
-60
-93
-201
958
2530
4010
4408
4085
4252
5179
6104
5449
3506
292
-2715
-4723
-5875
-6971
-8983
-11334
-13148
-13194
-11583
-8656
-5353
-2412
-190
2180
5053
8212
10872
11916
10812
7891
4512
1813
113
-1435
-3237
-5339
-7071
-7896
-7152
-5044
-2700
425
4024
6941
8123
8615
9745
11159
11432
10339
8497
6293
4397
2673
-39
-4227
-8599
-11215
-11113
-9651
-7240
-4250
-1875
-1039
-628
-51
611
1365
2121
3179
3738
3914
4282
4745
4631
3877
2756
786
-1924
-4234
-5275
-6307
-8716
-11301
-12408
-11745
-10346
-8526
-6221
-3526
-566
2999
6552
8907
9891
10109
9382
7301
4467
2130
606
-1322
-3744
-5926
-6982
-7152
-6398
-4760
-2812
-26
3506
6858
8313
8546
9211
10692
11504
10743
8898
6460
4383
2467
-24
-3836
-8202
-11489
-11941
-10386
-7558
-4499
-2015
-1049
-774
-368
160
1466
2895
3915
3804
3205
3245
4182
4763
4394
2936
760
-1803
-3654
-4615
-5719
-7654
-10049
-11665
-11901
-10656
-8137
-5107
-2670
-686
1660
4745
7688
9808
10454
9264
6929
4675
3095
1472
-597
-2922
-4941
-6526
-7295
-6882
-5497
-3739
-1018
2727
5991
7692
8032
8956
10248
11145
10806
9305
6856
4356
2712
989
-2417
-7044
-10776
-12026
-10938
-8699
-5404
-2675
-1193
-814
-149
706
1307
2386
3415
3756
3342
3308
4073
4664
4222
2987
1219
-1211
-3521
-4692
-5388
-6885
-9192
-10851
-11321
-10588
-8598
-5563
-2923
-1224
683
3657
6976
9496
10795
10073
7709
4583
2273
1116
-280
-2390
-4532
-6413
-7480
-7413
-5970
-3660
-1295
1492
4612
7390
8651
9207
10023
10666
10355
9419
7902
5920
3844
1623
-1474
-5763
-9608
-11744
-11377
-9595
-6880
-4069
-1927
-911
-158
820
1789
2538
3362
3985
4018
3701
3668
4113
4194
3434
1753
-657
-3376
-5131
-5994
-6702
-8520
-10392
-11253
-10622
-8978
-6652
-4004
-1464
835
3502
6591
8930
10159
9892
8503
6017
3327
1241
-306
-1974
-3779
-5326
-6385
-6978
-6762
-4946
-2029
1516
4698
6914
8208
8997
9851
10699
10848
9851
7703
5189
3063
993
-1752
-5363
-8896
-11264
-11349
-9516
-6796
-4147
-2273
-1313
-779
-84
971
2078
2909
3401
3788
3947
3788
3723
3849
3590
2486
509
-2108
-4364
-5959
-6987
-8045
-9327
-10274
-10198
-8982
-6844
-4339
-1899
552
3067
5845
8285
9781
9813
8528
6417
3994
1731
-237
-2183
-4321
-5960
-6720
-6756
-6423
-5069
-2773
286
3983
6970
8634
9497
10383
11220
11391
10309
8293
5993
4070
2320
-397
-4299
-8208
-11010
-11705
-10462
-8412
-5665
-3047
-1067
319
1309
1591
1793
2075
2400
2496
3054
4283
5097
4351
2687
1588
673
-876
-3325
-5573
-7655
-8770
-9608
-10331
-11051
-10746
-8687
-5467
-2563
-261
2546
5809
8764
10443
10790
9424
7070
4648
2600
72
-2684
-4623
-5472
-6244
-6907
-6796
-5542
-3479
-826
2881
6680
9125
10049
10467
10573
10394
10016
9258
7259
4457
1928
-268
-3173
-6654
-9575
-10884
-10340
-8563
-5583
-2449
-527
38
281
513
775
1731
3221
4007
3560
3039
3270
3697
3381
2383
854
-1278
-3558
-5233
-6466
-7756
-9313
-10295
-10443
-9958
-8396
-5796
-2906
-647
1485
4171
7177
9692
10796
9951
7395
4232
2220
1130
-278
-2610
-5046
-6597
-7166
-6970
-5785
-3669
-1243
1589
4837
7651
9080
10068
10919
10870
9661
8038
6653
5064
3238
889
-2456
-6367
-9430
-10783
-10126
-8487
-6282
-3629
-1444
-303
322
1227
1853
2411
2944
3220
3371
3346
3700
4126
3874
2644
1058
-953
-2922
-4277
-5347
-6691
-8718
-10322
-10895
-10243
-8882
-6827
-4314
-1761
617
3474
6467
8835
10064
9881
8393
5919
3558
1557
-166
-2295
-4394
-5802
-6366
-6417
-5995
-4612
-2868
64
4014
7292
8694
8735
9236
10200
10584
9552
7529
4799
2631
1161
-830
-4060
-7627
-10123
-10252
-9047
-7134
-4085
-1375
248
825
1107
1062
1416
2321
3190
3369
2876
2636
3046
3207
2594
1703
240
-1979
-3948
-5027
-5524
-6844
-8731
-10105
-10492
-9568
-7257
-4278
-1970
-437
1361
4216
7092
9052
9570
8628
6349
3680
1810
559
-880
-2738
-4424
-5794
-6421
-6035
-4605
-2695
-428
2706
6008
8061
8863
9461
10243
10655
9692
7744
5403
3428
1673
-403
-3760
-7630
-10494
-11158
-9874
-7740
-4822
-1884
200
1083
1445
1558
1813
2402
3194
3344
2933
2394
2601
2906
2579
1555
-87
-1794
-3408
-4557
-5423
-6531
-7806
-8933
-9470
-9090
-7783
-5519
-3012
-811
1155
3444
6056
8361
9492
8920
6844
4273
2341
983
-391
-2205
-4016
-5366
-6278
-6544
-5748
-3853
-1007
2666
6293
8574
8919
8999
9858
10886
10526
8708
6211
3921
2326
630
-2459
-6757
-10679
-12653
-11628
-9159
-6004
-2873
-425
1028
1731
1948
2119
2601
3336
3902
3331
2368
2026
2773
3117
2404
552
-1839
-3903
-4969
-5062
-5801
-7453
-9242
-10102
-9704
-8338
-6120
-3360
-1069
814
2939
5547
7916
9296
9414
7863
5089
2298
735
-37
-1423
-3520
-5448
-6539
-6445
-5458
-3412
-1104
1532
4620
7659
9287
9755
10077
10631
10366
8732
6844
4566
2594
534
-1880
-5472
-9090
-11458
-11210
-9176
-6405
-3367
-797
984
1578
1652
1600
2007
2649
3236
3081
2478
1973
2244
2587
2231
808
-1358
-3542
-4843
-5258
-5812
-6924
-8645
-9631
-9406
-8038
-6181
-3968
-1915
-48
2021
4370
6814
8700
9369
8476
6192
3521
1410
-68
-1191
-2650
-4087
-5410
-6112
-5742
-4072
-1671
1431
4868
7455
8448
8497
9160
10013
10178
8916
6791
4284
2464
970
-1323
-4946
-8685
-10901
-10836
-8793
-6207
-3169
-781
749
1411
1667
1633
1700
2130
2406
2163
1689
1786
2317
2442
1638
592
-729
-2251
-3597
-4709
-5645
-6803
-7915
-8577
-8536
-7960
-6640
-4661
-2515
-663
1400
4141
6635
8426
8954
8093
6044
3717
1808
447
-943
-2357
-3714
-4907
-5690
-5592
-4063
-1899
1097
4383
7030
8302
8886
9480
9993
9567
8223
6422
4419
2870
1400
-995
-4579
-8327
-11087
-11408
-9702
-6553
-2906
59
1368
1458
1266
1075
1428
2294
2973
2696
1870
1323
1577
1918
2047
1571
82
-2150
-4056
-4821
-5280
-6152
-7766
-9214
-9783
-9039
-7094
-4694
-2715
-1058
1020
3783
6472
8340
9201
8550
6605
4163
2029
363
-1100
-2323
-3799
-5240
-6181
-5654
-3488
-838
2425
5245
7269
8199
8902
9707
10182
9587
8413
6541
4238
2020
-227
-2686
-5951
-8866
-10731
-10530
-8735
-5517
-1962
386
1091
1176
1116
1223
1724
2116
2121
1641
1572
2049
2894
3124
2544
1222
-948
-3216
-4445
-4690
-5454
-7024
-8758
-9722
-9606
-8188
-6111
-4172
-2669
-956
1608
4839
7778
9775
10220
8693
5888
2971
979
-543
-2038
-3498
-4729
-5566
-5724
-4583
-2717
-450
2864
6129
8320
8740
8923
9724
10437
9730
7868
5461
3186
1379
-737
-3709
-7400
-10045
-10778
-9580
-7741
-5225
-2283
171
1114
1185
1000
1140
1615
2044
2161
1616
1540
2347
3425
3116
1893
415
-1014
-2269
-3136
-3998
-5550
-7477
-8959
-9288
-8974
-8023
-6303
-4076
-2025
96
2642
5499
7818
9072
9165
7933
5740
3507
1840
223
-1726
-3645
-5013
-5503
-5362
-4644
-3471
-1646
1574
5284
7741
8296
8421
9217
10229
10052
8499
6148
3814
2167
438
-2594
-6604
-9892
-11015
-9967
-8143
-5656
-2988
-885
248
524
542
623
1441
2552
2863
2042
1208
1337
2092
2638
2599
1594
-460
-2441
-3633
-4217
-5173
-6681
-8052
-8883
-8988
-7996
-6221
-4272
-2462
-395
2386
5189
7379
8674
9023
8273
6564
4535
2510
682
-1082
-2933
-4754
-6189
-6547
-5528
-3481
-1300
1525
4656
7170
8316
8983
9770
10283
9886
8409
6714
4764
3178
1342
-1630
-5611
-9249
-11413
-11070
-9099
-6419
-3550
-1356
-229
290
701
1069
1751
2339
2377
1818
1250
1522
2384
3011
2677
1454
-414
-2400
-3554
-4315
-5300
-7003
-8522
-9621
-9751
-8897
-6841
-4509
-2612
-862
1537
4653
7537
9565
9950
8790
6463
4326
2704
1324
-477
-2610
-4698
-6196
-6438
-5280
-3366
-1411
993
3960
6363
7882
8811
9879
10765
10467
9089
7165
5076
3346
1657
-1218
-5112
-9145
-11171
-10748
-8856
-6372
-3734
-1694
-710
-59
304
542
878
1588
1992
2037
1885
2077
2872
3311
3030
1767
-34
-2080
-3500
-4379
-5338
-6905
-8526
-9306
-9253
-8588
-7334
-5333
-3207
-676
2019
4905
7327
8916
9376
8584
6898
4724
3027
1404
-639
-3120
-5073
-5664
-5463
-5054
-3801
-1880
830
4002
6494
7868
8304
9034
10033
10321
8951
6793
4506
3142
1621
-1016
-4513
-7995
-10441
-10432
-8421
-6008
-3552
-1904
-802
-620
-260
191
992
1583
1678
1650
1615
2086
2545
2719
2378
1691
284
-1493
-3013
-4157
-4934
-6088
-7685
-9349
-10005
-9209
-7184
-4773
-2736
-1139
865
3621
6507
8818
9717
9238
7549
5342
3339
1707
44
-1845
-3606
-4762
-5228
-4867
-3759
-2329
-249
2908
6030
7751
8072
8417
9013
9232
8669
7232
5270
3209
1557
-480
-3541
-6924
-9404
-10057
-8778
-6654
-4068
-1803
-744
-470
-483
-326
110
1002
1758
1759
1299
1441
2272
3035
2882
1835
357
-1403
-2636
-3619
-4804
-6484
-8137
-9188
-9411
-9003
-7819
-5666
-3116
-899
1228
3917
6585
8612
9478
8816
6906
4564
2656
1308
-199
-2237
-3979
-4701
-4784
-4281
-3110
-1331
1072
3988
6509
7924
8359
8690
9273
9523
8741
6885
4496
2451
779
-1246
-4019
-7020
-9442
-9991
-8591
-6337
-3749
-1692
-663
-374
-485
-626
0
987
1750
1980
2045
2079
2324
2718
2734
2047
546
-1283
-2709
-3851
-4961
-6174
-7550
-8539
-8952
-8483
-7074
-5013
-2975
-1127
706
2884
5392
7623
8739
8384
6783
4416
2461
1190
136
-1283
-2958
-4327
-5130
-5251
-4294
-2222
475
3469
5982
7463
8145
8786
9726
10126
9220
7382
5184
3258
1778
-151
-3074
-6539
-9608
-10683
-9598
-7139
-4261
-1845
-534
-346
-299
-22
678
1359
1661
1444
1187
1124
1758
2479
2673
2056
545
-1118
-2627
-3451
-4298
-5487
-7205
-8673
-9324
-9038
-7947
-6056
-3813
-1726
569
3306
6192
8411
9398
8890
7238
4914
3083
1857
612
-1307
-3547
-5109
-5367
-4830
-3768
-2363
-412
2501
5692
7679
8401
9069
9758
9993
8911
7244
5469
4109
2661
356
-3321
-7084
-9510
-9912
-8736
-7111
-5159
-3169
-1370
-255
581
746
566
546
877
1216
1506
1822
2350
3016
2841
1864
284
-1277
-2501
-3323
-4575
-6536
-8410
-9096
-8630
-8096
-7555
-6511
-4493
-1967
770
3476
5846
7484
8400
8345
7150
5252
3698
2508
900
-1654
-4053
-5086
-4810
-4003
-2787
-1327
354
2858
5556
7652
8485
9042
9529
9599
8516
6945
4964
3192
1632
-643
-3599
-6711
-9051
-9821
-8598
-6836
-4625
-2492
-849
-81
420
614
726
1106
1500
1562
1257
1450
2154
2708
2445
1758
259
-1582
-2994
-3764
-4641
-6086
-7683
-8770
-8958
-8492
-7403
-5788
-3919
-1940
656
3608
6259
8037
8671
8179
6596
4648
3059
1773
214
-1775
-3641
-4750
-4950
-4430
-3225
-1829
224
3103
5825
7369
7982
8809
9699
9847
8793
7166
5173
3473
2127
327
-2725
-6084
-8600
-9409
-8591
-7079
-4923
-2636
-1036
-376
-123
-23
388
941
1707
1976
1735
1339
1600
2346
2628
2069
476
-1553
-3126
-3907
-4838
-6141
-7732
-8591
-8695
-8232
-7282
-5750
-3633
-1470
752
3070
5337
7234
8347
8208
6751
4527
2710
1676
589
-1131
-3194
-4674
-4959
-4182
-2754
-1404
307
2684
5313
7265
8274
8943
9441
9456
8547
6927
5011
3272
1678
-367
-3398
-6610
-8735
-9105
-8135
-6705
-4986
-3112
-1491
-250
527
529
340
697
1387
1769
1851
1773
1865
2253
2589
2402
1080
-937
-2636
-3629
-4682
-6039
-7433
-8397
-8643
-8324
-7483
-5942
-3868
-1587
785
3223
5459
7299
8466
8448
7320
5447
3476
1726
6
-1876
-3735
-4970
-5074
-4505
-3324
-1687
751
3641
6133
7766
8400
8588
8679
8871
8431
7046
5009
2962
956
-1213
-3876
-6478
-8513
-9265
-8442
-6529
-4122
-1940
-560
-253
-353
-589
-479
192
1098
1642
1830
1694
1931
2285
2566
2066
818
-968
-2638
-3872
-5179
-6422
-7713
-8484
-8758
-8432
-7439
-5377
-2896
-275
2079
4360
6334
7767
8586
8082
6513
4279
2355
823
-521
-1898
-3126
-3965
-4439
-4057
-2825
-1030
1232
4215
6608
7572
7691
8365
9336
9241
8088
6231
4125
2252
1033
-743
-3737
-7053
-9233
-9383
-8139
-6264
-3948
-1970
-1076
-691
-68
406
676
1069
1507
1477
1143
1240
2136
2837
2632
1680
-103
-2048
-3445
-3990
-4818
-6618
-8426
-9050
-8709
-8091
-7001
-5343
-3473
-1422
1335
4686
7202
8370
8461
7558
5853
4064
3024
2155
332
-2219
-4141
-4890
-4786
-3621
-1822
80
2465
5246
7261
8002
8256
8862
9568
9022
7667
5778
3777
1915
23
-2674
-5541
-7867
-8853
-8129
-6745
-4887
-3044
-1551
-1125
-917
-829
-663
-248
368
920
1135
1095
1533
2506
3034
2786
1348
-608
-2375
-3337
-3925
-5231
-7144
-8653
-9096
-8815
-8044
-6517
-4384
-2129
224
2797
5390
7503
8643
8689
7494
5286
3173
1867
967
-689
-2602
-4100
-4862
-4824
-3407
-1250
898
3260
5594
7287
7910
8346
8749
9224
8719
7403
5275
3151
1282
-467
-2861
-5746
-8387
-9384
-8146
-5980
-3497
-1658
-858
-948
-870
-740
-309
162
552
847
1116
1244
1724
2583
2670
2123
889
-634
-2135
-3282
-4119
-5391
-7443
-9216
-9610
-9081
-7678
-5769
-3773
-2030
9
2554
5363
7445
8117
7796
6648
4924
3005
1532
158
-1472
-3025
-3990
-4496
-4363
-2976
-805
2005
4779
6912
7904
8235
8804
9573
9593
8301
6247
4145
2411
425
-1955
-4801
-7206
-8841
-8810
-7413
-5221
-2747
-632
141
-195
-908
-1034
-309
494
971
878
937
1330
2217
2680
2536
1592
411
-1109
-2541
-3831
-4861
-6126
-7590
-8625
-9128
-8793
-7458
-5339
-3174
-994
1164
3771
6361
8288
8795
8000
6041
3890
2308
1283
-20
-1691
-3341
-4345
-4472
-3838
-2421
-328
2620
5388
7004
7182
7520
8398
9287
8890
7481
5533
3717
2291
546
-2065
-5126
-7415
-8514
-8064
-6967
-5117
-2967
-1250
-643
-640
-689
-622
-181
465
862
715
630
1283
2312
2469
1668
568
-630
-1661
-2517
-3643
-5158
-6981
-8163
-8431
-8280
-8061
-6976
-4857
-2489
15
2658
5303
7294
8359
8237
7156
5491
3872
2538
935
-931
-2600
-3621
-4106
-4080
-3224
-1487
1160
4166
6379
7117
7057
7622
8868
9626
8657
6619
4541
2968
1212
-1291
-4235
-6867
-8236
-8216
-7182
-5750
-3788
-1829
-519
-222
-435
-652
-457
44
473
538
485
1019
2193
2992
2657
1305
-264
-1383
-1980
-2613
-4067
-6193
-8280
-9154
-8917
-8231
-7262
-5584
-3562
-1442
949
3630
6120
7922
8591
7929
6276
4391
3139
2058
524
-1359
-2894
-4151
-4811
-4142
-2260
329
3104
5198
6070
6387
7286
8626
9123
8220
6625
4959
3615
2271
141
-3048
-6317
-8123
-8211
-6922
-5097
-3203
-1678
-1052
-1057
-967
-754
-424
-308
-237
-138
-38
690
1836
2921
2868
1935
437
-1029
-1897
-2393
-3124
-4650
-6681
-8192
-8491
-8123
-7294
-6110
-4408
-2477
-35
2977
5807
7620
8012
7285
5731
4062
3002
2448
1335
-665
-2670
-3910
-4225
-3628
-2221
-292
2307
4771
6331
6944
7326
8017
8718
8576
7132
4952
3214
2336
1248
-1232
-4687
-7622
-8869
-8031
-6091
-4005
-2473
-1467
-866
-438
-523
-640
-530
-309
-290
-335
106
854
1684
1969
2045
1651
710
-250
-1202
-2484
-4212
-6049
-7567
-8376
-8658
-8166
-6989
-5496
-3880
-1711
1236
4375
6814
8075
8024
7026
5778
4512
3343
1959
236
-1551
-3225
-4434
-4774
-3773
-2087
-86
2612
5059
6365
6781
7747
9257
10011
8977
7121
5044
3397
2329
610
-2495
-6230
-8836
-9221
-7878
-5941
-3911
-2194
-1079
-764
-553
-532
-423
-285
-72
-77
10
567
1664
2753
3086
2599
1024
-603
-1595
-1879
-2661
-4559
-7053
-8803
-9387
-9026
-8230
-6982
-5172
-3103
-407
2542
5373
7438
8451
8359
7126
5416
4008
2841
1205
-1122
-3444
-4800
-4820
-3739
-1971
51
2566
4784
6232
7173
8062
8985
9452
8943
7209
5028
3103
1875
221
-2562
-5913
-8442
-9206
-8065
-5660
-2969
-858
-73
-356
-808
-1080
-1032
-523
-432
-304
-43
438
1295
2112
2536
2151
915
-410
-1211
-1859
-2786
-4476
-6488
-8205
-8978
-8905
-8148
-6806
-5075
-2921
-442
2309
5230
7579
8499
8149
6859
5395
3920
2674
1120
-846
-2803
-4068
-4317
-3733
-2708
-988
1948
4836
6440
6780
7399
8207
8947
8792
7599
5438
3521
2369
1075
-1422
-4632
-7191
-8543
-8146
-6726
-4328
-2018
-637
-456
-766
-1260
-1515
-1088
-427
-92
-220
-21
527
1615
2425
2778
1933
183
-1197
-1544
-1870
-3487
-5981
-8251
-9208
-9174
-8102
-6812
-5299
-3690
-1443
1574
4636
6948
8274
8291
7059
5524
4313
3597
2365
382
-2090
-4229
-5018
-4212
-2346
-277
1923
3837
5120
5951
7019
8289
9376
9317
7993
6002
3872
2002
268
-2081
-5094
-7839
-9105
-8301
-6250
-3514
-1366
-280
-167
-405
-633
-809
-797
-754
-981
-1110
-383
922
2185
2722
2486
1756
701
-244
-1046
-1872
-3326
-5023
-6877
-8308
-9163
-9171
-8225
-6559
-4700
-2455
402
3539
6556
8025
8023
7096
6002
5069
4317
3021
850
-1724
-3718
-4587
-4455
-3167
-1492
919
3398
5042
5831
6740
8275
9608
9664
8061
5907
3848
2967
1968
-139
-3399
-6248
-7939
-7903
-6639
-4926
-3086
-1671
-1012
-954
-901
-993
-760
-826
-1244
-1715
-1260
163
1649
2507
2730
2478
1511
70
-980
-1638
-2730
-4402
-6140
-7593
-8663
-8933
-8309
-7176
-5565
-3351
-263
3052
5842
7815
8641
8117
6709
5355
4269
3020
1444
-508
-2536
-3875
-4160
-3172
-1849
-538
1446
3706
5228
5713
6378
7793
8607
8221
6840
5250
4163
3218
1728
-1187
-4822
-7294
-7831
-6736
-5283
-4042
-2679
-1673
-1475
-1491
-1408
-1303
-1080
-785
-765
-738
-309
639
1919
2615
2475
1596
404
-604
-1082
-1786
-3422
-5739
-7619
-8347
-8207
-7794
-7140
-5803
-4016
-1761
1004
3881
6218
7797
8151
7434
6061
4793
3939
2860
978
-1530
-3592
-4506
-4307
-3286
-1851
171
2711
4659
5768
6668
8022
9270
9565
8631
6815
4728
3354
2219
203
-2929
-6265
-8506
-8985
-7740
-5748
-3501
-1708
-962
-949
-1092
-1320
-1170
-603
-323
-566
-485
670
2047
2690
2593
2260
1470
249
-661
-1463
-2798
-4670
-6513
-7979
-9038
-9335
-8394
-6717
-5107
-3530
-1214
1849
4900
7494
8912
8812
7513
6055
4859
3436
1613
-378
-2267
-3835
-4799
-4545
-3341
-1789
783
3652
5590
6131
6687
8096
9487
9552
8349
6523
4327
2741
1348
-945
-4332
-7302
-8806
-8122
-6706
-5006
-3102
-1761
-1297
-1127
-887
-966
-1007
-709
-257
-118
149
866
1899
2386
2608
2238
1185
-266
-1219
-2037
-3325
-5305
-7226
-8421
-8962
-8815
-7885
-6180
-4398
-2238
389
3250
5898
8037
9113
8994
7593
5470
3560
2159
793
-880
-2725
-4082
-4697
-4212
-2929
-1045
1699
4232
5699
6284
7242
8639
9621
9389
8019
6031
4137
2878
1232
-1503
-4896
-7563
-8827
-8418
-7001
-5021
-2863
-1708
-1446
-1514
-1540
-1549
-1001
-604
-483
-327
412
1636
2705
3197
2900
2009
547
-743
-1637
-2492
-4003
-5950
-7737
-8866
-9263
-8680
-7238
-5616
-4007
-1829
952
4007
6816
8603
8937
8092
6597
5159
4102
2816
946
-1334
-3310
-4510
-4792
-4528
-3550
-1723
961
3676
5509
6481
7631
9102
10181
9903
8260
6536
5113
3908
2130
-755
-4455
-7435
-8864
-8488
-7116
-5320
-3628
-2611
-2099
-1931
-1677
-1180
-611
-188
-106
-127
633
1970
3141
3646
3175
1786
-31
-1146
-1481
-2201
-4077
-6614
-8842
-9887
-9782
-8975
-7823
-6506
-4547
-1697
1606
4583
7046
8634
9062
8367
7080
5541
4056
2587
824
-1328
-3507
-4732
-4913
-4192
-3004
-1182
1419
4206
6019
7183
8290
9121
9391
8935
8129
6685
5186
3547
1366
-1865
-5161
-7620
-8486
-8040
-6868
-5271
-3755
-2588
-1941
-1180
-935
-1097
-1047
-219
383
630
937
1706
2339
2498
2456
1730
343
-1100
-1842
-3029
-4984
-7225
-8673
-9289
-9179
-8393
-6858
-5209
-3596
-1200
1892
5102
7395
8676
8609
7398
5825
4711
3599
2037
25
-2030
-3588
-4532
-4401
-3646
-2493
-721
2082
4818
6512
7307
8327
9619
9976
9125
7680
6234
4675
3077
626
-2797
-6541
-8844
-9015
-7824
-6261
-4619
-3271
-2471
-1823
-1333
-942
-940
-710
-180
474
928
1659
2784
3451
3302
2692
1700
-46
-1590
-2735
-3794
-5599
-7628
-9068
-9575
-9366
-8408
-6730
-4892
-2981
-743
2196
5169
7600
8995
9316
8272
6358
4533
2992
1194
-810
-2533
-3858
-4746
-5113
-4434
-2772
-82
2928
5208
6241
7037
8161
9436
9926
9048
7332
5492
4163
2744
576
-2600
-5737
-8212
-8958
-8163
-6397
-4356
-2556
-1585
-1371
-1226
-997
-406
179
564
862
1360
1855
2677
3353
3273
2300
746
-688
-1748
-2730
-3995
-5857
-7942
-9451
-9941
-9414
-8177
-6694
-5002
-2832
-186
2929
6015
8237
9009
8560
7163
5471
3997
2614
1060
-737
-2655
-4079
-4775
-4794
-3820
-2154
302
3104
5208
6146
6942
8189
9584
9964
9029
7424
5419
3690
1876
-493
-3586
-6400
-8335
-8671
-7745
-6199
-4230
-2460
-1550
-1297
-1237
-1081
-377
396
763
972
1137
1831
2859
3581
3474
2510
1174
-448
-1640
-2847
-4349
-6699
-8558
-9441
-9392
-8693
-7438
-6010
-4510
-2407
421
3954
7017
8891
9213
8386
6688
4927
3433
2095
381
-1636
-3509
-4915
-5463
-4885
-3481
-1492
1205
4063
5985
6929
8031
9229
9867
9436
8107
6394
4855
3475
1524
-1388
-4691
-7449
-8742
-8571
-7563
-6023
-4158
-2503
-1612
-1262
-1110
-910
-142
551
837
1032
1596
2544
3310
3638
3190
1953
104
-1393
-2235
-2896
-4371
-6443
-8587
-9730
-9756
-8927
-7544
-6099
-4375
-1940
1227
4538
7479
9105
9310
8279
6659
5021
3814
2517
816
-1450
-3763
-5098
-5364
-4852
-3848
-2312
239
3275
5451
6697
7708
8843
9712
9708
8563
7093
5663
4437
2566
-114
-3355
-6121
-7840
-8412
-8055
-7012
-5232
-3417
-2193
-1652
-1202
-797
-36
718
1369
1619
1724
2190
2831
3189
3204
2391
741
-1264
-2578
-3086
-4218
-6542
-9015
-10235
-9969
-8751
-7208
-5555
-3989
-2148
187
3086
5548
7432
8725
8768
7390
5312
3503
2134
637
-1257
-3144
-4585
-5158
-4757
-3191
-1512
433
3034
5755
7402
8442
9334
10140
10162
9352
7967
5827
3589
1614
-824
-4243
-7577
-9746
-9595
-8102
-6106
-4121
-2571
-1742
-1052
-348
79
97
563
1249
1554
1862
2353
2940
3134
2928
2177
662
-1468
-3207
-4229
-4980
-6467
-8369
-9871
-10486
-9823
-8002
-5595
-3260
-1130
1213
3748
6028
7841
8939
8883
7491
5294
3049
1483
161
-1143
-2949
-5008
-6209
-5663
-3587
-1001
1673
3974
5738
6645
7800
9253
10473
10375
9211
7296
5165
3465
1878
-333
-3589
-6620
-8803
-9212
-8155
-5968
-3902
-2690
-2373
-2059
-1306
-292
621
1288
1391
1056
1439
2601
3618
3795
3324
2037
102
-1894
-2876
-3381
-4550
-6833
-9042
-10278
-10422
-9365
-7459
-5435
-3721
-1804
751
3972
6811
8688
9246
8188
6047
4099
2869
2027
618
-1645
-3989
-5274
-5177
-4026
-2694
-1423
727
3625
6198
7385
8048
8829
9760
9748
8603
6889
5154
3766
2310
-369
-4000
-7066
-8713
-8477
-7522
-6120
-4479
-3018
-2183
-1483
-815
-274
315
964
1300
1304
1797
2772
3690
3762
3201
2128
531
-1324
-2842
-4183
-5612
-7059
-8357
-9186
-9642
-9350
-8156
-6170
-3818
-1426
1082
3749
6079
7914
8696
8293
7148
5335
3477
1628
-139
-1779
-3250
-4248
-4634
-4148
-3238
-1635
1030
3903
5855
6693
7590
8929
9990
9827
8605
6546
4536
3270
1942
-598
-3996
-6969
-8423
-8277
-7276
-5454
-3615
-2396
-2071
-1803
-1402
-939
-235
591
995
1145
1552
2587
3470
3657
3412
2305
351
-1584
-2580
-3483
-5021
-7324
-8917
-9708
-9704
-9043
-7654
-5756
-3518
-979
1851
4433
6419
8077
8670
8063
6306
4560
3036
1590
-296
-2390
-4210
-4815
-4401
-3519
-2622
-1420
1201
4263
6640
7390
7715
8095
8746
9178
8831
7060
4743
2929
1417
-481
-3388
-6269
-8496
-8846
-7740
-5603
-3486
-2141
-1589
-1421
-1400
-1202
-408
848
1811
1897
1862
2094
2686
3215
3327
2681
1002
-1299
-3060
-4153
-5162
-6644
-8214
-9621
-10463
-9760
-7745
-5314
-3103
-1108
960
3262
5549
7641
8700
8308
6666
4608
2762
1300
61
-1167
-2707
-4248
-5034
-4563
-2897
-1136
1091
3618
5458
6516
7725
9340
10248
9975
8827
7061
5000
3156
1761
-102
-3005
-6012
-8338
-9010
-8055
-6036
-3524
-1841
-1601
-1751
-1366
-723
28
863
1089
1024
1157
2369
3724
4148
3310
1754
59
-1701
-2773
-3566
-4704
-6889
-8798
-10003
-10125
-9526
-7977
-6022
-4229
-2364
213
3518
6459
8453
9044
8387
6659
4914
3662
2551
529
-1772
-3760
-4839
-5122
-4587
-3198
-1229
1198
3728
5577
6505
7605
9007
10063
9543
8041
6471
5404
4083
2042
-749
-3676
-6001
-7353
-7698
-7375
-6280
-4499
-2464
-1416
-1218
-1202
-742
-36
683
1023
1287
1888
2829
3370
3129
2640
2044
1250
-461
-2376
-3994
-5469
-7003
-8400
-9415
-9663
-9060
-7627
-5910
-4143
-1848
1059
4120
6385
7777
8329
7930
6539
4674
2782
1142
-408
-1774
-3091
-4278
-4966
-4413
-2701
-890
1204
3476
5336
6258
7159
8503
9739
9707
8421
6582
4507
2956
1703
-197
-3352
-6471
-8376
-7903
-6321
-4718
-3252
-2225
-2028
-1890
-1240
-652
55
663
879
738
1217
2515
3786
3849
2937
1651
437
-858
-2229
-3643
-5288
-7136
-8569
-9198
-9066
-8310
-6885
-5051
-3555
-1976
168
2976
5734
7842
8411
7550
6038
4394
3048
1843
324
-1443
-3211
-4540
-4924
-4554
-3473
-2050
146
3075
5533
6868
7701
8557
9426
9680
8984
7431
5787
4689
3651
1217
-2624
-6421
-8942
-9373
-8113
-6299
-4587
-3134
-2190
-1254
-518
-141
248
948
1369
1385
1561
2380
3517
3739
2974
1572
164
-1164
-2116
-3093
-4757
-6939
-8603
-9117
-9230
-9031
-8419
-7003
-5095
-2643
37
2795
5386
7579
9081
9063
7449
5171
3532
2250
755
-1079
-2684
-4015
-4625
-4552
-3837
-2821
-1221
1967
5283
7121
7366
7959
9006
9820
9506
8351
6166
3917
2329
884
-1323
-4500
-6990
-8280
-8042
-7192
-5432
-3509
-2186
-1676
-1083
-651
-425
243
1167
1732
1675
1997
2642
3417
3718
3288
1707
-710
-2904
-3827
-4259
-5556
-7637
-9424
-9775
-9172
-7755
-5977
-4401
-2877
-743
2183
5060
6941
7930
7948
6829
5025
3353
2439
1468
-136
-2102
-4030
-4999
-4762
-3588
-2007
-371
1801
4222
5982
6598
7273
8168
8903
8739
7734
6028
4223
2987
1554
-927
-4096
-6784
-8011
-7448
-6279
-4703
-3315
-2324
-1724
-1057
-449
-103
455
1125
1415
1619
2195
2928
3178
2847
2139
1185
-209
-1816
-3239
-4468
-5661
-6751
-7610
-8265
-8605
-8130
-6392
-4438
-2764
-1140
970
3357
5606
7246
7731
6894
5146
3464
2413
1399
56
-1264
-2649
-4137
-5068
-4607
-3023
-1120
1056
3576
5500
6685
7440
8406
9176
9099
8298
6896
5200
3593
2179
68
-3012
-6467
-8548
-9005
-7764
-5653
-3539
-2219
-1799
-1368
-520
404
957
1094
953
776
880
1981
3145
3873
3233
1608
219
-876
-1983
-3321
-5000
-6925
-8297
-8723
-8730
-8886
-8044
-6227
-3769
-1551
528
2903
5366
7511
8643
8320
6607
4719
3482
2349
544
-1635
-3409
-4426
-4861
-4720
-3571
-2008
-71
2545
4983
6597
7101
8139
9352
9765
8754
7115
5515
4031
2637
799
-2061
-5570
-8250
-9148
-8138
-6456
-4283
-2377
-1434
-1133
-999
-563
13
682
1317
1301
1303
1974
3147
3753
3137
2067
878
-528
-2135
-3418
-4452
-5574
-7082
-8320
-9207
-9328
-8087
-5776
-3563
-2108
-557
1634
4220
6505
8016
8288
7186
5144
3340
1987
566
-835
-2146
-3411
-4561
-5133
-4460
-2839
-784
1782
4359
5928
6498
7145
8716
9902
9345
7459
5364
3991
3395
2331
-149
-3937
-7346
-8658
-7868
-6198
-4593
-3128
-2123
-1548
-1018
-383
310
919
1011
636
464
1262
2768
3855
3528
2231
890
22
-786
-1978
-3697
-5495
-6920
-8062
-8732
-9049
-8547
-7132
-5164
-3385
-1733
436
3225
6004
7756
7832
6589
4951
3719
2945
1869
101
-1874
-3328
-4042
-4120
-3782
-2934
-1583
530
3196
5448
6525
6891
7691
8815
9196
8401
6725
5099
4018
2923
829
-2456
-5588
-7499
-7577
-6490
-5171
-3978
-2855
-2042
-1566
-1081
-670
-99
681
1237
1254
1335
2012
2967
3492
3041
1739
219
-886
-1725
-2850
-4528
-6562
-7906
-8514
-8596
-8269
-7495
-6031
-4292
-2367
-202
2136
4521
6583
7727
7581
6252
4710
3398
2229
776
-1056
-2441
-3257
-3472
-3459
-3265
-2570
-1163
1276
4094
5997
6331
6356
7275
8551
8735
7348
5342
3782
3115
2482
448
-2917
-6115
-7807
-7369
-5927
-4618
-3301
-2205
-1636
-1470
-1326
-892
20
1246
1890
1745
1697
2341
3316
3318
2168
863
-105
-1125
-2430
-3820
-5335
-6718
-7621
-7846
-7880
-7580
-6633
-4966
-3205
-1628
450
2877
5086
6511
6937
6361
5034
3548
2421
1437
313
-1094
-2451
-3405
-3797
-3404
-2345
-908
732
2742
4931
6228
6581
7076
7938
8209
7400
6247
5182
3981
2565
680
-1766
-4417
-6487
-7057
-6621
-5888
-4734
-2924
-1407
-897
-905
-781
-512
-110
524
1088
1583
1885
2659
3545
3313
2140
530
-685
-1925
-2924
-4061
-5841
-7584
-8363
-7987
-7558
-7282
-6447
-4569
-2457
-343
1682
3953
5806
6801
7071
6346
4930
3444
2429
1246
-427
-1832
-2544
-2846
-3219
-3429
-2896
-1244
1154
3596
5373
6099
6415
7067
7966
7982
6938
5502
4335
3443
2404
640
-2064
-4998
-7025
-7217
-6107
-4415
-2888
-1960
-1779
-1978
-1747
-847
253
772
823
634
944
1682
2729
3331
2941
1678
53
-1217
-2268
-3202
-4387
-5729
-7262
-8194
-8270
-7475
-6464
-5465
-4120
-2279
102
2778
5154
6559
6762
6032
4854
3567
2661
1899
949
-703
-2507
-3588
-3573
-2858
-1646
-497
685
2241
4083
5649
6475
7088
7438
7429
6819
5907
5055
4333
3057
912
-1941
-4488
-6231
-6716
-6162
-5228
-3952
-2576
-1480
-1035
-841
-658
-293
72
452
839
1396
1926
2342
2298
1928
1526
1104
79
-1701
-3322
-4482
-5231
-6263
-7156
-7796
-7667
-6617
-5033
-3591
-2576
-1159
932
3308
5094
5997
6099
5449
4300
3056
1897
1076
191
-755
-1919
-3093
-3674
-3230
-1725
55
2056
3882
4982
5682
6569
7520
7882
7301
6365
5361
4276
3177
1530
-882
-3742
-6072
-7020
-6444
-5089
-3422
-2210
-1647
-1667
-1536
-891
-229
344
620
513
565
1016
1959
2891
2892
1928
532
-295
-793
-1370
-2714
-4714
-6819
-7779
-7572
-7224
-6938
-6430
-5427
-4018
-2216
-28
2560
5082
6653
6838
5991
4499
3394
2735
1990
502
-1148
-2562
-3318
-3570
-3180
-1652
315
2185
3559
4876
5660
6504
7402
8191
7737
6515
5160
4118
2971
1368
-827
-3562
-5960
-7335
-6640
-4712
-2744
-1800
-1304
-1550
-1735
-1264
-309
184
65
-240
-198
411
1515
2892
3260
2483
1243
518
-178
-1270
-2570
-3972
-5461
-6828
-7578
-7950
-7878
-6985
-5437
-3820
-2305
-392
2078
4592
6163
6571
6082
4815
3393
2429
1694
829
-137
-1154
-2275
-3235
-3261
-1893
77
1687
2779
3920
5008
5879
6633
7017
6375
5054
4084
3352
2503
1317
-273
-2267
-4029
-4852
-4310
-2978
-1640
-579
234
528
176
-266
-585
-1055
-1798
-2273
-2497
-2264
-1353
-135
530
403
141
106
234
241
-185
-1231
-2814
-4371
-5147
-5354
-5559
-5565
-5089
-4213
-3062
-1584
174
1881
3299
4181
4279
3651
2833
2075
1329
643
-309
-1266
-1918
-2101
-1867
-942
536
2343
4564
5984
6182
5956
6426
7164
7189
5868
4032
2419
1288
459
-1183
-3699
-5780
-6142
-4881
-2711
-871
630
1707
2154
1971
1322
186
-1057
-1957
-3085
-4216
-4317
-2895
-780
462
286
-166
29
557
1015
695
-733
-2758
-4401
-4989
-5270
-5652
-5920
-5740
-5184
-4092
-2065
660
3172
4632
5108
4757
3666
2773
2386
1804
449
-1045
-2357
-3023
-2876
-1795
16
1556
3159
4801
6177
6679
7003
7314
7493
6666
5134
3645
2253
750
-823
-2672
-4886
-6198
-6029
-4314
-2136
52
1616
2505
2272
1353
302
-856
-1618
-2143
-2936
-3740
-3884
-3010
-1475
-39
781
938
718
444
325
67
-759
-2344
-3776
-4986
-5823
-6295
-6185
-5355
-4313
-2948
-1184
863
2909
4466
5016
4640
3577
2464
1734
971
83
-904
-1979
-2995
-3556
-2792
-703
1780
3997
5648
6660
7069
7330
7709
7537
6489
4948
3378
2013
662
-796
-2679
-4789
-6200
-6260
-4674
-2300
-115
1513
2282
2313
1892
1259
254
-1134
-2489
-3627
-4199
-3964
-2555
-509
1018
1333
1007
620
448
518
334
-714
-2793
-4951
-6185
-6427
-6318
-6033
-5596
-4849
-3601
-1535
1110
3473
4820
5200
4793
3993
3100
2131
971
-501
-2026
-3190
-3367
-2922
-1926
-501
1433
3847
6089
7332
7565
7561
7753
7556
6250
4175
2154
916
13
-1124
-3089
-5156
-6250
-5626
-3632
-1220
848
2248
2618
2226
1621
848
-97
-1307
-2576
-4024
-4905
-4459
-2725
-816
373
996
1269
1169
967
1002
757
-450
-2375
-4233
-5663
-6575
-6792
-6333
-5507
-4327
-2567
-311
1874
3584
4619
4920
4716
3946
3023
1959
756
-601
-1728
-2467
-2889
-2692
-1707
84
2068
4138
5670
6287
6321
6615
7218
7052
5547
3294
1169
-190
-795
-1531
-2997
-4765
-5512
-4912
-3226
-1066
966
2419
2710
1870
693
-323
-1059
-1612
-2604
-3752
-4488
-4008
-2419
-622
725
1425
1597
1590
1447
1173
505
-789
-2502
-4347
-5556
-6073
-5820
-5211
-4594
-3841
-2653
-841
1399
3525
4763
4886
4218
3287
2314
1368
354
-639
-1505
-2433
-3056
-2866
-1402
771
3313
5548
6736
6520
6196
6590
7279
7169
5640
3429
1338
181
-680
-1935
-4040
-5879
-6422
-5207
-2963
-479
1653
2917
2776
1565
325
-620
-1393
-2245
-3163
-4389
-4940
-4191
-2047
57
1074
1114
837
857
1237
1635
977
-923
-3270
-4753
-5456
-5808
-5999
-5730
-5154
-4313
-2839
-572
2001
4284
5502
5367
4273
2930
2073
1339
198
-1556
-3029
-3508
-2927
-1334
1025
3385
5055
5882
6501
7203
7844
7921
7023
5242
3120
1354
83
-979
-2559
-4555
-5972
-6118
-4797
-2281
661
2871
3584
3167
2250
1230
287
-745
-2211
-4087
-5653
-5784
-4499
-2714
-985
395
1214
1326
1335
1682
1566
417
-1320
-2972
-4386
-5425
-5739
-5521
-5395
-5078
-3935
-1990
104
1913
3522
4521
4460
3691
2851
2027
1016
-132
-1137
-2172
-2964
-2894
-1554
724
3250
5355
6537
6624
6421
6855
7533
7314
5613
3314
1097
-731
-1955
-2909
-4292
-5855
-6528
-5508
-3161
-315
2266
3897
4065
2811
1158
-119
-1106
-2164
-3285
-4492
-5205
-4815
-3335
-1517
-6
1045
1738
2135
2095
1663
910
-236
-1835
-3491
-4787
-5584
-5852
-5546
-4933
-3886
-2172
-45
1977
3508
4371
4478
4063
3293
2198
1099
120
-903
-1851
-2759
-3231
-2399
48
3232
5681
6767
6571
6046
6261
6950
6909
5482
3110
799
-973
-2279
-3395
-4653
-5776
-6295
-5556
-3342
-323
2592
4375
4379
2905
1162
-150
-1132
-2265
-3566
-4788
-5291
-4682
-3141
-1273
118
750
962
1253
1568
1813
1444
72
-2040
-3701
-4489
-4671
-4767
-4848
-4862
-4335
-2721
-173
2472
4050
4427
3940
3228
2582
2269
1639
377
-1423
-2910
-3474
-2756
-609
2100
4283
5344
5842
6262
7101
7968
8177
6705
4229
1917
231
-1160
-2717
-4411
-5946
-6799
-6558
-4857
-2279
595
2710
3766
3548
2576
1527
411
-1200
-3145
-4689
-5226
-4877
-4108
-2940
-1816
-658
426
1373
1950
2111
1841
1098
-300
-2043
-3500
-4294
-4668
-4743
-4343
-3713
-2679
-1050
1142
3153
4371
4533
3978
3109
2159
1364
688
-341
-1803
-3144
-3604
-2378
119
3011
5090
5804
5695
5854
6789
7498
6894
5177
3223
1224
-525
-2079
-3659
-5302
-6338
-6388
-5340
-3248
-686
1804
3296
3312
2287
1245
355
-685
-2081
-3557
-4799
-5315
-4608
-3057
-1450
-358
238
683
1074
1572
1907
1507
199
-1715
-3223
-3976
-4238
-4185
-4017
-3837
-3103
-1499
680
2539
3548
4082
4110
3696
3183
2502
1524
140
-1278
-2485
-3243
-2572
-527
2165
4282
5126
5102
5217
6245
7448
7521
6018
3621
1318
-341
-1678
-3043
-4471
-5724
-6268
-5592
-3784
-1307
1209
2903
3065
2112
1023
104
-708
-1726
-3155
-4579
-5204
-4622
-3155
-1764
-961
-541
-10
870
1682
2106
1728
424
-1217
-2507
-3365
-4004
-4296
-4121
-3714
-3009
-1693
232
2209
3511
3950
3683
3184
2757
2462
1849
691
-697
-1705
-2184
-1606
-5
1960
3615
4533
4976
5414
6117
6586
6345
4965
3128
1374
-28
-1268
-2617
-4087
-5068
-5403
-4890
-3331
-1257
854
2286
2658
2067
1111
56
-974
-2082
-3219
-4240
-4724
-4550
-3942
-3077
-2049
-942
174
1107
1698
1788
1287
229
-1141
-2254
-3042
-3492
-3804
-4016
-3865
-3138
-1574
363
2020
3246
3811
3806
3518
3000
2431
1738
790
-109
-829
-1221
-800
641
2402
3590
4155
4565
5165
5810
5945
5238
4017
2659
1553
397
-1272
-3097
-4532
-5145
-4653
-3424
-1981
-428
922
1857
2200
1986
1235
243
-882
-2391
-4015
-5185
-5239
-4283
-3161
-2235
-1653
-1248
-514
526
1453
1634
1010
-104
-1272
-2264
-2805
-2877
-2897
-3251
-3447
-2839
-1407
343
1626
2359
2690
2947
3177
3153
2652
1671
505
-251
-713
-308
877
2456
3657
3920
3889
4052
4785
5445
5449
4551
3077
1560
345
-902
-2166
-3628
-4591
-4807
-4101
-2660
-995
634
1741
2059
1780
1182
229
-613
-1660
-2724
-3933
-4779
-4834
-4240
-3277
-2426
-1806
-1373
-866
143
1130
1342
740
-257
-1004
-1613
-1981
-2226
-2503
-2688
-2486
-1643
-518
596
1625
2370
2667
2570
2446
2341
2083
1461
840
319
93
627
1814
3273
4081
4220
4144
4470
4977
5191
4715
3486
1911
531
-608
-1674
-2774
-3562
-3925
-3823
-2981
-1606
109
1372
1776
1449
891
338
-175
-1014
-2317
-3710
-4368
-4225
-3599
-2892
-2590
-2526
-2232
-1564
-461
403
637
289
-461
-1191
-1988
-2522
-2807
-2791
-2648
-2367
-1693
-637
609
1654
2120
2380
2340
2357
2356
2095
1583
628
-132
-397
239
1633
2958
3717
3947
4089
4728
5434
5712
5161
3812
2450
1322
462
-613
-2040
-3247
-3890
-3721
-2946
-1971
-897
9
766
1286
1115
760
212
-654
-1691
-2670
-3363
-3838
-3812
-3256
-2744
-2490
-2142
-1595
-838
-325
-277
-554
-745
-717
-911
-1476
-2105
-2539
-2563
-2191
-1555
-885
-216
678
1553
2243
2492
2442
2352
2115
1580
869
235
-45
424
1525
2782
3648
4134
4330
4577
4877
5078
4967
4129
2751
1277
210
-748
-1912
-3050
-3746
-3986
-3772
-2862
-1273
245
1386
2040
2026
1374
413
-349
-988
-1938
-3044
-3926
-4124
-3760
-3181
-2687
-2494
-2067
-1287
-394
-30
-295
-673
-881
-1151
-1593
-2233
-2682
-2632
-2037
-1218
-588
-29
629
1385
2077
2426
2279
1796
1303
976
614
333
275
602
1213
1903
2675
3326
3970
4824
5500
5408
4614
3685
2948
2113
1037
-298
-1702
-2823
-3468
-3509
-3139
-2477
-1393
-134
711
964
941
893
660
182
-531
-1557
-2558
-3032
-2883
-2536
-2435
-2501
-2485
-2276
-1689
-800
-227
-349
-887
-1370
-1775
-2015
-1952
-1729
-1609
-1614
-1510
-1071
-416
283
1055
1592
1760
1766
1850
1960
1764
1337
975
700
815
1413
2303
2859
2991
3383
3950
4198
4255
4267
3983
3090
2018
1117
78
-1105
-2056
-2524
-2855
-3064
-2684
-1732
-818
-148
358
636
479
65
-400
-1022
-1787
-2340
-2364
-2057
-1837
-1917
-2260
-2506
-2349
-1662
-925
-818
-1244
-1531
-1519
-1747
-1977
-1907
-1663
-1481
-1379
-966
-326
245
780
1284
1434
1163
1083
1505
1875
1812
1477
1039
747
864
1505
2392
2773
2867
3030
3201
3511
3799
3849
3254
2462
1880
1296
603
-316
-1311
-2000
-2500
-2654
-2171
-1318
-443
161
490
308
-245
-633
-885
-1263
-1665
-1789
-1617
-1634
-1702
-1700
-1765
-1736
-1617
-1285
-1178
-1468
-1610
-1506
-1484
-1607
-1760
-1828
-1657
-1076
-415
-157
-312
-528
-153
655
1246
1524
1515
1205
1039
1104
1361
1637
1761
1968
2090
2113
2191
2499
2835
2948
3048
3190
2841
2083
1425
1150
864
50
-571
-735
-934
-1356
-1574
-1529
-1426
-1222
-639
-86
-193
-721
-1110
-1245
-1484
-1647
-1512
-1356
-1431
-1457
-1460
-1473
-1545
-1508
-1218
-1111
-1191
-1267
-1297
-1284
-1343
-1326
-1206
-1248
-1055
-605
-166
-81
-168
110
389
453
624
862
1094
1264
1539
1986
1770
1330
1411
1928
2326
2482
2609
2808
2779
2574
2292
2225
2247
1636
806
212
149
100
-85
-401
-596
-756
-677
-517
-604
-752
-571
-389
-575
-806
-1017
-961
-1091
-1598
-2049
-2087
-2030
-1747
-1372
-1269
-1500
-1379
-885
-879
-1311
-1601
-1536
-1512
-1524
-1341
-963
-886
-925
-604
-140
49
229
609
817
737
556
782
1112
1159
1149
1287
1396
1439
1492
1649
1880
2152
2389
2394
2342
2218
2085
1813
1460
1421
1390
1131
635
-27
-326
-354
-388
-522
-838
-984
-872
-620
-392
-509
-524
-586
-885
-1228
-1706
-2071
-2150
-1869
-1489
-1463
-1598
-1605
-1538
-1320
-1136
-931
-872
-808
-685
-702
-902
-1243
-1328
-1175
-1047
-780
-434
-195
165
503
761
882
1078
1384
1621
1637
1543
1457
1424
1506
1689
1960
1965
1782
1711
1828
2021
1946
1706
1676
1652
1427
984
463
248
172
-24
-208
-393
-604
-763
-652
-241
72
-50
-265
-428
-647
-1083
-1481
-1701
-2040
-2162
-1899
-1723
-1650
-1648
-1729
-1701
-1674
-1503
-1008
-660
-751
-1010
-1247
-1325
-1257
-883
-572
-461
-337
-197
-8
52
266
840
1188
1076
1103
1391
1873
2413
2621
1993
1059
817
1461
2089
1752
1344
1160
1219
1388
1434
1180
627
210
332
603
738
656
361
-94
-726
-760
-470
-311
-519
-879
-1276
-1578
-1332
-709
-280
-382
-768
-1057
-1402
-1778
-1649
-1304
-1357
-1814
-1975
-1709
-1500
-1223
-718
-362
-304
-130
278
553
370
25
-216
-422
-553
-353
188
496
590
915
1212
1318
1353
1549
1829
1865
1753
1575
1339
1076
998
1179
1269
1121
1161
1391
1495
1349
1223
1168
925
413
-104
-395
-608
-768
-1001
-1335
-1684
-1785
-1585
-1204
-818
-420
-251
-506
-1169
-1649
-1637
-1569
-1387
-1258
-1410
-1665
-1657
-1242
-783
-681
-697
-705
-686
-649
-527
-248
-42
-1
38
240
407
430
493
680
926
1221
1625
1936
2015
1968
1713
1445
1346
1339
1465
1544
1581
1604
1494
1259
900
598
489
501
506
384
85
-291
-543
-577
-548
-586
-821
-1188
-1419
-1390
-1127
-908
-903
-965
-1071
-1262
-1270
-1102
-1036
-1193
-1352
-1380
-1352
-1192
-958
-831
-875
-997
-950
-712
-526
-338
-117
40
155
274
360
400
430
499
532
584
765
1005
1194
1338
1438
1572
1740
1836
1788
1558
1387
1359
1388
1406
1352
1281
1050
634
398
326
455
641
563
313
-80
-415
-558
-595
-510
-589
-899
-1209
-1443
-1425
-1248
-1051
-986
-1175
-1287
-1251
-1237
-1196
-1174
-1097
-1013
-1018
-1011
-1084
-1128
-1021
-823
-482
-299
-359
-404
-428
-421
-383
-317
-198
55
352
426
413
522
790
1111
1268
1486
1800
1908
1765
1553
1507
1537
1508
1292
956
826
780
835
951
691
341
256
420
609
501
263
2
-232
-353
-329
-147
-213
-494
-730
-1005
-1056
-878
-822
-985
-1206
-1225
-1150
-1136
-1197
-1262
-1240
-1198
-1004
-709
-604
-577
-505
-384
-307
-402
-488
-467
-337
-81
198
305
108
-117
-169
-91
179
404
437
384
332
514
827
1025
1117
1180
1295
1327
1250
1162
1004
859
785
800
935
1008
962
712
289
154
387
761
975
790
336
-229
-688
-889
-902
-805
-749
-770
-862
-994
-889
-593
-458
-527
-624
-643
-709
-820
-846
-828
-835
-900
-951
-879
-729
-582
-415
-242
-135
-104
-74
-10
83
214
297
192
-103
-372
-410
-240
82
443
706
841
878
941
1008
1072
1151
1090
838
449
129
36
95
322
556
575
442
323
370
470
548
624
537
291
-39
-320
-491
-584
-530
-422
-358
-376
-435
-416
-384
-429
-556
-691
-712
-624
-421
-221
-217
-407
-606
-662
-649
-523
-209
101
225
206
189
180
161
188
157
-85
-407
-489
-314
-164
-75
34
94
64
92
338
633
784
802
732
635
569
608
610
379
115
19
13
19
125
368
545
511
378
286
240
236
342
427
304
45
-251
-561
-832
-865
-572
-231
-95
-150
-258
-324
-332
-241
-156
-277
-535
-728
-784
-752
-676
-547
-390
-284
-207
-13
217
266
148
-23
-102
-36
-64
-231
-311
-242
-33
142
107
75
155
312
541
649
632
619
550
388
223
207
319
429
452
379
331
254
166
212
303
471
629
546
353
131
-34
-72
-177
-350
-555
-791
-917
-899
-735
-444
-186
-73
-92
-106
-47
-27
-141
-351
-477
-428
-355
-272
-208
-224
-267
-377
-474
-408
-169
197
495
600
596
467
209
-35
-99
41
187
222
183
67
-33
-2
168
462
752
898
838
582
385
443
568
508
231
-88
-305
-371
-241
11
237
308
190
-2
-129
-115
-5
5
-168
-365
-416
-318
-179
-108
-162
-326
-455
-459
-415
-335
-226
-157
-205
-367
-451
-382
-269
-213
-229
-288
-461
-643
-613
-364
-34
171
157
-14
-201
-158
63
245
306
177
36
-50
-159
-106
60
229
372
428
508
547
592
713
708
652
580
511
479
321
190
135
94
183
292
462
565
352
115
-62
-215
-208
-115
15
7
-138
-259
-359
-326
-311
-321
-248
-319
-336
-253
-196
-86
-93
-220
-425
-615
-588
-470
-370
-394
-528
-623
-701
-565
-194
171
390
310
114
-18
-99
-1
141
176
149
121
173
280
420
509
458
383
353
475
711
777
703
591
415
249
211
303
421
505
455
262
1
-253
-284
-106
11
-57
-286
-501
-553
-483
-390
-307
-277
-409
-584
-696
-759
-664
-503
-469
-393
-229
-163
-116
-183
-383
-385
-225
10
174
57
-126
-167
-74
26
103
126
39
42
114
197
322
359
346
316
292
373
485
466
277
144
155
329
641
790
731
480
164
157
311
411
433
239
-75
-224
-194
-93
6
-78
-281
-367
-297
-135
-62
-135
-328
-529
-560
-492
-317
-157
-144
-163
-285
-417
-411
-287
-177
-237
-288
-246
-163
-4
142
228
192
93
104
159
176
139
110
67
-41
-93
-73
46
129
179
337
381
308
215
96
20
-30
18
128
197
221
262
372
403
334
284
249
204
173
98
-48
-113
-97
-48
-35
-232
-501
-662
-689
-478
-206
-54
-29
-106
-116
-112
-194
-311
-434
-434
-342
-212
-100
-84
-64
-85
-100
-101
-181
-126
19
61
10
-32
54
128
111
15
-131
-177
-125
9
173
259
380
453
390
277
177
271
463
574
573
359
151
135
238
431
525
475
342
145
52
21
50
163
262
331
297
202
-4
-305
-491
-549
-430
-199
-22
-28
-255
-445
-501
-424
-243
-156
-145
-251
-436
-483
-504
-507
-413
-269
-64
38
-3
-92
-232
-299
-236
-81
65
75
45
31
10
-5
-65
-118
-117
-62
70
184
168
51
-64
-110
-3
247
499
602
450
185
11
46
304
550
659
506
168
17
68
276
452
402
211
-108
-278
-174
-34
47
9
-43
-46
-83
-70
-76
-197
-281
-282
-221
-184
-180
-65
22
-11
-128
-259
-247
-169
-9
178
191
79
-122
-227
-216
-175
12
131
104
-7
-163
-227
-254
-113
94
78
-2
-74
-126
-111
2
221
268
147
85
38
0
-13
-10
26
30
19
4
-63
-75
-24
-15
19
92
198
281
257
172
-5
-138
-25
163
266
221
75
-72
-199
-215
-167
-58
60
31
-88
-168
-64
144
223
157
-18
-172
-247
-203
-12
96
120
192
204
158
101
28
-98
-312
-445
-450
-349
-128
47
41
-92
-275
-395
-246
111
392
494
454
361
188
62
95
171
327
341
88
-199
-376
-334
-192
-11
150
136
105
72
31
103
146
15
-193
-304
-254
-138
-45
20
-1
-27
-19
-99
-89
-43
-57
-37
-143
-222
-138
-18
78
-30
-124
-98
-94
30
132
192
164
-34
-150
-182
-108
25
144
226
167
120
94
53
11
-6
99
203
301
290
172
105
3
18
31
-13
-10
-79
-40
-67
-118
-22
55
201
212
168
160
59
71
29
-67
-201
-384
-258
-8
166
177
-107
-422
-581
-371
53
207
92
-172
-313
-161
38
243
273
69
-89
-93
72
204
230
199
-9
-234
-331
-307
-103
98
173
112
-56
-165
-175
-46
75
58
53
27
-35
-2
116
193
143
67
94
168
241
309
276
187
63
-103
-142
-97
-30
38
-42
-244
-427
-318
28
173
93
-111
-309
-292
-83
189
306
205
-13
-329
-583
-600
-411
-129
75
93
18
-65
-108
-70
39
161
146
27
-34
-12
75
130
173
198
71
-28
30
150
278
358
324
118
-78
-49
99
227
318
418
459
392
285
127
-28
-71
-19
60
132
140
71
-13
-15
2
-30
-52
-86
-109
-96
-22
122
121
-34
-234
-444
-548
-528
-356
-148
-104
-103
-126
-248
-385
-425
-298
-105
50
141
