SAMPLES:	17022
BITSPERSAMPLE:	16
CHANNELS:	1
SAMPLERATE:	16000
NORMALIZED:	FALSE
9
-8
-23
-32
-27
-11
8
23
26
19
9
1
-3
-10
-15
-15
-6
15
44
51
29
-1
-31
-37
-17
7
23
24
12
-3
-12
-17
-14
-6
1
3
-2
-5
-2
5
4
2
-1
-4
0
7
10
7
4
-2
-7
-9
-3
2
0
-8
-15
-11
-4
8
19
20
6
-14
-25
-22
-9
11
26
25
7
-18
-34
-35
-13
14
32
31
14
-10
-25
-23
-14
0
8
6
-4
-9
-7
0
9
12
11
2
-9
-13
-9
8
24
28
18
-3
-23
-28
-20
-2
16
20
13
-1
-13
-20
-13
2
14
21
24
17
6
3
-3
-9
-14
-14
-7
7
21
25
16
-1
-22
-28
-17
-3
12
15
13
8
4
1
-3
-12
-17
-17
-8
3
12
16
12
2
-13
-24
-28
-26
-19
-7
5
14
18
13
11
5
-1
-5
-11
-15
-20
-15
-8
7
26
34
28
7
-20
-35
-35
-16
11
38
48
37
9
-19
-33
-31
-7
15
30
25
4
-15
-19
-7
10
20
11
-7
-20
-24
-7
17
34
38
25
3
-19
-33
-32
-21
-8
-2
-3
-6
-6
-1
7
17
20
15
4
-13
-21
-22
-19
-13
-2
13
22
27
17
7
-4
-19
-26
-28
-17
0
12
19
17
3
-12
-23
-22
-9
8
23
29
25
15
5
-3
-9
-7
0
6
8
15
24
24
19
7
-7
-18
-23
-18
-8
1
1
-2
-7
-9
-8
1
14
19
21
12
-3
-23
-37
-40
-25
2
26
37
20
-4
-23
-29
-20
-13
-8
-7
-5
-5
-1
13
25
26
23
6
-6
-9
-5
5
12
10
2
-11
-14
-11
-4
2
9
14
14
15
9
-4
-17
-26
-33
-28
-8
12
24
22
12
1
0
3
3
-2
-7
-6
2
12
16
6
-13
-24
-19
-1
24
33
26
5
-16
-24
-21
-9
5
14
15
11
3
-9
-16
-12
-3
5
9
7
0
-4
-7
-9
-11
-10
-5
0
2
1
-1
-4
-8
-5
3
14
18
14
5
-8
-18
-25
-17
3
27
44
35
6
-21
-31
-17
5
20
17
8
-2
-5
-2
1
8
10
10
2
-11
-19
-13
0
14
18
5
-12
-19
-13
1
10
5
-1
-1
4
9
1
-10
-20
-18
-6
5
12
14
8
-6
-20
-24
-15
2
14
14
0
-19
-25
-12
12
25
21
1
-14
-13
-7
-2
-2
-3
-6
-7
0
3
4
6
4
2
-4
-7
-1
10
17
18
11
-1
-1
10
17
14
-2
-12
-8
1
8
12
6
-5
-9
-5
4
14
14
10
3
-7
-12
-7
1
9
14
3
-12
-21
-18
-5
3
9
12
10
6
-1
-13
-19
-16
-8
2
12
10
6
1
-9
-16
-17
-13
-2
6
10
6
-4
-13
-15
-11
-5
0
2
4
3
4
5
2
3
5
5
6
6
4
-2
-5
-5
-3
-5
-5
-5
-4
1
5
3
-3
-10
-13
-10
-2
10
19
15
6
-4
-5
2
8
14
15
5
-4
-8
-3
8
14
15
6
-3
-9
-8
-2
0
3
1
-1
-1
-1
-4
-8
-8
-3
6
10
4
-8
-16
-9
5
17
16
-3
-22
-26
-16
6
24
30
17
-15
-38
-38
-20
7
32
31
9
-16
-26
-10
18
31
22
-6
-31
-29
-8
18
32
23
1
-17
-23
-15
-1
14
14
11
7
-3
-11
-15
-13
-3
5
15
14
6
-2
-7
-7
-3
6
11
11
4
-4
-11
-16
-13
-7
3
9
8
6
-2
-9
-13
-14
-4
11
18
15
6
-8
-21
-18
-4
16
31
30
18
-1
-20
-28
-21
-6
8
15
9
2
1
4
5
-3
-13
-12
-1
5
7
5
3
5
7
8
4
-4
-7
-1
8
8
0
-11
-15
-10
0
6
0
-10
-10
2
17
19
3
-21
-28
-14
7
16
9
0
-6
-3
-3
-9
-11
-12
-4
11
18
17
11
-3
-14
-14
-10
-3
2
5
14
24
27
19
-3
-26
-38
-27
1
24
29
16
1
-11
-8
-1
5
10
15
13
3
-2
-7
-4
-2
1
1
-8
-19
-18
-8
10
17
9
-11
-26
-21
-6
6
7
6
10
17
20
9
-15
-34
-37
-18
8
22
21
13
8
7
6
0
-10
-19
-17
-3
13
26
31
22
4
-13
-22
-24
-11
1
10
18
15
9
0
-13
-24
-30
-18
4
31
43
27
-4
-31
-41
-27
-1
15
16
3
-11
-18
-12
-2
5
4
1
-2
2
3
6
5
5
2
-3
-14
-22
-12
7
31
37
20
-5
-22
-17
-3
14
21
14
3
-6
-7
-5
-2
-8
-17
-16
-6
11
25
27
14
-7
-19
-13
2
15
22
17
1
-13
-19
-12
-4
6
14
13
3
-14
-27
-32
-15
14
34
39
26
9
-13
-22
-22
-23
-23
-18
-6
5
12
12
2
-8
-11
-5
3
5
2
0
-3
-5
-5
-4
-2
3
12
16
13
7
4
1
2
-5
-13
-12
0
17
26
15
-8
-33
-38
-22
7
32
44
34
6
-17
-30
-32
-21
-13
-3
-1
5
13
18
19
9
-3
-7
1
9
7
-4
-18
-23
-18
-1
16
26
31
25
7
-16
-26
-23
-12
6
15
9
2
-12
-23
-24
-10
12
37
61
64
40
-2
-39
-54
-47
-30
-12
3
22
33
39
29
3
-22
-43
-41
-19
5
16
6
-10
-20
-17
-7
-2
-4
1
21
48
57
29
-25
-73
-80
-37
23
64
62
25
-26
-49
-41
-14
14
23
15
-2
-15
-17
-19
-12
3
19
30
28
17
16
24
28
21
-10
-43
-51
-34
9
47
58
33
-18
-58
-58
-18
34
59
34
-14
-49
-50
-19
8
16
10
9
27
43
28
-22
-74
-81
-35
23
54
47
25
3
-10
-11
-15
-16
-1
17
28
15
-9
-29
-39
-27
4
38
61
54
18
-24
-51
-36
5
37
37
10
-20
-32
-26
-11
8
22
37
40
24
-12
-47
-56
-38
-1
22
20
3
-13
-17
-7
8
11
6
0
-3
-9
-12
-15
-17
-11
1
11
16
14
2
-10
-14
-5
15
33
36
16
-18
-53
-62
-35
17
59
67
43
2
-33
-40
-18
16
41
34
7
-28
-43
-29
4
40
52
38
6
-19
-28
-22
-13
-12
-17
-22
-20
-10
3
22
36
37
21
-3
-21
-33
-28
-15
-8
-4
1
12
27
40
45
39
23
1
-22
-42
-43
-25
7
26
21
4
-17
-21
-4
21
40
36
7
-26
-48
-41
-22
-4
3
-8
-13
-11
-4
4
7
3
0
-3
-5
-13
-35
-59
-69
-51
-3
54
89
82
39
-14
-44
-40
-17
0
5
-5
-14
-10
13
38
49
44
24
-6
-22
-13
8
31
42
33
15
-11
-30
-34
-17
9
31
34
20
2
-5
7
17
12
-12
-39
-50
-37
-3
30
41
25
-3
-19
-27
-23
-21
-26
-30
-32
-24
-16
-6
4
15
27
32
26
11
-7
-19
-22
-14
0
17
24
18
11
-5
-10
-2
1
0
0
-3
2
12
20
19
6
-16
-34
-30
-13
12
34
42
34
17
-4
-19
-22
-16
-2
6
3
-9
-16
-10
4
14
13
-4
-18
-18
-11
3
9
-5
-25
-32
-18
14
43
46
21
-14
-38
-39
-21
1
11
14
8
-2
-12
-21
-17
6
35
57
51
13
-36
-59
-38
16
60
67
27
-31
-63
-52
-2
55
80
64
15
-39
-58
-43
-9
21
28
5
-27
-44
-38
-9
18
29
21
-5
-29
-36
-20
5
24
30
16
-7
-26
-24
-5
20
30
16
-19
-48
-54
-28
20
57
66
41
-3
-38
-44
-17
22
46
42
11
-19
-28
-21
0
14
23
25
23
19
8
-11
-30
-36
-25
-2
13
16
7
-15
-23
-17
-5
2
-3
-17
-28
-23
-5
20
29
20
-4
-26
-31
-18
5
20
24
16
2
-1
-4
-3
3
11
19
25
22
13
-2
-20
-32
-30
-9
15
31
32
15
-10
-27
-30
-17
2
21
24
14
3
-5
-6
-8
-17
-22
-16
2
27
43
40
19
-12
-31
-32
-18
-4
3
1
-5
-7
-8
-7
2
11
18
19
13
0
-16
-20
-11
5
18
16
0
-16
-22
-12
7
28
33
11
-20
-40
-28
7
38
40
8
-33
-60
-45
0
42
62
45
2
-43
-56
-35
3
32
43
33
13
-6
-19
-21
-16
-8
-2
1
7
14
13
-6
-31
-43
-31
-6
18
31
24
0
-16
-21
-8
3
6
3
-4
-4
8
26
40
33
15
-6
-27
-36
-26
-8
12
21
17
4
-13
-22
-20
-4
15
26
24
14
2
-1
3
10
10
3
1
8
15
12
-5
-26
-30
-17
2
20
22
5
-20
-42
-51
-32
2
35
47
30
2
-23
-30
-16
13
35
41
12
-21
-39
-29
4
22
16
-8
-30
-31
-18
3
16
14
3
-13
-19
-11
5
24
27
21
13
10
10
5
-8
-13
-12
-5
5
4
-4
-16
-18
-13
0
12
17
11
-5
-20
-21
-13
-4
3
10
11
8
-2
-7
0
13
24
23
8
-7
-20
-20
-9
1
13
11
6
-2
-8
-6
0
3
9
10
4
2
0
-1
-1
-4
1
9
18
30
32
20
5
-13
-22
-23
-20
-16
-18
-17
-16
-15
-11
-6
2
9
14
15
7
-12
-30
-40
-33
-8
22
41
41
20
-1
-10
-6
9
15
3
-11
-21
-19
-5
8
14
10
2
-10
-8
3
11
15
10
2
-10
-18
-16
-8
6
16
20
18
10
2
-8
-9
-5
-2
0
-1
0
1
2
2
3
3
5
4
4
1
-1
-6
-16
-20
-17
-2
15
21
18
7
-2
-10
-17
-20
-22
-17
-8
-7
1
8
10
9
5
5
8
7
9
8
3
3
-2
-9
-13
-11
0
14
27
30
26
16
1
-10
-16
-13
-11
-8
-9
-4
8
23
34
28
9
-7
-17
-25
-25
-23
-23
-30
-31
-22
-6
10
18
12
5
4
13
25
24
6
-26
-56
-70
-55
-19
27
61
71
55
22
-10
-28
-27
-5
26
45
43
22
-2
-20
-22
-9
7
20
21
17
8
-1
2
7
12
13
1
-13
-24
-32
-40
-40
-23
6
32
40
27
-7
-44
-70
-68
-39
-8
17
20
8
-4
-7
7
21
26
11
-15
-34
-40
-14
23
53
60
35
2
-25
-31
-21
-3
18
26
22
11
4
-6
-18
-30
-32
-21
-7
20
33
32
18
-10
-28
-40
-29
-13
1
11
6
11
19
29
29
18
11
0
4
5
10
23
26
32
28
34
40
47
53
41
30
9
-12
-28
-35
-18
-5
8
1
-23
-48
-78
-86
-100
-105
-89
-81
-72
-78
-94
-112
-125
-130
-125
-109
-84
-48
-19
5
24
33
46
48
51
51
49
62
91
148
203
258
259
196
121
57
40
82
148
206
218
174
103
29
-4
22
77
124
111
23
-107
-226
-299
-288
-194
-101
-62
-130
-294
-466
-564
-553
-439
-315
-249
-274
-381
-457
-435
-262
25
277
402
370
266
185
223
389
585
716
721
648
588
628
774
943
1025
951
752
530
392
368
402
396
275
55
-195
-383
-458
-450
-432
-472
-587
-767
-954
-1104
-1198
-1233
-1237
-1223
-1207
-1196
-1179
-1154
-1112
-1049
-982
-903
-811
-689
-521
-306
-53
213
474
717
945
1159
1379
1607
1827
2022
2162
2224
2205
2132
2045
1967
1895
1782
1589
1309
960
599
289
48
-163
-400
-705
-1057
-1378
-1594
-1681
-1693
-1713
-1804
-1968
-2123
-2187
-2114
-1933
-1733
-1584
-1514
-1476
-1390
-1211
-950
-647
-357
-104
117
312
491
642
753
838
913
1001
1105
1197
1241
1205
1086
909
733
606
539
504
463
391
294
204
153
156
213
321
470
644
827
1009
1170
1301
1381
1416
1410
1363
1281
1156
1007
859
713
547
321
33
-271
-516
-660
-732
-800
-916
-1087
-1282
-1447
-1530
-1533
-1470
-1398
-1375
-1415
-1496
-1558
-1583
-1573
-1543
-1506
-1481
-1505
-1552
-1573
-1499
-1320
-1124
-1006
-1024
-1108
-1147
-1052
-809
-498
-206
-21
62
106
231
530
978
1506
1985
2392
2737
3049
3371
3645
3849
3953
3958
3887
3761
3584
3339
3043
2632
2169
1668
1115
628
131
-319
-683
-1027
-1305
-1554
-1824
-2087
-2302
-2525
-2644
-2695
-2760
-2713
-2726
-2750
-2702
-2682
-2568
-2388
-2233
-2041
-1848
-1734
-1555
-1387
-1298
-1105
-1019
-930
-729
-638
-432
-211
-100
82
177
206
338
447
594
897
1102
1333
1619
1737
2020
2316
2600
3060
3380
3628
3813
3766
3622
3426
3091
2762
2444
1962
1593
1191
711
414
-13
-377
-645
-1012
-1266
-1502
-1808
-2039
-2234
-2456
-2448
-2381
-2317
-2083
-2058
-2069
-2064
-2218
-2195
-2101
-2052
-1917
-1911
-2066
-2133
-2242
-2259
-2022
-1868
-1653
-1457
-1467
-1355
-1220
-1033
-631
-268
82
471
747
1100
1573
2039
2665
3279
3769
4242
4510
4657
4771
4750
4716
4653
4448
4179
3787
3232
2670
2055
1454
965
457
-10
-461
-971
-1410
-1797
-2144
-2378
-2575
-2759
-2861
-2936
-2942
-2856
-2806
-2765
-2775
-2891
-2992
-3084
-3143
-3087
-3006
-2915
-2776
-2680
-2567
-2401
-2242
-2007
-1722
-1449
-1145
-859
-595
-273
61
428
887
1356
1895
2508
3118
3772
4375
4836
5179
5369
5436
5472
5437
5318
5107
4717
4205
3603
2918
2247
1564
879
227
-403
-967
-1450
-1882
-2277
-2651
-2986
-3216
-3345
-3390
-3374
-3358
-3327
-3295
-3298
-3327
-3410
-3505
-3542
-3506
-3414
-3321
-3289
-3294
-3228
-3027
-2655
-2193
-1782
-1470
-1241
-979
-545
52
721
1341
1808
2185
2601
3123
3793
4501
5092
5551
5821
5966
6090
6157
6193
6164
5922
5483
4825
3976
3120
2298
1513
818
68
-716
-1451
-2189
-2783
-3237
-3635
-3902
-4134
-4364
-4449
-4475
-4405
-4187
-4034
-3899
-3783
-3807
-3765
-3703
-3667
-3500
-3353
-3245
-3058
-2939
-2792
-2513
-2266
-1914
-1478
-1106
-605
-78
414
1049
1644
2251
2978
3633
4296
4955
5426
5863
6249
6501
6780
6927
6871
6717
6301
5752
5168
4422
3640
2796
1832
924
88
-681
-1294
-1887
-2511
-3074
-3618
-4013
-4201
-4334
-4405
-4507
-4672
-4751
-4735
-4638
-4465
-4365
-4354
-4354
-4364
-4293
-4122
-3933
-3683
-3407
-3105
-2730
-2347
-1952
-1546
-1148
-698
-167
393
997
1609
2175
2781
3380
4003
4694
5334
5958
6495
6901
7199
7345
7365
7263
7081
6748
6302
5685
4859
3963
2943
1990
1104
260
-510
-1335
-2157
-3009
-3761
-4399
-4856
-5135
-5395
-5558
-5801
-5989
-6092
-6108
-5935
-5750
-5491
-5279
-5057
-4780
-4483
-4031
-3625
-3157
-2721
-2326
-1795
-1283
-570
130
818
1537
2041
2676
3179
3789
4503
5068
5785
6168
6571
6839
6955
7226
7234
7352
7165
6748
6134
5121
4155
2893
1813
690
-400
-1276
-2296
-2984
-3743
-4278
-4672
-5044
-5185
-5424
-5426
-5484
-5392
-5228
-5116
-4860
-4849
-4693
-4660
-4545
-4260
-3960
-3404
-2929
-2374
-1948
-1562
-1149
-750
-93
510
1238
1830
2278
2745
3094
3646
4174
4726
5185
5508
5823
6075
6458
6783
7095
7248
7093
6777
6109
5325
4392
3330
2261
1098
8
-1043
-1927
-2659
-3241
-3655
-4097
-4434
-4802
-5112
-5285
-5441
-5444
-5474
-5480
-5503
-5531
-5488
-5405
-5192
-4983
-4716
-4467
-4240
-3934
-3648
-3221
-2757
-2146
-1436
-605
319
1182
2045
2693
3308
3821
4344
4945
5500
6075
6504
6877
7161
7373
7599
7672
7763
7610
7335
6827
6024
5110
3946
2799
1615
507
-503
-1491
-2353
-3225
-3961
-4606
-5101
-5339
-5498
-5450
-5467
-5505
-5638
-5859
-6022
-6137
-6090
-5938
-5718
-5477
-5270
-5034
-4805
-4458
-4019
-3438
-2728
-1961
-1141
-365
387
1072
1797
2466
3172
3812
4368
4916
5395
5922
6457
6922
7302
7508
7652
7702
7824
7846
7733
7370
6613
5706
4548
3391
2200
959
-255
-1479
-2532
-3442
-4099
-4620
-5058
-5358
-5681
-5765
-5804
-5723
-5632
-5645
-5680
-5790
-5814
-5842
-5773
-5674
-5566
-5302
-5028
-4580
-4102
-3572
-2966
-2338
-1560
-758
181
1030
1878
2585
3169
3736
4170
4666
5094
5521
5951
6347
6798
7180
7579
7805
7941
7919
7694
7366
6702
5895
4780
3520
2210
906
-218
-1282
-2137
-2924
-3560
-4038
-4471
-4734
-5047
-5248
-5443
-5596
-5678
-5828
-5913
-6044
-6051
-5959
-5767
-5497
-5298
-5049
-4823
-4468
-4004
-3492
-2881
-2297
-1567
-810
72
935
1700
2383
2853
3321
3690
4081
4467
4803
5213
5604
6112
6625
7156
7660
8012
8290
8269
8056
7480
6584
5480
4127
2777
1348
29
-1187
-2226
-2965
-3510
-3768
-4024
-4257
-4591
-5040
-5403
-5766
-5901
-5979
-5949
-5867
-5837
-5719
-5650
-5444
-5241
-4984
-4683
-4459
-4126
-3830
-3333
-2716
-1955
-1061
-265
546
1150
1736
2217
2646
3101
3406
3770
3995
4300
4669
5141
5853
6553
7343
7918
8318
8495
8349
7997
7186
6111
4694
3170
1768
518
-356
-1119
-1695
-2250
-2774
-3181
-3625
-3935
-4328
-4695
-5047
-5390
-5554
-5700
-5654
-5589
-5463
-5273
-5167
-4987
-4923
-4778
-4602
-4370
-3975
-3591
-3022
-2459
-1765
-984
-214
614
1232
1793
2124
2362
2592
2755
3055
3292
3667
4101
4673
5464
6272
7165
7794
8205
8280
7998
7493
6594
5520
4140
2691
1333
152
-607
-1162
-1440
-1722
-2043
-2409
-2926
-3374
-3928
-4385
-4796
-5121
-5234
-5311
-5194
-5098
-4943
-4777
-4688
-4574
-4625
-4642
-4677
-4566
-4210
-3702
-2950
-2223
-1458
-762
-118
528
1036
1521
1807
2027
2157
2221
2346
2444
2730
3164
3879
4837
5867
6917
7697
8229
8367
8109
7495
6481
5298
3952
2695
1591
691
40
-515
-927
-1364
-1791
-2229
-2717
-3167
-3660
-4098
-4518
-4862
-5077
-5195
-5128
-5002
-4838
-4740
-4750
-4802
-4886
-4840
-4658
-4320
-3839
-3294
-2647
-1955
-1213
-471
162
705
1086
1393
1631
1783
1918
1961
2043
2169
2446
2969
3701
4711
5809
6918
7821
8337
8438
8008
7223
6097
4822
3550
2342
1368
567
15
-385
-689
-961
-1333
-1792
-2399
-3045
-3678
-4209
-4600
-4881
-5024
-5086
-5021
-4878
-4688
-4534
-4507
-4603
-4810
-4986
-5039
-4856
-4416
-3756
-2931
-2078
-1237
-494
160
710
1154
1473
1634
1666
1582
1509
1515
1705
2126
2752
3583
4526
5566
6599
7516
8189
8450
8231
7490
6368
5036
3725
2614
1769
1193
757
393
-6
-443
-898
-1393
-1917
-2527
-3174
-3818
-4340
-4644
-4729
-4627
-4493
-4412
-4460
-4627
-4838
-5057
-5205
-5300
-5291
-5159
-4869
-4351
-3654
-2779
-1850
-951
-147
468
930
1176
1289
1290
1227
1219
1253
1453
1807
2382
3211
4221
5409
6570
7604
8334
8647
8535
7950
7039
5852
4597
3413
2384
1632
1066
696
375
30
-379
-936
-1559
-2287
-3005
-3698
-4295
-4694
-4936
-4956
-4907
-4842
-4858
-5012
-5207
-5446
-5589
-5669
-5646
-5501
-5248
-4753
-4057
-3119
-2092
-1125
-300
248
622
816
945
1032
1068
1128
1171
1354
1692
2272
3127
4178
5413
6633
7763
8618
9078
9093
8573
7649
6380
4996
3666
2516
1686
1104
773
526
277
-54
-563
-1196
-1996
-2824
-3603
-4235
-4618
-4825
-4834
-4811
-4801
-4853
-5005
-5158
-5358
-5498
-5628
-5690
-5601
-5370
-4857
-4165
-3296
-2372
-1508
-703
-68
478
842
1062
1157
1110
1089
1082
1270
1665
2307
3250
4379
5689
6947
8017
8726
8940
8714
8036
7092
5952
4765
3661
2685
1962
1406
1014
664
262
-224
-888
-1639
-2492
-3314
-4016
-4556
-4834
-4935
-4856
-4731
-4639
-4643
-4824
-5089
-5446
-5756
-5957
-6001
-5818
-5459
-4857
-4093
-3176
-2167
-1196
-316
336
781
995
1046
1023
952
942
1000
1219
1646
2321
3283
4452
5765
7040
8134
8904
9227
9107
8503
7520
6255
4884
3599
2521
1788
1344
1122
945
646
170
-551
-1402
-2306
-3134
-3816
-4358
-4718
-4963
-5066
-5052
-4945
-4794
-4734
-4815
-5115
-5561
-6010
-6296
-6251
-5847
-5116
-4205
-3234
-2300
-1456
-682
-37
474
800
928
924
840
800
850
1054
1449
2059
2947
4120
5552
7081
8469
9473
9865
9602
8736
7481
6073
4717
3555
2608
1895
1361
972
657
341
-43
-583
-1283
-2132
-3039
-3876
-4543
-4954
-5136
-5150
-5084
-5026
-5008
-5075
-5207
-5405
-5655
-5893
-6046
-5986
-5639
-4980
-4075
-3076
-2106
-1281
-608
-68
387
775
1057
1214
1225
1169
1143
1290
1735
2509
3602
4911
6309
7641
8736
9446
9645
9295
8423
7193
5795
4453
3339
2507
1962
1591
1286
920
408
-262
-1075
-1944
-2819
-3603
-4247
-4738
-5038
-5187
-5182
-5098
-5014
-5021
-5196
-5499
-5890
-6219
-6383
-6306
-5954
-5396
-4665
-3844
-2955
-2037
-1152
-343
298
758
1020
1133
1175
1188
1257
1396
1680
2154
2887
3930
5215
6647
7964
8957
9427
9301
8684
7687
6532
5347
4253
3305
2507
1888
1391
995
598
112
-513
-1303
-2175
-3058
-3823
-4401
-4782
-4964
-5027
-5002
-4978
-4993
-5086
-5298
-5589
-5940
-6229
-6363
-6253
-5851
-5216
-4389
-3472
-2511
-1550
-629
207
865
1308
1482
1455
1323
1182
1161
1301
1660
2227
3001
3988
5143
6409
7636
8663
9312
9442
9030
8106
6846
5434
4069
2920
2054
1500
1166
935
655
210
-450
-1321
-2303
-3297
-4174
-4852
-5305
-5530
-5601
-5564
-5495
-5430
-5394
-5421
-5491
-5627
-5776
-5887
-5858
-5597
-5070
-4270
-3300
-2265
-1290
-452
232
750
1132
1376
1489
1492
1438
1420
1542
1891
2512
3397
4486
5680
6865
7928
8737
9184
9168
8660
7709
6447
5057
3730
2628
1828
1322
1023
788
466
-53
-800
-1728
-2723
-3643
-4379
-4886
-5178
-5320
-5377
-5386
-5367
-5340
-5339
-5405
-5573
-5826
-6070
-6167
-5988
-5469
-4643
-3635
-2594
-1642
-844
-200
307
715
1035
1258
1386
1429
1436
1468
1618
1984
2642
3621
4874
6259
7573
8597
9166
9203
8734
7876
6792
5633
4520
3535
2701
2012
1444
961
527
86
-426
-1072
-1876
-2794
-3715
-4494
-5024
-5268
-5291
-5197
-5098
-5079
-5173
-5371
-5628
-5882
-6074
-6134
-6010
-5666
-5099
-4342
-3460
-2517
-1580
-708
55
654
1071
1310
1400
1399
1373
1381
1487
1744
2218
2967
3987
5224
6533
7724
8602
9018
8920
8342
7405
6268
5066
3917
2906
2082
1474
1049
725
393
-52
-665
-1437
-2307
-3190
-4004
-4678
-5143
-5360
-5337
-5152
-4943
-4833
-4902
-5129
-5428
-5694
-5832
-5791
-5571
-5187
-4659
-3987
-3165
-2212
-1207
-253
530
1076
1380
1487
1476
1413
1369
1404
1582
1970
2616
3520
4616
5767
6843
7718
8320
8594
8498
8002
7110
5937
4644
3444
2486
1791
1290
863
420
-67
-603
-1199
-1878
-2646
-3454
-4194
-4757
-5066
-5130
-5038
-4900
-4814
-4821
-4933
-5115
-5324
-5515
-5631
-5624
-5458
-5097
-4536
-3776
-2843
-1803
-778
100
720
1057
1161
1167
1197
1306
1488
1705
1954
2284
2803
3597
4655
5863
7019
7918
8413
8446
8060
7335
6374
5270
4121
3025
2059
1295
757
409
152
-148
-611
-1292
-2148
-3044
-3826
-4380
-4680
-4790
-4809
-4805
-4815
-4827
-4831
-4854
-4934
-5083
-5261
-5371
-5287
-4933
-4320
-3524
-2660
-1819
-1039
-326
312
843
1227
1430
1458
1370
1259
1231
1362
1705
2295
3145
4223
5430
6610
7579
8177
8320
8015
7330
6367
5265
4131
3084
2197
1510
1006
616
253
-174
-722
-1390
-2144
-2911
-3619
-4213
-4655
-4925
-5019
-4960
-4803
-4622
-4496
-4484
-4585
-4751
-4919
-5016
-4979
-4771
-4368
-3790
-3062
-2232
-1359
-513
224
772
1098
1231
1259
1267
1312
1410
1552
1778
2183
2871
3864
5054
6238
7198
7801
8005
7831
7318
6500
5462
4339
3285
2423
1794
1345
977
592
119
-469
-1169
-1952
-2747
-3479
-4082
-4511
-4759
-4838
-4794
-4671
-4522
-4409
-4393
-4513
-4742
-5006
-5176
-5131
-4821
-4283
-3616
-2914
-2217
-1519
-826
-176
360
763
1043
1235
1363
1410
1406
1408
1526
1863
2486
3383
4485
5652
6726
7549
7991
7997
7587
6832
5849
4763
3690
2751
2000
1458
1069
724
317
-224
-909
-1709
-2548
-3343
-4021
-4513
-4805
-4911
-4880
-4769
-4634
-4508
-4417
-4392
-4453
-4594
-4771
-4893
-4869
-4632
-4173
-3548
-2819
-2046
-1272
-517
181
770
1217
1490
1616
1645
1657
1737
1931
2268
2750
3373
4142
5036
5989
6880
7549
7862
7742
7198
6333
5298
4246
3289
2461
1754
1138
574
38
-503
-1086
-1732
-2450
-3197
-3899
-4482
-4900
-5127
-5191
-5127
-4967
-4772
-4589
-4475
-4472
-4560
-4674
-4732
-4653
-4390
-3932
-3305
-2534
-1683
-842
-108
447
816
1056
1222
1376
1506
1574
1576
1557
1643
1957
2582
3508
4617
5741
6714
7407
7749
7727
7362
6689
5758
4636
3451
2353
1462
847
460
189
-91
-485
-1033
-1739
-2563
-3420
-4194
-4774
-5078
-5101
-4930
-4679
-4461
-4332
-4286
-4292
-4326
-4383
-4452
-4476
-4378
-4088
-3603
-2964
-2270
-1582
-911
-248
401
955
1328
1474
1439
1346
1323
1440
1712
2118
2651
3347
4231
5258
6293
7141
7643
7718
7375
6678
5721
4613
3488
2484
1702
1166
821
525
151
-375
-1051
-1795
-2530
-3197
-3780
-4276
-4668
-4919
-5005
-4923
-4734
-4519
-4358
-4310
-4385
-4556
-4747
-4856
-4775
-4452
-3897
-3182
-2393
-1584
-797
-63
574
1063
1393
1575
1671
1743
1836
1965
2130
2346
2656
3138
3846
4777
5815
6773
7455
7724
7545
6981
6128
5087
3966
2867
1883
1108
573
245
14
-250
-660
-1278
-2078
-2969
-3825
-4516
-4976
-5195
-5210
-5089
-4893
-4686
-4525
-4453
-4460
-4504
-4530
-4505
-4424
-4267
-3986
-3525
-2868
-2056
-1179
-335
405
981
1363
1558
1630
1671
1742
1867
2022
2212
2483
2921
3586
4465
5462
6426
7194
7630
7649
7259
6543
5613
4572
3480
2398
1412
617
66
-279
-539
-865
-1332
-1921
-2589
-3282
-3964
-4565
-4997
-5186
-5133
-4927
-4706
-4551
-4478
-4461
-4483
-4538
-4587
-4534
-4291
-3846
-3281
-2701
-2130
-1531
-872
-188
434
939
1313
1572
1735
1815
1869
1972
2184
2526
3007
3630
4431
5402
6440
7351
7915
7989
7574
6767
5698
4517
3357
2340
1525
918
454
48
-362
-807
-1319
-1909
-2591
-3318
-4004
-4567
-4957
-5168
-5234
-5169
-5004
-4791
-4592
-4466
-4431
-4467
-4548
-4608
-4583
-4404
-4000
-3353
-2520
-1610
-748
-21
551
990
1350
1637
1860
2021
2143
2264
2416
2644
2994
3505
4209
5091
6056
6953
7612
7901
7766
7228
6365
5282
4086
2893
1815
941
303
-136
-472
-817
-1261
-1825
-2502
-3239
-3958
-4597
-5083
-5371
-5460
-5385
-5207
-4992
-4787
-4625
-4514
-4440
-4387
-4317
-4173
-3902
-3485
-2945
-2343
-1729
-1130
-538
57
625
1128
1498
1710
1790
1805
1864
2048
2410
2942
3631
4437
5314
6188
6949
7481
7706
7593
7155
6426
5466
4341
3158
2044
1128
462
7
-347
-745
-1269
-1921
-2632
-3309
-3889
-4357
-4721
-4992
-5154
-5193
-5102
-4935
-4750
-4602
-4520
-4486
-4476
-4455
-4380
-4218
-3916
-3411
-2701
-1863
-1023
-323
198
581
919
1271
1612
1886
2047
2126
2212
2394
2730
3252
3955
4806
5714
6564
7240
7648
7735
7456
6798
5808
4602
3361
2263
1415
810
360
-33
-448
-911
-1436
-2035
-2726
-3474
-4200
-4786
-5145
-5285
-5277
-5220
-5183
-5149
-5075
-4924
-4718
-4516
-4364
-4257
-4133
-3914
-3541
-3008
-2352
-1630
-889
-157
520
1091
1504
1732
1813
1824
1873
2035
2326
2735
3232
3833
4560
5397
6279
7065
7598
7772
7555
7004
6208
5246
4174
3049
1950
984
250
-230
-532
-810
-1221
-1820
-2568
-3357
-4068
-4637
-5064
-5352
-5493
-5470
-5293
-5035
-4799
-4666
-4652
-4693
-4703
-4601
-4362
-3998
-3525
-2957
-2312
-1621
-927
-280
286
751
1120
1398
1602
1751
1870
1996
2151
2383
2750
3313
4110
5104
6161
7091
7722
7962
7803
7313
6555
5576
4445
3277
2225
1419
882
506
127
-379
-1024
-1742
-2448
-3127
-3815
-4507
-5121
-5522
-5613
-5433
-5136
-4914
-4856
-4902
-4928
-4842
-4671
-4503
-4394
-4291
-4054
-3576
-2847
-1974
-1113
-383
176
584
889
1130
1321
1499
1685
1898
2140
2408
2741
3207
3893
4826
5916
6967
7750
8096
7960
7428
6645
5746
4828
3917
3025
2173
1410
797
332
-59
-510
-1146
-1985
-2942
-3856
-4575
-5034
-5255
-5325
-5326
-5298
-5244
-5155
-5046
-4955
-4926
-4960
-5011
-4999
-4840
-4497
-3979
-3321
-2562
-1734
-875
-61
630
1118
1384
1480
1509
1581
1741
1978
2249
2535
2861
3319
3990
4885
5920
6916
7698
8140
8187
7852
7164
6180
4993
3745
2606
1699
1073
651
283
-174
-787
-1532
-2325
-3089
-3781
-4388
-4900
-5298
-5559
-5680
-5671
-5558
-5375
-5168
-5001
-4914
-4908
-4933
-4888
-4659
-4203
-3548
-2785
-2046
-1396
-842
-322
218
771
1273
1623
1783
1801
1793
1902
2191
2663
3255
3918
4641
5433
6289
7127
7802
8154
8072
7542
6657
5586
4476
3435
2517
1728
1081
545
66
-435
-1066
-1855
-2742
-3598
-4285
-4741
-5002
-5168
-5311
-5446
-5517
-5474
-5334
-5159
-5046
-5046
-5130
-5190
-5118
-4852
-4382
-3753
-3010
-2200
-1366
-564
148
710
1112
1393
1601
1791
1977
2169
2373
2630
2981
3467
4106
4897
5794
6708
7517
8070
8250
8010
7391
6483
5421
4319
3271
2340
1552
915
394
-82
-591
-1197
-1918
-2726
-3550
-4307
-4918
-5331
-5542
-5583
-5517
-5410
-5328
-5307
-5338
-5393
-5416
-5369
-5221
-4967
-4607
-4123
-3505
-2753
-1888
-982
-135
556
1021
1266
1341
1320
1311
1383
1590
1934
2391
2924
3526
4226
5052
6013
7024
7935
8558
8727
8385
7580
6469
5243
4051
2988
2073
1305
677
182
-211
-589
-1079
-1784
-2712
-3746
-4694
-5371
-5706
-5755
-5643
-5501
-5396
-5326
-5260
-5189
-5142
-5146
-5190
-5214
-5111
-4804
-4269
-3548
-2721
-1853
-1009
-238
423
942
1313
1548
1700
1815
1915
2029
2183
2435
2854
3491
4358
5394
6473
7450
8181
8567
8554
8131
7335
6253
5019
3784
2683
1793
1120
608
177
-258
-765
-1396
-2156
-3008
-3866
-4635
-5219
-5571
-5711
-5704
-5622
-5528
-5433
-5331
-5224
-5129
-5085
-5094
-5109
-5032
-4758
-4238
-3491
-2609
-1699
-852
-111
516
1024
1412
1656
1767
1803
1833
1937
2149
2489
2954
3563
4346
5301
6371
7425
8275
8754
8757
8279
7410
6286
5055
3832
2705
1735
962
377
-50
-402
-792
-1318
-2035
-2912
-3833
-4658
-5264
-5608
-5717
-5695
-5644
-5607
-5584
-5530
-5430
-5300
-5184
-5122
-5089
-5009
-4777
-4311
-3580
-2645
-1628
-684
59
571
892
1125
1340
1567
1786
1977
2156
2374
2698
3180
3851
4694
5660
6662
7581
8296
8686
8648
8148
7234
6048
4776
3597
2611
1833
1198
624
54
-523
-1117
-1731
-2394
-3126
-3901
-4657
-5294
-5720
-5879
-5795
-5559
-5322
-5203
-5247
-5402
-5549
-5583
-5457
-5184
-4818
-4384
-3873
-3251
-2485
-1597
-674
159
795
1201
1427
1556
1667
1777
1907
2064
2292
2661
3233
4013
4962
5993
6973
7789
8334
8532
8360
7812
6936
5832
4612
3416
2357
1517
906
458
52
-428
-1069
-1877
-2781
-3677
-4443
-5018
-5388
-5580
-5641
-5602
-5496
-5365
-5246
-5200
-5245
-5366
-5500
-5542
-5410
-5059
-4506
-3814
-3054
-2282
-1522
-775
-38
664
1269
1711
1956
2030
2009
2011
2132
2428
2900
3516
4242
5053
5912
6779
7574
8193
8512
8443
7951
7095
6005
4846
3744
2759
1894
1107
357
-369
-1072
-1743
-2381
-2998
-3596
-4180
-4734
-5222
-5577
-5743
-5727
-5593
-5447
-5370
-5394
-5489
-5589
-5637
-5593
-5417
-5060
-4513
-3773
-2910
-2033
-1214
-495
140
707
1212
1628
1914
2085
2171
2225
2297
2446
2738
3264
4075
5137
6308
7375
8146
8541
8580
8323
7808
7023
5966
4727
3468
2337
1414
678
55
-530
-1117
-1726
-2386
-3111
-3870
-4596
-5189
-5584
-5791
-5864
-5849
-5772
-5645
-5478
-5327
-5251
-5257
-5310
-5332
-5241
-4989
-4568
-3968
-3194
-2266
-1244
-257
585
1192
1576
1811
1989
2166
2320
2447
2535
2655
2918
3420
4192
5171
6247
7267
8104
8660
8847
8621
7967
6962
5736
4443
3231
2154
1243
470
-196
-777
-1294
-1767
-2262
-2831
-3522
-4296
-5047
-5634
-5928
-5944
-5769
-5548
-5416
-5402
-5468
-5510
-5479
-5362
-5186
-4996
-4757
-4408
-3858
-3079
-2126
-1125
-238
466
958
1317
1605
1856
2066
2191
2253
2289
2419
2752
3361
4264
5364
6530
7568
8322
8694
8639
8231
7500
6555
5461
4291
3177
2181
1389
760
213
-336
-978
-1699
-2502
-3314
-4086
-4776
-5323
-5727
-5941
-5990
-5884
-5683
-5469
-5285
-5203
-5198
-5245
-5286
-5249
-5121
-4843
-4422
-3829
-3075
-2207
-1260
-356
456
1098
1547
1830
1982
2099
2206
2360
2560
2820
3204
3734
4489
5426
6471
7481
8257
8706
8730
8381
7705
6770
5656
4417
3190
2063
1153
468
-63
-539
-1112
-1791
-2578
-3372
-4083
-4682
-5147
-5518
-5749
-5854
-5817
-5675
-5530
-5431
-5442
-5496
-5549
-5525
-5386
-5147
-4791
-4324
-3687
-2889
-1959
-979
-76
690
1261
1670
1924
2048
2083
2070
2109
2250
2540
2986
3585
4351
5268
6308
7338
8203
8748
8861
8538
7808
6769
5517
4172
2877
1755
899
283
-181
-629
-1154
-1782
-2497
-3239
-3975
-4655
-5227
-5643
-5871
-5935
-5881
-5773
-5639
-5501
-5378
-5299
-5295
-5339
-5353
-5234
-4892
-4336
-3621
-2824
-1988
-1114
-215
680
1480
2072
2396
2461
2350
2186
2089
2133
2374
2826
3491
4352
5356
6426
7450
8291
8812
8898
8533
7759
6705
5511
4308
3184
2178
1307
555
-99
-672
-1194
-1712
-2284
-2949
-3702
-4479
-5185
-5724
-6034
-6133
-6057
-5877
-5671
-5510
-5454
-5503
-5608
-5680
-5614
-5342
-4865
-4232
-3502
-2712
-1856
-945
-21
812
1432
1774
1863
1807
1738
1753
1869
2054
2293
2624
3152
3964
5076
6389
7688
8727
9299
9309
8786
7857
6690
5433
4181
3005
1959
1083
400
-116
-559
-1042
-1649
-2406
-3250
-4075
-4779
-5310
-5665
-5858
-5926
-5884
-5751
-5561
-5351
-5169
-5071
-5079
-5172
-5266
-5247
-5001
-4476
-3700
-2772
-1804
-884
-55
676
1290
1753
2024
2103
2040
1946
1922
2035
2326
2799
3464
4339
5384
6507
7572
8417
8925
9028
8705
7967
6886
5572
4189
2894
1799
945
300
-212
-670
-1146
-1700
-2366
-3134
-3947
-4684
-5248
-5595
-5751
-5807
-5814
-5783
-5692
-5523
-5339
-5224
-5243
-5376
-5513
-5501
-5224
-4659
-3867
-2943
-1957
-970
-26
826
1510
1972
2191
2204
2089
1941
1865
1922
2165
2613
3267
4111
5103
6178
7250
8187
8839
9078
8821
8089
7011
5753
4461
3237
2148
1234
506
-63
-563
-1088
-1716
-2449
-3225
-3960
-4592
-5115
-5525
-5787
-5870
-5760
-5533
-5332
-5267
-5349
-5477
-5535
-5462
-5295
-5096
-4867
-4532
-3976
-3158
-2151
-1118
-206
521
1084
1559
1954
2231
2343
2284
2156
2096
2254
2691
3397
4306
5343
6418
7430
8268
8807
8936
8612
7872
6836
5648
4442
3303
2265
1348
548
-133
-729
-1304
-1909
-2560
-3238
-3889
-4489
-5025
-5486
-5835
-6018
-6004
-5832
-5597
-5404
-5332
-5382
-5498
-5595
-5596
-5440
-5095
-4550
-3807
-2895
-1878
-851
93
886
1489
1888
2093
2129
2053
1937
1883
1956
2214
2674
3325
4159
5136
6186
7215
8086
8681
8894
8676
8046
7085
5906
4629
3366
2213
1242
479
-99
-576
-1065
-1655
-2369
-3180
-3991
-4702
-5250
-5598
-5750
-5744
-5628
-5455
-5292
-5196
-5186
-5255
-5357
-5438
-5441
-5323
-5032
-4541
-3836
-2951
-1976
-1010
-147
563
1106
1504
1777
1938
2004
2001
1983
2003
2137
2450
3012
3859
4939
6133
7265
8167
8730
8898
8677
8096
7207
6085
4826
3539
2338
1314
497
-122
-615
-1071
-1580
-2199
-2923
-3694
-4420
-5026
-5463
-5704
-5776
-5729
-5623
-5513
-5441
-5421
-5444
-5496
-5549
-5557
-5457
-5184
-4689
-3976
-3108
-2172
-1252
-416
317
929
1419
1793
2047
2177
2187
2130
2087
2188
2547
3206
4140
5227
6307
7256
7985
8458
8654
8546
8090
7292
6211
4972
3730
2617
1703
958
320
-292
-946
-1668
-2442
-3221
-3936
-4539
-5000
-5320
-5515
-5620
-5654
-5623
-5541
-5423
-5327
-5295
-5351
-5447
-5476
-5334
-4967
-4396
-3690
-2931
-2176
-1426
-683
54
735
1292
1671
1828
1809
1698
1641
1737
2044
2567
3262
4097
5026
6011
6979
7817
8423
8682
8545
8008
7128
6024
4834
3704
2719
1905
1216
564
-102
-800
-1521
-2240
-2938
-3589
-4199
-4728
-5164
-5479
-5664
-5736
-5707
-5643
-5566
-5518
-5515
-5546
-5585
-5571
-5473
-5221
-4797
-4184
-3384
-2442
-1391
-363
536
1195
1569
1713
1707
1684
1696
1778
1915
2111
2422
2884
3572
4496
5606
6794
7898
8770
9247
9257
8785
7885
6699
5342
3979
2709
1627
803
217
-170
-516
-959
-1590
-2419
-3307
-4142
-4790
-5229
-5479
-5585
-5599
-5505
-5390
-5282
-5261
-5356
-5495
-5647
-5698
-5628
-5402
-5013
-4470
-3753
-2934
-2043
-1163
-358
357
905
1320
1558
1661
1693
1682
1730
1835
2096
2558
3268
4257
5407
6617
7687
8456
8840
8804
8422
7713
6779
5699
4579
3548
2630
1840
1109
395
-306
-996
-1636
-2277
-2945
-3656
-4364
-4936
-5288
-5374
-5298
-5196
-5164
-5241
-5354
-5458
-5542
-5639
-5758
-5836
-5760
-5398
-4731
-3818
-2807
-1844
-994
-302
283
772
1165
1447
1572
1585
1507
1458
1535
1811
2344
3086
4017
5045
6113
7145
8037
8702
8999
8871
8293
7346
6175
4940
3801
2799
1965
1244
584
-51
-711
-1393
-2118
-2846
-3534
-4158
-4675
-5095
-5379
-5532
-5568
-5519
-5474
-5474
-5559
-5684
-5787
-5826
-5753
-5576
-5274
-4835
-4227
-3434
-2510
-1524
-627
99
616
934
1156
1321
1477
1609
1711
1820
1987
2332
2928
3803
4883
6037
7126
8031
8690
9047
9079
8734
7980
6855
5475
4060
2825
1905
1288
839
383
-214
-972
-1838
-2713
-3487
-4106
-4572
-4932
-5238
-5486
-5656
-5708
-5682
-5636
-5640
-5720
-5840
-5960
-6000
-5901
-5596
-5080
-4388
-3579
-2730
-1869
-1012
-176
595
1203
1578
1673
1549
1366
1289
1435
1769
2211
2714
3327
4164
5249
6475
7634
8519
9030
9150
8910
8316
7410
6262
5022
3827
2768
1874
1101
389
-313
-1026
-1750
-2462
-3152
-3791
-4362
-4832
-5180
-5418
-5588
-5707
-5783
-5802
-5770
-5751
-5803
-5929
-6049
-6050
-5837
-5393
-4758
-3980
-3109
-2164
-1187
-263
515
1064
1376
1513
1548
1558
1576
1639
1793
2095
2565
3184
3933
4797
5800
6931
8072
9048
9642
9703
9198
8190
6839
5332
3869
2599
1594
829
229
-301
-832
-1393
-1984
-2618
-3285
-3977
-4644
-5206
-5602
-5810
-5877
-5878
-5887
-5921
-5932
-5883
-5773
-5651
-5565
-5497
-5356
-5028
-4456
-3670
-2761
-1827
-917
-72
649
1165
1411
1421
1317
1259
1348
1599
1955
2383
2916
3625
4559
5679
6877
7986
8852
9359
9442
9091
8332
7251
5989
4700
3503
2477
1631
937
349
-197
-765
-1411
-2157
-2973
-3789
-4513
-5053
-5377
-5522
-5580
-5649
-5764
-5892
-5957
-5936
-5866
-5826
-5865
-5931
-5901
-5625
-5016
-4098
-3000
-1904
-964
-232
331
778
1137
1383
1477
1454
1395
1405
1539
1806
2230
2857
3759
4923
6247
7532
8557
9171
9302
8975
8280
7335
6277
5206
4185
3226
2338
1531
817
189
-404
-1021
-1722
-2495
-3285
-4027
-4664
-5164
-5519
-5721
-5798
-5780
-5723
-5689
-5704
-5758
-5818
-5841
-5787
-5648
-5382
-4970
-4371
-3560
-2586
-1555
-617
111
593
853
979
1031
1044
1062
1113
1263
1551
2013
2653
3462
4436
5521
6646
7692
8533
9049
9150
8824
8101
7091
5941
4791
3751
2843
2047
1319
624
-45
-677
-1280
-1900
-2556
-3235
-3899
-4452
-4863
-5132
-5299
-5433
-5538
-5632
-5697
-5743
-5790
-5842
-5902
-5906
-5801
-5522
-5040
-4360
-3507
-2556
-1583
-672
77
620
912
1009
971
887
861
934
1183
1601
2182
2906
3739
4678
5681
6699
7629
8352
8785
8870
8596
7977
7079
5992
4832
3731
2765
1968
1300
692
92
-536
-1197
-1889
-2593
-3292
-3957
-4543
-5021
-5360
-5577
-5690
-5730
-5742
-5755
-5797
-5867
-5943
-5971
-5912
-5725
-5384
-4872
-4174
-3310
-2337
-1364
-518
102
478
660
745
810
892
1002
1134
1326
1649
2183
2974
3999
5175
6388
7492
8368
8929
9122
8955
8479
7747
6814
5742
4612
3530
2594
1845
1249
715
136
-533
-1273
-2042
-2785
-3491
-4155
-4766
-5282
-5650
-5844
-5885
-5838
-5781
-5790
-5891
-6060
-6215
-6264
-6150
-5835
-5331
-4685
-3916
-3063
-2150
-1245
-448
158
533
693
729
724
752
850
1025
1306
1714
2284
3043
3996
5100
6274
7412
8390
9099
9440
9350
8817
7902
6728
5478
4316
3352
2593
1971
1391
794
166
-472
-1112
-1776
-2489
-3272
-4087
-4840
-5437
-5817
-5992
-6025
-6001
-5972
-5961
-5969
-5987
-6021
-6047
-6012
-5834
-5444
-4832
-4041
-3164
-2281
-1441
-682
-28
488
810
935
886
757
677
765
1098
1672
2436
3334
4326
5389
6498
7576
8501
9116
9311
9056
8421
7549
6583
5635
4736
3862
2998
2149
1350
653
77
-427
-969
-1636
-2455
-3370
-4256
-4964
-5422
-5640
-5704
-5730
-5799
-5934
-6102
-6243
-6319
-6321
-6243
-6086
-5819
-5400
-4797
-4025
-3146
-2263
-1459
-794
-283
110
406
618
739
773
777
862
1135
1651
2403
3332
4357
5416
6470
7476
8361
9014
9316
9195
8662
7798
6750
5671
4661
3780
3021
2361
1764
1189
592
-82
-868
-1766
-2727
-3650
-4430
-5000
-5362
-5583
-5749
-5909
-6056
-6148
-6164
-6113
-6056
-6072
-6162
-6238
-6147
-5761
-5048
-4102
-3105
-2215
-1497
-932
-459
-26
328
559
631
598
599
756
1156
1786
2566
3442
4398
5451
6596
7739
8728
9389
9593
9327
8675
7764
6728
5669
4654
3740
2965
2328
1790
1275
713
58
-700
-1537
-2415
-3294
-4126
-4865
-5449
-5826
-5988
-5994
-5938
-5918
-5990
-6134
-6297
-6401
-6408
-6320
-6137
-5835
-5378
-4720
-3884
-2946
-2011
-1183
-516
-8
368
653
867
1038
1215
1441
1761
2199
2757
3431
4246
5207
6281
7376
8330
9004
9291
9161
8669
7898
6970
5989
5020
4094
3231
2437
1728
1109
547
-15
-656
-1448
-2375
-3363
-4298
-5058
-5601
-5937
-6128
-6244
-6307
-6331
-6324
-6308
-6309
-6332
-6338
-6258
-6026
-5596
-4984
-4226
-3384
-2523
-1711
-1005
-436
5
329
568
745
858
943
1055
1305
1770
2479
3402
4470
5607
6731
7759
8588
9119
9289
9103
8641
7995
7231
6379
5444
4468
3514
2655
1934
1312
702
11
-807
-1737
-2713
-3646
-4467
-5120
-5576
-5847
-5967
-6013
-6051
-6121
-6229
-6350
-6450
-6526
-6572
-6570
-6467
-6180
-5658
-4888
-3934
-2916
-1964
-1182
-615
-214
95
396
717
999
1199
1314
1460
1792
2406
3307
4386
5512
6583
7550
8384
9040
9428
9462
9102
8394
7444
6383
5336
4385
3568
2864
2228
1591
915
183
-606
-1448
-2346
-3285
-4206
-5001
-5579
-5902
-6017
-6044
-6081
-6174
-6304
-6432
-6533
-6609
-6647
-6604
-6405
-5986
-5357
-4579
-3732
-2900
-2114
-1388
-757
-242
134
369
525
645
802
1036
1385
1895
2584
3453
4481
5609
6744
7787
8619
9156
9345
9178
8712
8021
7189
6309
5459
4690
4018
3389
2733
1958
1040
28
-1006
-1989
-2882
-3687
-4409
-5017
-5475
-5772
-5913
-5981
-6049
-6151
-6327
-6534
-6727
-6879
-6930
-6858
-6643
-6232
-5625
-4839
-3907
-2946
-2056
-1298
-733
-311
32
307
577
809
992
1185
1432
1833
2463
3301
4311
5403
6459
7433
8272
8933
9382
9533
9343
8814
7963
6922
5825
4774
3876
3120
2462
1835
1151
381
-461
-1372
-2306
-3211
-4062
-4787
-5362
-5784
-6037
-6172
-6227
-6227
-6249
-6311
-6420
-6563
-6666
-6691
-6589
-6303
-5828
-5178
-4372
-3487
-2585
-1720
-979
-382
55
338
526
667
808
1010
1314
1750
2366
3149
4066
5084
6113
7107
7995
8697
9163
9320
9140
8656
7917
7028
6091
5148
4248
3383
2549
1772
1036
327
-383
-1149
-1999
-2901
-3808
-4614
-5237
-5663
-5892
-6001
-6072
-6136
-6235
-6375
-6518
-6662
-6765
-6790
-6717
-6489
-6090
-5523
-4772
-3866
-2861
-1824
-873
-108
437
740
896
992
1104
1310
1607
1995
2472
3040
3721
4550
5495
6527
7569
8497
9203
9571
9547
9156
8446
7526
6511
5453
4394
3372
2415
1578
876
270
-299
-936
-1714
-2601
-3539
-4419
-5132
-5672
-6032
-6272
-6461
-6595
-6682
-6709
-6662
-6582
-6503
-6451
-6420
-6332
-6096
-5646
-4945
-4046
-3056
-2074
-1202
-487
66
463
742
944
1085
1228
1425
1721
2167
2784
3549
4446
5423
6431
7432
8351
9126
9659
9837
9608
8966
7975
6783
5559
4424
3457
2647
1933
1245
524
-237
-1009
-1796
-2584
-3363
-4139
-4855
-5470
-5929
-6199
-6318
-6343
-6333
-6349
-6404
-6477
-6555
-6590
-6557
-6435
-6160
-5718
-5098
-4298
-3391
-2461
-1604
-902
-357
60
389
707
1014
1307
1587
1863
2208
2686
3340
4191
5187
6229
7234
8129
8842
9314
9490
9327
8817
8000
6983
5916
4895
3978
3163
2404
1656
873
67
-726
-1521
-2315
-3097
-3887
-4651
-5310
-5816
-6105
-6208
-6220
-6203
-6260
-6423
-6635
-6843
-6960
-6918
-6725
-6363
-5847
-5227
-4491
-3687
-2860
-2013
-1216
-483
160
646
1008
1249
1401
1571
1788
2134
2648
3297
4098
4994
5924
6870
7741
8479
9021
9278
9255
8946
8372
7608
6684
5669
4618
3562
2571
1652
815
65
-666
-1381
-2104
-2868
-3622
-4356
-5032
-5591
-6032
-6318
-6475
-6564
-6594
-6646
-6745
-6855
-6961
-6974
-6838
-6545
-6053
-5433
-4717
-3931
-3129
-2304
-1502
-780
-151
332
686
981
1235
1519
1851
2227
2681
3219
3865
4642
5546
6544
7571
8507
9239
9652
9689
9368
8730
7858
6848
5755
4643
3593
2656
1870
1213
596
-57
-816
-1683
-2597
-3474
-4241
-4868
-5367
-5763
-6078
-6325
-6499
-6605
-6679
-6754
-6840
-6923
-6967
-6914
-6718
-6351
-5819
-5151
-4384
-3555
-2708
-1869
-1088
-415
134
550
884
1195
1532
1915
2327
2756
3207
3711
4336
5134
6083
7108
8080
8854
9338
9494
9354
8964
8355
7551
6567
5445
4270
3151
2182
1392
730
91
-623
-1448
-2363
-3291
-4125
-4817
-5350
-5750
-6070
-6347
-6598
-6809
-6967
-7062
-7109
-7110
-7063
-6949
-6737
-6413
-5967
-5414
-4752
-3974
-3092
-2146
-1205
-354
333
820
1133
1333
1500
1704
1989
2375
2858
3427
4073
4798
5607
6492
7414
8299
9047
9548
9735
9573
9079
8284
7242
6040
4770
3565
2516
1662
964
324
-349
-1105
-1914
-2735
-3515
-4236
-4890
-5468
-5969
-6388
-6703
-6902
-6969
-6914
-6787
-6662
-6609
-6646
-6701
-6662
-6426
-5956
-5306
-4550
-3761
-2974
-2174
-1359
-561
178
793
1252
1563
1775
1965
2226
2624
3179
3868
4630
5410
6183
6956
7728
8463
9081
9479
9571
9316
8712
7819
6724
5532
4350
3258
2285
1422
628
-131
-880
-1614
-2330
-3039
-3734
-4423
-5080
-5673
-6173
-6555
-6822
-6999
-7112
-7190
-7240
-7236
-7147
-6953
-6652
-6268
-5815
-5295
-4688
-3970
-3134
-2207
-1257
-383
339
871
1220
1458
1653
1861
2119
2431
2807
3271
3857
4589
5471
6445
7441
8350
9075
9544
9700
9517
9001
8176
7108
5901
4666
3525
2548
1756
1100
476
-186
-947
-1804
-2710
-3598
-4420
-5146
-5763
-6270
-6656
-6913
-7039
-7043
-6963
-6857
-6764
-6722
-6722
-6721
-6651
-6436
-6025
-5413
-4619
-3704
-2736
-1776
-879
-83
594
1122
1504
1772
1962
2144
2381
2721
3180
3749
4419
5188
6040
6946
7855
8654
9241
9523
9461
9077
8424
7557
6530
5391
4201
3040
2011
1175
524
-12
-546
-1177
-1942
-2826
-3740
-4590
-5312
-5866
-6262
-6541
-6751
-6911
-7016
-7050
-7011
-6919
-6814
-6728
-6649
-6513
-6246
-5770
-5074
-4196
-3224
-2257
-1343
-508
240
902
1437
1832
2087
2221
2319
2459
2724
3165
3769
4509
5341
6207
7079
7897
8581
9065
9271
9162
8747
8061
7167
6132
5022
3923
2893
1972
1164
440
-228
-875
-1541
-2239
-2993
-3795
-4615
-5396
-6053
-6517
-6779
-6884
-6904
-6917
-6956
-7009
-7012
-6924
-6748
-6511
-6243
-5917
-5470
-4835
-3987
-2993
-1973
-1041
-265
353
866
1300
1682
1998
2240
2447
2651
2930
3335
3882
4593
5441
6370
7315
8169
8826
9204
9259
9013
8503
7792
6945
5998
4984
3944
2926
1973
1104
307
-435
-1155
-1878
-2611
-3362
-4099
-4812
-5465
-6024
-6481
-6823
-7048
-7167
-7200
-7181
-7134
-7056
-6949
-6769
-6482
-6059
-5480
-4794
-4038
-3254
-2488
-1746
-1015
-299
389
1016
1523
1896
2108
2221
2341
2557
2966
3572
4336
5189
6047
6839
7532
8089
8510
8774
8853
8716
8312
7621
6680
5570
4419
3335
2381
1576
868
203
-467
-1177
-1950
-2793
-3677
-4533
-5288
-5880
-6285
-6530
-6683
-6811
-6936
-7045
-7115
-7124
-7061
-6945
-6763
-6499
-6128
-5615
-4961
-4182
-3299
-2348
-1384
-474
303
900
1317
1609
1850
2077
2320
2582
2886
3276
3795
4437
5180
5987
6811
7623
8352
8922
9240
9246
8924
8304
7450
6451
5373
4291
3267
2332
1519
808
144
-542
-1317
-2185
-3107
-4004
-4805
-5478
-6024
-6459
-6793
-7020
-7136
-7156
-7117
-7057
-6997
-6933
-6842
-6706
-6486
-6144
-5646
-4964
-4104
-3105
-2055
-1059
-207
460
959
1354
1710
2050
2342
2567
2751
2986
3384
3989
4765
5609
6430
7188
7875
8460
8877
9031
8868
8398
7679
6799
5833
4831
3844
2908
2053
1277
545
-199
-993
-1828
-2671
-3487
-4240
-4917
-5514
-6027
-6455
-6772
-6966
-7030
-6998
-6935
-6888
-6892
-6927
-6923
-6790
-6439
-5850
-5071
-4185
-3273
-2373
-1487
-614
214
913
1420
1719
1888
2037
2244
2522
2833
3154
3512
3989
4646
5471
6364
7189
7854
8339
8671
8853
8834
8519
7840
6826
5628
4432
3405
2585
1906
1250
506
-345
-1250
-2131
-2944
-3698
-4414
-5111
-5758
-6287
-6651
-6832
-6868
-6842
-6825
-6866
-6957
-7047
-7069
-6963
-6699
-6281
-5726
-5059
-4283
-3408
-2449
-1446
-464
408
1097
1588
1913
2136
2323
2500
2695
2913
3198
3603
4142
4794
5492
6168
6799
7393
7961
8467
8805
8860
8544
7860
6895
5775
4609
3480
2424
1483
681
11
-584
-1180
-1851
-2614
-3440
-4251
-4983
-5595
-6083
-6470
-6763
-6980
-7121
-7178
-7153
-7049
-6874
-6634
-6341
-6016
-5649
-5223
-4697
-4022
-3189
-2247
-1297
-438
262
806
1229
1562
1829
2031
2180
2331
2538
2862
3323
3892
4554
5290
6089
6932
7737
8397
8800
8901
8711
8272
7617
6763
5726
4562
3376
2285
1363
604
-55
-690
-1353
-2042
-2740
-3434
-4112
-4781
-5391
-5897
-6257
-6473
-6591
-6659
-6714
-6767
-6806
-6801
-6726
-6555
-6276
-5892
-5406
-4838
-4180
-3416
-2541
-1587
-634
209
875
1357
1699
1967
2189
2374
2537
2713
2980
3409
4008
4736
5499
6227
6900
7521
8078
8509
8718
8631
8219
7523
6617
5574
4460
3340
2276
1343
582
-37
-581
-1123
-1724
-2395
-3135
-3916
-4719
-5476
-6107
-6562
-6829
-6951
-7000
-7030
-7055
-7038
-6946
-6761
-6497
-6170
-5760
-5216
-4513
-3679
-2789
-1941
-1190
-534
76
680
1264
1753
2078
2221
2245
2273
2425
2760
3279
3925
4646
5411
6191
6972
7689
8260
8606
8683
8476
8018
7337
6467
5454
4353
3241
2209
1323
613
58
-425
-941
-1587
-2397
-3319
-4221
-4973
-5512
-5857
-6094
-6322
-6568
-6798
-6953
-7005
-6961
-6846
-6684
-6483
-6212
-5847
-5369
-4768
-4055
-3234
-2340
-1408
-500
323
1002
1496
1804
1951
2007
2059
2209
2506
2951
3510
4115
4717
5310
5930
6603
7317
7982
8473
8676
8537
8073
7351
6447
5433
4380
3355
2410
1571
835
172
-456
-1070
-1691
-2330
-3009
-3735
-4477
-5181
-5784
-6242
-6571
-6813
-6988
-7079
-7051
-6914
-6707
-6496
-6304
-6088
-5774
-5314
-4704
-3989
-3211
-2396
-1561
-738
27
704
1283
1753
2102
2312
2372
2358
2403
2637
3124
3786
4496
5163
5780
6410
7086
7741
8240
8434
8291
7868
7264
6546
5721
4779
3743
2704
1760
962
291
-331
-970
-1649
-2317
-2943
-3548
-4180
-4874
-5579
-6196
-6632
-6881
-7000
-7046
-7044
-6971
-6811
-6577
-6295
-5981
-5605
-5135
-4549
-3867
-3118
-2319
-1496
-671
92
715
1168
1473
1694
1897
2089
2252
2396
2580
2908
3454
4207
5059
5873
6579
7187
7729
8196
8494
8487
8098
7350
6370
5307
4281
3360
2558
1864
1243
642
4
-705
-1453
-2187
-2864
-3505
-4153
-4848
-5550
-6151
-6559
-6743
-6767
-6729
-6707
-6718
-6714
-6653
-6512
-6275
-5927
-5453
-4842
-4118
-3327
-2525
-1749
-1009
-293
390
1021
1561
1961
2228
2395
2538
2725
2996
3367
3824
4351
4938
5560
6190
6797
7333
7736
7959
7950
7703
7243
6605
5830
4948
3988
2999
2046
1195
474
-121
-639
-1147
-1702
-2328
-3024
-3766
-4520
-5245
-5891
-6402
-6748
-6948
-7032
-7050
-7032
-6970
-6842
-6621
-6294
-5861
-5337
-4737
-4085
-3388
-2639
-1847
-1039
-275
393
935
1350
1664
1913
2121
2330
2565
2828
3133
3483
3899
4407
5030
5747
6489
7169
7694
8010
8076
7883
7438
6756
5886
4905
3908
2968
2120
1364
693
105
-415
-889
-1375
-1943
-2631
-3421
-4243
-5014
-5659
-6143
-6469
-6663
-6764
-6803
-6782
-6700
-6541
-6298
-5978
-5596
-5169
-4693
-4159
-3565
-2916
-2246
-1580
-922
-260
392
986
1443
1715
1853
1981
2237
2689
3267
3849
4323
4682
5029
5478
6060
6712
7282
7651
7771
7651
7335
6835
6137
5259
4276
3311
2467
1779
1192
613
-14
-687
-1350
-1975
-2599
-3292
-4074
-4901
-5634
-6166
-6468
-6619
-6719
-6827
-6908
-6901
-6739
-6426
-6017
-5597
-5205
-4818
-4361
-3790
-3103
-2339
-1577
-871
-234
351
898
1405
1847
2196
2431
2575
2685
2848
3137
3600
4192
4837
5443
5971
6435
6876
7294
7632
7762
7601
7100
6336
5422
4486
3591
2767
1995
1271
596
-30
-612
-1163
-1717
-2307
-2959
-3688
-4476
-5279
-6008
-6566
-6882
-6964
-6880
-6721
-6563
-6422
-6260
-6034
-5712
-5308
-4842
-4346
-3834
-3305
-2717
-2049
-1287
-465
333
1000
1471
1738
1896
2032
2234
2506
2823
3135
3469
3859
4372
5009
5728
6442
7078
7552
7801
7773
7453
6859
6065
5181
4304
3509
2820
2235
1714
1221
714
166
-455
-1153
-1936
-2765
-3620
-4428
-5143
-5705
-6112
-6365
-6514
-6584
-6597
-6541
-6421
-6233
-6018
-5797
-5589
-5357
-5046
-4570
-3886
-3005
-2021
-1074
-292
280
688
1024
1367
1718
2048
2295
2460
2590
2782
3092
3555
4125
4758
5393
6000
6544
6993
7293
7415
7321
7013
6490
5794
4974
4111
3273
2526
1888
1343
843
331
-242
-914
-1680
-2512
-3365
-4191
-4921
-5509
-5938
-6215
-6362
-6420
-6407
-6362
-6293
-6198
-6049
-5818
-5499
-5124
-4727
-4318
-3844
-3239
-2458
-1571
-696
42
602
1020
1371
1693
1950
2109
2168
2193
2289
2532
2967
3567
4254
4955
5596
6147
6607
6959
7190
7256
7110
6733
6155
5440
4652
3853
3064
2308
1613
1016
510
39
-488
-1124
-1863
-2632
-3376
-4068
-4732
-5368
-5932
-6324
-6488
-6447
-6307
-6183
-6121
-6076
-5965
-5740
-5431
-5090
-4737
-4322
-3777
-3075
-2271
-1462
-718
-68
507
1011
1433
1741
1938
2085
2256
2501
2822
3180
3556
3954
4417
4972
5583
6182
6678
7002
7139
7106
6903
6531
5974
5251
4439
3612
2826
2093
1396
738
132
-420
-939
-1495
-2145
-2894
-3691
-4447
-5106
-5640
-6054
-6370
-6589
-6697
-6686
-6552
-6302
-5974
-5605
-5224
-4860
-4501
-4125
-3682
-3137
-2486
-1769
-1046
-382
192
692
1138
1536
1864
2105
2265
2388
2549
2794
3135
3575
4103
4703
5350
5979
6522
6918
7152
7249
7211
6989
6501
5724
4738
3699
2772
2036
1463
956
428
-152
-758
-1349
-1943
-2566
-3261
-4013
-4755
-5410
-5916
-6265
-6480
-6586
-6592
-6500
-6308
-6034
-5722
-5406
-5098
-4772
-4396
-3944
-3422
-2841
-2210
-1527
-822
-140
465
962
1355
1665
1926
2145
2321
2475
2651
2915
3324
3883
4546
5224
5838
6338
6712
6966
7103
7089
6883
6468
5855
5097
4278
3467
2715
2038
1429
871
319
-277
-942
-1691
-2474
-3221
-3887
-4451
-4950
-5419
-5859
-6222
-6455
-6530
-6475
-6334
-6158
-5955
-5703
-5398
-5035
-4623
-4178
-3690
-3142
-2513
-1810
-1072
-366
259
771
1169
1482
1755
2011
2261
2501
2741
3015
3370
3823
4355
4922
5483
6013
6473
6822
7011
6992
6760
6351
5804
5155
4442
3692
2941
2229
1581
999
474
-39
-590
-1216
-1937
-2723
-3537
-4317
-5010
-5587
-6034
-6336
-6489
-6510
-6413
-6232
-5999
-5744
-5493
-5250
-5009
-4737
-4393
-3943
-3385
-2730
-2024
-1306
-622
12
580
1060
1447
1739
1976
2207
2470
2782
3123
3462
3804
4167
4595
5093
5639
6175
6614
6898
6992
6890
6604
6148
5543
4817
4012
3175
2352
1594
936
388
-65
-493
-977
-1598
-2369
-3222
-4054
-4748
-5256
-5596
-5860
-6121
-6382
-6575
-6604
-6413
-6045
-5612
-5242
-4983
-4787
-4553
-4178
-3635
-2977
-2281
-1611
-977
-356
274
877
1408
1817
2092
2266
2386
2512
2698
2975
3355
3830
4373
4933
5480
5975
6391
6699
6866
6879
6729
6412
5929
5290
4537
3727
2936
2218
1569
963
350
-288
-936
-1564
-2179
-2820
-3525
-4272
-4983
-5565
-5969
-6226
-6402
-6512
-6524
-6382
-6078
-5707
-5406
-5235
-5149
-4995
-4639
-4045
-3296
-2520
-1794
-1113
-452
199
788
1246
1554
1761
1948
2176
2456
2756
3053
3369
3747
4205
4734
5274
5770
6206
6570
6834
6945
6832
6470
5897
5204
4492
3811
3143
2456
1741
1033
396
-136
-606
-1115
-1773
-2591
-3483
-4293
-4899
-5295
-5559
-5795
-6050
-6281
-6394
-6320
-6070
-5736
-5433
-5218
-5063
-4866
-4522
-4004
-3372
-2725
-2134
-1597
-1055
-464
165
759
1244
1601
1867
2112
2387
2706
3052
3405
3788
4211
4678
5181
5682
6156
6567
6863
7003
6940
6656
6181
5570
4874
4137
3384
2642
1949
1321
769
254
-279
-872
-1552
-2300
-3068
-3817
-4495
-5089
-5583
-5967
-6240
-6395
-6422
-6331
-6159
-5971
-5822
-5708
-5580
-5346
-4930
-4329
-3624
-2932
-2324
-1789
-1239
-608
95
775
1314
1653
1837
1981
2184
2482
2843
3195
3513
3827
4199
4684
5270
5867
6385
6748
6922
6929
6798
6546
6146
5563
4792
3888
2957
2107
1391
795
248
-317
-930
-1563
-2172
-2740
-3296
-3893
-4542
-5200
-5782
-6190
-6379
-6371
-6253
-6113
-5989
-5882
-5735
-5502
-5167
-4747
-4282
-3806
-3318
-2796
-2204
-1524
-790
-61
597
1137
1564
1897
2160
2379
2574
2781
3044
3382
3777
4183
4569
4938
5343
5825
6362
6840
7124
7126
6833
6306
5627
4843
3990
3097
2221
1455
849
407
51
-342
-852
-1507
-2263
-3044
-3803
-4509
-5136
-5654
-6032
-6249
-6331
-6320
-6258
-6168
-6042
-5862
-5623
-5340
-5035
-4709
-4327
-3856
-3273
-2589
-1852
-1117
-404
266
890
1438
1873
2170
2332
2435
2557
2766
3094
3526
4011
4502
4958
5361
5717
6048
6361
6638
6817
6820
6586
6094
5386
4543
3665
2830
2081
1418
831
295
-212
-709
-1231
-1826
-2521
-3306
-4107
-4823
-5378
-5761
-6019
-6210
-6354
-6428
-6390
-6217
-5930
-5592
-5272
-5000
-4749
-4448
-4036
-3464
-2751
-1955
-1161
-448
156
661
1097
1490
1822
2069
2242
2388
2587
2892
3294
3741
4185
4606
5036
5524
6051
6546
6885
6965
6771
6361
5846
5288
4691
4029
3295
2520
1771
1100
521
11
-481
-1010
-1625
-2341
-3151
-3987
-4746
-5343
-5734
-5941
-6039
-6102
-6157
-6200
-6191
-6114
-5957
-5726
-5422
-5048
-4621
-4168
-3705
-3214
-2639
-1944
-1147
-337
367
913
1330
1705
2097
2506
2870
3145
3340
3519
3771
4120
4545
4992
5410
5793
6132
6417
6624
6718
6655
6402
5949
5305
4523
3684
2873
2148
1528
971
419
-185
-854
-1556
-2257
-2928
-3573
-4205
-4827
-5400
-5870
-6187
-6349
-6404
-6413
-6409
-6374
-6264
-6031
-5690
-5291
-4875
-4449
-3969
-3394
-2708
-1937
-1162
-448
177
722
1221
1673
2044
2295
2433
2529
2680
2962
3363
3822
4256
4642
5028
5475
6002
6562
7019
7232
7106
6648
5962
5195
4472
3839
3263
2665
1989
1248
531
-79
-569
-1018
-1558
-2270
-3131
-4020
-4782
-5330
-5677
-5903
-6087
-6250
-6359
-6368
-6261
-6079
-5878
-5680
-5479
-5233
-4879
-4387
-3767
-3048
-2289
-1532
-796
-103
545
1112
1566
1884
2083
2229
2385
2591
2861
3177
3541
3966
4465
5043
5652
6201
6613
6835
6865
6755
6537
6212
5749
5097
4287
3402
2567
1884
1364
934
481
-94
-794
-1545
-2271
-2925
-3539
-4157
-4817
-5491
-6090
-6508
-6686
-6637
-6441
-6213
-6042
-5951
-5885
-5738
-5414
-4906
-4299
-3705
-3177
-2672
-2080
-1321
-436
434
1130
1558
1777
1921
2111
2407
2754
3080
3337
3550
3809
4177
4658
5206
5747
6219
6596
6843
6926
6818
6500
5983
5312
4552
3779
3050
2378
1757
1171
588
10
-568
-1142
-1733
-2379
-3115
-3914
-4695
-5358
-5820
-6088
-6230
-6331
-6431
-6507
-6482
-6312
-6014
-5654
-5300
-4966
-4610
-4171
-3606
-2925
-2191
-1467
-794
-192
343
823
1276
1712
2130
2506
2798
2987
3113
3255
3503
3896
4408
4959
5474
5889
6199
6417
6548
6579
6478
6223
5804
5224
4499
3671
2803
1986
1291
741
294
-139
-650
-1282
-2019
-2795
-3548
-4232
-4848
-5401
-5892
-6285
-6536
-6621
-6531
-6324
-6074
-5845
-5653
-5461
-5209
-4829
-4315
-3725
-3120
-2536
-1967
-1355
-663
78
789
1365
1761
2006
2183
2375
2613
2896
3213
3570
3972
4417
4891
5351
5776
6175
6532
6807
6918
6775
6360
5737
5037
4361
3759
3190
2583
1914
1215
555
-32
-579
-1157
-1829
-2600
-3404
-4167
-4816
-5328
-5726
-6038
-6283
-6469
-6570
-6568
-6444
-6220
-5939
-5629
-5318
-4996
-4620
-4150
-3567
-2895
-2175
-1437
-719
-51
542
1041
1457
1806
2110
2391
2633
2840
3040
3271
3593
4019
4520
5047
5551
6013
6435
6772
6952
6908
6618
6123
5507
4837
4134
3410
2688
2025
1459
966
480
-93
-780
-1545
-2314
-3025
-3687
-4337
-4995
-5601
-6065
-6320
-6373
-6309
-6227
-6150
-6045
-5865
-5600
-5290
-4978
-4663
-4303
-3849
-3283
-2629
-1930
-1221
-520
148
753
1265
1669
1974
2213
2436
2669
2939
3243
3583
3958
4369
4818
5294
5753
6148
6440
6600
6604
6454
6143
5675
5084
4418
3724
3039
2376
1726
1095
486
-91
-640
-1198
-1810
-2516
-3313
-4125
-4854
-5414
-5771
-5964
-6073
-6173
-6269
-6325
-6280
-6102
-5823
-5512
-5213
-4919
-4587
-4145
-3570
-2882
-2125
-1370
-653
-2
569
1065
1485
1846
2146
2379
2561
2732
2957
3294
3750
4274
4797
5259
5668
6056
6431
6749
6903
6811
6465
5933
5326
4720
4131
3514
2836
2096
1353
688
132
-369
-900
-1538
-2300
-3131
-3941
-4644
-5215
-5657
-5985
-6207
-6336
-6364
-6310
-6200
-6058
-5895
-5698
-5450
-5134
-4745
-4278
-3731
-3108
-2422
-1709
-1013
-376
202
736
1236
1687
2048
2307
2487
2661
2924
3304
3790
4315
4808
5228
5579
5900
6215
6496
6666
6638
6390
5971
5457
4910
4332
3683
2950
2180
1452
821
273
-250
-817
-1450
-2125
-2810
-3494
-4169
-4819
-5393
-5828
-6094
-6217
-6280
-6348
-6416
-6403
-6231
-5892
-5471
-5077
-4743
-4404
-3932
-3275
-2494
-1712
-1037
-477
28
552
1101
1602
1990
2246
2418
2598
2860
3219
3636
4073
4501
4926
5357
5776
6133
6383
6507
6530
6475
6322
6015
5506
4797
3960
3107
2342
1698
1155
648
115
-470
-1103
-1771
-2450
-3132
-3818
-4485
-5109
-5643
-6045
-6299
-6430
-6482
-6476
-6397
-6214
-5899
-5504
-5118
-4795
-4519
-4186
-3692
-3013
-2225
-1469
-845
-355
75
534
1046
1551
1969
2256
2450
2643
2933
3348
3847
4345
4777
5114
5389
5655
5943
6245
6507
6629
6517
6134
5531
4810
4093
3450
2869
2296
1672
988
311
-290
-795
-1250
-1761
-2391
-3139
-3914
-4624
-5211
-5664
-5999
-6225
-6342
-6351
-6281
-6148
-5966
-5724
-5397
-5004
-4583
-4171
-3764
-3312
-2751
-2065
-1307
-592
0
468
883
1324
1804
2262
2623
2846
2983
3142
3410
3801
4254
4695
5086
5449
5814
6168
6433
6526
6414
6115
5691
5185
4596
3927
3203
2475
1791
1163
563
-33
-632
-1209
-1755
-2306
-2918
-3623
-4377
-5088
-5657
-6029
-6216
-6282
-6276
-6229
-6127
-5970
-5760
-5490
-5173
-4826
-4451
-4033
-3546
-2959
-2263
-1496
-742
-93
404
779
1116
1503
1961
2438
2830
3083
3244
3419
3724
4191
4747
5272
5668
5908
6046
6154
6256
6305
6215
5915
5398
4718
3954
3184
2461
1811
1252
774
326
-164
-748
-1431
-2183
-2941
-3670
-4339
-4937
-5443
-5830
-6074
-6186
-6196
-6132
-6035
-5910
-5752
-5540
-5260
-4918
-4528
-4097
-3618
-3074
-2440
-1734
-1002
-310
295
801
1223
1588
1906
2181
2429
2695
3005
3367
3754
4137
4504
4876
5266
5662
6028
6288
6391
6334
6133
5805
5360
4789
4116
3391
2682
2032
1445
902
373
-153
-684
-1245
-1850
-2519
-3236
-3961
-4631
-5198
-5643
-5949
-6138
-6217
-6194
-6092
-5925
-5715
-5478
-5226
-4954
-4648
-4296
-3871
-3362
-2770
-2115
-1435
-756
-112
471
997
1453
1851
2210
2550
2891
3232
3565
3883
4190
4502
4831
5170
5495
5768
5953
6031
6012
5904
5712
5434
5044
4537
3937
3281
2610
1957
1330
713
86
-574
-1246
-1911
-2553
-3173
-3776
-4357
-4901
-5379
-5769
-6057
-6240
-6326
-6321
-6234
-6068
-5830
-5525
-5167
-4769
-4330
-3847
-3312
-2720
-2074
-1396
-730
-117
423
886
1280
1634
1966
2286
2594
2878
3142
3397
3668
3978
4348
4769
5208
5627
5969
6185
6256
6175
5966
5655
5263
4798
4252
3624
2929
2196
1472
796
190
-370
-929
-1520
-2164
-2818
-3453
-4028
-4523
-4953
-5328
-5654
-5926
-6117
-6199
-6169
-6034
-5834
-5584
-5306
-4990
-4612
-4173
-3677
-3137
-2554
-1925
-1262
-585
81
700
1228
1659
2008
2312
2615
2930
3256
3563
3843
4097
4345
4615
4921
5244
5544
5774
5891
5884
5763
5549
5257
4870
4369
3736
2992
2193
1412
720
146
-330
-755
-1191
-1693
-2263
-2899
-3561
-4194
-4769
-5253
-5638
-5926
-6114
-6192
-6166
-6039
-5820
-5524
-5171
-4775
-4357
-3927
-3478
-2990
-2446
-1845
-1212
-587
-20
471
897
1283
1652
2008
2336
2619
2858
3074
3310
3606
3967
4378
4790
5168
5490
5756
5960
6076
6066
5889
5536
5010
4350
3629
2909
2238
1634
1085
568
63
-452
-983
-1534
-2112
-2712
-3328
-3934
-4496
-4983
-5376
-5659
-5839
-5917
-5907
-5829
-5692
-5507
-5270
-4986
-4662
-4288
-3858
-3374
-2846
-2283
-1681
-1049
-391
258
851
1350
1724
1985
2164
2335
2548
2821
3141
3482
3820
4151
4499
4872
5256
5595
5831
5926
5857
5658
5366
5000
4562
4030
3396
2688
1971
1318
774
336
-56
-480
-994
-1614
-2301
-3004
-3668
-4271
-4799
-5231
-5562
-5772
-5857
-5833
-5727
-5559
-5351
-5106
-4813
-4486
-4128
-3757
-3374
-2964
-2513
-2006
-1440
-828
-208
383
917
1359
1702
1955
2151
2342
2570
2867
3233
3633
4026
4377
4679
4951
5208
5443
5632
5730
5683
5466
5089
4603
4063
3517
2988
2474
1950
1403
832
262
-297
-852
-1409
-1984
-2582
-3200
-3818
-4411
-4942
-5367
-5640
-5752
-5735
-5632
-5512
-5412
-5313
-5160
-4899
-4512
-4037
-3543
-3078
-2635
-2174
-1647
-1032
-374
242
737
1084
1319
1523
1768
2083
2445
2808
3145
3456
3758
4075
4416
4755
5061
5301
5457
5532
5527
5433
5230
4893
4429
3863
3244
2644
2095
1613
1161
686
152
-456
-1117
-1785
-2420
-2990
-3497
-3965
-4412
-4847
-5230
-5487
-5579
-5519
-5372
-5221
-5101
-4989
-4830
-4580
-4241
-3832
-3380
-2903
-2406
-1891
-1377
-872
-373
129
641
1130
1541
1850
2062
2260
2536
2924
3380
3802
4113
4303
4454
4653
4919
5191
5368
5386
5259
5049
4797
4489
4082
3560
2993
2461
1992
1521
970
314
-395
-1048
-1575
-2012
-2455
-2989
-3606
-4202
-4675
-4978
-5156
-5280
-5390
-5467
-5461
-5331
-5081
-4768
-4459
-4184
-3934
-3662
-3310
-2851
-2293
-1679
-1079
-548
-88
327
740
1175
1615
2012
2324
2551
2725
2914
3149
3434
3750
4067
4373
4666
4923
5117
5223
5229
5148
4988
4752
4425
4006
3514
2991
2477
1979
1481
937
339
-296
-919
-1481
-1973
-2428
-2901
-3425
-4003
-4559
-5012
-5292
-5387
-5350
-5260
-5182
-5124
-5046
-4893
-4622
-4242
-3797
-3345
-2919
-2523
-2133
-1709
-1233
-706
-160
362
828
1213
1535
1826
2122
2446
2786
3116
3416
3682
3924
4150
4381
4613
4827
4999
5093
5080
4945
4697
4371
4008
3638
3254
2823
2322
1744
1129
529
-9
-485
-940
-1427
-1990
-2615
-3265
-3874
-4380
-4768
-5031
-5188
-5264
-5277
-5250
-5187
-5070
-4875
-4589
-4226
-3825
-3440
-3101
-2788
-2454
-2040
-1527
-945
-343
225
723
1148
1512
1843
2161
2480
2790
3073
3325
3537
3731
3929
4147
4375
4579
4728
4805
4814
4787
4736
4641
4456
4138
3673
3093
2461
1850
1300
814
361
-105
-609
-1158
-1734
-2316
-2885
-3422
-3900
-4319
-4664
-4937
-5143
-5266
-5296
-5215
-5034
-4792
-4529
-4275
-4038
-3785
-3482
-3103
-2656
-2182
-1709
-1250
-790
-301
216
746
1260
1712
2093
2407
2666
2875
3040
3164
3271
3404
3595
3854
4143
4398
4550
4575
4512
4429
4372
4334
4241
3998
3543
2924
2246
1630
1135
733
340
-132
-711
-1354
-1984
-2545
-3023
-3448
-3847
-4229
-4564
-4797
-4908
-4920
-4883
-4838
-4785
-4701
-4524
-4225
-3828
-3387
-2977
-2622
-2297
-1957
-1543
-1048
-495
64
593
1079
1507
1864
2135
2314
2430
2549
2734
2997
3303
3591
3813
3960
4077
4220
4395
4562
4642
4590
4406
4128
3806
3448
3038
2571
2050
1507
982
488
17
-447
-925
-1411
-1911
-2424
-2954
-3483
-3973
-4375
-4649
-4787
-4815
-4785
-4736
-4680
-4608
-4486
-4285
-4016
-3699
-3366
-3032
-2676
-2286
-1855
-1378
-881
-388
85
524
934
1301
1624
1904
2138
2360
2587
2838
3099
3341
3552
3731
3906
4088
4274
4437
4532
4521
4393
4164
3880
3573
3266
2954
2613
2219
1761
1242
695
147
-381
-886
-1383
-1895
-2417
-2938
-3422
-3830
-4149
-4386
-4562
-4687
-4765
-4778
-4719
-4592
-4420
-4217
-3988
-3720
-3398
-3017
-2587
-2132
-1670
-1219
-780
-346
85
517
941
1328
1651
1906
2113
2313
2538
2802
3091
3376
3610
3772
3867
3920
3965
4015
4086
4163
4213
4178
4003
3679
3253
2804
2388
1999
1584
1097
545
-24
-565
-1056
-1520
-2001
-2501
-2999
-3447
-3811
-4073
-4229
-4310
-4358
-4422
-4513
-4596
-4599
-4445
-4118
-3676
-3230
-2866
-2608
-2409
-2188
-1864
-1408
-849
-269
260
686
1015
1297
1593
1931
2278
2579
2787
2915
3011
3142
3328
3529
3675
3727
3710
3699
3760
3900
4057
4117
3990
3663
3200
2702
2255
1881
1533
1138
626
3
-665
-1280
-1760
-2111
-2407
-2750
-3192
-3695
-4157
-4476
-4610
-4588
-4485
-4360
-4242
-4119
-3953
-3732
-3449
-3124
-2774
-2412
-2047
-1692
-1352
-1027
-709
-376
-5
411
863
1314
1722
2045
2261
2389
2472
2565
2710
2916
3154
3369
3522
3617
3689
3787
3918
4028
4042
3905
3621
3258
2890
2551
2226
1862
1425
923
400
-93
-536
-955
-1396
-1900
-2458
-3020
-3506
-3866
-4087
-4188
-4223
-4228
-4217
-4182
-4098
-3954
-3749
-3515
-3272
-3032
-2791
-2536
-2251
-1930
-1577
-1191
-767
-312
146
569
939
1262
1561
1862
2151
2410
2604
2747
2877
3025
3201
3370
3499
3576
3625
3678
3735
3768
3750
3653
3474
3232
2943
2608
2243
1867
1477
1053
559
-14
-622
-1196
-1674
-2065
-2416
-2785
-3191
-3600
-3949
-4191
-4311
-4327
-4260
-4131
-3969
-3795
-3618
-3435
-3213
-2938
-2620
-2292
-1989
-1709
-1419
-1062
-614
-115
358
742
1030
1261
1492
1753
2036
2299
2495
2614
2675
2714
2782
2913
3117
3357
3566
3684
3667
3534
3339
3156
3020
2911
2782
2578
2276
1891
1450
986
497
-19
-548
-1068
-1549
-1973
-2352
-2711
-3064
-3391
-3658
-3834
-3924
-3949
-3933
-3884
-3782
-3614
-3391
-3150
-2940
-2785
-2658
-2495
-2221
-1819
-1331
-845
-432
-118
130
395
742
1177
1630
1993
2196
2245
2240
2290
2463
2728
2983
3121
3109
3003
2913
2940
3084
3267
3398
3408
3301
3123
2904
2656
2349
1974
1542
1079
608
142
-336
-839
-1372
-1907
-2394
-2794
-3089
-3301
-3472
-3647
-3819
-3947
-3979
-3892
-3706
-3471
-3257
-3099
-2981
-2855
-2665
-2382
-2019
-1607
-1208
-856
-554
-281
8
349
741
1145
1513
1784
1953
2051
2125
2225
2368
2535
2682
2773
2799
2788
2794
2839
2931
3040
3127
3161
3122
3007
2829
2597
2312
1967
1563
1109
621
138
-321
-750
-1155
-1561
-1972
-2382
-2756
-3060
-3273
-3396
-3454
-3473
-3476
-3462
-3424
-3336
-3210
-3058
-2896
-2734
-2547
-2322
-2043
-1707
-1359
-1035
-745
-460
-133
259
702
1139
1499
1740
1874
1953
2039
2160
2296
2408
2464
2483
2505
2561
2643
2727
2788
2821
2836
2843
2839
2800
2698
2524
2290
1989
1635
1236
799
343
-113
-556
-978
-1370
-1727
-2042
-2313
-2542
-2742
-2933
-3136
-3351
-3551
-3678
-3676
-3528
-3267
-2973
-2728
-2560
-2438
-2304
-2100
-1813
-1470
-1123
-795
-499
-201
135
530
950
1325
1600
1739
1783
1785
1812
1902
2038
2177
2268
2297
2284
2280
2321
2423
2559
2673
2731
2721
2671
2607
2516
2376
2152
1838
1466
1077
701
327
-65
-492
-942
-1368
-1725
-2002
-2219
-2427
-2656
-2897
-3103
-3212
-3188
-3055
-2888
-2767
-2726
-2730
-2705
-2589
-2359
-2046
-1716
-1419
-1167
-935
-680
-373
-22
333
645
888
1067
1210
1344
1473
1596
1703
1787
1846
1872
1877
1891
1945
2068
2234
2401
2508
2527
2477
2398
2337
2312
2286
2202
2001
1682
1282
864
484
145
-177
-529
-919
-1321
-1685
-1976
-2179
-2322
-2454
-2603
-2765
-2900
-2988
-3009
-2954
-2840
-2678
-2484
-2286
-2103
-1937
-1764
-1543
-1247
-893
-528
-226
-9
151
314
531
786
1031
1204
1292
1345
1408
1510
1637
1747
1815
1848
1869
1902
1948
2000
2043
2084
2137
2192
2233
2214
2119
1965
1796
1642
1483
1270
957
549
99
-311
-635
-887
-1135
-1424
-1758
-2077
-2321
-2447
-2471
-2461
-2464
-2507
-2564
-2579
-2513
-2356
-2157
-1969
-1813
-1675
-1512
-1300
-1053
-797
-559
-331
-96
152
393
593
733
819
888
971
1086
1220
1326
1361
1336
1290
1292
1390
1561
1756
1913
2002
2030
2026
2014
2006
2001
1993
1960
1861
1669
1393
1067
730
415
117
-192
-528
-868
-1159
-1377
-1548
-1709
-1911
-2147
-2358
-2484
-2486
-2373
-2212
-2081
-2042
-2084
-2135
-2084
-1875
-1539
-1183
-920
-773
-692
-574
-358
-57
260
518
676
744
779
845
964
1089
1158
1144
1072
1030
1096
1286
1532
1732
1818
1799
1742
1724
1778
1887
1987
2010
1932
1754
1514
1251
998
768
548
329
96
-155
-420
-702
-982
-1237
-1450
-1615
-1748
-1876
-2004
-2112
-2163
-2146
-2084
-2015
-1966
-1939
-1905
-1832
-1703
-1519
-1294
-1055
-831
-635
-483
-363
-253
-117
83
333
576
745
798
768
741
799
958
1144
1279
1324
1315
1336
1435
1594
1740
1805
1786
1735
1717
1749
1776
1738
1626
1463
1292
1120
928
686
404
138
-75
-233
-392
-623
-936
-1279
-1563
-1726
-1776
-1773
-1783
-1846
-1942
-2024
-2056
-2007
-1883
-1709
-1509
-1310
-1132
-980
-848
-716
-581
-440
-300
-165
-37
93
213
300
346
365
412
537
736
954
1108
1149
1109
1076
1117
1246
1396
1485
1477
1401
1324
1286
1286
1275
1212
1097
968
859
778
704
607
464
281
77
-120
-297
-446
-582
-716
-860
-1024
-1187
-1323
-1408
-1441
-1432
-1399
-1364
-1337
-1313
-1275
-1202
-1080
-921
-767
-663
-627
-626
-608
-531
-398
-248
-126
-46
-4
30
75
157
278
435
611
762
871
936
974
1000
1038
1093
1153
1201
1225
1222
1197
1152
1093
1035
984
938
886
807
697
572
441
315
194
59
-94
-261
-433
-603
-764
-924
-1081
-1209
-1291
-1316
-1291
-1252
-1232
-1240
-1259
-1252
-1183
-1044
-875
-721
-619
-577
-568
-551
-497
-391
-244
-91
44
135
196
248
305
392
500
625
751
854
917
945
949
962
1007
1081
1139
1152
1108
1027
935
862
825
802
768
706
607
482
359
266
212
176
119
9
-162
-368
-561
-710
-809
-866
-923
-1001
-1092
-1184
-1249
-1273
-1247
-1177
-1095
-1014
-950
-904
-865
-813
-740
-644
-537
-432
-337
-245
-148
-42
82
207
321
425
515
593
667
741
816
893
952
985
987
958
924
913
944
999
1046
1045
979
886
819
822
887
939
903
744
496
236
41
-70
-149
-263
-459
-730
-1006
-1222
-1345
-1388
-1405
-1424
-1459
-1491
-1499
-1456
-1366
-1253
-1131
-1018
-907
-786
-657
-524
-392
-279
-174
-80
-1
83
184
318
491
672
827
929
978
1012
1064
1146
1233
1287
1289
1243
1179
1117
1054
969
865
769
728
758
815
815
709
508
291
145
93
89
48
-104
-346
-614
-831
-960
-1041
-1123
-1245
-1381
-1464
-1457
-1383
-1312
-1304
-1357
-1390
-1327
-1142
-908
-718
-623
-589
-531
-391
-185
14
141
187
213
284
432
629
807
910
928
907
899
940
1020
1100
1138
1114
1033
930
855
828
852
904
938
923
857
767
684
616
540
436
302
153
5
-136
-292
-474
-671
-859
-1006
-1106
-1179
-1259
-1354
-1428
-1447
-1403
-1324
-1242
-1171
-1092
-975
-819
-656
-528
-451
-406
-351
-251
-112
36
173
275
352
412
459
513
593
708
852
1003
1113
1146
1107
1033
979
975
1015
1054
1045
976
863
738
634
555
496
449
407
355
270
147
-17
-191
-332
-434
-504
-576
-693
-851
-1003
-1115
-1165
-1185
-1210
-1245
-1275
-1256
-1165
-1038
-932
-862
-814
-754
-651
-499
-332
-186
-61
59
178
285
361
410
470
564
692
807
862
860
826
797
796
808
818
811
801
815
859
905
909
844
711
560
455
429
473
521
500
369
140
-107
-281
-347
-329
-314
-382
-560
-800
-1009
-1109
-1081
-996
-948
-982
-1085
-1174
-1173
-1064
-906
-781
-730
-722
-698
-611
-466
-310
-188
-97
-7
102
211
291
341
400
506
668
835
925
910
835
782
821
947
1102
1195
1172
1067
958
896
878
844
739
567
391
289
266
266
197
16
-229
-436
-530
-516
-472
-491
-611
-808
-1015
-1147
-1175
-1120
-1026
-940
-889
-879
-886
-871
-816
-724
-616
-524
-466
-427
-380
-303
-205
-106
-3
113
256
401
498
528
511
504
562
668
769
809
793
765
784
855
928
941
876
785
723
694
653
549
384
227
160
200
264
232
39
-249
-481
-523
-377
-189
-139
-309
-621
-897
-981
-845
-602
-413
-388
-514
-691
-817
-825
-724
-567
-425
-349
-343
-386
-427
-415
-329
-185
-34
80
139
162
198
270
367
449
470
419
348
336
442
649
868
979
915
724
516
397
405
488
557
554
481
372
260
158
57
-48
-136
-176
-155
-98
-69
-139
-332
-579
-770
-814
-693
-488
-330
-315
-442
-629
-757
-751
-629
-471
-368
-360
-406
-441
-415
-322
-205
-99
-18
55
139
226
294
310
287
268
296
388
521
636
693
700
682
673
679
666
607
508
400
337
335
378
404
358
218
28
-125
-179
-121
-17
42
-9
-175
-392
-584
-688
-689
-605
-487
-394
-346
-354
-400
-446
-464
-442
-396
-353
-333
-334
-339
-331
-303
-261
-217
-173
-114
-37
63
173
264
316
306
249
185
166
225
349
486
575
598
574
551
557
590
608
576
495
397
317
268
248
227
192
137
72
12
-57
-143
-250
-363
-454
-509
-521
-518
-527
-554
-592
-612
-598
-550
-484
-429
-401
-402
-415
-417
-390
-325
-234
-135
-65
-35
-31
-18
31
118
221
303
341
331
302
288
312
384
477
573
631
637
595
531
483
475
508
551
556
503
398
282
196
148
135
122
80
6
-88
-188
-278
-344
-383
-402
-422
-451
-495
-550
-590
-609
-612
-603
-583
-550
-503
-448
-409
-402
-413
-420
-383
-297
-185
-88
-37
-11
4
35
97
183
268
336
378
393
398
407
432
477
537
591
624
627
598
560
523
502
503
513
502
461
386
289
196
126
77
41
2
-48
-116
-204
-303
-404
-497
-568
-611
-625
-621
-613
-607
-620
-657
-707
-753
-758
-701
-594
-472
-381
-356
-381
-412
-395
-300
-144
24
151
215
227
218
227
275
377
512
646
738
763
728
668
634
639
684
738
761
746
697
622
537
453
382
328
299
290
270
200
71
-91
-238
-329
-352
-334
-315
-345
-427
-543
-656
-729
-744
-718
-683
-663
-657
-653
-634
-599
-569
-551
-545
-522
-465
-368
-247
-130
-43
3
9
-2
6
64
194
369
531
609
577
480
402
412
521
676
784
789
699
569
477
463
513
567
567
493
376
259
188
161
148
108
18
-113
-243
-319
-327
-293
-274
-337
-490
-679
-824
-858
-774
-643
-549
-545
-638
-766
-846
-829
-704
-526
-365
-268
-242
-248
-254
-222
-134
6
171
322
424
457
445
434
482
610
780
911
938
855
727
647
677
792
903
923
822
644
478
386
371
376
340
242
111
-1
-75
-128
-194
-287
-392
-486
-549
-582
-605
-628
-656
-685
-709
-739
-772
-805
-824
-803
-748
-681
-631
-618
-619
-605
-557
-473
-368
-264
-172
-97
-36
19
75
143
234
350
471
568
614
604
576
568
611
695
781
815
778
702
634
620
649
682
664
583
479
397
357
337
293
209
107
25
-28
-64
-123
-216
-316
-384
-409
-418
-446
-507
-583
-641
-667
-669
-665
-658
-643
-625
-613
-620
-639
-642
-581
-452
-300
-198
-194
-254
-287
-213
-31
185
331
353
284
217
232
346
501
613
638
594
527
487
495
539
592
622
606
548
457
370
338
362
406
412
333
187
40
-36
-23
19
11
-82
-226
-361
-434
-445
-429
-431
-463
-515
-570
-623
-667
-672
-628
-543
-459
-426
-466
-535
-551
-470
-307
-147
-67
-77
-113
-102
-16
107
210
263
286
324
387
458
494
483
461
472
541
638
686
646
538
428
388
432
515
560
514
386
229
110
66
92
143
165
115
-18
-198
-351
-416
-371
-284
-237
-297
-449
-602
-672
-629
-538
-487
-525
-621
-680
-626
-480
-353
-334
-434
-551
-550
-387
-128
73
103
-21
-170
-197
-49
196
402
465
387
274
239
335
499
626
645
566
478
459
518
603
642
602
506
416
381
403
437
423
349
245
156
110
83
42
-36
-123
-185
-215
-230
-271
-358
-456
-520
-523
-486
-465
-497
-576
-658
-685
-640
-538
-435
-384
-391
-432
-448
-399
-290
-149
-42
-10
-35
-72
-53
47
207
351
422
398
333
296
336
456
584
641
587
459
347
325
404
522
584
544
414
261
155
132
171
211
196
108
-31
-159
-226
-221
-190
-187
-235
-315
-387
-415
-407
-403
-445
-530
-611
-629
-561
-445
-350
-315
-339
-375
-378
-327
-242
-168
-134
-130
-121
-76
19
139
231
266
248
219
234
313
426
513
527
458
343
263
268
362
492
588
619
575
495
410
326
253
203
180
175
173
141
70
-20
-96
-132
-121
-88
-75
-111
-188
-285
-369
-420
-444
-445
-434
-417
-409
-415
-422
-418
-395
-357
-323
-315
-338
-371
-378
-335
-241
-134
-59
-46
-68
-69
-1
124
237
284
245
163
122
164
283
404
460
436
368
318
323
370
407
388
313
224
170
167
181
169
114
36
-15
-7
29
49
19
-65
-168
-233
-236
-203
-180
-193
-226
-249
-243
-217
-208
-219
-244
-253
-233
-203
-197
-227
-263
-267
-207
-103
-17
-7
-76
-159
-176
-100
45
177
237
214
151
112
128
199
288
360
400
408
400
397
402
407
399
374
341
305
276
241
187
121
60
28
40
65
59
0
-114
-244
-333
-342
-298
-260
-279
-357
-445
-488
-464
-386
-318
-307
-349
-419
-469
-456
-380
-271
-182
-145
-162
-204
-225
-186
-83
49
161
196
150
68
35
112
281
448
513
438
286
182
216
368
530
578
472
291
157
155
253
349
352
246
104
3
-15
22
57
45
-11
-78
-135
-173
-189
-185
-176
-175
-181
-199
-215
-227
-236
-235
-225
-205
-177
-164
-177
-213
-248
-243
-188
-109
-49
-46
-95
-142
-131
-54
49
119
125
93
62
73
123
185
234
249
236
223
221
221
211
182
145
121
127
149
164
157
125
78
30
-14
-47
-59
-54
-42
-42
-69
-120
-165
-188
-174
-134
-104
-108
-148
-193
-213
-201
-161
-124
-112
-114
-114
-111
-106
-109
-110
-87
-35
27
64
55
20
-1
25
82
126
125
87
49
47
86
134
164
177
186
196
189
138
49
-30
-35
36
131
178
139
42
-43
-66
-30
24
43
8
-56
-103
-102
-69
-30
-11
-7
-3
3
14
8
-22
-62
-91
-93
-65
-29
-7
-1
-15
-32
-46
-58
-72
-88
-86
-61
-29
-6
-10
-48
-83
-93
-63
-5
52
83
83
59
30
13
14
32
51
63
55
33
18
24
44
69
79
64
30
-9
-31
-26
-11
0
3
-8
-17
-11
7
19
11
-16
-46
-52
-35
-9
2
-16
-43
-57
-44
-9
19
27
6
-30
-59
-64
-41
-4
21
19
-4
-30
-38
-14
24
59
72
53
25
1
-9
-9
-10
-13
-7
12
41
62
61
48
30
24
31
44
46
30
-2
-25
-24
-7
19
38
35
23
11
7
1
-10
-27
-39
-35
-21
-4
-2
-18
-43
-55
-45
-17
14
23
-1
-44
-74
-78
-54
-19
-2
-6
-23
-30
-17
4
18
14
0
-9
-15
-13
-12
-17
-21
-15
1
30
59
69
56
29
-4
-17
-13
3
15
24
26
17
10
1
3
12
26
44
54
54
40
9
-21
-39
-37
-21
7
35
47
43
22
0
-14
-21
-19
-13
-12
-13
-12
-8
-2
-4
-16
-29
-33
-20
6
29
31
15
-16
-46
-54
-43
-19
7
23
30
29
15
-8
-24
-23
-10
9
17
5
-16
-27
-21
-7
9
12
6
2
6
13
13
-1
-20
-34
-29
-10
8
17
15
10
12
23
30
27
10
-19
-38
-37
-20
-6
-4
-6
-8
-1
8
8
2
-1
1
6
8
-2
-14
-16
-2
17
26
21
2
-12
-5
21
48
54
34
-2
-28
-28
-1
35
49
42
18
-2
-2
9
25
29
21
3
-15
-24
-23
-12
-3
5
6
0
-10
-21
-28
-32
-27
-23
-24
-30
-39
-43
-42
-41
-39
-40
-31
-17
-2
13
16
6
-8
-22
-24
-19
-5
16
29
42
46
32
15
5
6
22
40
40
23
-6
-22
-19
0
31
54
64
63
44
27
15
4
-1
-1
-3
-3
-1
-3
-6
-7
-6
-1
-1
-5
-12
-12
-4
2
0
-11
-25
-33
-36
-30
-20
-10
-4
-2
-6
-11
-20
-29
-30
-26
-13
2
7
-6
-29
-45
-47
-25
7
35
39
16
-14
-34
-31
-6
25
43
36
8
-14
-13
11
46
64
54
20
-17
-33
-21
10
33
39
22
-11
-29
-28
-10
18
37
38
22
-4
-29
-43
-38
-23
0
20
27
20
4
-7
-10
-10
-9
-5
-2
0
2
3
0
0
-2
-4
-2
-4
-3
-1
2
6
2
0
3
10
13
9
3
-1
-5
-2
4
8
12
5
-9
-21
-20
-7
13
24
20
0
-26
-41
-40
-26
-4
17
30
31
17
-3
-28
-43
-40
-19
10
33
36
23
-2
-21
-23
-14
0
3
-3
-11
-10
1
17
29
20
1
-16
-23
-15
0
7
7
7
6
11
21
29
31
20
5
-9
-19
-17
-6
11
34
49
48
30
-2
-28
-35
-17
6
26
27
10
-9
-22
-23
-16
-6
2
-1
-8
-16
-20
-25
-28
-23
-17
-10
-12
-17
-22
-25
-22
-17
-12
-11
-14
-10
3
22
37
34
14
-11
-21
-3
36
67
73
54
24
5
2
4
2
-5
-11
-1
21
36
37
24
-2
-17
-24
-18
-8
-5
-11
-17
-15
-14
-18
-24
-38
-52
-58
-50
-26
-1
6
-14
-46
-70
-74
-47
-4
31
34
11
-26
-60
-59
-16
45
86
83
37
-22
-49
-29
27
88
119
105
67
27
10
26
60
87
93
79
48
18
6
15
37
57
60
38
1
-34
-50
-38
-10
13
9
-10
-37
-52
-52
-45
-39
-39
-44
-48
-53
-54
-54
-56
-53
-50
-48
-45
-35
-27
-26
-33
-44
-51
-43
-29
-11
-2
-2
-10
-23
-27
-17
-6
10
22
23
29
33
36
34
29
33
38
39
37
35
47
66
83
83
59
18
-11
-9
19
62
83
73
39
-2
-19
-11
6
23
26
15
-1
-12
-19
-26
-34
-44
-60
-66
-58
-44
-29
-26
-38
-55
-69
-68
-54
-33
-19
-13
-12
-11
-8
-2
-4
-4
8
26
50
62
47
10
-21
-18
16
62
85
77
38
1
-12
10
54
85
82
38
-17
-47
-34
13
61
80
52
-1
-58
-83
-64
-26
16
33
19
-19
-63
-90
-92
-76
-49
-28
-25
-35
-50
-57
-52
-45
-42
-50
-53
-48
-33
-12
0
4
-3
-5
9
33
51
58
51
28
8
6
27
66
94
91
69
40
25
41
69
84
73
35
1
-6
15
44
64
51
11
-21
-20
11
50
67
46
-6
-59
-86
-83
-55
-23
-8
-11
-31
-57
-76
-83
-71
-55
-38
-25
-23
-29
-35
-45
-47
-34
-17
9
28
26
20
6
2
1
2
12
19
21
28
36
45
48
35
13
0
4
23
43
42
14
-22
-42
-29
2
36
47
27
5
-7
-4
7
4
-7
-17
-20
-11
-5
-17
-48
-73
-72
-33
24
69
72
32
-30
-83
-93
-61
-14
14
13
-8
-19
-12
7
25
28
17
1
-1
2
5
12
16
18
11
7
9
17
34
50
58
51
35
18
11
7
11
22
20
19
13
7
14
17
16
10
-11
-23
-20
-9
10
15
-6
-38
-64
-59
-25
12
30
12
-25
-54
-63
-53
-32
-18
-17
-24
-30
-33
-29
-24
-16
0
4
0
-17
-27
-17
-2
24
45
32
6
-18
-32
-19
7
33
58
52
17
-8
-28
-19
40
65
94
93
7
-3
3
0
67
46
42
61
-18
-1
7
-37
4
-19
-22
13
-38
-51
-40
-72
-48
-18
-30
-19
-44
-73
-55
-49
-33
-7
0
6
-8
-28
-30
-29
-6
13
17
30
14
11
30
16
21
32
13
27
32
27
53
46
29
32
17
17
26
31
53
63
45
24
-2
-22
-28
-17
14
14
-4
-9
-26
-25
-19
-29
-21
-34
-45
-26
-11
1
6
-11
-38
-56
-62
-46
-12
15
27
31
13
-20
-41
-57
-51
-21
7
37
54
35
9
-8
-27
-19
-2
11
30
25
16
26
22
28
45
44
41
26
3
-1
-6
4
25
30
30
18
-3
-19
-35
-44
-39
-26
-14
-1
-5
-16
-23
-30
-26
-20
-28
-40
-54
-57
-37
-2
30
41
19
-20
-54
-61
-33
6
37
51
36
15
-4
-18
-13
-4
12
35
52
59
49
24
-3
-11
5
32
55
56
41
17
7
20
36
51
47
24
-2
-17
-17
0
12
16
13
2
-2
-9
-16
-24
-36
-42
-36
-30
-25
-20
-23
-18
-16
-26
-36
-49
-57
-50
-30
-5
13
8
-13
-38
-56
-52
-33
-7
15
25
26
16
4
-3
-10
-8
5
22
42
56
52
36
13
2
10
30
50
50
32
4
-11
-6
12
37
45
30
7
-12
-12
1
10
12
4
-8
-20
-24
-27
-29
-23
-18
-21
-25
-29
-32
-33
-27
-21
-17
-11
-12
-11
-12
-13
-11
-7
2
7
5
-2
-8
-5
7
15
12
6
1
4
14
25
32
36
35
30
23
15
10
9
18
35
44
42
29
9
-5
-12
-7
3
7
6
-6
-24
-26
-15
-3
4
-5
-26
-41
-41
-17
7
20
14
-8
-35
-56
-57
-40
-12
9
16
10
-10
-31
-42
-39
-24
3
27
32
17
-6
-18
-11
6
21
24
18
13
11
12
12
7
-1
-3
1
12
24
35
35
27
15
6
4
2
-1
-2
-2
-2
5
14
15
6
-8
-18
-24
-17
3
18
21
6
-20
-43
-48
-27
3
23
22
6
-13
-24
-20
-3
8
5
-8
-18
-13
1
16
18
6
-12
-22
-19
-9
8
16
22
19
10
4
-4
-10
-12
-7
9
25
25
16
-3
-18
-14
1
18
19
6
-13
-23
-14
3
15
15
9
-2
-15
-20
-15
-8
4
8
8
4
1
0
-3
2
3
-3
-4
-2
2
10
13
11
-3
-16
-21
-10
5
14
14
6
-3
-4
4
9
7
-10
-30
-36
-21
11
39
47
30
1
-24
-28
-16
-1
6
5
-3
-13
-15
-11
-9
-5
-6
-4
5
10
13
10
-1
-7
-10
-4
1
0
2
6
14
21
26
15
-11
-29
-25
-6
19
30
18
-2
-19
-24
-8
8
11
10
2
5
13
17
11
-8
-28
-35
-21
0
17
25
21
8
-5
-10
-11
-13
-7
9
15
14
5
-6
-15
-20
-19
-6
17
32
36
23
-8
-36
-45
-29
4
32
43
21
-19
-45
-45
-16
17
32
22
-7
-35
-41
-21
9
26
26
6
-10
-14
-8
-1
5
6
8
11
14
14
-1
-21
-30
-14
19
41
37
4
-33
-51
-40
-6
25
43
39
18
0
-16
-16
-8
7
19
24
27
16
4
-7
-11
-14
-19
-18
-13
-2
11
19
13
-7
-21
-23
-12
9
21
16
4
-13
-18
-3
19
30
23
-1
-28
-32
-9
25
40
23
-18
-57
-65
-38
4
39
44
23
-2
-20
-23
-17
-11
-3
-2
2
5
5
5
2
-2
2
4
4
-2
-12
-14
-6
3
9
7
1
-4
-2
10
19
30
32
18
-2
-15
-17
-5
12
23
22
10
-2
-10
-11
-2
9
15
19
11
1
-14
-32
-39
-33
-17
-2
7
8
3
-4
-15
-20
-16
-12
-14
-11
-5
0
8
9
-2
-8
-11
-4
8
14
14
7
2
6
13
16
17
14
8
5
9
14
17
16
15
15
17
11
3
-2
-5
3
13
20
16
4
-6
-9
-5
1
3
-2
-9
-17
-15
-9
0
-1
-8
-14
-17
-10
-1
3
-6
-25
-36
-34
-17
7
18
7
-12
-29
-35
-23
-4
13
16
16
4
-11
-16
-18
-12
-4
2
8
8
9
7
-1
-5
-6
-5
-4
3
13
21
26
23
18
14
7
2
3
9
17
21
17
8
-2
-8
-7
-1
3
6
5
2
-3
-5
-3
-7
-6
-10
-12
-5
-1
6
8
2
-6
-13
-10
1
11
10
4
-2
-4
-1
0
-2
-5
-5
1
2
6
3
-7
-18
-21
-14
-1
17
27
25
10
-11
-30
-35
-20
6
23
27
13
-7
-17
-16
-11
-2
4
9
11
7
-1
-7
-3
-2
0
-7
-21
-17
-3
13
24
19
11
-3
-22
-28
-13
10
24
22
12
9
14
14
3
-12
-8
9
24
25
7
-12
-28
-33
-24
-5
18
30
26
6
-10
-15
-15
-13
-8
3
11
12
-3
-18
-15
0
12
7
-9
-23
-23
-10
2
7
4
-7
-14
-19
-6
16
28
28
13
-4
-14
-14
-12
-12
-10
-5
2
4
3
0
-1
1
-1
2
11
20
24
19
4
-10
-14
-4
12
29
33
24
5
-12
-20
-17
-2
14
25
32
25
10
-4
-12
-12
-1
8
13
13
6
-2
-13
-20
-22
-22
-21
-15
-11
-1
4
-3
-13
-25
-29
-24
-16
-4
2
4
-1
-9
-16
-20
-15
-3
6
15
16
8
-5
-16
-15
2
18
24
13
-4
-14
-15
-2
11
18
17
8
-1
-5
-4
-1
6
14
18
19
13
2
0
-5
-5
1
5
9
7
4
0
-8
-10
-13
-16
-8
-1
9
14
9
0
-16
-23
-14
5
21
24
17
0
-12
-18
-17
-8
-5
-1
4
8
17
16
4
-12
-21
-16
-4
5
6
-2
-9
-10
-1
13
26
31
23
4
-15
-21
-12
5
21
22
8
-15
-28
-26
-10
4
1
-10
-26
-36
-24
0
25
37
25
1
-19
-28
-25
-9
11
23
23
10
0
-5
-5
1
6
9
11
16
17
18
23
24
23
12
-2
-12
-11
-3
5
8
5
-1
-7
-12
-18
-23
-17
-9
-3
0
0
-8
-20
-29
-31
-25
-14
-6
-5
-11
-23
-28
-22
-9
5
7
3
-6
-9
3
22
30
24
5
-14
-18
-2
22
39
39
31
19
9
9
18
22
18
11
5
5
10
15
18
11
2
1
9
24
32
22
3
-14
-16
0
22
38
29
5
-21
-39
-34
-18
-4
1
-6
-19
-29
-33
-35
-38
-40
-38
-36
-27
-21
-15
-13
-13
-12
-14
-27
-42
-48
-45
-23
11
38
38
11
-23
-43
-32
7
54
81
74
37
-4
-18
1
37
66
65
41
16
5
16
33
43
35
15
-8
-20
-9
9
20
16
2
-16
-27
-24
-19
-6
-2
-16
-34
-48
-46
-25
2
20
20
3
-14
-22
-10
13
28
20
-2
-27
-32
-9
24
39
21
-14
-40
-37
-11
13
18
-1
-16
-13
9
32
35
12
-24
-50
-44
-7
36
66
70
46
13
-14
-22
-9
8
17
9
-6
-7
10
37
49
37
1
-40
-55
-44
-21
-8
-12
-18
-12
3
22
21
-12
-55
-84
-75
-32
15
33
10
-34
-62
-57
-19
19
28
10
-17
-33
-20
7
32
39
26
9
2
2
11
15
17
24
32
36
33
29
21
15
8
2
-1
-3
3
15
24
26
18
1
-19
-28
-25
-7
6
14
12
2
-6
-10
-10
-8
-7
-4
1
9
12
3
-9
-21
-24
-19
-3
12
17
9
-3
-10
-11
-8
-4
-1
0
-4
-9
-6
-1
7
9
0
-13
-16
-10
0
6
8
9
5
1
-7
-17
-19
-14
7
25
31
21
-3
-25
-29
-15
7
21
23
14
2
-2
3
13
18
19
9
-1
-7
-8
-2
7
12
11
5
-1
-6
-9
-6
-3
-2
-4
-9
-17
-17
-9
-3
9
7
-2
-6
-2
10
21
23
13
-5
-28
-44
-43
-27
-1
26
36
27
10
-2
-6
-1
9
10
4
-9
-17
-16
-14
-10
-11
-9
1
17
33
41
24
-4
-27
-34
-27
-7
8
11
6
3
11
22
23
13
-7
-18
-13
1
15
14
0
-14
-10
5
22
28
7
-25
-53
-54
-23
22
56
49
10
-38
-69
-59
-21
24
58
68
50
17
-23
-51
-63
-50
-21
2
19
23
18
18
27
34
27
-1
-40
-64
-56
-5
60
93
79
24
-40
-81
-72
-27
23
52
54
29
-10
-41
-50
-36
-11
13
29
28
16
-1
-13
-12
0
10
12
3
-16
-23
-12
13
30
27
5
-23
-36
-24
4
36
54
38
-1
-47
-66
-51
-9
34
48
29
-8
-35
-31
-6
16
16
-3
-27
-29
-5
27
43
32
7
-17
-27
-18
-7
1
5
11
13
12
9
3
-5
-4
4
9
13
9
2
-2
2
1
-3
-12
-18
-14
-2
11
17
13
-5
-20
-22
-9
8
17
10
-7
-25
-31
-18
3
23
26
13
3
-8
-9
-1
4
2
-5
-10
-14
-1
22
36
34
15
-12
-28
-24
-5
24
37
33
12
-16
-31
-34
-23
-4
12
22
24
13
-4
-25
-38
-32
-16
8
21
21
6
-12
-21
-21
-18
-16
-14
-12
-9
-7
-5
-1
-4
-10
-21
-25
-19
-3
17
27
25
16
10
5
1
1
6
21
40
51
55
39
16
-1
-3
5
19
26
23
10
-4
-5
5
19
23
13
-2
-13
-12
-6
-4
-6
-9
-9
-9
-11
-7
-11
-17
-22
-25
-21
-13
-11
-12
-22
-39
-46
-44
-33
-20
-9
-7
-16
-23
-21
-11
-3
-4
-13
-17
-17
-5
20
43
52
42
17
-3
-6
11
38
49
41
20
5
6
18
31
35
28
17
15
22
33
40
35
11
-17
-42
-50
-42
-24
-2
17
28
27
12
-9
-26
-38
-44
-38
-34
-36
