SAMPLES:	14222
BITSPERSAMPLE:	16
CHANNELS:	1
SAMPLERATE:	16000
NORMALIZED:	FALSE
11
-5
-7
7
6
-12
-14
-11
-14
-22
-26
-19
-14
-21
-23
-15
-11
0
-4
-6
-1
-9
-6
2
11
7
-6
-6
-1
8
10
0
5
12
18
9
-4
-6
-7
-4
-1
5
2
12
14
9
15
14
8
6
5
-2
-11
-7
-1
-2
8
8
1
5
7
-2
-1
-2
11
9
-3
-3
-11
-5
-1
-11
-18
-19
-12
-6
-16
-11
-4
-8
-3
-4
-5
2
4
0
11
20
13
8
-2
-11
-9
-1
-4
-4
3
6
9
8
2
-1
15
10
9
4
-5
-3
-3
6
5
6
5
3
6
1
3
8
6
8
6
10
15
0
4
0
-5
0
-11
4
-4
-13
-2
4
10
4
7
15
10
-3
-2
1
3
-3
-7
-2
-10
-14
-15
-9
-11
-17
-19
-19
-21
-12
-1
-9
-6
3
11
10
-9
-10
-3
-1
-2
-19
-25
-15
-13
-19
-25
-23
-13
-7
-4
0
4
1
-2
1
13
13
5
5
4
7
13
20
20
19
23
25
31
36
38
39
28
23
20
21
24
16
5
10
18
14
6
4
9
8
2
5
-6
-13
0
-8
5
10
-2
0
-14
-14
-9
-19
-17
-26
-26
-8
-10
-8
-14
-29
-26
-37
-45
-31
-25
-24
-33
-33
-28
-20
-10
-1
-1
3
1
-10
-10
-9
-6
-5
1
-1
-4
-4
1
-3
-1
13
11
15
18
17
26
17
17
18
23
26
2
-5
-2
2
14
19
18
20
20
23
19
18
21
19
19
15
9
5
-5
-4
5
10
12
0
4
18
18
14
7
5
4
-5
-11
-1
6
6
-3
-16
-14
-5
5
-2
-14
-20
-22
-28
-35
-29
-14
-8
-4
-9
-12
-9
-18
-26
-18
-21
-12
-16
-22
-20
-26
-27
-30
-19
-7
-9
-6
2
-3
-11
-16
-2
5
12
10
12
23
11
10
19
27
33
37
34
22
23
24
9
13
15
16
17
3
5
21
25
28
26
15
6
-11
-7
-1
-8
-8
-1
4
-1
-10
-10
1
1
-5
-3
-8
-3
-19
-32
-29
-25
-11
-13
-18
-13
-2
-9
-21
-12
-5
3
8
-1
0
4
1
-4
-13
-1
10
8
8
-3
-6
-13
-26
-14
7
21
21
6
-1
2
-7
-6
-2
9
25
7
-2
-2
-3
1
1
5
13
13
11
13
12
12
9
6
7
0
1
11
7
12
14
14
9
1
8
3
1
-2
-9
4
5
0
6
-2
1
-3
-17
-12
-7
-5
-2
-2
-11
-25
-24
-18
-28
-29
-19
-20
-16
-17
-23
-19
-24
-22
-6
-5
6
6
-1
1
-9
-8
-7
1
7
2
3
2
-5
2
12
9
15
2
5
17
20
20
14
12
20
27
30
22
20
18
13
16
20
24
25
25
21
24
21
20
15
8
11
7
3
-1
-20
-26
-19
-24
-27
-19
1
5
1
-5
-10
-9
-12
-17
-13
-1
-15
-25
-23
-25
-25
-27
-29
-20
-17
-28
-14
-6
-18
-28
-29
-26
-21
-19
-16
-6
5
7
4
0
-2
6
9
6
5
2
1
6
5
17
28
21
31
23
22
29
10
12
16
22
34
30
23
14
10
15
9
6
20
26
27
33
25
9
10
6
7
11
15
14
9
-2
-13
-14
-12
-14
-16
-13
-5
-13
-16
-16
-15
-15
-27
-21
-18
-27
-35
-33
-17
-15
-21
-24
-23
-24
-27
-22
-22
-14
-6
-2
-3
-4
-3
0
-1
-7
3
-2
-9
-5
5
15
16
8
3
4
9
14
13
11
6
7
3
7
17
23
22
13
6
1
2
8
11
25
24
19
25
9
3
3
-3
9
3
11
15
9
17
6
8
9
-1
-1
-3
-12
-7
-7
6
3
-6
11
2
-10
-11
-12
-6
-7
-8
-6
-14
-7
-1
-16
-13
-13
-12
-8
-6
2
1
4
4
-3
-8
-15
-21
-19
-22
-23
-8
-8
-12
-2
4
-1
-14
-15
-12
-11
-5
1
2
0
2
6
9
8
8
10
6
12
12
17
23
17
19
10
2
13
16
16
17
14
9
2
3
3
7
12
8
6
11
-3
-6
-6
-3
6
0
-2
-5
-9
-7
-11
-6
-1
-7
-12
-11
-7
-8
-13
-14
-11
-14
-15
-20
-12
1
-4
-3
-4
1
8
-1
3
4
-6
-4
-6
-2
5
-4
-5
-5
0
14
13
7
5
4
-1
-1
3
9
14
7
15
25
14
1
-1
6
5
11
9
-3
-11
-11
-5
-4
-8
-10
4
16
13
12
6
8
6
-15
-15
-8
-1
1
-12
-16
-6
-7
-5
-3
1
0
2
1
-7
-3
-9
-9
2
1
-4
0
-5
-9
-7
-1
12
22
23
12
0
-11
-15
-11
3
13
9
3
-8
-11
-2
9
8
7
7
-4
-6
-18
-23
-14
-19
-11
-5
3
10
10
9
-4
-14
-19
-16
-13
-1
10
8
0
-6
9
14
1
4
14
27
24
16
25
21
9
5
-1
8
14
7
14
10
9
12
5
3
-2
2
3
-11
0
3
-1
2
-9
-14
-14
-11
-3
-6
-5
-5
-12
-8
-13
-14
-15
-35
-25
-9
-3
0
-5
-5
-2
-8
-4
-11
-15
-9
-14
-7
-1
-1
7
1
-2
8
7
9
11
4
7
8
15
16
-1
-4
-1
5
7
4
9
12
13
16
8
10
13
7
9
11
12
8
-4
-2
0
-4
-1
-1
5
11
4
-1
-5
-12
-8
-6
-9
-6
-5
1
1
-4
2
-5
-5
-2
-8
-7
-10
-4
-2
-17
-15
-10
-3
-3
-8
0
2
-2
-5
-2
3
4
-4
1
8
7
0
-4
2
6
14
16
4
-9
-11
-13
-15
-2
6
11
13
12
15
8
0
-3
-13
-12
-6
0
5
4
6
9
9
1
-7
5
1
-1
4
2
8
9
13
13
7
7
5
-2
-5
-8
-3
-1
-3
-6
-7
-9
-10
-5
-10
-11
-4
6
12
5
1
1
1
0
-3
-12
-19
-14
-11
-4
5
5
4
9
4
-6
-16
-11
-1
5
10
8
11
4
-1
4
6
11
3
-3
-9
-9
-4
1
7
7
9
10
4
-2
1
-1
3
0
-3
2
-2
-1
-1
-7
0
8
10
7
2
11
13
10
9
4
5
2
3
2
2
-8
-25
-16
-12
-20
-17
-14
-4
-2
-6
-6
-6
-6
-2
-5
0
7
4
3
2
3
9
3
-7
-10
-12
-13
-12
-1
7
0
1
3
2
6
3
5
20
19
11
-2
-6
-2
-5
-9
-6
3
4
11
9
16
19
17
20
10
6
-1
-1
4
-7
-4
-5
-10
-10
-9
6
13
4
6
10
8
9
-2
-5
1
0
10
4
-2
0
0
9
8
-5
-11
-10
-12
-15
-18
-8
-5
-5
-6
-9
-5
-6
-5
-5
-4
-4
-8
-25
-27
-22
-18
-6
-13
-12
-5
-13
-5
-9
-4
4
-1
6
11
10
10
5
4
4
-3
2
4
9
16
20
26
20
13
14
10
11
17
12
15
15
15
10
-4
4
11
10
8
-2
1
12
8
9
17
22
23
16
13
5
-4
-7
-13
-18
-17
-26
-23
-16
-19
-23
-18
-8
-13
-16
-21
-19
-13
-15
-12
-12
-7
-8
-15
-14
-14
-2
5
-4
-4
1
7
-1
-11
-6
0
11
13
15
11
4
5
-3
1
10
18
14
7
8
-3
2
-9
-10
7
16
14
6
8
4
-1
0
-7
-9
-9
-15
-14
-11
-2
-2
-3
8
8
10
12
12
12
7
0
-4
-2
-1
7
11
20
28
15
7
6
11
16
13
17
13
7
1
-6
-5
-11
-14
-15
-13
0
0
-1
4
0
-8
-22
-35
-23
-18
-22
-10
-11
-9
-4
-12
-12
-9
-6
-5
-6
4
4
0
4
0
3
-6
-13
8
13
0
3
0
-5
-17
-18
-9
-10
10
12
3
9
4
6
9
1
7
12
17
18
13
5
-1
4
10
12
13
27
29
31
26
13
15
10
2
4
3
1
-3
-10
-6
-11
-10
-2
-12
-7
-10
-12
-5
-9
-6
-22
-25
-15
-11
-10
-13
-18
-17
-8
-11
-10
-7
-9
-4
-11
-15
-4
-7
4
7
5
13
13
4
-5
1
0
-9
-6
-1
6
16
10
0
-2
8
16
12
9
10
8
2
-2
-1
6
8
10
5
1
-4
-8
-6
-5
8
14
12
1
-3
-3
1
14
7
9
8
6
10
5
-3
-7
5
9
1
-4
-5
-2
7
6
0
0
3
0
-1
0
3
4
-4
-8
-6
-2
-5
-15
-18
-8
-9
-10
-9
-12
-8
-2
-13
-14
-4
-7
-9
-14
-13
-6
-4
-6
-2
6
18
8
-7
-2
1
2
-2
-3
2
9
2
3
16
14
12
5
2
3
1
7
7
4
5
6
11
13
13
8
1
2
-2
-9
-1
2
-6
-10
-5
5
9
6
-6
-8
0
-1
-1
-8
-10
-9
-5
-9
-15
-6
3
6
-2
2
16
13
2
-10
2
-2
-21
-20
-19
-2
5
1
3
6
4
-1
-2
-3
3
4
-3
0
0
0
5
10
11
7
4
6
12
19
15
18
16
10
9
-6
-12
-9
-6
4
13
9
8
6
-1
-3
-9
-4
-4
-1
-7
-10
-7
-9
-6
-4
-2
3
6
1
-4
-4
-11
-11
-10
-13
-6
-8
-5
-5
-5
4
11
14
-4
-14
-4
-4
-6
-12
-18
-13
-15
-23
-14
-2
4
6
1
0
-1
-14
-13
-15
-10
-5
-5
7
4
2
10
11
17
19
19
22
21
19
7
-1
10
13
12
22
24
28
27
13
12
8
4
5
6
7
10
13
11
10
8
0
-13
-6
-5
-10
-1
-1
3
-2
-1
3
-3
1
-1
-9
-12
-20
-24
-32
-40
-27
-27
-21
-17
-23
-8
-2
0
0
-1
1
-9
-21
-27
-27
-17
-5
6
9
3
8
5
2
10
9
14
18
7
4
-1
-3
2
-7
-3
3
-1
-3
2
8
6
3
6
9
14
20
20
20
19
22
20
13
11
7
4
3
-2
2
3
-2
5
6
9
-2
-6
14
11
11
11
1
6
2
-10
-4
-3
-3
-2
-16
-16
-15
-6
-2
1
9
0
-2
-2
-8
-8
-8
-12
-16
-14
-12
-9
-8
-14
-17
-13
-5
-9
-20
-18
-14
-11
-14
-19
-17
-11
-7
-9
-8
2
7
13
12
9
18
17
9
2
-4
0
1
5
0
-2
8
9
11
18
21
23
22
13
10
4
-1
-2
3
7
10
8
15
27
19
16
20
18
5
-5
-9
-8
-11
-9
3
12
15
13
10
8
4
-1
0
-2
-12
-9
-14
-10
-8
-21
-19
-12
-11
-12
-16
-7
-4
-8
-13
-21
-27
-25
-30
-32
-25
-22
-11
-5
-4
-5
-10
-5
0
7
17
14
11
7
-1
3
6
10
19
12
7
-2
1
14
9
18
29
28
30
19
3
5
4
9
9
7
21
14
3
2
8
10
-4
-7
-1
-6
-5
-12
-14
-9
-10
-8
-6
-2
-2
-7
-6
2
-2
-9
-1
-1
-7
-16
-22
-8
-7
-2
4
5
15
9
5
-9
-14
-1
-7
-9
-11
-16
-7
-12
-26
-11
-1
-2
2
11
25
14
6
11
8
9
2
-1
11
15
6
1
2
2
6
10
12
17
27
24
18
13
12
5
-5
-11
-16
-12
-21
-14
-12
-7
-6
-14
-10
-9
0
0
1
0
-1
1
7
5
2
-4
-18
-14
-13
-12
0
6
5
-1
-5
-2
4
5
6
3
1
-6
-7
-7
-10
-6
-3
6
11
2
-3
-11
-7
-4
-10
-7
-1
-3
-8
-5
-1
-3
-6
-4
7
16
14
13
14
16
8
0
-2
8
17
19
12
9
14
-7
-10
-6
-2
8
11
16
21
25
14
11
19
15
7
4
3
9
1
5
8
-4
-8
-26
-31
-22
-21
-22
-17
-10
-5
-13
-24
-23
-17
-18
-19
-12
-8
-7
-14
-20
-16
-10
-4
-3
-4
-3
2
-3
-4
2
1
0
-8
-12
-9
-13
-8
4
15
23
18
19
25
29
31
23
22
23
16
13
13
13
5
7
9
13
18
10
7
3
2
7
9
10
4
-12
-5
-9
-13
1
-3
8
10
3
4
-11
-9
-14
-13
-6
-9
-1
-11
-15
-4
-3
-2
2
-5
-4
-2
-11
-2
-7
-6
-1
-9
-5
-9
-14
-15
-13
-2
8
3
-6
-5
-8
-7
-17
-23
-10
-3
-6
-10
-17
-13
-9
-5
-3
-5
3
10
9
2
-3
-1
-1
3
0
-2
10
11
-1
5
15
15
10
-1
-3
4
11
14
16
27
31
29
36
35
33
23
6
9
22
19
22
23
16
13
4
2
5
17
15
2
-7
-6
-12
-26
-22
-14
-9
-16
-26
-32
-30
-31
-30
-30
-28
-19
-14
-28
-36
-31
-22
-20
-18
-9
7
4
-12
-14
-19
-13
-14
-12
1
4
2
-5
-7
-10
-4
4
9
18
12
14
23
20
18
15
23
32
33
21
17
19
14
18
20
25
29
23
12
13
12
1
7
7
5
-1
-11
-14
-9
9
7
9
8
-4
1
-8
-1
1
3
5
2
3
-1
3
-11
-20
-19
-23
-18
-21
-24
-18
-8
-8
-18
-18
-4
-3
-11
-8
-5
-8
-17
-26
-29
-30
-20
-7
2
9
9
13
3
-4
-4
-3
-1
-6
-4
-1
0
-3
0
5
5
6
5
6
4
2
2
1
4
7
13
16
22
26
22
28
25
22
19
12
8
14
19
11
7
7
13
19
15
11
16
16
6
7
12
9
7
0
-5
-9
-18
-16
-17
-20
-15
-19
-22
-20
-23
-25
-24
-17
-13
-20
-22
-28
-26
-18
-8
2
2
2
-2
-7
-2
-3
-6
-11
-13
-11
-5
-4
-2
4
12
16
10
8
6
12
20
19
17
19
9
9
16
14
17
16
19
11
3
1
0
-4
0
1
-4
-4
-13
-9
-4
-1
4
2
3
-1
1
13
12
5
7
4
-3
-10
-13
-5
-6
-8
-9
-15
-11
-11
-16
-19
-16
-14
-17
-18
-17
-9
-8
1
10
11
9
6
4
5
2
-3
-3
-1
-2
2
9
5
6
7
5
8
8
12
17
13
8
16
18
18
16
12
16
16
19
12
6
-2
0
3
-1
0
-6
1
4
4
2
5
12
6
-6
-11
-11
-13
-11
-14
-12
-11
-10
-15
-17
-20
-19
-12
-17
-14
-17
-15
-8
-6
-5
-6
-12
-13
-10
-8
-10
-4
0
3
2
-13
-11
-3
0
-1
-2
5
15
15
10
11
16
20
13
12
21
13
5
0
-2
8
9
12
14
11
9
3
-4
-8
-4
1
0
4
12
9
3
8
21
26
20
6
-9
-13
-6
-6
-2
12
11
8
8
3
-7
-3
-6
-18
-4
-4
-5
-4
-18
-8
-4
-11
-3
2
5
11
1
3
0
-5
-1
-13
-15
-19
-25
-17
-18
-18
-15
-11
-5
-7
-6
-5
-9
-18
-17
-14
-6
0
3
1
-14
-11
-4
-6
-2
-4
4
15
4
5
8
16
23
16
18
23
26
20
23
33
41
31
16
7
4
19
9
14
23
3
1
1
6
15
3
2
8
5
-2
-15
-10
1
2
1
4
1
-6
-18
-22
-13
-11
-9
-15
-25
-25
-22
-26
-28
-26
-12
-4
-7
-5
-8
-18
-21
-24
-25
-17
-8
-10
-8
-5
-8
1
8
7
12
16
14
9
7
6
12
13
14
12
4
4
0
3
7
9
18
12
8
4
1
8
14
17
16
16
8
4
3
8
12
5
7
5
-5
-11
-18
-17
-6
-4
-4
3
13
7
-7
-14
-15
-2
-5
-7
0
7
3
4
17
24
25
15
6
3
7
4
1
0
-5
-8
-16
-18
-18
-17
-14
-9
-13
-8
-1
0
7
-4
-13
-15
-14
-9
-11
-14
0
-1
-7
-13
-16
-3
-2
-4
-9
-14
-21
-26
-22
-20
-6
21
27
31
25
24
27
12
16
12
18
20
9
9
-2
-6
-2
-2
11
21
23
17
11
12
11
11
15
11
8
-2
-7
-3
3
8
1
1
-1
-3
0
-13
-19
-9
-3
-8
-8
-8
-9
-18
-29
-24
-27
-26
-24
-27
-22
-28
-20
-13
-10
2
-2
3
7
-2
-2
12
20
17
11
6
6
1
-6
-6
3
7
11
22
40
40
27
24
18
12
4
0
5
4
6
-1
0
4
0
3
8
1
-6
-5
-15
-8
-4
-8
-2
-6
-10
-7
-1
-5
-7
-13
-9
-2
-5
-20
-14
-2
-5
-11
-18
-2
4
-1
-4
0
21
32
13
3
8
13
14
2
4
12
6
-6
-14
-8
-6
-16
-14
-12
-7
-3
-15
-10
-8
-5
-10
-22
-14
-7
-1
6
-1
-5
-3
-3
1
2
3
3
-2
5
14
18
28
22
26
23
10
16
7
1
7
10
17
15
-2
-5
-2
3
9
9
9
3
-2
-2
-2
-8
-6
-2
1
-2
-8
-15
-14
-14
-18
-6
-2
-4
-6
-13
-3
-6
-14
-8
-9
-11
-8
-16
-18
-1
5
2
-8
-12
-1
1
3
6
-4
-4
-1
0
5
7
4
5
6
7
4
12
10
6
10
2
6
11
8
13
19
25
23
16
15
8
5
-8
-5
6
-1
1
1
4
5
4
3
3
-6
-8
-14
-18
-14
-21
-15
-19
-19
-15
-17
-23
-26
-23
-15
-14
-14
-11
-14
-6
-10
-7
3
7
11
3
-6
-1
6
9
9
10
16
17
14
7
3
-4
-6
-3
-3
9
11
11
11
10
6
10
12
6
16
24
25
21
10
10
3
-2
-3
-5
1
2
1
5
11
19
26
21
23
27
16
10
4
-3
0
-5
-8
-8
-9
-8
-16
-21
-15
-10
-4
-4
-6
1
-12
-21
-33
-38
-24
-25
-31
-34
-28
-19
-20
-25
-21
-8
-4
-8
-7
-6
-17
-20
-16
-21
-4
-10
-17
-11
-10
1
-5
-1
10
13
21
19
27
36
30
21
9
22
26
20
20
19
20
23
20
18
27
28
21
12
20
25
28
30
29
26
18
10
3
6
3
5
14
8
5
-1
-2
2
-7
-22
-21
-21
-20
-14
-11
-15
-21
-16
-8
1
-10
-16
-8
-14
-24
-40
-44
-40
-45
-42
-44
-36
-32
-35
-22
-16
-3
7
8
6
9
3
-7
-7
-1
5
7
10
12
8
6
9
6
4
14
21
23
20
16
14
12
14
16
22
39
31
14
13
15
21
19
15
14
18
20
7
-2
0
8
17
23
12
12
17
13
1
-11
-5
4
-2
-13
-14
-4
-6
-20
-28
-15
-5
-3
-12
-18
-8
-15
-20
-25
-19
-13
-20
-25
-30
-25
-22
-23
-19
-11
-4
-2
-15
-25
-19
-19
-18
-8
8
17
13
6
-2
-6
-7
-1
1
-2
-8
-4
2
7
11
15
20
23
28
30
24
16
13
15
20
21
25
21
17
18
21
23
17
26
28
16
9
-5
3
7
-2
1
6
8
-8
-14
-3
11
25
12
0
-9
-20
-30
-33
-18
-14
-14
-9
-14
-15
-19
-21
-13
-20
-21
-28
-28
-23
-24
-12
-5
-1
9
8
-12
-14
-16
-11
-8
-5
9
6
5
0
-8
-5
-2
-2
-2
8
16
8
5
-5
-8
4
2
3
6
2
9
13
15
14
7
16
21
7
5
1
-2
11
11
15
19
23
29
29
26
21
15
15
5
-2
1
1
3
0
2
19
11
-5
-14
-16
-7
-9
-13
-8
-1
0
-15
-30
-31
-23
-26
-32
-29
-20
-11
-19
-31
-32
-21
-12
-5
0
6
12
10
7
3
8
7
1
-2
7
12
2
-3
-8
0
7
10
23
27
18
20
21
19
15
2
6
11
14
17
5
2
-1
-10
-6
-2
3
8
3
-6
-8
-4
-13
-18
-7
-2
-10
-17
-16
-12
-6
-5
-3
-4
1
-1
-7
-6
-14
-10
-7
-11
-4
7
3
6
5
10
17
9
11
13
5
-2
-16
-15
-8
-2
4
2
2
5
3
4
6
11
11
9
11
3
1
-3
-2
6
5
8
7
3
3
0
11
20
14
9
-7
-1
5
5
5
1
12
15
9
-1
-11
-15
-19
-15
-13
-12
-10
-7
-11
-10
-6
-2
1
-8
-10
4
7
-5
-11
-13
-14
-12
-7
-6
2
-1
-12
-16
-16
-7
-4
-9
-11
-10
-12
-11
-7
-5
2
4
-4
-7
-5
-2
0
-2
4
4
9
9
8
20
24
19
9
9
12
15
19
24
27
25
17
12
14
21
16
4
1
12
17
16
18
10
14
7
-4
8
12
16
12
1
11
7
-4
-13
-24
-15
-13
-15
-12
-22
-21
-26
-21
-10
-6
1
-4
-13
-12
-13
-29
-22
-21
-24
-20
-29
-20
-17
-25
-12
-8
3
10
-1
8
-1
-15
-22
-30
-12
1
4
14
16
19
15
4
2
2
-1
9
6
7
14
8
9
6
10
9
-1
-10
-8
-3
3
10
18
23
23
29
21
21
15
7
19
9
6
23
20
12
7
0
2
-6
-9
2
12
19
7
15
21
17
20
11
1
7
7
-2
-2
-7
3
5
-9
-18
-18
-24
-27
-32
-29
-24
-18
-17
-30
-26
-26
-22
-15
-16
-4
1
2
-3
-8
-8
-17
-29
-27
-15
-8
-12
-16
-10
-10
-4
-3
-3
5
5
7
10
11
21
13
6
8
5
10
5
4
13
5
13
21
18
20
25
21
15
23
19
26
21
12
12
-1
12
13
12
-4
9
11
20
3
-22
0
-17
14
-25
7
3
-8
11
-13
15
-12
1
9
3
-5
-38
-22
-44
-30
-31
-12
-5
-13
5
-14
2
-14
2
-6
-6
-16
-21
0
-12
-3
1
13
12
2
12
16
14
15
8
-6
-1
-8
-7
-6
-12
-11
-13
5
-2
-2
4
2
9
9
23
22
20
25
27
20
14
1
5
7
-3
3
-4
-8
-8
1
-4
1
-13
-3
15
11
13
-9
-2
-29
-8
2
-5
11
5
9
-3
-10
-13
-6
-10
-12
-3
-1
3
8
-9
-30
-31
-24
-16
-10
33
21
4
-20
-43
-9
5
-1
6
7
-3
-4
19
-3
-24
-26
-13
2
28
39
17
-1
-16
15
-1
-8
-4
6
70
50
21
-29
-42
-5
22
21
24
70
46
38
-31
-22
-20
-69
1
61
199
41
-57
-122
-145
-59
40
83
-116
287
311
-68
-421
-472
-49
268
396
56
26
-6
-210
-238
-589
-458
155
668
335
-29
-77
-265
-88
49
3
6
222
319
375
140
-626
-777
-33
501
479
295
-182
-420
-152
245
458
165
-251
-393
-160
201
73
-323
-381
14
-15
-167
135
437
79
-216
-227
128
1462
1793
937
-654
-981
-475
-271
183
-571
-629
-529
-310
-188
-1710
-2267
-2111
914
2710
2481
1505
355
324
-28
774
844
300
-1145
-1612
-867
153
526
395
278
-255
-362
-819
-745
-854
-167
894
1355
1055
-473
-963
-1096
-8
908
1304
909
-357
-628
-741
-71
306
588
740
213
37
-382
-321
-689
-807
-379
-395
-603
-852
-139
160
-61
-306
-141
181
371
909
1147
1009
340
532
692
84
-916
-1118
-627
-655
91
781
966
278
134
650
324
-736
-1786
-1180
466
1743
1803
330
-1603
-2176
-484
1494
1608
349
-283
-373
-334
-577
-376
-142
4
394
297
-147
-1260
-1365
-194
1326
1913
533
-1386
-2473
-1291
962
1996
1592
101
-844
-1077
-880
-470
-332
248
510
562
-187
-1171
-1198
-475
1163
1888
1765
628
-684
-753
296
1944
2177
1602
810
-38
-431
-713
-49
563
1291
1466
583
-763
-2243
-2238
-1499
-387
-84
-418
-1040
-1726
-1443
-365
617
334
-479
-1182
-1457
-1473
-1109
-254
248
68
-297
-310
-451
-1140
-1273
-555
477
495
-558
-1735
-2436
-1726
704
3922
6307
7335
7457
6366
4939
3867
3785
3868
3271
2037
574
-1258
-4558
-7377
-8749
-7486
-4652
-1434
615
974
725
344
899
713
-143
-1590
-2951
-3681
-3624
-2308
-969
-197
-563
-1363
-2613
-4065
-4449
-3646
-2267
-1725
-2051
-2604
-2714
-3066
-3829
-3799
-2609
3824
15500
22187
17195
7766
3785
5139
8083
8156
5335
4312
5165
4520
-2166
-14184
-23542
-18861
-4008
7169
8923
3450
-3286
-5935
-585
7584
10771
4665
-3884
-5706
-2191
634
788
1694
3302
3260
-418
-6661
-13192
-15749
-10162
-1133
2255
-1516
-8714
-13888
-12820
-6163
1515
5553
4511
110
-1367
-70
1619
4329
7649
9168
7325
4230
1545
616
1215
2927
4881
3522
-1160
-1915
3352
8045
7877
5866
5229
5089
5048
3971
3213
3359
4392
5176
1311
-7349
-14658
-12232
-3496
3783
5795
2992
-1748
-5227
-3045
2771
5424
1175
-4710
-6142
-4276
-2318
-1108
-310
-351
-1677
-3743
-7252
-11283
-12385
-8322
-2266
486
-1356
-6334
-10310
-9628
-3950
3336
6627
4640
64
-2170
-2258
-642
1917
3193
2689
2019
2550
4003
10696
19476
22765
18254
11243
5224
1191
895
1900
4308
5946
3637
-3238
-12811
-20209
-19471
-7482
4488
9016
6605
1245
-3446
-3879
1423
7024
7565
1448
-4045
-4692
-2325
116
2202
3179
1810
-1289
-5767
-10897
-15049
-13482
-6685
-1773
-3331
-8478
-12522
-12642
-7555
-705
4227
4859
2038
461
1600
3034
3590
5645
7178
6352
4415
1668
-717
-1459
981
4713
9711
14963
16921
13073
5845
1998
2239
4704
6195
6516
6576
5899
2752
-4445
-12760
-17508
-13375
-2874
4720
4882
439
-4029
-6510
-4670
436
4081
2506
-2689
-6158
-5939
-4237
-2449
-163
1882
1994
-1862
-8414
-14726
-15623
-9961
-1995
1493
-1588
-6115
-9047
-8497
-5262
-799
3110
4830
5049
3047
1352
405
2247
5484
6122
4412
1065
-253
-212
2440
5157
7216
7445
6736
12012
18217
18148
11338
8350
9259
9690
8456
4119
1103
-144
45
-3797
-13415
-23868
-25339
-12815
206
5162
2018
-2575
-5653
-3950
2680
7499
5601
-2102
-6190
-4231
-474
419
213
113
-997
-3817
-8093
-12663
-15919
-12929
-4588
1224
-1002
-7689
-12624
-12234
-5416
3401
9114
8642
3697
-339
176
3206
4978
6344
6460
4555
1871
735
1573
2626
4538
7099
11884
16443
17450
13229
7543
5883
8557
12632
12333
6818
489
-2380
-3018
-6919
-14244
-20650
-19456
-11550
-2768
1925
967
-3226
-6811
-5148
-330
2501
724
-2457
-2674
-668
1306
1612
1026
-211
-1761
-3202
-6136
-10299
-12935
-10435
-5547
-3530
-5283
-8224
-8942
-6710
-1507
3670
5860
4449
2824
2978
2447
916
341
2313
4277
4817
4182
3788
4056
6284
14784
26178
29243
19994
8936
4942
6017
8287
7823
3808
-565
-2119
-3933
-11767
-23702
-29457
-20163
-3078
7571
7665
1966
-4320
-6482
-1273
5878
5740
-2247
-9224
-7946
-1981
1402
965
-1222
-3074
-4086
-4473
-7297
-12091
-13614
-9134
-3016
-1563
-4298
-8402
-10661
-8489
-1370
6350
9352
7067
3039
1627
2036
2974
4568
6127
4714
1108
-583
-327
40
399
4331
8375
11360
18606
26949
25210
13037
6275
8367
13774
15496
11545
5732
196
-4365
-11757
-21329
-30949
-30348
-14961
1401
6683
1117
-5103
-9044
-7192
861
8521
9066
-172
-7408
-6799
-851
2378
1706
174
-3689
-5920
-8135
-10540
-13631
-13210
-7014
-1939
-420
-5071
-9659
-10623
-5229
4234
9869
10082
3915
-1003
-2302
142
3537
6067
7508
5433
3427
2370
3397
5294
6285
9947
20672
31667
28670
14510
3704
2529
7535
12417
12353
7618
3002
-1197
-7576
-19391
-30792
-30813
-16387
-1183
3134
-225
-5365
-9014
-8592
-21
9361
8666
-1106
-7661
-5527
-1871
-763
-511
265
96
-2413
-6885
-13408
-18201
-16513
-7608
36
-612
-7216
-13092
-13441
-7424
2499
10525
11482
6304
1219
552
2157
4058
6558
9224
9506
6850
2773
227
85
2322
5768
9956
19433
29661
29900
17360
5965
4120
8107
12867
11850
7044
2757
-101
-6073
-17561
-28864
-31991
-19730
-3253
4878
2892
-3720
-9411
-10108
-1811
8118
9448
-72
-9250
-8530
-2894
798
1660
1288
131
-2220
-6101
-12167
-17342
-16010
-7313
1600
2370
-4404
-11889
-14157
-8177
2333
10875
11702
6061
20
-1463
334
2299
4899
7740
8379
6629
4124
2048
1184
3199
7408
10273
16287
26490
30553
19344
4550
917
5776
11000
10607
5323
685
-1737
-4615
-13918
-25878
-32449
-23097
-4751
6742
6369
-52
-5439
-7548
-1742
7999
11574
3116
-8108
-9701
-3474
1264
1385
-29
-1136
-2950
-5951
-10534
-15046
-15967
-9571
178
3981
-1068
-8789
-11728
-7012
3417
12819
14637
8998
1507
-1786
-1009
476
1963
3764
4936
3451
1339
-463
-982
681
5242
10429
11015
13215
20703
25744
18668
8648
6532
7609
8114
5596
2148
-391
-1505
-4643
-14298
-25576
-32478
-23992
-6728
4540
4757
242
-3137
-5212
-821
7368
10530
3155
-6612
-7372
-2018
1375
1142
97
-1221
-3364
-5710
-9189
-13465
-14379
-8090
865
3007
-2353
-8391
-10281
-6629
1599
9852
12261
7633
690
-2224
-876
1181
3306
5907
6800
4251
1693
1241
2085
2941
4312
6971
7088
8188
14555
21009
17843
9016
5646
5363
5074
3684
2109
1476
629
-2356
-11581
-22557
-30442
-25780
-9588
3937
6856
2189
-2017
-4910
-2832
4283
9352
5329
-4595
-8521
-4695
303
1978
970
-539
-1811
-3709
-7159
-11240
-12015
-7067
1108
4941
847
-6197
-10648
-8540
-963
7360
10265
6032
-1022
-5178
-3822
-256
2596
4772
5474
4552
3502
3955
4826
5506
6323
7613
7566
5771
8059
15808
20451
15000
6695
1786
-126
-52
586
1223
844
-643
-5432
-14448
-24753
-29590
-20063
-2574
9499
9781
3654
-2360
-5105
-439
8018
10546
1521
-9944
-12301
-6708
-942
680
-616
-2030
-3542
-5536
-8092
-9559
-7794
-1569
5632
6670
717
-6786
-9526
-5156
2755
8151
6991
985
-5083
-6334
-3460
-32
2341
4133
5127
5101
5264
6101
7358
8009
8483
8666
8874
10020
12266
12920
10374
6713
3486
1337
-383
-1269
-922
390
310
-4282
-11196
-17883
-19679
-14967
-5340
3379
6197
4278
256
-958
850
4232
4931
551
-6033
-10121
-8534
-4885
-2346
-1488
-1605
-2645
-4946
-6684
-6302
-3660
-158
2015
2330
-46
-3472
-5024
-3196
-7
1319
1072
-703
-2982
-5303
-5095
-2663
448
3017
4081
4634
5120
6230
7384
8523
9437
8908
6846
3827
1439
2926
9726
16673
15809
8110
1718
-550
-25
1127
1779
1601
867
-1476
-8319
-16949
-21828
-17228
-4671
6179
8678
4509
327
-1592
-71
3359
3630
-2324
-10431
-12030
-7035
-1750
-891
-2222
-1845
-188
482
-1249
-4312
-5969
-3664
1987
4868
1373
-5408
-10003
-9472
-5350
-741
766
-1436
-4739
-5484
-2786
737
2843
4379
7061
9610
9894
8331
6741
6276
6953
7730
6231
2507
1259
5636
11532
12006
6726
1205
-638
1259
3804
4168
2031
-127
-1447
-4372
-10844
-17030
-15927
-6664
2843
6060
3480
-1139
-4324
-3768
-248
1294
-2013
-7546
-9530
-6305
-1671
221
-268
-719
202
903
-519
-3860
-5996
-3983
415
2774
-248
-5893
-9652
-8896
-4863
-444
1785
483
-1962
-2825
-696
2186
4402
6014
7473
8340
8069
7310
6647
6853
7297
7060
4666
775
-2702
-1917
4971
12451
13871
8755
4074
2412
2983
3970
3854
3507
2990
2556
-1085
-8682
-16833
-19168
-12406
-3260
2157
1285
-2452
-6453
-7244
-3474
859
777
-3512
-6015
-4535
-1170
945
2234
2436
1827
6
-1985
-4067
-6700
-7530
-5680
-2361
-2177
-4943
-8228
-9783
-8042
-4064
585
2553
1866
416
482
2149
3445
5179
7337
8951
8228
6758
6223
5649
4038
2361
1922
1619
1017
1381
4795
9521
12201
10727
7912
5967
4881
4427
4401
4875
4528
3214
-1306
-9712
-17829
-19635
-12493
-3260
1455
-252
-3684
-5623
-4439
-109
3447
2330
-3030
-6242
-4323
141
2464
1995
572
-254
-1106
-2880
-5911
-8794
-8998
-5385
-556
309
-3634
-8709
-10224
-7040
-887
4505
5778
3093
-204
-813
1326
4159
6264
7502
8205
7635
5782
3680
2368
2332
3024
3932
3174
509
-1927
717
8491
15184
15174
9755
4772
2624
3839
5785
6181
4678
2099
-1950
-9490
-17696
-21990
-17921
-8382
-749
1135
-1158
-3709
-4785
-1868
2973
4625
825
-4259
-5489
-3036
-278
130
-841
-1707
-2364
-4284
-7090
-8998
-8063
-3965
104
901
-2303
-6265
-7932
-6113
-1057
3436
4534
1596
-924
-416
1935
4202
5119
5831
5914
6198
6088
5789
5103
4854
5625
6296
4693
1597
-11
262
3486
9345
14284
12535
6568
2965
3352
5436
5718
4329
2374
669
-1910
-6792
-12327
-16710
-16076
-9898
-2773
110
-913
-1814
-1775
-213
2330
3090
25
-4447
-6071
-4454
-2185
-1771
-3402
-4311
-4225
-4716
-5881
-6198
-5158
-3290
-585
911
-305
-2999
-4604
-4218
-2425
109
1763
1423
-8
-850
-590
41
1490
3536
5515
6304
5878
5604
5580
5822
6241
6942
6446
4352
2951
3465
5463
7050
6917
5217
3403
3384
4244
4553
3176
1503
1121
799
-1600
-7071
-11899
-13010
-9615
-4258
-448
526
-701
-1083
-263
1216
1677
-297
-3830
-6311
-5899
-4706
-4408
-4922
-5446
-4699
-3018
-2111
-3019
-3769
-2449
341
2766
2520
-5
-2715
-3636
-2588
-870
339
-180
-1353
-2177
-2105
-1190
87
1683
2982
4366
5481
6265
6715
7003
7647
8199
8073
6081
2901
-275
-2403
-3005
-1306
3267
7760
8996
6465
3929
2801
3026
4275
5709
6395
4710
1251
-4644
-11146
-15264
-14212
-8333
-2599
377
186
-790
-1930
-2090
-474
-148
-2997
-7445
-8884
-7080
-4687
-2864
-1574
-501
-205
-37
190
-146
-598
48
2125
3151
1103
-2929
-6316
-7358
-6063
-3191
-667
-675
-2667
-3867
-2825
-500
1959
4743
7043
8137
8285
8593
9089
9369
9017
8024
5829
2030
-2159
-4756
-4827
-2872
1419
5853
7449
5410
3372
3693
5591
6947
6719
5837
4675
2449
-2029
-8129
-13325
-14588
-10429
-4023
401
814
-963
-3165
-4365
-3761
-2662
-3120
-5546
-7107
-6283
-3796
-1696
-326
941
2458
3360
2937
1340
-365
-617
1134
2105
7
-3960
-6817
-7947
-7713
-5883
-3891
-2919
-3009
-2098
-524
710
1802
4158
7733
10156
10480
9404
8136
6911
5904
5356
3886
416
-3886
-6688
-6903
-5173
-710
5079
9152
9000
7031
6259
6677
7100
6869
6492
5405
2974
-1553
-7656
-13193
-15239
-11933
-5799
-1545
-1250
-2571
-3336
-2921
-1312
544
225
-3090
-6158
-5881
-2556
753
2515
2771
2245
1538
1316
1218
588
-482
-761
-465
-1260
-3820
-6871
-8406
-8179
-5986
-3324
-1923
-2429
-2928
-1560
956
3535
5464
7068
8192
8546
8212
7356
6137
4614
3124
1676
-433
-2797
-4427
-4493
-3620
-1750
1882
6600
9842
9454
7464
6860
7887
8096
6137
3096
287
-1701
-3957
-8027
-12721
-14749
-11751
-6268
-2191
-1188
-1668
-1428
-481
1127
1908
565
-2830
-4886
-3106
459
2856
2461
1203
1024
2067
2231
201
-2153
-3249
-2565
-1888
-2740
-5472
-8474
-9469
-7927
-4559
-1813
-832
-935
-206
1888
4090
5634
6375
7121
7738
7714
6569
4632
2838
1898
1878
1470
-141
-2727
-4806
-5419
-4516
-2640
-44
3919
8097
10217
9386
7545
6605
6808
7715
7334
4580
532
-2754
-5295
-8385
-11303
-12753
-11198
-7645
-3776
-1172
-43
-169
-441
1100
3416
4022
2221
445
9
749
1810
2027
860
-696
-1407
-1689
-2730
-4730
-6270
-6351
-5503
-5029
-5189
-5933
-6875
-6596
-4062
-673
1439
1706
1502
1521
2415
3661
4411
4231
3649
3836
4315
4495
3348
1840
969
812
667
-29
-1062
-2293
-2469
-766
1865
5063
8171
10157
9186
6574
4390
3557
4214
5084
4998
2883
-518
-4688
-8555
-10522
-10183
-6964
-2457
974
1711
1426
1808
2400
3424
4028
3456
591
-2665
-4261
-3128
-1118
-859
-2421
-4361
-5751
-6528
-6330
-5384
-4095
-2749
-1864
-2370
-3540
-4411
-4079
-2998
-1556
-726
-1074
-2254
-3171
-2617
-903
855
1786
2293
2748
3068
3369
4319
5455
5941
5397
4531
3231
1652
500
336
947
1454
2461
4116
5689
5857
5329
5279
5319
5373
5382
5220
3990
2003
-199
-2996
-6083
-8323
-7036
-2771
1393
3097
2858
1749
-36
-408
964
1744
-530
-3971
-5612
-5081
-3801
-2981
-2859
-3478
-4431
-4709
-4056
-3577
-3829
-3650
-2211
-1172
-1900
-4015
-6194
-7182
-6225
-3926
-2173
-2400
-3746
-4165
-2379
299
2613
4473
5616
6125
6271
7147
7693
7387
6244
5267
4594
2762
-409
-3675
-5145
-5097
-3906
-1529
2112
5961
8277
8634
8379
8477
9032
9094
8131
6047
4162
2689
146
-4168
-8527
-9991
-7964
-4259
-1075
660
758
-716
-1837
-1058
479
466
-1410
-2937
-3148
-2141
-1539
-1788
-2563
-2988
-2897
-3120
-4165
-5961
-6995
-6408
-4802
-3861
-4563
-6496
-8069
-7446
-4268
-642
1172
1023
596
1292
2943
4561
5655
6502
6902
6488
5679
4682
3273
1827
1016
546
-560
-2471
-4329
-4931
-3470
-804
2046
5343
8906
11125
10807
9886
9493
9675
9838
8834
6090
2812
454
-2028
-5479
-8850
-10754
-9740
-6415
-2560
-273
434
371
635
2021
3118
2109
-1096
-3824
-4263
-2885
-2040
-2959
-5037
-6362
-6516
-5975
-5961
-6717
-7083
-6147
-4399
-3639
-3919
-4917
-5325
-4312
-1842
859
2325
2421
1714
1768
2907
3984
4335
4023
3538
2753
2339
2276
1831
1294
1102
1668
1768
1286
167
-607
-369
887
2866
5762
9660
12299
11828
9242
7108
6464
7124
7631
6431
3598
512
-2365
-5794
-9443
-11629
-10149
-5469
-674
1850
1824
330
-1113
-339
1906
2520
-138
-4187
-6610
-6436
-4751
-3971
-4637
-5904
-6600
-6498
-6280
-6544
-6915
-5681
-3102
-963
-478
-1367
-2751
-3235
-1294
1896
3781
2855
340
-1201
-649
1095
2063
2089
1455
852
1023
2019
2958
3186
3872
4929
5108
3652
1640
431
408
1773
3482
4983
6345
7904
9105
9115
8273
7272
7097
6766
5214
2675
576
-1146
-3357
-5978
-8709
-10424
-9583
-5770
-1335
1141
1122
-88
-685
-103
725
334
-1390
-3429
-4593
-4704
-4652
-5182
-5918
-6091
-5764
-5372
-5301
-5517
-5514
-4212
-1677
678
1097
-340
-2076
-2143
-441
1418
1794
694
-848
-1690
-1286
-249
779
1503
2183
2690
3145
3520
3915
4516
5241
5345
4137
2084
248
-547
-202
1015
2470
3954
5798
7828
8844
8252
7227
7106
7465
6647
4211
1197
-1398
-3793
-6426
-9128
-10963
-10681
-7642
-3121
584
2099
2237
2226
2554
2887
2603
1238
-1186
-3381
-4453
-4789
-5727
-6990
-7213
-6218
-5146
-4661
-4442
-4029
-2802
-703
1434
2351
1567
-120
-1343
-1309
-561
-32
-204
-759
-1244
-1296
-1199
-1116
-801
322
1965
3374
4242
4553
4404
4183
4438
4610
3944
2408
773
-467
-894
-145
1580
3495
5162
6424
7114
6686
5437
4437
4081
3275
1109
-1361
-2907
-3835
-5148
-6915
-8356
-8129
-5096
-241
3686
4937
4203
3007
2205
1829
1382
123
-2514
-5714
-7647
-7495
-6880
-6895
-6868
-5749
-4193
-2850
-1718
-599
699
2157
3462
3624
2393
253
-1392
-1919
-1590
-1461
-1866
-2962
-4068
-4219
-2977
-1348
-159
1199
2961
4487
5014
5304
5607
5781
5519
5026
4215
2934
1427
105
-516
-377
167
679
1669
3149
4367
4430
3799
3112
2663
2477
2144
1327
151
-739
-1746
-3176
-4363
-4087
-1766
1683
4065
3770
1805
287
-44
125
-392
-2439
-5662
-8015
-8197
-6811
-5507
-4801
-4310
-3261
-1697
-344
152
218
700
1709
2585
2276
684
-1622
-3386
-3945
-3389
-2820
-3191
-4304
-5020
-4539
-3218
-1551
232
2075
3611
4618
5302
5941
6622
7160
7112
5969
3874
1514
-439
-1857
-2583
-2524
-1845
-1093
-309
997
2978
4667
5303
5372
5395
5221
4495
3636
2799
1905
474
-1304
-2995
-3877
-3408
-1339
1404
3019
2848
1550
38
-1470
-2267
-2635
-3478
-5310
-6700
-6815
-5955
-4979
-4064
-2990
-1736
-505
202
506
403
355
710
1462
1272
-455
-3046
-4923
-5446
-4678
-3792
-3708
-4342
-4634
-4132
-2810
-909
1123
2990
4783
6440
7155
6786
5866
5210
4616
3793
2229
208
-1812
-3034
-3114
-2124
-872
247
1911
4480
6836
7715
7344
6534
5706
4922
4045
2933
1917
1269
671
-287
-1282
-1715
-928
823
2294
2505
1762
566
-1042
-2477
-3594
-4875
-6517
-7503
-7310
-6337
-5321
-4816
-4634
-3926
-2290
-482
684
993
724
477
371
-34
-1252
-3034
-4882
-6182
-6701
-6757
-6745
-6599
-5863
-4532
-2785
-1034
763
2802
4960
6596
7289
7099
6272
5354
4576
3676
2245
636
-750
-1504
-1679
-1403
-736
519
2380
4619
6836
7927
7277
5980
5887
6949
7762
7116
5312
3554
2755
2411
1532
105
-684
-21
1441
1895
604
-1545
-3330
-4521
-5130
-5516
-6252
-7593
-8524
-7883
-5717
-3520
-2568
-2482
-1890
-493
568
498
-318
-841
-926
-1252
-2916
-5611
-8100
-8938
-8161
-6832
-6259
-6438
-6344
-5154
-2951
-434
1803
3427
4832
6173
7235
7396
6915
6332
5886
5098
3613
1600
-278
-1296
-1216
-375
586
1376
2249
3857
5992
7511
7821
7672
7997
8670
8927
8368
7107
5708
4469
3289
1602
-614
-2382
-2405
-1040
-262
-1313
-3617
-5956
-7322
-7334
-6639
-6623
-7335
-7506
-6445
-4989
-4224
-3855
-3106
-1604
-230
288
-393
-1771
-2949
-3236
-3032
-3457
-4849
-6665
-7903
-8102
-7273
-6192
-5315
-4568
-3300
-1603
152
1678
3342
5299
7192
8381
8447
7685
6527
5541
4790
4100
2910
1420
177
-209
163
1086
2062
2834
3563
4892
6892
8715
9531
9546
9536
9494
8724
7011
5079
3679
2846
1817
4
-2472
-4535
-5257
-4742
-4102
-4237
-5229
-6526
-7407
-7391
-6767
-6338
-6341
-6127
-5264
-4211
-3649
-3572
-3274
-2391
-1190
-604
-1082
-2429
-3678
-4212
-4207
-4382
-5051
-5822
-6236
-6073
-5364
-4323
-3268
-2151
-702
1027
2461
3391
4117
5069
6143
7007
7412
7237
6471
5490
4827
4345
3486
2185
1073
522
489
1043
2051
2937
3486
4568
6768
8972
9592
8645
7626
7326
7052
5943
4075
2236
918
-84
-1606
-3949
-6230
-6977
-6113
-4953
-4777
-5565
-6616
-7192
-7053
-6295
-5495
-5198
-5271
-4901
-3667
-2276
-1739
-2000
-2076
-1497
-897
-1199
-2283
-3211
-3326
-2994
-2947
-3578
-4559
-5226
-5013
-4019
-2782
-1807
-1163
-480
642
2093
3370
4243
5080
6217
7281
7679
7317
6482
5479
4572
3843
3109
2115
1176
736
790
947
1278
2027
3058
4012
5133
6631
7857
7970
7125
6238
5581
4744
3316
1407
-616
-2144
-3156
-4133
-5591
-6875
-6937
-5642
-4276
-3993
-4618
-5249
-5282
-4573
-3547
-3190
-3938
-4939
-4860
-3584
-2200
-1620
-1636
-1636
-1392
-1180
-1264
-1709
-2167
-2324
-2241
-2382
-3010
-3866
-4265
-3771
-2697
-1727
-1246
-945
-296
895
2304
3551
4487
5249
5901
6381
6480
6129
5544
4970
4331
3379
2122
998
346
81
67
368
976
1618
2198
3124
4642
6088
6641
6391
6082
5680
4668
3228
2078
1320
449
-809
-2377
-4016
-5217
-5414
-4707
-3984
-4049
-4543
-4588
-4191
-3970
-4037
-4124
-4245
-4244
-3864
-3243
-2684
-2141
-1448
-663
-31
5
-586
-1001
-642
-172
-495
-1686
-3110
-4068
-4339
-4338
-4347
-4258
-3991
-3315
-1767
234
1569
2239
3232
4801
6343
7188
7010
6206
5561
5265
4857
3988
2536
705
-775
-1451
-1750
-2018
-1875
-1031
291
1692
2769
3672
5068
6938
8221
8125
6875
5465
4779
4547
3347
802
-1718
-2877
-2907
-3026
-4119
-5524
-5696
-4337
-2933
-2919
-4350
-5891
-5911
-4080
-1895
-1078
-1782
-2697
-2427
-860
707
1067
438
-192
-249
-140
-684
-2240
-4011
-4906
-4802
-4580
-5092
-6251
-7005
-6357
-4412
-2214
-659
216
1065
2456
4229
5771
6641
6985
7099
6898
6022
4359
2363
675
-385
-993
-1520
-2096
-2472
-2235
-1125
592
2369
3893
5268
6605
7781
8590
8907
8573
7631
6292
4840
3265
1402
-594
-2081
-2745
-2999
-3614
-4645
-5447
-5414
-4599
-3592
-3014
-2962
-3069
-2946
-2508
-1939
-1502
-1262
-1230
-1252
-1120
-737
-376
-397
-780
-1259
-1805
-2613
-3714
-4815
-5518
-5720
-5663
-5759
-6028
-5989
-5127
-3401
-1409
143
1198
2147
3310
4502
5302
5419
4956
4343
3901
3429
2583
1376
300
-207
-235
-229
-348
-313
334
1716
3422
4749
5382
5751
6478
7521
8268
8209
7443
6363
5234
4017
2629
1124
-206
-1036
-1434
-1936
-2940
-4125
-4846
-4837
-4355
-3830
-3539
-3531
-3622
-3564
-3302
-3049
-2838
-2358
-1469
-631
-449
-910
-1524
-1903
-2092
-2405
-3090
-4184
-5382
-6124
-6212
-5972
-5835
-5731
-5364
-4624
-3643
-2500
-1272
-3
1250
2465
3473
4075
4265
4297
4410
4524
4382
3922
3289
2736
2460
2382
2275
2114
2169
2577
3115
3462
3595
3754
4185
4858
5589
6028
5981
5574
5272
5195
5000
4219
2895
1517
609
173
-161
-757
-1614
-2538
-3311
-3939
-4478
-4848
-4841
-4464
-4026
-3867
-3910
-3798
-3334
-2793
-2500
-2464
-2411
-2169
-1927
-2000
-2540
-3405
-4237
-4715
-4895
-5190
-5754
-6110
-5649
-4523
-3541
-3219
-3281
-3015
-2129
-776
556
1392
1622
1664
2058
2911
3752
4161
4232
4399
4747
4936
4690
4231
4058
4278
4474
4197
3519
2964
2963
3569
4389
4833
4571
3912
3528
3824
4392
4590
4262
3789
3551
3473
3085
2154
863
-160
-679
-1040
-1820
-3118
-4439
-5222
-5321
-5021
-4758
-4709
-4740
-4493
-4046
-3712
-3692
-3656
-3277
-2776
-2524
-2795
-3371
-3835
-3891
-3610
-3509
-3808
-4329
-4533
-4251
-3671
-3060
-2681
-2474
-2323
-1870
-1121
-305
398
883
1315
1691
2189
2840
3547
4203
4660
5077
5342
5403
5227
4984
4873
4736
4581
4241
3717
2966
2140
1675
1604
1976
2415
2772
2896
2732
2582
2531
2770
3177
3641
3926
3529
2502
1118
41
-619
-1049
-1620
-2549
-3577
-4412
-4792
-4889
-4901
-4756
-4393
-3856
-3554
-3554
-3719
-3726
-3417
-3002
-2695
-2840
-3237
-3547
-3400
-2888
-2377
-2018
-1914
-1863
-1863
-1856
-1934
-2182
-2348
-2387
-2193
-2029
-1900
-1604
-1025
-133
779
1615
2312
3004
3799
4606
5298
5660
5782
5657
5329
4847
4280
3802
3299
2764
2126
1462
1006
824
1009
1332
1715
2158
2585
2926
2995
2906
2793
2838
3055
3161
2853
1982
908
-32
-668
-1003
-1120
-1103
-1422
-2295
-3553
-4688
-5346
-5576
-5419
-5049
-4561
-4089
-3683
-3359
-3178
-2940
-2427
-1568
-756
-384
-477
-762
-921
-1040
-1351
-2103
-3124
-3900
-4058
-3668
-3209
-2970
-2904
-2801
-2490
-1896
-987
91
1199
2363
3597
4611
5004
4855
4629
4685
4909
5024
4835
4234
3263
2273
1685
1449
1227
867
656
768
1002
1229
1539
2017
2471
2764
2980
3090
2933
2602
2476
2696
3009
3090
2722
1880
685
-444
-1154
-1662
-2449
-3612
-4582
-4821
-4451
-4175
-4434
-4874
-4658
-3421
-1773
-722
-577
-707
-416
137
206
-567
-1756
-2600
-2780
-2618
-2738
-3499
-4566
-5210
-5018
-4318
-3809
-3726
-3615
-2952
-1720
-380
609
1238
1815
2622
3523
4125
4188
3959
3827
3890
3822
3285
2419
1677
1351
1309
1306
1271
1232
1239
1393
1820
2502
3109
3313
3149
2947
3001
3385
3859
4130
4058
3784
3507
3161
2511
1539
517
-275
-790
-1240
-1890
-2853
-3828
-4347
-4233
-3805
-3469
-3206
-2736
-1986
-1255
-878
-864
-973
-970
-913
-1124
-1812
-2769
-3519
-3806
-3806
-3872
-4194
-4665
-4985
-4836
-4204
-3432
-2892
-2528
-1947
-1027
-49
606
928
1242
1783
2485
3008
3105
2891
2736
2874
3125
3094
2646
2019
1606
1590
1812
2001
2010
1908
1866
1932
2068
2277
2607
3090
3631
4002
3986
3604
3184
3082
3299
3431
3089
2268
1326
542
-131
-842
-1572
-2111
-2403
-2667
-3100
-3567
-3662
-3143
-2309
-1718
-1673
-1965
-2074
-1678
-932
-367
-445
-1244
-2413
-3432
-3957
-4019
-3931
-3983
-4257
-4583
-4730
-4632
-4398
-4066
-3447
-2438
-1233
-250
258
488
815
1472
2365
3094
3325
3099
2767
2647
2754
2823
2663
2262
1806
1487
1369
1426
1651
2032
2489
2852
2999
2992
2919
2840
2910
3270
3868
4357
4426
4016
3292
2548
2058
1821
1596
1178
651
193
-294
-987
-1859
-2642
-3089
-3134
-2858
-2508
-2215
-1861
-1342
-900
-926
-1405
-1950
-2232
-2253
-2229
-2454
-3036
-3810
-4424
-4723
-4842
-4892
-4797
-4428
-3881
-3429
-3195
-3069
-2737
-2009
-1054
-340
-91
-10
312
945
1625
2025
2077
1943
1863
1961
2120
2143
2026
1948
1972
1938
1739
1543
1637
2143
2814
3251
3215
2883
2666
2855
3399
3978
4327
4318
4014
3631
3346
3171
2938
2541
1998
1415
874
364
-109
-486
-722
-899
-1186
-1617
-1984
-2049
-1749
-1242
-826
-759
-1126
-1827
-2632
-3268
-3505
-3327
-2997
-2858
-3080
-3594
-4135
-4428
-4305
-3822
-3262
-2914
-2885
-3019
-3023
-2723
-2174
-1640
-1381
-1385
-1386
-1153
-629
45
704
1280
1715
1942
1872
1575
1366
1535
2047
2457
2347
1742
1074
826
1157
1830
2487
2925
3155
3298
3444
3609
3763
3892
4006
4027
3819
3272
2495
1809
1439
1340
1208
831
341
68
176
443
476
97
-489
-895
-951
-840
-847
-1042
-1303
-1557
-1916
-2448
-2910
-2920
-2316
-1427
-872
-1050
-1855
-2760
-3246
-3227
-3016
-2963
-3155
-3421
-3620
-3720
-3725
-3582
-3183
-2536
-1804
-1226
-915
-732
-440
88
703
1093
1067
725
417
390
624
894
1025
1075
1160
1285
1306
1194
1143
1444
2133
2881
3288
3214
2948
2908
3242
3723
3954
3734
3194
2697
2461
2474
2534
2472
2322
2134
1915
1510
932
375
166
411
812
856
221
-800
-1582
-1574
-1012
-480
-515
-1017
-1441
-1488
-1278
-1294
-1668
-2218
-2564
-2731
-2993
-3593
-4324
-4672
-4407
-3722
-3273
-3356
-3813
-4058
-3743
-2961
-2139
-1596
-1280
-1048
-785
-604
-496
-402
-153
162
357
282
27
-79
117
554
941
1125
1163
1236
1413
1648
1875
2117
2471
2880
3186
3234
3137
3154
3424
3816
4025
3873
3510
3261
3252
3279
3019
2412
1727
1375
1456
1652
1630
1296
889
634
475
207
-221
-512
-409
-26
137
-358
-1364
-2235
-2417
-2006
-1640
-1893
-2735
-3594
-3984
-3905
-3748
-3793
-3946
-3900
-3580
-3273
-3289
-3564
-3659
-3246
-2461
-1813
-1707
-2010
-2233
-1987
-1309
-649
-314
-249
-156
167
593
886
973
972
1079
1302
1454
1402
1215
1193
1502
2041
2506
2743
2870
3114
3547
4011
4216
4017
3617
3296
3270
3409
3396
3056
2469
1919
1587
1422
1259
1060
976
1127
1330
1228
665
-76
-489
-368
-36
-41
-607
-1371
-1778
-1727
-1589
-1789
-2329
-2816
-2976
-2908
-2968
-3309
-3694
-3731
-3378
-3033
-3090
-3473
-3720
-3519
-2976
-2529
-2468
-2716
-2903
-2685
-2066
-1316
-734
-374
-154
-23
40
101
264
543
859
1059
1048
835
600
603
945
1537
2179
2676
2961
3067
3118
3232
3405
3602
3753
3811
3695
3402
3088
2896
2821
2741
2557
2294
2015
1771
1628
1577
1539
1495
1436
1284
944
448
-16
-347
-587
-842
-1143
-1411
-1625
-1828
-2097
-2463
-2812
-2923
-2709
-2385
-2333
-2718
-3311
-3751
-3888
-3851
-3844
-3921
-3968
-3798
-3387
-2967
-2707
-2466
-1987
-1290
-726
-532
-605
-657
-470
-109
161
112
-152
-245
32
471
811
1043
1317
1680
2049
2365
2588
2715
2846
3122
3465
3651
3609
3504
3449
3410
3335
3190
2916
2527
2245
2257
2387
2281
1858
1397
1163
1160
1267
1336
1207
845
401
-17
-468
-988
-1432
-1628
-1631
-1624
-1711
-1886
-2134
-2374
-2488
-2438
-2359
-2452
-2764
-3182
-3507
-3568
-3407
-3221
-3185
-3241
-3135
-2734
-2136
-1590
-1255
-1137
-1142
-1150
-1092
-963
-804
-603
-351
-117
-11
-13
20
225
666
1251
1751
1977
1940
1801
1750
1841
2039
2307
2558
2698
2646
2431
2262
2344
2676
3028
3124
2890
2496
2142
1899
1723
1601
1595
1679
1687
1393
845
357
239
487
786
801
412
-241
-960
-1563
-1877
-1806
-1491
-1282
-1466
-1978
-2487
-2672
-2470
-2116
-1828
-1731
-1819
-2072
-2449
-2776
-2852
-2556
-2027
-1577
-1457
-1648
-1924
-2032
-1892
-1580
-1217
-910
-712
-673
-763
-872
-820
-482
28
462
659
671
671
791
1011
1266
1504
1704
1821
1820
1744
1693
1787
2081
2482
2797
2884
2682
2390
2281
2390
2540
2469
2182
1921
1788
1695
1464
1180
1102
1309
1523
1352
792
271
184
422
475
-8
-844
-1548
-1833
-1794
-1717
-1686
-1652
-1622
-1719
-2076
-2580
-2919
-2869
-2436
-1937
-1761
-2058
-2629
-3057
-3066
-2727
-2284
-1919
-1647
-1439
-1349
-1410
-1558
-1564
-1292
-865
-517
-393
-408
-367
-119
295
692
938
1018
1038
1121
1310
1543
1734
1890
2052
2240
2404
2485
2519
2553
2643
2761
2807
2760
2636
2487
2342
2184
2013
1822
1638
1520
1477
1451
1363
1221
1085
967
815
521
47
-502
-964
-1229
-1315
-1394
-1630
-1998
-2318
-2447
-2399
-2296
-2199
-2060
-1858
-1697
-1726
-1969
-2242
-2318
-2176
-2005
-1998
-2186
-2422
-2504
-2385
-2127
-1831
-1567
-1322
-1106
-921
-738
-520
-216
161
543
845
1021
1101
1137
1124
1091
1113
1252
1484
1740
1905
1937
1906
1886
1988
2239
2557
2681
2456
1996
1583
1431
1470
1494
1431
1405
1496
1570
1400
1062
860
1058
1541
1856
1663
1004
193
-488
-963
-1292
-1549
-1772
-1899
-1902
-1762
-1534
-1384
-1391
-1456
-1364
-1102
-899
-998
-1371
-1698
-1766
-1751
-1966
-2473
-2968
-3055
-2679
-2151
-1809
-1698
-1605
-1368
-1031
-752
-615
-494
-257
39
239
264
234
356
709
1108
1304
1198
984
961
1254
1713
2041
2131
2125
2181
2255
2189
1930
1711
1772
2054
2236
2085
1787
1662
1767
1845
1653
1296
1132
1306
1527
1417
899
290
-90
-261
-499
-967
-1499
-1810
-1794
-1660
-1631
-1730
-1765
-1574
-1278
-1126
-1199
-1365
-1424
-1342
-1299
-1440
-1756
-2056
-2197
-2196
-2150
-2157
-2191
-2155
-1995
-1750
-1474
-1179
-836
-450
-93
149
253
320
481
766
1075
1253
1243
1139
1117
1248
1415
1491
1468
1464
1586
1772
1859
1799
1693
1682
1765
1793
1646
1380
1215
1291
1499
1637
1563
1361
1223
1217
1258
1176
879
457
26
-341
-634
-925
-1206
-1441
-1588
-1671
-1770
-1886
-1911
-1717
-1322
-925
-744
-829
-1052
-1188
-1117
-931
-832
-952
-1213
-1449
-1555
-1560
-1580
-1634
-1604
-1415
-1139
-931
-879
-832
-605
-167
297
556
617
645
758
950
1116
1158
1099
1001
960
997
1062
1096
1075
1067
1105
1147
1114
962
796
755
847
956
937
812
722
779
962
1102
1104
1045
1040
1109
1124
928
537
133
-140
-312
-542
-897
-1234
-1373
-1299
-1186
-1191
-1219
-1070
-691
-258
-57
-140
-307
-353
-253
-179
-266
-487
-707
-861
-988
-1148
-1292
-1317
-1207
-1048
-991
-1062
-1141
-1129
-1012
-834
-639
-404
-126
151
346
423
463
565
753
941
1012
949
853
796
771
704
590
493
458
499
566
604
647
727
831
926
985
1014
1037
1102
1177
1238
1217
1074
863
646
485
365
228
46
-185
-443
-675
-832
-858
-793
-701
-642
-646
-656
-630
-551
-453
-372
-324
-290
-303
-406
-585
-784
-882
-871
-832
-849
-980
-1150
-1227
-1184
-1053
-939
-900
-890
-826
-629
-371
-151
-19
49
153
300
415
469
485
544
666
741
681
492
308
277
396
545
588
506
453
481
580
697
763
850
958
1064
1123
1085
1013
960
949
961
909
767
563
363
235
130
24
-96
-223
-304
-321
-298
-252
-213
-178
-136
-112
-95
-92
-75
-42
-48
-126
-260
-418
-556
-692
-855
-1002
-1102
-1136
-1179
-1256
-1329
-1332
-1209
-1037
-923
-852
-737
-542
-327
-178
-123
-96
-40
21
43
-1
-82
-133
-120
-105
-140
-189
-191
-70
167
379
462
468
508
688
947
1140
1198
1179
1227
1329
1387
1319
1157
1061
1060
1028
894
656
419
293
250
218
120
-33
-171
-248
-215
-120
-40
11
24
10
-33
-110
-190
-258
-307
-359
-447
-535
-611
-701
-771
-844
-891
-875
-864
-886
-961
-1027
-976
-825
-687
-653
-718
-741
-603
-360
-144
-65
-54
-1
122
228
220
157
116
173
283
325
270
182
168
287
461
572
600
589
628
732
834
897
890
843
804
764
749
704
603
484
376
332
283
196
84
9
0
-4
-46
-134
-197
-191
-164
-163
-204
-253
-264
-259
-284
-317
-326
-309
-299
-366
-450
-493
-471
-408
-410
-469
-540
-574
-574
-571
-570
-549
-498
-437
-377
-342
-303
-250
-183
-100
-34
21
54
77
86
105
141
163
178
168
184
224
265
312
344
375
406
413
420
440
466
466
418
344
293
281
290
292
269
246
209
184
177
167
172
162
150
145
133
108
48
-23
-81
-113
-124
-119
-117
-108
-116
-137
-140
-144
-131
-135
-147
-148
-166
-181
-214
-270
-309
-344
-338
-305
-269
-241
-235
-240
-225
-197
-172
-139
-117
-72
-41
-30
-43
-78
-78
-55
-3
48
86
108
111
130
142
142
146
155
190
240
252
221
183
157
173
186
187
186
162
149
121
90
76
69
86
117
125
110
76
39
24
21
29
33
29
25
-1
-49
-95
-110
-101
-79
-59
-56
-67
-93
-121
-143
-145
-135
-125
-123
-142
-158
-163
-157
-138
-112
-78
-47
-23
-29
-58
-90
-95
-73
-50
-47
-62
-54
-43
-30
-5
18
47
65
71
68
58
62
63
58
68
65
66
66
59
56
51
66
105
121
114
103
92
99
113
126
119
96
86
79
71
65
61
65
57
31
8
-19
-26
-36
-48
-32
-24
-29
-48
-75
-86
-81
-75
-67
-53
-42
-44
-59
-77
-93
-100
-100
-95
-80
-64
-49
-51
-63
-63
-47
-47
-59
-70
-59
-39
-37
-40
-56
-52
-40
-25
3
25
32
38
54
60
52
37
31
41
66
71
48
30
30
38
49
37
35
44
67
96
105
100
79
74
80
88
85
59
40
28
19
17
3
-14
-28
-29
-18
-17
-29
-24
-26
-17
-9
-21
-26
-40
-41
-36
-39
-27
-33
-34
-27
-41
-44
-47
-51
-42
-51
-52
-58
-71
-80
-87
-79
-65
-60
-57
-58
-48
-30
-23
-17
-14
-7
-3
1
1
-1
2
5
12
20
26
21
17
15
13
29
40
50
59
60
61
70
75
78
80
89
108
97
81
78
77
85
81
71
70
63
47
30
20
15
12
5
2
-10
-18
-20
-21
-21
-29
-30
-40
-53
-54
-55
-53
-60
-60
-58
-68
-81
-94
-96
-93
-102
-110
-107
-103
-98
-94
-86
-64
-52
-40
-23
-16
-6
3
-1
0
-1
-5
0
-1
-3
7
12
16
19
15
29
43
51
56
68
75
67
68
69
71
75
77
80
90
101
107
103
85
85
77
64
63
50
50
37
23
7
-7
-12
-28
-40
-48
-48
-47
-39
-38
-37
-29
-33
-37
-54
-67
-69
-74
-81
-95
-108
-104
-102
-104
-107
-105
-92
-77
-64
-40
-24
-14
-11
-13
-5
-5
0
-7
-3
13
23
29
34
45
40
45
47
40
47
51
60
76
79
89
92
95
100
98
103
104
98
93
95
91
83
66
46
30
15
3
-8
-17
-36
-42
-33
-31
-40
-46
-50
-53
-63
-67
-75
-86
-87
-82
-74
-73
-76
-78
-75
-73
-73
-70
-69
-64
-62
-62
-60
-49
-47
-43
-35
-31
-17
-16
-14
-3
1
15
31
36
38
37
40
47
51
49
62
61
54
55
48
61
66
66
64
59
68
61
54
52
54
62
62
54
50
49
44
28
17
16
8
-2
-14
-18
-17
-27
-36
-33
-34
-35
-44
-38
-26
-27
-27
-37
-35
-40
-48
-40
-31
-28
-36
-44
-40
-40
-51
-53
-50
-42
-45
-49
-47
-41
-32
-29
-30
-29
-26
-25
-23
-14
-8
2
9
17
28
35
47
49
44
34
32
32
32
30
39
49
45
48
42
50
52
53
65
64
56
44
39
38
25
11
4
-2
-1
-3
-8
-14
-19
-14
-11
-12
-10
-8
-10
-10
-14
-19
-23
-24
-16
-13
-11
-16
-23
-23
-34
-46
-45
-41
-41
-39
-46
-41
-26
-31
-38
-32
-24
-22
-14
-10
-3
-1
-9
-10
-5
2
12
16
17
16
14
7
3
7
5
1
5
13
19
18
21
28
33
29
22
28
37
37
28
19
27
34
24
19
17
6
1
-1
10
17
11
24
32
28
11
-2
-8
-18
-7
-5
-11
-6
-11
-4
-9
-18
-13
-19
-8
-10
-18
-14
-20
-24
-31
-30
-26
-33
-29
-31
-27
-13
-5
-13
-32
-27
-15
-23
-23
-20
-15
1
-4
-11
-14
-17
-12
-11
-1
-8
-14
-2
15
26
21
25
23
21
20
14
13
22
32
28
35
44
43
42
30
45
55
56
55
37
24
25
36
32
30
16
9
14
4
-14
-31
-21
-1
1
-5
-10
-10
-20
-34
-35
-40
-44
-45
-49
-50
-43
-46
-37
-40
-46
-40
-45
-46
-45
-43
-40
-36
-25
-15
-15
-21
-23
-23
-18
-15
-9
0
6
9
4
7
3
2
4
9
34
42
40
40
41
45
40
36
40
59
69
73
68
63
57
51
57
49
37
33
32
36
42
35
21
16
12
12
-3
-5
-3
-7
-5
-20
-40
-58
-58
-58
-57
-50
-43
-51
-64
-68
-71
-66
-55
-56
-61
-53
-49
-59
-58
-59
-63
-59
-52
-42
-27
-18
-15
-9
6
8
6
21
23
17
22
26
33
36
37
46
48
53
55
49
55
58
64
72
66
51
46
47
48
43
41
37
22
28
29
21
13
7
2
0
10
15
12
-1
-5
-8
-8
-3
-12
-18
-23
-22
-25
-36
-45
-52
-50
-40
-40
-35
-31
-26
-19
-22
-19
-23
-19
-25
-34
-32
-32
-26
-33
-33
-12
-7
-7
-4
-3
0
-3
-6
-9
-12
-6
-9
-9
0
6
3
11
22
23
22
18
20
28
23
13
17
26
29
31
25
25
32
32
38
36
40
42
39
28
22
18
12
8
1
-3
2
6
1
-1
-10
-5
-5
-17
-22
-25
-14
-14
-27
-31
-29
-28
-41
-48
-45
-40
-41
-46
-45
-38
-37
-43
-42
-35
-21
-19
-10
3
-1
0
2
2
8
12
13
10
9
19
15
7
8
22
39
46
47
45
49
38
30
30
28
36
40
34
28
19
17
20
15
23
31
29
22
9
4
3
-3
1
3
-1
-2
-16
-21
-25
-27
-28
-32
-19
-15
-21
-19
-12
-11
-17
-19
-19
-21
-26
-30
-27
-24
-27
-37
-39
-35
-42
-37
-19
-16
-15
-20
-15
-9
-15
-9
-4
-3
-1
-12
-7
7
11
15
8
7
16
16
18
9
9
13
11
20
21
21
34
30
21
28
23
31
33
33
41
42
41
29
30
31
26
26
15
14
16
13
7
0
-6
-3
-6
-8
-1
-3
-7
-18
-20
-19
-24
-23
-32
-31
-27
-28
-27
-36
-40
-35
-33
-32
-38
-33
-30
-31
-29
-29
-25
-28
-22
-13
-16
-22
-21
-13
-10
-8
-5
0
6
21
27
27
15
9
13
10
9
5
6
14
9
10
28
35
40
44
51
66
67
60
40
34
32
21
17
16
19
15
2
-2
2
4
4
7
5
1
9
4
-19
-33
-29
-19
-15
-11
-6
-7
-17
-32
-38
-37
-38
-41
-29
-21
-15
-19
-31
-29
-19
-11
-11
-9
-19
-22
-32
-41
-29
-32
-26
-19
-15
5
12
3
-4
9
19
22
16
10
0
0
-2
-9
0
14
18
24
35
35
37
38
39
37
33
32
34
31
41
34
14
21
25
27
19
22
25
16
14
8
14
15
19
11
7
13
5
-1
-7
-12
-13
-12
-22
-38
-47
-48
-47
-52
-50
-43
-34
-39
-46
-49
-42
-35
-41
-31
-21
-22
-34
-46
-41
-25
-24
-17
-1
13
13
-2
-4
1
3
-2
-6
-2
9
13
17
22
33
46
42
45
41
42
41
34
38
42
41
48
41
34
35
22
34
38
28
36
29
25
21
12
8
4
4
10
1
-3
-6
-12
-19
-23
-21
-23
-32
-27
-22
-23
-26
-36
-35
-30
-35
-35
-36
-38
-43
-49
-48
-50
-46
-36
-30
-35
-35
-32
-28
-24
-30
-17
-4
-1
6
-1
9
8
12
12
5
17
22
24
25
18
20
33
31
31
26
24
35
35
32
30
32
34
28
20
30
35
32
20
17
24
12
16
10
12
25
17
10
5
2
0
-7
-3
-5
-4
-3
-17
-25
-28
-29
-23
-25
-22
-22
-23
-18
-18
-25
-25
-26
-22
-14
-22
-19
-24
-21
-14
-14
-6
-6
-5
-4
-7
-13
-11
-11
-2
2
3
8
12
12
0
-9
4
7
2
4
5
12
12
3
7
15
16
13
16
24
21
15
15
13
10
1
-6
-8
-3
-3
-11
-2
-3
5
11
-4
-4
-1
0
5
3
7
10
2
-6
-6
-3
0
6
-2
-3
4
5
0
1
-1
2
2
0
3
2
11
15
16
9
4
-3
-11
-14
-13
-13
-11
-3
-10
-12
-7
-3
6
12
14
18
17
9
-5
-13
-9
-5
-14
-20
-16
-8
-4
-13
-16
-6
1
1
0
-1
-2
4
3
-1
-4
-2
0
8
2
0
6
5
4
1
7
2
-5
-12
-12
-7
-1
-2
-11
-10
-3
0
1
-1
1
-2
4
15
13
15
13
10
11
8
9
1
-9
-20
-24
-16
-15
-4
5
4
12
10
2
7
10
13
19
16
2
-10
-18
-18
-12
-9
-3
-3
-3
0
-2
1
2
7
8
-4
-2
-4
-13
-8
-2
4
8
2
8
11
2
-4
-4
6
3
-7
-12
-7
3
-2
-2
8
10
16
25
25
23
14
10
13
16
18
17
16
12
3
-2
-9
-11
-1
-7
-3
8
0
-1
-3
-9
-5
-7
-13
-13
-23
-21
-18
-19
-9
-17
-17
-14
-26
-23
-26
-27
-19
-24
-24
-13
-6
6
4
-2
0
0
0
3
11
10
4
3
-4
-1
7
2
11
16
13
14
4
0
9
14
19
12
7
9
-1
-1
3
2
5
12
15
15
10
7
3
3
2
2
4
7
13
13
12
6
-5
-17
-11
-7
-7
-4
-3
1
4
3
-2
-3
4
5
6
4
3
8
14
13
8
-2
-6
-4
-6
-2
-5
-3
0
0
-6
-18
-11
-18
-18
-6
-9
1
0
5
4
4
8
0
-2
-10
-14
-9
-8
-15
-15
-19
-14
-15
-12
-3
-3
-1
3
1
-1
0
-4
-8
-17
-12
-6
-6
-4
-11
0
10
12
11
6
10
8
3
-1
2
3
1
9
9
17
24
15
20
15
14
13
10
17
7
-1
3
2
4
-1
4
15
7
3
4
2
9
8
3
4
-3
-2
2
1
4
-4
-4
-3
-11
-2
-1
5
11
4
-2
-14
-21
-17
-17
-17
-11
-6
-6
-14
-17
-18
-32
-22
-16
-15
8
14
19
15
-3
-4
-9
-8
-7
-28
-36
-27
-21
-3
8
13
15
9
6
24
31
20
6
7
23
22
17
5
-5
-4
-12
-14
-1
11
11
-4
-9
-5
-2
15
26
24
17
3
-5
-10
-9
9
24
28
18
7
1
-3
5
1
0
1
-2
-2
-7
-10
-5
-3
-8
-9
-17
-17
-12
-20
-26
-31
-24
-14
-2
9
7
8
9
3
-5
-7
-9
-20
-20
-11
-9
-6
-4
-1
4
6
3
5
11
11
25
34
26
25
17
9
0
-11
-7
1
7
0
-6
-5
-1
-7
-14
-9
1
11
5
2
10
21
28
29
32
28
16
-3
-10
-14
-12
-20
-23
-17
-11
-5
-16
-16
-8
-3
5
8
18
19
14
9
-6
-15
-17
-19
-18
-15
-19
-27
-33
-25
-21
-19
-8
-10
-6
-1
-7
-7
1
10
24
18
10
5
9
8
-5
-5
-6
-8
-6
0
9
11
15
20
29
41
41
41
32
20
22
10
0
-7
-10
-8
-22
-29
-35
-29
-19
-17
-4
-2
-4
-3
-4
5
12
6
5
3
-5
-9
-17
-8
5
2
-2
-13
-17
-11
-14
-7
-3
-1
9
10
6
0
3
7
11
11
10
4
2
2
-8
-3
-1
2
14
13
17
18
16
18
18
19
19
17
15
14
11
15
19
25
21
16
17
16
16
10
-4
0
-2
-16
-17
-23
-20
-26
-33
-31
-28
-12
-11
-16
-24
-31
-25
-25
-27
-27
-30
-24
-23
-31
-24
-23
-20
-16
-21
-23
-27
-30
-35
-26
-22
-20
-14
-5
3
5
10
4
3
7
3
9
7
9
21
22
24
27
31
28
24
22
22
24
23
30
35
32
21
15
19
20
20
27
28
34
36
35
40
49
52
41
36
33
25
19
15
13
9
0
-5
-8
-2
5
-3
-2
-5
-10
-17
-25
-24
-27
-35
-43
-45
-46
-46
-46
-42
-24
-15
-16
-19
-25
-27
-30
-31
-33
-36
-34
-41
-42
-36
-25
-12
-1
4
3
1
-7
-16
-7
-2
-1
4
-7
-9
-13
-17
-5
6
10
0
0
14
26
26
24
34
45
40
24
15
16
18
15
11
24
39
43
40
42
37
30
26
19
18
17
9
6
4
4
3
5
3
-10
-8
-10
-8
-3
-9
-2
-1
-13
-12
-8
-14
-14
-16
-23
-24
-25
-28
-17
-3
-8
-12
-17
-18
-23
-27
-33
-31
-19
-11
-9
-8
-6
-11
3
-2
-9
-11
-12
-5
-16
-15
-9
-5
-2
-11
-10
-2
4
18
21
27
34
35
32
25
19
20
17
6
5
9
14
16
7
3
13
26
18
14
26
36
37
30
31
30
28
22
18
14
13
12
3
1
1
3
0
-7
-9
-14
-12
-6
-10
-7
-11
-25
-30
-32
-31
-29
-35
-31
-27
-28
-26
-33
-37
-45
-51
-40
-37
-30
-10
-10
-17
-24
-17
-7
-9
-9
-4
0
13
10
0
6
7
4
4
6
16
23
23
20
18
17
16
8
10
18
12
15
15
15
15
7
2
4
15
21
15
16
12
7
9
7
12
10
10
6
4
2
-4
-7
-2
3
-1
-3
-9
-7
-7
-13
-7
-3
0
-2
-6
5
14
13
12
5
7
2
-2
-8
-13
-3
1
3
6
2
0
-4
-6
6
13
6
8
3
-3
1
-6
-3
-2
-7
-2
-4
6
6
-5
-4
-6
-6
-3
-5
-11
-18
-10
0
3
11
5
8
6
-1
1
8
16
21
6
-1
1
-5
-3
-8
-5
-2
-4
-4
-4
-1
1
1
0
-5
-9
-6
-7
-5
-13
-4
2
-13
-16
-24
-26
-28
-27
-17
-19
-16
-18
-24
-21
-26
-23
-21
-22
-23
-24
-14
-9
-9
-8
1
-1
2
5
6
10
12
23
27
28
19
18
27
18
17
25
35
40
41
36
33
35
32
30
38
45
39
32
27
20
18
20
23
19
16
20
10
0
-1
-7
0
-2
-1
7
7
8
0
1
-3
-15
-21
-22
-13
-17
-23
-32
-36
-40
-51
-41
-34
-40
-38
-40
-31
-29
-38
-39
-47
-37
-25
-22
-13
-27
-30
-22
-29
-21
-10
1
4
-5
-3
2
19
20
12
9
6
14
17
19
23
31
27
25
26
15
10
11
25
33
34
45
47
50
44
26
26
31
29
26
27
20
14
9
1
2
3
10
14
11
12
8
5
5
4
-7
-22
-25
-30
-30
-27
-38
-39
-29
-34
-27
-24
-26
-22
-30
-30
-27
-23
-14
-23
-30
-24
-21
-25
-28
-23
-9
-11
-17
-12
-4
9
2
-3
1
2
7
-1
-4
2
7
12
13
13
22
28
25
27
16
17
22
17
21
33
41
37
29
27
32
34
29
23
29
27
19
19
21
16
10
3
0
-2
-6
1
6
9
-2
-13
-13
-14
-17
-25
-34
-26
-19
-24
-31
-34
-25
-28
-31
-26
-20
-12
-17
-30
-25
-29
-29
-19
-23
-19
-12
-12
-11
-14
-14
-10
-5
2
0
3
13
8
7
6
-3
1
7
12
16
11
18
24
22
28
19
14
21
24
30
36
32
34
26
20
26
25
17
13
13
12
5
-4
5
5
7
5
-10
-2
-6
-16
-18
-12
-1
0
0
0
-6
-12
-13
-17
-2
1
-10
-12
-22
-30
-27
-27
-26
-24
-25
-21
-21
-22
-21
-17
-14
-15
-19
-27
-26
-20
-11
2
8
14
7
-10
-15
-3
10
8
6
19
32
29
16
8
16
22
16
6
16
25
21
23
25
26
22
18
17
26
26
14
12
17
20
14
12
13
20
12
-1
-2
-6
-7
-15
-14
-3
-2
-8
-17
-18
-4
-4
-12
-9
-12
-6
-13
-26
-18
-16
-15
-16
-23
-24
-24
-23
-19
-16
-7
0
-1
6
6
-8
-16
-22
-22
-15
0
9
7
1
-7
-13
-8
-5
1
7
3
4
2
-5
-7
-9
3
12
7
7
1
-3
5
5
6
15
23
33
29
20
15
12
20
21
21
23
28
23
11
5
6
17
23
23
19
8
2
2
0
-5
-9
-8
-3
1
-6
-11
0
4
11
10
9
6
-4
-8
-15
-23
-21
-19
-24
-20
-18
-18
-18
-25
-22
-22
-16
-16
-27
-25
-23
-13
-4
-6
-12
-15
-17
-22
-26
-21
-14
-13
-5
-7
-7
0
-7
-6
-6
-2
4
6
12
19
19
23
20
14
14
17
26
24
29
24
21
15
15
19
13
17
18
21
18
12
13
10
14
14
7
8
9
5
0
1
8
8
11
9
4
8
10
5
2
3
1
-6
-13
-15
-8
-2
-8
-13
-12
-11
-16
-10
-4
-5
-5
-8
-12
-13
-14
-17
-14
-8
-4
-13
-30
-34
-29
-21
-13
-3
9
5
-6
-15
-14
-1
10
11
7
4
3
0
-6
-10
-9
-4
-3
-2
1
2
17
20
15
14
8
7
14
4
4
9
10
11
-9
-13
-11
-9
-2
-2
11
18
13
3
0
-2
0
-6
-11
-9
-12
-9
-12
-8
-7
-9
-4
-4
0
5
4
5
4
-1
-4
-6
-2
3
-1
-2
0
1
10
10
15
27
28
27
13
17
22
11
7
8
10
24
25
16
13
12
18
13
4
10
13
6
7
-2
-4
-6
-19
-10
-6
5
5
-6
-13
-23
-18
-13
-17
-17
-21
-11
-5
-24
-25
-27
-25
-18
-17
-12
-11
-12
-22
-32
-25
-22
-19
-14
-22
-21
-10
-11
-7
-6
-11
-1
-6
-16
-7
-1
0
3
5
18
23
21
19
5
3
12
14
17
18
11
14
7
8
14
19
26
26
21
22
15
7
5
9
16
17
22
23
26
21
9
14
23
25
25
20
17
15
6
6
2
4
7
3
0
5
12
10
1
0
0
-10
-17
-22
-28
-28
-25
-16
-17
-25
-27
-24
-28
-37
-42
-32
-18
-21
-23
-24
-26
-29
-32
-38
-33
-27
-28
-37
-33
-21
-21
-22
-21
-16
-15
-11
-13
-7
1
9
21
25
31
34
31
30
20
17
31
26
23
25
36
51
50
47
41
41
41
41
37
29
27
27
22
17
18
14
11
5
0
8
4
1
4
7
10
3
-6
-7
-7
-7
-5
5
8
-13
-22
-30
-30
-26
-26
-20
-23
-28
-26
-31
-24
-16
-22
-20
-27
-34
-35
-45
-45
-43
-27
-17
-20
-16
-17
-18
-10
-11
-11
3
9
6
1
5
13
10
14
10
10
13
8
11
11
16
20
14
15
23
23
19
17
19
22
18
16
27
32
36
42
31
22
18
9
6
2
7
11
7
0
-5
-11
-12
-13
-9
1
12
11
-7
-15
-13
-16
-22
-25
-17
-3
-11
-25
-21
-8
4
-4
-6
-2
-13
-17
-23
-18
-2
-1
10
9
0
-3
-6
-4
-3
-1
-3
-3
2
7
2
2
7
4
1
-4
-7
-9
-9
-1
-1
-6
2
-1
-8
-9
-10
3
10
12
18
22
30
19
1
-2
-1
3
11
13
16
22
11
1
-6
-7
2
-4
3
1
-9
-12
-18
-11
-10
-2
3
-7
-10
-13
-10
-9
-12
-5
-7
-7
-5
-6
-2
2
2
-3
-5
4
12
12
8
2
4
4
-8
-15
-15
-8
-9
-6
0
3
18
21
20
18
15
15
13
16
11
9
10
13
20
12
9
6
8
12
2
-10
-13
-12
-10
-8
-10
-10
1
-4
-14
-15
-8
3
-1
-1
-9
-13
-13
-17
-17
-11
-8
-5
-2
-4
1
1
-1
2
4
-3
-2
-4
-5
-4
1
6
8
5
-4
-3
0
2
10
17
17
17
-3
-7
-2
-1
2
-2
4
2
-4
-4
-5
-8
-3
0
3
6
2
3
1
8
17
11
11
-1
-11
-2
-10
-13
-4
-5
-1
-11
-10
2
0
6
0
6
15
5
-3
-14
-12
-9
-6
5
11
8
9
3
0
4
7
12
11
6
10
9
3
1
-7
0
7
0
3
8
5
2
-2
-6
0
6
8
0
-7
-7
-1
11
12
13
18
7
-1
-10
-25
-7
-4
-3
-8
-23
-13
-19
-22
-12
-9
-5
-8
-5
5
-3
-6
-9
-10
-9
-15
-12
-9
-12
-14
-18
-11
4
4
7
0
-9
-8
-17
-14
-1
8
23
26
22
18
14
12
3
7
13
16
18
12
20
22
14
14
21
25
27
21
11
10
5
-2
-3
-7
-2
0
1
-5
-6
0
-2
3
9
14
8
-3
-14
-13
-9
-7
-4
-13
-8
-6
-14
-12
-18
-20
-15
-10
-8
-10
-18
-24
-18
-16
-11
-15
-15
-9
-11
-11
-5
0
6
-2
-3
-1
-8
-13
-17
-8
-4
-5
1
11
8
3
5
6
16
18
9
9
15
12
7
0
5
6
8
17
16
20
8
5
9
8
11
4
12
19
15
24
17
18
23
17
16
8
0
-4
-5
-1
7
11
13
10
-2
-8
-1
3
2
-1
-3
-2
-10
-13
-19
-28
-25
-19
-14
-7
-11
-17
-13
-17
-20
-29
-33
-32
-31
-22
-31
-27
-17
-15
-10
-7
-1
-7
-16
-7
-3
-1
-4
-9
-5
2
15
10
2
20
24
20
17
8
8
7
10
16
20
23
15
4
15
22
26
33
31
31
18
4
3
3
16
17
12
12
7
4
9
-3
1
7
13
17
3
1
0
0
0
-6
-10
-3
-13
-29
-24
-23
-17
-11
-12
0
3
-2
0
-4
-4
1
-1
0
-5
-5
-7
-15
-24
-22
-11
-13
-7
-4
-12
-18
-18
-14
-11
-5
0
6
5
-2
-16
-19
-8
-7
-9
-7
-1
11
7
-1
-3
-3
5
5
-6
-3
4
3
2
0
12
19
19
21
16
13
6
6
6
0
-3
-2
-3
-2
12
20
26
21
9
15
20
37
40
30
25
2
-2
-6
-14
-10
-15
-12
-9
-12
-10
-13
-5
4
2
-1
-2
-10
-15
-14
-10
-7
-8
-5
-7
-16
-11
-11
-18
-21
-20
-12
-2
4
9
7
-1
-11
-8
-2
7
12
8
6
-12
-22
-21
-18
-5
4
4
1
7
6
5
10
17
20
25
19
8
2
0
-1
10
19
12
9
0
-3
-5
-5
-8
4
10
11
12
5
2
-8
-12
-9
4
6
3
6
11
12
0
-3
-11
-12
-9
-12
-1
7
5
4
4
7
6
2
-4
-7
-18
-18
-15
-18
-8
-2
-3
5
-3
-4
3
-2
-2
-3
2
-1
-8
-9
-14
-11
-10
-15
-9
-8
-6
1
4
1
-12
-13
-7
1
0
-8
-1
14
15
7
-2
1
15
4
10
11
8
15
3
0
0
2
13
15
20
25
19
15
12
9
7
6
10
15
8
9
6
2
7
4
7
10
2
2
4
-2
-1
-6
-10
-8
-16
-17
-8
-1
7
-1
-12
-18
-21
-15
-15
-18
-14
-16
-7
-3
-6
-11
-10
-7
-12
-13
-16
-13
-9
-9
-6
-5
-7
-8
-5
5
16
20
13
20
13
5
-2
-7
4
5
2
15
10
8
7
-3
11
11
11
7
-3
8
-3
-9
-2
-2
2
-3
-4
5
5
0
0
-4
-4
-1
-7
-3
4
3
11
9
4
4
3
2
-2
-2
-2
1
2
-4
-4
-1
-4
-7
-14
-17
-2
1
5
5
7
15
1
-2
-6
1
6
11
19
17
11
1
-1
-4
-3
-1
-7
-12
-9
-2
1
3
2
2
-3
3
5
2
7
1
-7
-7
-5
-8
-14
-18
-10
-6
-4
5
3
3
0
-5
-4
-6
-1
-8
-5
1
0
4
1
-1
0
2
1
-1
1
1
2
2
4
3
5
13
9
-1
-1
0
-2
-3
-1
-8
-6
0
0
0
1
10
13
9
1
4
10
9
6
5
4
1
-9
-1
8
2
-2
-11
-17
