SAMPLES:	14713
BITSPERSAMPLE:	16
CHANNELS:	1
SAMPLERATE:	16000
NORMALIZED:	FALSE
-2
-6
-4
-19
-10
9
20
30
25
11
11
5
-3
1
7
21
14
-7
-7
-4
-11
0
8
-14
-22
-24
-26
-23
-8
6
2
-13
-26
-29
-24
-10
1
10
24
18
-5
-14
-19
-25
-6
15
22
21
10
0
6
17
29
35
18
-5
-22
-30
-17
6
19
14
-6
-19
-15
-6
14
19
11
1
-15
-8
-4
-2
7
5
3
4
11
1
-5
-9
-3
15
12
13
4
-13
-19
-16
-15
-14
-2
6
9
10
15
14
6
-6
-16
-16
-15
-4
11
19
25
21
6
-9
-6
-7
-5
-1
0
-1
0
1
-7
-16
-18
-10
0
7
17
14
3
-3
-14
-9
8
11
1
-2
-10
-16
-15
-16
-4
7
12
16
10
1
-12
-21
-20
-9
-6
-9
1
8
10
20
28
32
19
-7
-16
-16
-13
-8
3
7
18
22
9
3
-7
-14
4
21
18
5
-4
-21
-29
-23
-19
1
25
24
10
2
-3
-14
-11
0
15
19
6
-5
-19
-26
-12
0
8
5
1
-4
-11
-8
-5
-2
5
-3
-17
1
15
23
31
21
6
-11
-23
-25
-18
-6
3
15
22
13
1
-12
-13
3
13
10
7
2
-9
-15
-22
-28
-6
11
31
35
21
8
-7
-9
-4
-3
-2
8
9
-4
-25
-42
-33
-16
-1
18
34
37
28
13
8
5
-6
-22
-33
-21
-14
-5
-4
-13
-7
-6
-9
-14
-10
-16
-15
-5
0
9
8
8
20
25
19
22
24
18
8
3
0
-2
4
4
9
9
7
14
11
6
2
-12
-19
-9
-11
-12
-9
-13
-11
-7
3
2
-1
2
-2
0
-1
-7
-16
-14
-13
-11
-1
10
14
7
6
9
9
7
7
1
-9
-10
-9
-7
-2
6
10
7
9
11
11
4
-7
-8
-8
0
6
8
1
-4
-5
-2
4
3
3
-4
-10
-3
2
10
9
-2
0
-6
-5
0
-3
-3
-11
-10
-4
-4
-7
-8
-1
3
7
5
-6
-10
-9
4
13
14
9
1
-1
-2
0
3
3
4
-2
-1
8
7
5
3
-7
-13
-11
-10
-5
-3
5
14
10
0
-12
-14
-5
10
16
18
23
15
13
7
15
19
-5
-17
-28
-19
9
12
13
-3
-24
-24
-12
-8
-6
-5
-8
-9
-8
-2
-1
-3
-5
2
5
-4
-6
-7
-3
0
-2
-3
0
5
7
10
19
15
3
-1
-6
-5
-4
-6
7
15
9
1
-4
-6
0
13
20
15
13
18
17
9
-3
-15
-11
6
8
-4
-7
-5
2
7
2
-5
-14
-19
-24
-28
-15
2
14
9
-3
-10
-1
9
11
3
-18
-9
5
-4
-7
-7
-7
-4
-4
-7
-9
-9
-10
-5
6
7
3
7
4
-1
7
6
8
13
14
26
17
11
11
4
3
3
-12
-22
-16
-10
-7
-4
-4
-6
-12
-9
-9
-2
6
0
4
1
-2
6
10
11
15
14
11
5
-1
-3
3
2
1
-3
-9
-4
5
15
7
0
2
-6
-8
-4
-4
-4
1
3
3
8
11
7
1
-2
-2
-5
-10
-7
-5
-3
3
0
-8
-10
-11
-7
5
4
-6
-11
-12
-11
-3
-4
-8
-13
-15
1
12
16
13
5
3
1
5
10
6
2
-1
-2
8
20
26
25
10
-4
-8
-12
-5
7
10
12
12
6
2
3
-3
-3
-1
-4
3
2
4
4
-7
-9
-7
-4
4
1
-5
-10
-12
-8
-16
-27
-22
-16
-18
-17
-16
-15
-3
8
1
-7
-10
-6
9
17
28
23
7
2
-9
-6
2
11
21
21
9
-10
-15
-8
-5
3
15
26
27
16
-2
-16
-15
5
22
33
33
21
8
-5
-13
-13
-7
-9
-4
1
-3
-1
1
-1
-10
-11
-1
7
15
12
-2
-9
-12
-13
-9
-1
-3
-4
-8
-16
-14
-9
-6
-3
-2
-8
-10
-1
3
-1
-7
-5
-1
1
-2
3
5
2
-4
-11
-13
-4
5
10
9
7
5
6
10
8
4
3
2
4
6
10
9
5
1
-2
-4
-3
0
6
7
5
5
0
-9
-17
-17
-11
-1
11
15
17
14
8
-1
-12
-13
-7
-4
-8
-11
-2
4
3
2
-3
-4
5
11
10
10
6
-2
-12
-23
-22
-15
-1
2
2
9
4
5
3
-2
3
2
5
6
-5
-13
-10
1
10
15
14
14
10
-2
-14
-22
-18
-16
-23
-26
-27
-16
-2
1
-2
3
13
20
32
22
5
16
7
-12
-4
0
6
15
15
17
22
13
0
-7
-9
-6
-6
3
0
-10
-4
0
-3
-11
-11
-2
5
14
13
10
3
-13
-18
-22
-13
3
11
28
28
25
29
12
-12
-22
-26
-32
-25
-12
-14
-17
-15
-14
-16
-7
16
27
31
24
17
4
-17
-24
-21
-14
0
20
20
6
1
-5
2
5
3
5
-3
-12
-16
-11
-3
-5
12
21
16
16
10
-1
-8
-4
1
7
14
10
10
3
-10
-11
-14
-17
-8
3
0
-6
-5
-6
-6
-6
-11
-15
-6
16
34
29
19
11
0
-5
1
2
-4
-6
-3
-1
-10
-11
-13
-15
-9
-6
-7
-14
-20
-19
-10
10
17
9
-4
-7
3
11
21
23
17
14
4
2
0
-5
-1
2
10
16
12
1
-6
-2
-4
-5
0
0
-5
-13
-21
-23
-12
1
5
8
5
-3
-6
-1
9
17
7
0
-3
-3
2
9
20
13
-5
-22
-27
-10
16
28
25
2
-19
-29
-18
4
24
32
16
-7
-27
-27
-15
3
18
21
18
0
-25
-36
-31
-10
17
31
20
-1
-17
-23
-16
0
12
10
-10
-31
-28
-7
5
2
6
12
10
1
-3
0
3
2
9
22
21
7
-3
-1
-4
2
14
14
8
-6
-15
-1
11
11
13
17
13
-5
-19
-18
-15
2
18
27
31
7
-24
-31
-26
-9
10
9
4
-4
-12
-4
10
23
21
5
-14
-27
-22
-8
0
8
6
-2
-7
-8
-9
-13
-14
-17
-19
-5
9
11
7
-2
-14
-10
-5
-4
5
6
0
6
5
5
9
10
11
10
14
7
9
10
12
24
15
-2
-2
0
7
15
7
-1
-11
-16
-14
-5
7
10
-7
-28
-28
-12
2
2
0
-9
-18
-19
-17
-6
4
-1
0
-3
-5
3
3
1
4
5
5
-2
-1
7
12
10
10
6
-6
-12
-3
7
17
25
21
10
-3
-14
-10
5
18
22
15
1
-11
-19
-20
-11
4
18
15
6
-6
-12
-8
-4
0
3
4
3
-5
-15
-16
-8
-2
3
5
-1
-8
-13
-15
-10
-6
2
3
0
0
0
1
-1
-1
7
8
6
5
-1
-3
2
8
13
18
13
6
-3
-9
-2
6
11
8
-1
-9
-9
-3
0
3
7
4
1
4
0
-6
-7
-6
-5
-7
-11
-18
-21
-21
-14
-6
-1
-1
0
3
5
12
19
14
9
0
-11
-10
-7
2
5
4
7
5
2
2
-3
-9
-7
4
15
10
-4
-7
0
4
7
1
-7
3
15
18
11
4
1
-1
2
0
-3
-6
-4
15
36
31
8
5
1
-18
-29
-29
-24
-15
-1
9
6
5
8
18
23
15
2
-24
-31
-29
-22
-12
-9
0
1
4
3
-3
-2
6
21
16
3
-8
-11
-11
-7
11
16
10
-1
-17
-23
-12
11
21
16
5
-12
-16
-14
-10
9
19
15
-1
-10
-14
-15
-8
-7
1
2
-13
-28
-26
-7
21
35
17
-13
-22
-12
4
10
10
9
9
10
3
4
10
11
15
13
13
12
11
2
-4
1
1
0
-2
-7
-5
3
12
15
14
0
-10
-4
4
14
9
-5
-9
-6
-2
4
4
-4
-16
-22
-22
-16
-9
-7
-9
-5
-6
-9
-2
7
15
17
10
-2
-14
-17
-20
-20
-7
5
10
7
-6
-2
9
19
27
22
17
0
-18
-25
-17
5
16
19
5
-14
-16
-19
-6
8
14
21
17
9
-15
-25
-11
6
16
12
2
-1
9
1
6
18
7
-7
-17
-24
-18
-5
6
9
4
4
-5
-7
-13
-20
2
17
18
14
6
-7
-12
-7
0
6
9
11
8
3
-6
-12
-13
1
23
22
10
-7
-20
-11
11
19
11
-5
-20
-10
-7
-11
1
4
7
6
0
-1
-9
-4
0
-1
8
5
-7
-15
-21
-18
-12
-9
-6
-5
0
8
11
11
13
-3
-11
-6
1
9
7
11
8
3
-1
-6
3
16
21
15
1
-10
-11
-2
15
35
37
18
5
1
9
23
26
10
-16
-24
-18
-7
1
-2
-10
-15
-8
-4
-7
-9
-3
1
-7
-21
-24
-24
-24
-32
-39
-23
-1
7
6
6
15
17
1
-9
-12
-9
3
17
19
12
0
-8
-7
-7
-6
-1
3
14
24
26
21
8
-12
-25
-13
12
32
37
24
10
2
-1
-2
-9
-11
-12
-11
2
7
6
11
11
9
2
-12
-13
-6
2
12
1
-12
-21
-27
-16
-8
-7
0
10
21
19
1
-7
-8
-4
-3
-13
-9
-2
3
3
-4
-7
-4
3
11
15
13
12
11
7
8
1
-3
-2
-5
-3
0
1
10
10
1
-5
-18
-19
-15
-3
12
16
11
7
-5
-16
-11
-7
6
7
-5
-9
-12
-13
-15
-15
-5
2
0
3
10
11
9
7
-3
-16
-22
-11
5
11
13
11
6
-2
-9
-9
-6
6
14
20
19
1
-12
-15
-2
15
17
14
6
-3
-5
-4
5
11
11
6
2
-5
-9
-4
-5
-4
-1
7
7
2
6
5
1
-6
-19
-22
-15
-8
6
11
8
4
0
-6
-9
-5
3
17
19
9
-6
-17
-22
-18
-9
3
13
6
-4
-6
-13
-11
-6
2
15
14
9
0
-7
-4
4
13
14
15
10
1
-4
-7
-5
-3
-7
-9
-12
-14
-8
1
7
11
14
9
-7
-13
-13
-9
7
18
12
-4
-17
-19
-11
-2
8
10
8
1
-8
-6
2
16
18
14
7
-7
-10
-14
-17
-6
6
12
4
-4
-7
-6
0
7
9
7
7
9
9
6
5
0
-6
-2
7
6
8
6
-6
-12
-9
-6
-6
0
-7
-11
-12
-14
-8
-3
9
22
20
13
1
-15
-20
-16
-1
10
13
16
8
1
-4
-1
6
7
5
-1
-10
-7
-1
-2
-3
4
8
6
-1
-7
0
5
9
16
9
0
-10
-13
-12
-14
-11
-6
-3
-7
-10
-13
-8
4
8
12
5
-9
-17
-14
-4
-1
0
5
-3
-4
4
7
1
-2
-4
-9
-9
-13
-6
4
21
33
22
10
-2
-8
-5
-1
7
11
5
-5
-8
-7
0
3
7
11
11
9
5
6
5
7
7
1
-1
-4
-3
0
6
8
3
1
-3
-7
-8
-5
-1
4
5
-7
-16
-15
-11
1
10
13
17
12
3
-7
-19
-19
-17
-11
-10
-17
-19
-26
-31
-18
-2
10
16
10
16
25
20
9
-3
-4
13
24
24
35
44
50
40
12
4
-13
-12
1
-27
-26
-13
-18
-5
-15
-24
-3
17
43
47
34
24
-9
-48
-81
-94
-82
-64
-40
-26
-19
-7
3
-7
-30
-44
-53
-46
-25
0
57
133
192
208
169
140
112
49
-33
-99
-113
-103
-96
-73
-20
18
31
27
-7
-21
-21
-14
24
24
-1
11
-10
-34
-54
-129
-130
-96
-100
-70
-32
56
145
144
161
179
120
72
100
182
300
385
437
495
428
291
220
131
22
-170
-430
-638
-872
-1047
-1099
-1127
-1096
-1032
-933
-761
-514
-206
115
401
551
678
728
680
692
628
581
514
361
299
291
431
758
1091
1304
1417
1463
1440
1392
1260
1139
927
454
-69
-651
-1202
-1509
-1625
-1590
-1503
-1492
-1414
-1234
-1023
-707
-374
-200
-188
-369
-617
-785
-1008
-1204
-1336
-1478
-1547
-1541
-1429
-1172
-865
-542
-305
-183
-76
10
133
162
68
65
-9
27
409
919
1565
2250
3078
4211
5025
5346
5690
5876
5728
5134
3969
2728
1217
-519
-1958
-3457
-4732
-5400
-5726
-5561
-5175
-4729
-3717
-2672
-1991
-1150
-739
-794
-766
-1068
-1243
-1184
-1253
-793
-78
473
1417
2385
3152
4118
4780
5055
4918
4107
3361
2516
1157
-177
-1599
-2928
-3821
-4659
-5210
-5390
-5450
-4861
-3953
-3216
-2137
-1111
-250
766
1308
1582
1797
1503
1200
962
382
60
14
4
579
1472
2399
3553
4632
5700
6794
7320
7231
6877
6171
5080
3493
1417
-636
-2575
-4326
-5684
-6794
-7428
-7412
-6914
-5927
-4713
-3344
-1749
-442
407
964
970
532
-56
-801
-1460
-1987
-2330
-2101
-1504
-778
307
1570
2638
3485
3973
4051
3696
2811
1693
374
-1196
-2571
-3821
-4930
-5538
-5811
-5682
-5073
-4148
-2902
-1525
-131
1390
2973
4293
5312
6052
6504
6971
7187
6827
6399
6098
5649
4991
3967
2931
1976
679
-466
-1578
-2833
-3551
-3961
-4273
-4339
-4361
-4190
-3710
-3706
-3863
-3681
-3921
-3958
-3798
-3719
-2925
-2059
-1020
506
1786
3062
4338
5125
5614
5753
5251
4435
3175
1567
185
-1446
-3014
-4063
-5108
-5745
-5908
-5879
-5402
-4844
-4175
-3187
-2324
-1541
-688
-20
480
978
1358
1694
2094
2609
3430
4154
4722
5727
6911
7817
8287
8441
8505
8268
7443
5914
4017
1775
-657
-2855
-5156
-7156
-8495
-9233
-9123
-8411
-7471
-6294
-4861
-3586
-2365
-1459
-959
-320
72
358
547
562
812
1155
1635
2254
2766
3066
3321
3483
3361
2911
1998
933
-218
-1587
-2801
-3902
-4909
-5488
-5937
-6111
-5840
-5411
-4539
-3512
-2403
-906
652
2249
3982
5470
6570
7585
8423
9156
9544
9136
8615
8113
7223
5914
4192
2420
689
-1261
-3163
-4863
-6188
-6895
-7298
-7193
-6644
-6078
-5180
-4316
-3745
-3083
-2770
-2744
-2452
-2275
-2076
-1418
-788
174
1503
2457
3651
4782
5352
5868
5732
5014
4059
2499
744
-1009
-2886
-4488
-5690
-6604
-6999
-7124
-6989
-6204
-5351
-4320
-2949
-1725
-174
1278
2382
3885
5222
6153
7071
7815
8429
8822
8616
8304
8076
7310
6280
5100
3587
1969
237
-1506
-3189
-4740
-5943
-6610
-6966
-7141
-6961
-6541
-5938
-5376
-4897
-4445
-4058
-3594
-3032
-2421
-1714
-676
532
1687
2817
3814
4709
5297
5485
5386
4897
3990
2798
1441
-120
-1740
-3172
-4371
-5333
-5984
-6273
-6240
-5918
-5323
-4430
-3332
-2158
-753
1017
2865
4478
5905
7220
8424
9318
9560
9481
9270
8683
7787
6464
4902
3218
1286
-571
-2267
-3810
-5070
-5858
-6298
-6419
-6285
-6107
-5643
-5413
-5302
-5043
-5076
-5021
-4781
-4331
-3592
-2637
-1461
6
1600
2982
4321
5322
6014
6419
6167
5476
4313
2886
1322
-454
-2101
-3500
-4651
-5451
-5903
-6046
-5889
-5581
-4946
-4030
-3040
-1975
-879
535
2108
3528
4735
5921
7157
8184
8843
9128
9265
9142
8596
7693
6383
4755
2845
1071
-657
-2483
-4085
-5324
-5972
-6365
-6470
-6260
-5887
-5685
-5629
-5492
-5580
-5719
-5724
-5369
-4590
-3633
-2368
-893
639
2183
3651
4773
5410
5750
5594
5078
4181
3033
1687
77
-1412
-2664
-3629
-4466
-5000
-5184
-5064
-4771
-4366
-3769
-2994
-2000
-888
482
1964
3383
4756
6108
7568
8839
9481
9846
10073
9937
9298
8068
6477
4722
2552
408
-1601
-3672
-5231
-6264
-6699
-6828
-6867
-6653
-6114
-5787
-5660
-5499
-5591
-5538
-5380
-5063
-4428
-3672
-2514
-1044
442
1924
3403
4657
5507
6045
5982
5506
4578
3296
1875
106
-1594
-2984
-4141
-5149
-5817
-6088
-5938
-5563
-5038
-4174
-3145
-1982
-715
857
2628
4304
5725
7031
8446
9534
10021
10099
10023
9775
9052
7842
6413
4725
2613
601
-1214
-3041
-4563
-5648
-6106
-6271
-6471
-6535
-6238
-6086
-6198
-6246
-6431
-6523
-6442
-6185
-5595
-4621
-3326
-1641
271
2086
3964
5493
6434
6915
6702
6004
4806
3257
1630
-109
-1738
-3058
-4158
-5084
-5657
-5875
-5665
-5187
-4618
-3779
-2848
-1951
-760
679
2237
3775
5254
6914
8554
9676
10203
10592
10737
10519
9844
8545
6981
5057
2740
483
-1909
-4022
-5505
-6473
-7046
-7248
-7204
-6972
-6493
-6339
-6046
-5782
-5867
-5746
-5578
-5260
-4667
-3879
-2722
-1257
296
1803
3371
4484
5285
5792
5756
5322
4400
3226
1794
112
-1532
-3027
-4237
-5170
-5820
-6128
-6111
-5782
-5179
-4440
-3511
-2222
-769
990
2901
4662
6277
7824
9309
10655
11240
11280
11204
10954
10269
8941
7109
5084
2901
666
-1668
-4051
-5853
-7100
-7812
-8012
-8047
-7830
-7262
-6880
-6401
-5938
-5808
-5581
-5189
-4836
-4265
-3629
-2719
-1422
-13
1546
3171
4581
5675
6421
6592
6258
5212
3820
2233
365
-1483
-3284
-4787
-5797
-6548
-7007
-7122
-6893
-6182
-5126
-3965
-2371
-730
1033
3099
4958
6610
7886
9018
10210
10899
10913
10790
10546
9971
9021
7632
5986
3975
1834
-121
-2307
-4256
-5760
-6720
-7282
-7618
-7594
-7264
-7030
-6934
-6542
-6404
-6409
-6198
-5819
-5140
-4333
-3197
-1711
-110
1529
3142
4603
5517
6074
6148
5813
4883
3489
1948
72
-1708
-3393
-4854
-5818
-6588
-6940
-6831
-6431
-5601
-4534
-3594
-2319
-824
712
2683
4468
6065
7532
8821
10157
11223
11414
11281
11113
10627
9711
8206
6462
4577
2294
78
-2121
-4161
-5796
-7127
-7895
-8206
-8218
-7871
-7334
-7050
-6675
-6357
-6216
-5936
-5575
-5035
-4197
-3168
-1702
-58
1538
3107
4513
5485
5939
6078
5838
5007
3680
2160
649
-970
-2714
-4253
-5422
-6211
-6746
-6825
-6612
-6105
-5299
-4482
-3290
-1838
-525
1097
2992
4986
6640
7848
9147
10547
11276
11179
11126
11027
10489
9390
7841
6183
4132
1779
-493
-2837
-4785
-6395
-7472
-7950
-8081
-7962
-7678
-7321
-6882
-6407
-6274
-6064
-5459
-4860
-4178
-3314
-2184
-690
639
1969
3352
4541
5300
5709
5644
5153
4143
2813
1398
-175
-1856
-3386
-4612
-5559
-6312
-6826
-6866
-6613
-6164
-5368
-4245
-2891
-1370
111
1962
4052
6001
7483
8792
10104
11349
11822
11693
11492
11004
10093
8661
6957
5067
2808
524
-1674
-3753
-5640
-7241
-8121
-8531
-8529
-8351
-7884
-7342
-6752
-6297
-6082
-5799
-5314
-4705
-3997
-3064
-1770
-221
1305
2712
4077
5119
5661
6005
5901
5203
4014
2657
1142
-521
-2309
-3838
-5052
-6020
-6651
-6862
-6656
-6322
-5737
-5033
-4021
-2462
-847
778
2633
4702
6739
8287
9502
10602
11459
11599
11476
11147
10334
9276
7863
6170
4043
1635
-495
-2511
-4532
-6163
-7254
-7803
-8049
-7996
-7721
-7325
-6988
-6450
-5905
-5710
-5361
-4758
-4025
-3164
-2224
-964
492
1752
2973
4112
4896
5276
5338
4864
3970
2769
1449
10
-1432
-2796
-3999
-5100
-5957
-6365
-6584
-6693
-6497
-5824
-4921
-3891
-2472
-792
920
2765
4706
6646
8015
9094
10265
11312
11779
11760
11597
11305
10612
9253
7518
5506
3176
848
-1661
-4217
-6313
-7928
-8969
-9599
-9820
-9540
-8875
-8133
-7185
-6169
-5335
-4642
-3928
-3264
-2788
-2277
-1457
-416
615
1656
2798
3925
4749
5288
5559
5336
4462
3209
1773
177
-1630
-3510
-5178
-6302
-6937
-7331
-7377
-6940
-6064
-4975
-3857
-2542
-1068
299
1849
3894
6127
7761
8834
10100
11452
12208
12135
11777
11529
11021
9827
8176
6307
3966
1433
-1081
-3583
-5709
-7405
-8529
-9083
-9208
-8994
-8452
-7730
-7054
-6341
-5917
-5598
-5100
-4646
-4235
-3723
-2775
-1545
-317
1007
2497
4038
5049
5605
5897
5584
4651
3296
1839
238
-1533
-3282
-4726
-5707
-6452
-6932
-7049
-6793
-6089
-5248
-4275
-2920
-1260
324
1648
3248
5163
6796
7942
9063
10405
11505
11835
11832
11779
11466
10623
9323
7651
5468
3095
789
-1601
-4025
-6284
-7917
-8748
-9274
-9479
-9359
-8793
-8002
-7111
-6440
-5899
-5180
-4434
-3656
-2956
-2228
-1275
-339
701
1784
2748
3638
4256
4771
4771
4274
3429
2411
1136
-447
-2037
-3560
-4869
-5897
-6636
-6933
-6928
-6592
-5878
-4977
-3857
-2579
-991
558
2162
3999
5838
7473
8784
10031
11264
12045
12226
12119
11877
11283
10211
8711
6777
4576
2183
-261
-2813
-5189
-7118
-8479
-9344
-9788
-9661
-9005
-8229
-7561
-6797
-6049
-5409
-4882
-4430
-3838
-3081
-2240
-1134
35
1117
2108
3182
4070
4508
4656
4449
3965
3156
1935
576
-851
-2346
-3702
-4900
-5790
-6326
-6557
-6538
-6176
-5447
-4616
-3584
-2216
-597
1011
2631
4645
6710
8360
9667
10871
12072
12711
12642
12286
11717
10720
9147
7318
5182
2779
356
-2174
-4410
-6259
-7813
-8851
-9414
-9422
-9034
-8383
-7688
-6900
-6019
-5508
-5070
-4578
-4099
-3633
-3115
-2223
-1118
52
1269
2523
3789
4566
4924
5028
4738
3995
2880
1536
52
-1494
-3094
-4514
-5589
-6347
-6908
-7110
-6834
-6101
-5224
-4331
-3068
-1426
217
1774
3660
5882
7808
9180
10359
11542
12464
12497
12135
11707
11083
10066
8532
6865
4852
2517
99
-2317
-4487
-6473
-8057
-8946
-9342
-9245
-8963
-8383
-7678
-6943
-6333
-5915
-5327
-4814
-4317
-3759
-2987
-1917
-863
207
1452
2758
3862
4512
4915
4963
4541
3665
2468
1015
-613
-2223
-3699
-4926
-5928
-6593
-6884
-6812
-6362
-5568
-4593
-3459
-2083
-541
1006
2733
4790
6774
8261
9441
10694
11915
12492
12348
12034
11669
10917
9573
7853
5866
3571
1111
-1332
-3687
-5763
-7384
-8426
-9058
-9372
-9274
-8729
-7979
-7289
-6539
-5924
-5445
-4915
-4392
-3841
-3215
-2391
-1297
-61
1190
2413
3571
4336
4825
5014
4705
3957
2773
1341
-197
-1693
-3093
-4303
-5293
-6059
-6513
-6768
-6664
-6117
-5381
-4514
-3320
-1578
213
1875
3657
5687
7616
8953
10192
11495
12533
12769
12425
12055
11451
10387
8814
6986
4932
2544
137
-2312
-4597
-6625
-8255
-9149
-9558
-9474
-9106
-8514
-7762
-6954
-6238
-5772
-5259
-4693
-4163
-3682
-3118
-2217
-1141
19
1296
2612
3741
4434
4811
4845
4416
3570
2445
1184
-220
-1807
-3403
-4813
-5884
-6501
-6813
-6829
-6459
-5725
-4793
-3738
-2330
-604
1191
3026
5097
7181
8726
9789
10870
12042
12720
12649
12349
11876
10952
9438
7625
5746
3508
1097
-1296
-3617
-5783
-7609
-8745
-9326
-9498
-9285
-8751
-7986
-7243
-6496
-5980
-5618
-5126
-4625
-4138
-3571
-2625
-1372
-201
952
2202
3371
4153
4605
4881
4676
3920
2747
1349
-152
-1751
-3216
-4482
-5529
-6196
-6584
-6707
-6523
-5917
-4992
-3975
-2656
-1013
642
2207
4000
6125
8000
9364
10556
11854
12809
12917
12639
12209
11488
10218
8456
6519
4331
1876
-604
-3076
-5379
-7267
-8553
-9273
-9556
-9415
-8924
-8241
-7559
-6830
-6281
-5831
-5294
-4637
-4037
-3620
-2999
-1969
-852
229
1375
2640
3764
4438
4824
4858
4401
3499
2388
1106
-381
-1994
-3539
-4853
-5821
-6425
-6767
-6805
-6341
-5423
-4444
-3361
-1902
-149
1514
3176
5217
7325
8873
10008
11190
12344
12811
12569
12144
11605
10696
9214
7437
5470
3198
743
-1767
-4167
-6277
-8069
-9276
-9933
-10022
-9690
-9092
-8266
-7341
-6481
-5915
-5455
-4862
-4247
-3716
-3129
-2247
-1132
-89
1040
2253
3376
4131
4569
4822
4666
3940
2818
1494
61
-1541
-3140
-4476
-5387
-5906
-6257
-6378
-6133
-5481
-4722
-3887
-2728
-1140
502
2144
4087
6283
8107
9312
10400
11618
12532
12674
12337
11912
11331
10239
8654
6686
4404
1923
-571
-2916
-5188
-7217
-8741
-9530
-9802
-9748
-9455
-8824
-7932
-6968
-6142
-5525
-4896
-4283
-3735
-3287
-2672
-1804
-775
273
1458
2641
3600
4141
4450
4488
4057
3177
2095
969
-364
-1884
-3360
-4540
-5515
-6208
-6577
-6500
-6099
-5371
-4424
-3261
-1887
-329
1246
2877
4780
6836
8570
9827
10964
12089
12811
12767
12348
11730
10804
9355
7567
5583
3320
863
-1569
-3884
-6025
-7849
-9124
-9814
-10015
-9736
-9063
-8110
-7154
-6273
-5582
-5064
-4556
-4058
-3635
-3179
-2483
-1447
-365
655
1703
2754
3688
4261
4534
4443
3933
3066
1908
580
-876
-2367
-3745
-4986
-5858
-6372
-6600
-6481
-5995
-5099
-4161
-3012
-1498
194
1835
3498
5554
7645
9142
10232
11280
12341
12748
12384
11813
11106
10216
8844
7088
4993
2586
123
-2328
-4593
-6542
-8133
-9152
-9664
-9624
-9130
-8459
-7645
-6786
-6013
-5586
-5276
-4738
-4070
-3444
-2821
-2028
-1083
-188
833
2098
3321
4049
4281
4333
4122
3512
2500
1254
-78
-1501
-2982
-4348
-5412
-6063
-6424
-6486
-6189
-5535
-4685
-3752
-2453
-790
901
2445
4129
6095
7864
9138
10227
11328
12142
12219
11800
11260
10606
9640
8239
6540
4548
2313
-27
-2356
-4557
-6519
-8061
-8969
-9355
-9298
-8986
-8356
-7468
-6571
-5797
-5216
-4599
-4018
-3609
-3179
-2590
-1790
-994
-223
798
1877
2865
3511
3993
4321
4137
3500
2492
1267
-171
-1758
-3214
-4495
-5539
-6290
-6710
-6662
-6335
-5715
-4783
-3563
-2064
-446
1184
2791
4517
6385
7988
9175
10104
10948
11642
11773
11487
10998
10391
9530
8203
6514
4427
2155
-85
-2398
-4672
-6728
-8215
-9007
-9374
-9305
-8872
-8065
-7108
-6223
-5434
-4896
-4438
-4005
-3579
-3157
-2673
-1959
-1050
-79
929
1928
2934
3709
4163
4264
4001
3459
2530
1291
-180
-1661
-3048
-4310
-5338
-6024
-6415
-6505
-6311
-5667
-4763
-3695
-2377
-794
925
2542
4273
6186
7919
9134
10042
10982
11776
11874
11405
10736
10090
9150
7775
6091
4171
2106
-88
-2292
-4432
-6369
-7851
-8754
-9102
-8973
-8536
-7792
-6891
-5998
-5311
-4849
-4384
-3942
-3540
-3216
-2742
-2000
-1136
-167
850
1881
2816
3492
4004
4208
4026
3445
2384
1165
-298
-1798
-3384
-4803
-5769
-6370
-6614
-6595
-6165
-5394
-4493
-3310
-1834
-177
1385
2810
4456
6192
7822
8971
9842
10607
11206
11390
11175
10793
10280
9425
8095
6416
4480
2362
98
-2124
-4220
-6143
-7704
-8742
-9185
-9090
-8667
-7872
-6974
-6081
-5405
-4900
-4387
-3996
-3684
-3469
-3086
-2431
-1599
-600
473
1574
2555
3342
3940
4213
4146
3708
2949
1848
361
-1278
-2877
-4234
-5304
-6072
-6529
-6693
-6459
-5794
-4764
-3570
-2201
-638
1033
2639
4227
5935
7542
8725
9518
10274
10980
11253
10926
10352
9779
9115
8128
6780
5053
3055
926
-1155
-3178
-5108
-6703
-7800
-8400
-8686
-8638
-8196
-7413
-6554
-5843
-5386
-4997
-4548
-4067
-3689
-3337
-2734
-1802
-724
359
1437
2457
3300
3898
4279
4272
3816
2926
1829
541
-953
-2552
-4068
-5287
-6138
-6596
-6689
-6395
-5771
-4876
-3799
-2452
-864
814
2351
3825
5399
6948
8146
8966
9751
10573
11068
10997
10610
10170
9587
8631
7374
5850
4026
1913
-313
-2528
-4710
-6604
-7948
-8665
-8924
-8827
-8340
-7583
-6788
-6088
-5531
-5031
-4570
-4201
-3888
-3529
-2941
-2122
-1201
-157
1088
2355
3383
4045
4448
4565
4165
3229
1988
636
-809
-2297
-3712
-4867
-5735
-6308
-6539
-6374
-5846
-5010
-3990
-2763
-1291
288
1815
3237
4754
6379
7790
8866
9767
10543
11067
11109
10859
10472
9869
8994
7783
6255
4427
2352
179
-2058
-4286
-6162
-7510
-8304
-8686
-8725
-8396
-7799
-7082
-6385
-5859
-5494
-5125
-4721
-4298
-3889
-3349
-2538
-1553
-428
843
2095
3183
4037
4627
4850
4512
3657
2530
1183
-402
-2003
-3476
-4707
-5656
-6333
-6559
-6410
-5956
-5141
-4098
-2852
-1432
65
1568
2922
4199
5584
6907
7964
8790
9526
10243
10736
10766
10527
10094
9462
8552
7250
5688
3856
1780
-347
-2515
-4669
-6570
-8008
-8826
-9171
-9145
-8727
-7943
-7068
-6325
-5759
-5274
-4766
-4376
-4045
-3573
-2813
-1789
-722
381
1534
2591
3483
4093
4367
4237
3781
3054
1998
605
-981
-2479
-3799
-4922
-5776
-6243
-6248
-5849
-5191
-4329
-3339
-2178
-894
428
1726
2953
4290
5720
7019
8005
8767
9500
10156
10489
10422
10166
9826
9267
8381
7065
5414
3471
1309
-890
-3156
-5218
-6922
-8088
-8750
-9073
-9008
-8514
-7763
-7042
-6385
-5725
-5041
-4463
-3979
-3518
-3017
-2420
-1624
-681
396
1511
2580
3506
4103
4285
4054
3420
2450
1254
-101
-1481
-2831
-3985
-4905
-5555
-5878
-5888
-5572
-4944
-4065
-3056
-1973
-747
615
1984
3272
4615
6062
7323
8260
9028
9794
10409
10629
10545
10307
9892
9181
8073
6612
4835
2869
806
-1375
-3626
-5685
-7202
-8166
-8755
-9001
-8842
-8247
-7471
-6749
-6168
-5697
-5226
-4755
-4292
-3821
-3253
-2481
-1485
-368
765
1839
2793
3581
4115
4243
3957
3280
2323
1138
-271
-1763
-3184
-4388
-5276
-5799
-5958
-5793
-5347
-4638
-3713
-2726
-1644
-393
963
2336
3673
5096
6551
7815
8761
9512
10169
10661
10811
10655
10309
9828
9052
7891
6297
4400
2344
173
-2035
-4243
-6170
-7663
-8622
-9169
-9324
-9151
-8626
-7855
-7008
-6270
-5668
-5080
-4452
-3860
-3354
-2767
-1987
-975
122
1240
2232
3097
3744
4115
4058
3545
2687
1629
411
-899
-2208
-3445
-4441
-5184
-5659
-5842
-5717
-5281
-4557
-3663
-2564
-1263
121
1494
2777
4034
5459
6847
8020
8931
9686
10445
10965
11025
10793
10378
9792
8890
7541
5867
3962
1825
-418
-2676
-4804
-6576
-7991
-8929
-9381
-9404
-9004
-8301
-7472
-6637
-5988
-5461
-4919
-4374
-3902
-3454
-2826
-1883
-816
202
1232
2276
3191
3779
4041
3973
3518
2698
1614
346
-1023
-2405
-3581
-4496
-5159
-5570
-5688
-5487
-4970
-4209
-3354
-2357
-1150
258
1669
2909
4195
5641
7055
8226
9083
9789
10375
10696
10688
10429
9951
9323
8438
7201
5646
3780
1737
-408
-2660
-4812
-6637
-7969
-8807
-9281
-9379
-9013
-8325
-7548
-6834
-6194
-5487
-4833
-4290
-3821
-3238
-2476
-1615
-699
287
1354
2329
3102
3624
3841
3757
3297
2542
1517
253
-1086
-2428
-3627
-4662
-5386
-5774
-5838
-5586
-5050
-4205
-3213
-2099
-839
509
1935
3274
4620
6026
7324
8443
9306
10051
10671
11008
10917
10552
10043
9384
8451
7070
5371
3451
1306
-864
-3106
-5211
-7003
-8400
-9193
-9532
-9464
-9063
-8406
-7571
-6709
-5967
-5331
-4740
-4204
-3701
-3127
-2489
-1631
-685
366
1433
2331
3142
3700
3938
3777
3176
2320
1265
2
-1328
-2608
-3722
-4629
-5283
-5617
-5563
-5300
-4726
-3877
-2866
-1679
-404
963
2303
3549
4835
6222
7513
8524
9282
9971
10612
10922
10777
10434
9897
9183
8120
6692
4992
3041
975
-1224
-3483
-5566
-7236
-8424
-9200
-9579
-9517
-9053
-8333
-7574
-6783
-6056
-5364
-4705
-4082
-3496
-2983
-2345
-1466
-489
505
1451
2359
3143
3620
3799
3652
3114
2215
1065
-198
-1490
-2779
-3970
-4877
-5448
-5683
-5578
-5211
-4527
-3618
-2605
-1417
-61
1347
2736
4025
5442
6859
8047
8955
9692
10321
10758
10848
10662
10328
9769
8925
7719
6147
4298
2230
-6
-2234
-4440
-6325
-7814
-8813
-9363
-9501
-9239
-8648
-7897
-7099
-6343
-5632
-4950
-4383
-3868
-3357
-2740
-2019
-1196
-258
859
1945
2896
3578
3943
3890
3385
2566
1585
443
-802
-2013
-3101
-4029
-4841
-5406
-5629
-5531
-5101
-4331
-3264
-2045
-759
566
1921
3211
4442
5730
7001
8127
9012
9697
10201
10493
10457
10245
9864
9342
8518
7323
5714
3827
1732
-459
-2691
-4857
-6721
-8118
-8990
-9454
-9553
-9323
-8684
-7858
-6972
-6183
-5431
-4736
-4112
-3614
-3099
-2500
-1721
-805
178
1135
1985
2720
3270
3526
3424
3023
2316
1381
209
-1030
-2238
-3346
-4300
-4973
-5367
-5383
-5106
-4523
-3712
-2749
-1649
-406
915
2278
3606
4942
6297
7517
8552
9388
10079
10612
10854
10757
10462
9933
9211
8142
6683
4932
2964
816
-1364
-3585
-5630
-7340
-8606
-9333
-9583
-9438
-8900
-8144
-7314
-6517
-5863
-5246
-4703
-4203
-3680
-3086
-2391
-1540
-640
387
1411
2324
3062
3529
3656
3463
2880
2034
985
-303
-1616
-2907
-4039
-4858
-5414
-5653
-5465
-5026
-4248
-3334
-2357
-1182
105
1427
2784
4027
5331
6627
7698
8616
9334
9934
10440
10629
10548
10265
9752
9093
8033
6541
4762
2781
703
-1502
-3830
-5882
-7501
-8603
-9266
-9584
-9450
-8867
-8072
-7217
-6464
-5772
-5086
-4531
-4058
-3605
-3065
-2345
-1508
-592
417
1383
2306
3056
3487
3568
3279
2669
1807
639
-646
-1912
-3092
-4113
-4857
-5260
-5274
-5092
-4655
-3898
-2895
-1747
-539
690
1962
3185
4388
5679
6869
7893
8686
9398
10061
10556
10670
10503
10057
9450
8592
7404
5826
3928
1835
-259
-2360
-4485
-6406
-7895
-8817
-9311
-9453
-9228
-8564
-7727
-6901
-6218
-5600
-5024
-4490
-4016
-3475
-2850
-2087
-1173
-184
779
1610
2338
2962
3328
3279
2859
2160
1315
258
-943
-2095
-3075
-3880
-4462
-4808
-4867
-4694
-4273
-3524
-2515
-1401
-208
1039
2266
3396
4480
5691
6924
7948
8726
9421
10031
10457
10492
10254
9838
9250
8379
7157
5547
3706
1691
-436
-2601
-4704
-6527
-7935
-8908
-9422
-9421
-8994
-8223
-7428
-6713
-6106
-5539
-5041
-4607
-4224
-3694
-3003
-2148
-1226
-310
572
1404
2165
2832
3233
3287
3022
2392
1469
250
-1045
-2251
-3340
-4262
-4846
-5073
-4930
-4592
-4009
-3142
-2084
-938
300
1584
2888
4031
5055
6107
7104
7992
8653
9142
9586
9881
9887
9695
9323
8890
8189
7057
5512
3687
1653
-527
-2831
-4972
-6716
-7997
-8831
-9312
-9380
-9001
-8291
-7479
-6696
-6036
-5400
-4841
-4336
-3897
-3406
-2756
-1920
-1009
-73
837
1701
2456
2976
3205
3129
2756
2082
1165
63
-1080
-2180
-3132
-3906
-4444
-4734
-4755
-4524
-3952
-3093
-2104
-1080
34
1280
2562
3751
4866
6009
7105
8010
8654
9172
9622
9932
9981
9793
9381
8777
7905
6701
5174
3414
1478
-611
-2844
-5038
-6906
-8269
-9077
-9458
-9439
-9036
-8323
-7503
-6702
-5996
-5362
-4808
-4307
-3846
-3331
-2705
-1892
-947
24
895
1690
2434
3025
3332
3292
2931
2268
1309
102
-1139
-2294
-3242
-3921
-4319
-4502
-4477
-4236
-3616
-2704
-1693
-715
303
1450
2695
3860
4927
5968
6916
7717
8332
8880
9416
9816
9891
9740
9437
9007
8232
6970
5269
3352
1288
-869
-3096
-5244
-7076
-8454
-9302
-9628
-9514
-9069
-8356
-7544
-6705
-5977
-5361
-4827
-4307
-3833
-3345
-2788
-2042
-1130
-159
775
1655
2427
2976
3234
3182
2850
2221
1332
235
-898
-1990
-2933
-3671
-4170
-4452
-4456
-4192
-3590
-2794
-1912
-982
44
1184
2427
3644
4817
5978
7024
7925
8618
9159
9587
9908
10000
9913
9576
9013
8147
6920
5320
3504
1433
-780
-3062
-5258
-7082
-8415
-9265
-9632
-9578
-9199
-8477
-7651
-6821
-6032
-5386
-4844
-4317
-3880
-3389
-2826
-2139
-1237
-201
797
1758
2564
3157
3505
3476
3094
2433
1462
337
-844
-2034
-3098
-3948
-4473
-4618
-4507
-4222
-3636
-2822
-1834
-805
236
1345
2478
3536
4619
5736
6823
7758
8494
9121
9656
9987
10039
9896
9564
9079
8214
6953
5365
3536
1474
-745
-3059
-5233
-7063
-8463
-9343
-9739
-9730
-9327
-8590
-7747
-6903
-6212
-5594
-4966
-4344
-3793
-3205
-2545
-1743
-814
144
1081
1947
2599
3000
3148
3012
2611
1960
1091
111
-920
-1971
-2896
-3640
-4117
-4309
-4261
-4011
-3500
-2818
-1969
-982
89
1219
2373
3479
4583
5697
6755
7701
8478
9135
9709
10103
10183
9999
9616
9071
8252
7037
5410
3473
1333
-914
-3152
-5244
-7048
-8429
-9300
-9652
-9554
-9102
-8405
-7560
-6700
-5913
-5220
-4647
-4189
-3789
-3350
-2770
-2022
-1158
-259
626
1505
2323
2935
3225
3183
2847
2302
1519
534
-579
-1740
-2783
-3645
-4282
-4621
-4642
-4388
-3867
-3113
-2207
-1155
-72
1001
2137
3270
4471
5729
6907
7925
8738
9388
9915
10277
10303
10064
9657
9083
8300
7084
5475
3593
1512
-665
-2884
-5000
-6854
-8299
-9262
-9701
-9652
-9263
-8610
-7874
-7087
-6303
-5636
-5038
-4502
-3984
-3396
-2703
-1906
-1023
-126
770
1700
2506
3078
3381
3352
3037
2425
1530
513
-559
-1713
-2821
-3731
-4328
-4531
-4519
-4353
-3883
-3147
-2221
-1211
-214
898
2129
3285
4430
5647
6835
7900
8696
9283
9859
10284
10388
10215
9780
9142
8258
6974
5356
3491
1353
-907
-3149
-5211
-6908
-8249
-9214
-9671
-9618
-9171
-8467
-7692
-6932
-6188
-5534
-4920
-4334
-3852
-3375
-2737
-1916
-957
48
1025
2002
2813
3274
3484
3464
3114
2419
1414
301
-752
-1795
-2812
-3681
-4340
-4664
-4660
-4425
-3898
-3148
-2270
-1276
-222
901
2094
3240
4436
5731
6930
7954
8792
9508
10144
10469
10404
10099
9623
8994
8063
6690
4964
3034
921
-1284
-3544
-5685
-7471
-8754
-9514
-9766
-9627
-9178
-8456
-7601
-6744
-5984
-5350
-4758
-4138
-3546
-2932
-2274
-1539
-686
247
1154
2003
2677
3178
3521
3567
3226
2541
1571
500
-603
-1795
-2932
-3844
-4440
-4699
-4691
-4466
-3934
-3173
-2250
-1180
-14
1222
2499
3744
4989
6205
7268
8118
8783
9333
9798
10061
10039
9804
9407
8806
7868
6542
4885
2978
858
-1381
-3648
-5730
-7474
-8797
-9614
-9919
-9793
-9297
-8548
-7663
-6764
-5976
-5283
-4646
-4074
-3525
-2966
-2321
-1532
-651
297
1280
2213
2936
3337
3426
3233
2734
1931
895
-175
-1201
-2178
-3072
-3774
-4221
-4384
-4370
-4112
-3547
-2756
-1848
-850
241
1457
2680
3824
5011
6257
7499
8574
9439
10092
10539
10663
10505
10104
9521
8641
7427
5857
3994
1863
-466
-2838
-5020
-6813
-8151
-9023
-9490
-9531
-9221
-8637
-7954
-7198
-6455
-5706
-5033
-4428
-3867
-3263
-2640
-1952
-1152
-212
806
1751
2535
3161
3579
3675
3398
2739
1822
729
-455
-1647
-2753
-3692
-4351
-4758
-4866
-4731
-4306
-3609
-2667
-1611
-429
788
2027
3212
4340
5460
6539
7509
8325
9039
9648
10121
10292
10221
9878
9355
8523
7322
5743
3946
1888
-287
-2585
-4823
-6768
-8295
-9318
-9794
-9775
-9389
-8741
-7997
-7158
-6367
-5650
-5034
-4409
-3807
-3189
-2617
-1921
-1098
-158
799
1716
2548
3185
3499
3471
3115
2455
1544
451
-672
-1776
-2782
-3642
-4211
-4498
-4518
-4356
-3906
-3155
-2212
-1216
-207
844
1991
3129
4275
5477
6689
7821
8795
9610
10271
10694
10747
10497
9968
9255
8231
6824
5096
3158
1084
-1107
-3388
-5456
-7117
-8359
-9228
-9659
-9627
-9178
-8490
-7709
-6856
-6128
-5545
-5048
-4520
-3914
-3258
-2553
-1788
-925
40
1045
2028
2830
3394
3634
3506
3024
2256
1270
148
-1021
-2174
-3250
-4068
-4556
-4670
-4555
-4304
-3841
-3119
-2149
-1072
148
1399
2663
3847
4978
6070
7102
7976
8757
9405
9966
10324
10391
10189
9730
9053
8006
6568
4732
2708
522
-1713
-4000
-6057
-7713
-8871
-9548
-9710
-9456
-8817
-8027
-7233
-6473
-5828
-5242
-4733
-4225
-3737
-3150
-2478
-1633
-679
353
1337
2285
3058
3557
3722
3544
3029
2224
1139
-112
-1324
-2495
-3522
-4255
-4670
-4743
-4554
-4217
-3572
-2703
-1748
-718
350
1500
2768
3984
5209
6381
7417
8307
9051
9608
10039
10206
10145
9919
9483
8808
7741
6222
4383
2318
127
-2088
-4292
-6176
-7656
-8743
-9404
-9622
-9469
-8937
-8255
-7479
-6623
-5833
-5187
-4661
-4230
-3744
-3156
-2471
-1639
-638
456
1500
2412
3140
3602
3655
3299
2617
1730
696
-417
-1526
-2569
-3518
-4182
-4494
-4503
-4362
-4022
-3386
-2454
-1411
-324
761
1897
3059
4243
5461
6643
7719
8661
9461
10072
10524
10613
10437
9933
9230
8329
7114
5472
3575
1467
-683
-2910
-5075
-6895
-8309
-9203
-9613
-9516
-9062
-8347
-7613
-6877
-6246
-5673
-5236
-4824
-4403
-3803
-3016
-2122
-1122
-37
1050
2039
2825
3360
3680
3636
3234
2486
1470
311
-869
-2012
-3026
-3876
-4445
-4701
-4637
-4328
-3802
-3063
-2190
-1206
-84
1080
2307
3458
4581
5789
6957
8004
8897
9582
10163
10509
10551
10343
9868
9159
8112
6710
5008
3047
849
-1398
-3629
-5595
-7276
-8503
-9199
-9430
-9308
-8885
-8298
-7570
-6907
-6309
-5722
-5213
-4705
-4168
-3540
-2771
-1884
-880
229
1249
2229
3038
3608
3838
3714
3257
2506
1414
155
-1145
-2384
-3492
-4337
-4835
-4968
-4779
-4342
-3649
-2763
-1786
-745
344
1480
2703
3863
5054
6203
7279
8199
8936
9485
9896
10064
10078
9915
9535
8896
7906
6561
4853
2794
537
-1763
-4035
-6011
-7625
-8723
-9335
-9503
-9291
-8759
-8132
-7400
-6681
-6032
-5446
-4923
-4425
-3857
-3225
-2474
-1585
-625
463
1499
2392
3056
3468
3568
3284
2614
1755
742
-350
-1499
-2532
-3340
-3928
-4318
-4417
-4244
-3812
-3152
-2384
-1516
-575
449
1605
2758
3904
5158
6420
7587
8523
9277
9897
10341
10430
10304
9928
9329
8467
7219
5598
3725
1615
-544
-2791
-4913
-6643
-7912
-8769
-9196
-9215
-8886
-8289
-7684
-7011
-6419
-5890
-5338
-4826
-4358
-3778
-3108
-2267
-1401
-385
735
1823
2649
3269
3672
3736
3365
2620
1704
597
-644
-1888
-2965
-3827
-4440
-4757
-4694
-4434
-3872
-3106
-2185
-1169
-51
1122
2310
3332
4396
5583
6644
7555
8282
8979
9653
10016
10089
10018
9708
9199
8300
6989
5362
3483
1450
-605
-2856
-4922
-6587
-7832
-8613
-9120
-9182
-8806
-8285
-7625
-6929
-6336
-5777
-5264
-4773
-4250
-3702
-2989
-2012
-1040
-5
1016
1937
2718
3227
3445
3343
2823
2126
1253
213
-914
-2022
-2975
-3697
-4218
-4472
-4403
-4104
-3502
-2746
-1899
-980
5
1045
2188
3323
4549
5728
6793
7778
8675
9464
10033
10296
10309
10062
9485
8706
7671
6363
4753
2862
826
-1341
-3579
-5547
-7123
-8183
-8753
-8957
-8771
-8352
-7820
-7178
-6576
-6034
-5499
-5007
-4514
-4038
-3523
-2804
-1934
-934
181
1228
2099
2710
3060
3221
3042
2549
1863
954
-167
-1415
-2618
-3591
-4271
-4638
-4621
-4383
-3990
-3365
-2557
-1596
-553
549
1796
3048
4253
5436
6484
7396
8246
9071
9832
10352
10539
10518
10197
9519
8528
7225
5687
3871
1783
-432
-2681
-4757
-6424
-7635
-8388
-8718
-8724
-8467
-8047
-7559
-6953
-6351
-5770
-5253
-4876
-4518
-4085
-3492
-2712
-1767
-639
587
1702
2601
3241
3589
3617
3285
2556
1535
330
-900
-2073
-3176
-3987
-4519
-4756
-4684
-4421
-3901
-3165
-2191
-1013
131
1284
2447
3632
4843
5974
7022
7913
8747
9459
9960
10151
10075
9939
9573
8828
7769
6387
4780
2847
711
-1352
-3426
-5282
-6771
-7853
-8502
-8835
-8791
-8400
-7919
-7347
-6823
-6374
-5920
-5417
-4813
-4190
-3532
-2701
-1761
-777
203
1209
2194
2945
3378
3488
3282
2698
1814
767
-318
-1427
-2497
-3370
-3997
-4361
-4395
-4191
-3793
-3191
-2422
-1459
-466
597
1787
2946
4097
5258
6386
7447
8436
9335
10054
10393
10428
10240
9811
9087
8075
6711
5017
3094
1002
-1087
-3101
-4887
-6376
-7555
-8330
-8643
-8631
-8237
-7584
-6913
-6423
-6117
-5815
-5439
-5032
-4539
-3896
-3187
-2365
-1384
-253
961
2080
2930
3465
3591
3378
2869
2058
1076
-93
-1328
-2512
-3568
-4323
-4746
-4865
-4719
-4291
-3587
-2702
-1755
-681
487
1718
2902
4075
5287
6480
7517
8369
9091
9673
10021
10069
10018
9813
9324
8443
7292
5879
4129
2076
-78
-2236
-4222
-5939
-7280
-8173
-8631
-8696
-8499
-8070
-7449
-6825
-6341
-5880
-5416
-4982
-4576
-4035
-3316
-2455
-1509
-438
622
1641
2529
3141
3418
3430
3053
2307
1351
289
-879
-2121
-3185
-3961
-4539
-4840
-4801
-4499
-3864
-3029
-2080
-1073
37
1201
2336
3460
4692
5864
6927
7888
8768
9477
9937
10135
10148
10016
9666
8942
7817
6452
4802
2870
748
-1371
-3426
-5256
-6734
-7765
-8414
-8624
-8477
-8112
-7613
-7053
-6525
-6082
-5642
-5190
-4754
-4329
-3756
-3020
-2119
-1115
-51
1016
2015
2805
3288
3473
3285
2707
1834
799
-362
-1565
-2742
-3668
-4326
-4667
-4676
-4428
-3977
-3306
-2438
-1398
-319
778
2032
3283
4498
5662
6779
7801
8689
9400
9965
10205
10225
10000
9489
8738
7757
6499
4933
3103
1123
-909
-2965
-4839
-6451
-7571
-8199
-8445
-8406
-8048
-7493
-6940
-6526
-6136
-5689
-5293
-4900
-4477
-3911
-3174
-2326
-1391
-353
742
1817
2682
3276
3581
3509
3076
2265
1174
-14
-1249
-2467
-3537
-4339
-4754
-4862
-4766
-4318
-3579
-2622
-1595
-506
685
1946
3086
4192
5272
6295
7236
7972
8627
9197
9647
9827
9839
9630
9263
8463
7334
5920
4279
2315
187
-1939
-3920
-5626
-7041
-7949
-8465
-8509
-8279
-7773
-7243
-6664
-6171
-5717
-5342
-4973
-4539
-4048
-3404
-2654
-1784
-875
122
1097
1946
2532
2904
3012
2751
2155
1285
278
-827
-1926
-2975
-3812
-4343
-4572
-4575
-4337
-3819
-3081
-2210
-1293
-194
1030
2283
3531
4865
6164
7342
8318
9145
9809
10247
10398
10301
9999
9466
8595
7402
5940
4224
2328
285
-1742
-3586
-5177
-6516
-7390
-7862
-7986
-7870
-7500
-7015
-6522
-6095
-5700
-5357
-5029
-4680
-4315
-3764
-3072
-2245
-1320
-235
866
1907
2710
3232
3373
3134
2530
1607
504
-755
-1974
-3055
-3892
-4596
-4992
-5084
-4857
-4349
-3562
-2594
-1459
-144
1141
2409
3643
4884
5954
6951
7847
8648
9247
9684
9858
9850
9692
9340
8754
7830
6552
4950
3159
1185
-813
-2771
-4498
-5975
-7046
-7749
-8034
-7993
-7681
-7304
-6842
-6325
-5857
-5486
-5168
-4835
-4477
-3958
-3255
-2358
-1424
-426
596
1625
2424
2907
3057
2907
2384
1546
546
-572
-1793
-2972
-3848
-4447
-4789
-4841
-4567
-4059
-3323
-2367
-1276
-173
900
2033
3202
4403
5575
6772
7818
8729
9515
10172
10475
10468
10224
9748
8974
7928
6686
5148
3313
1244
-758
-2687
-4449
-5990
-7063
-7749
-8039
-8002
-7655
-7239
-6829
-6446
-6106
-5768
-5423
-5055
-4626
-4047
-3387
-2510
-1494
-450
477
1348
2050
2566
2831
2757
2281
1517
610
-379
-1402
-2447
-3443
-4206
-4641
-4826
-4764
-4371
-3708
-2832
-1784
-650
532
1776
3067
4351
5642
6850
7962
8909
9657
10138
10382
10364
10139
9666
8932
7897
6560
4993
3276
1388
-614
-2518
-4222
-5641
-6709
-7374
-7652
-7566
-7289
-6880
-6387
-5939
-5638
-5395
-5170
-4989
-4772
-4388
-3777
-2975
-2045
-971
221
1339
2224
2867
3247
3234
2780
1997
988
-264
-1623
-2852
-3865
-4649
-5087
-5165
-4925
-4439
-3812
-2962
-1880
-749
402
1724
3050
4272
5507
6692
7656
8437
9138
9716
10058
10132
10012
9677
9076
8194
7024
5580
3855
1917
-59
-1989
-3846
-5439
-6602
-7370
-7788
-7866
-7678
-7317
-6882
-6480
-6115
-5768
-5440
-5124
-4706
-4128
-3480
-2752
-1852
-830
144
1087
2023
2745
3121
3185
2883
2193
1218
108
-1047
-2133
-3118
-3939
-4505
-4769
-4764
-4486
-3960
-3199
-2236
-1100
154
1451
2707
3904
5109
6251
7229
8059
8867
9574
10083
10317
10254
9795
9057
8101
6894
5366
3679
1932
152
-1716
-3545
-5164
-6469
-7354
-7841
-7966
-7788
-7310
-6710
-6129
-5730
-5401
-5106
-4830
-4544
-4132
-3606
-2855
-1974
-1040
-6
1006
1830
2478
2904
2994
2746
2139
1308
278
-939
-2146
-3160
-4013
-4602
-4891
-4889
-4588
-4078
-3445
-2556
-1474
-268
1111
2492
3780
5112
6394
7490
8385
9085
9734
10277
10417
10199
9878
9370
8578
7368
5762
3923
1941
-137
-2054
-3843
-5413
-6542
-7175
-7418
-7429
-7283
-6895
-6339
-5891
-5581
-5358
-5107
-4851
-4626
-4385
-3911
-3252
-2458
-1485
-345
774
1761
2504
2957
3032
2676
2081
1304
293
-855
-1994
-3025
-3838
-4480
-4905
-5073
-4937
-4359
-3506
-2625
-1557
-251
1139
2450
3667
4955
6335
7521
8419
9200
9893
10225
10166
9892
9531
9036
8251
7137
5840
4274
2444
514
-1480
-3374
-5019
-6190
-6896
-7297
-7464
-7336
-7022
-6549
-6134
-5830
-5571
-5251
-4914
-4636
-4338
-3846
-3156
-2345
-1386
-320
782
1646
2287
2750
2918
2634
2043
1272
381
-678
-1787
-2830
-3708
-4412
-4882
-5000
-4836
-4380
-3610
-2597
-1444
-251
916
2126
3256
4406
5609
6737
7770
8720
9501
10091
10381
10331
10025
9502
8772
7749
6400
4861
3085
1108
-900
-2901
-4688
-6087
-7043
-7593
-7825
-7691
-7230
-6696
-6182
-5752
-5421
-5080
-4777
-4530
-4240
-3855
-3312
-2636
-1800
-842
108
1019
1846
2497
2819
2759
2353
1644
756
-314
-1514
-2640
-3587
-4277
-4734
-4900
-4733
-4388
-3833
-3031
-2067
-978
234
1571
2891
4158
5502
6816
7866
8659
9327
9924
10279
10239
9964
9518
8834
7866
6592
5126
3466
1645
-160
-2007
-3830
-5364
-6445
-7135
-7525
-7499
-7115
-6622
-6106
-5592
-5216
-5006
-4833
-4608
-4336
-4046
-3600
-2946
-2136
-1223
-297
633
1503
2154
2551
2670
2430
1851
1003
-64
-1263
-2499
-3570
-4416
-5055
-5313
-5180
-4779
-4137
-3288
-2246
-1098
80
1369
2685
3945
5172
6326
7385
8335
9065
9672
10144
10337
10266
9910
9310
8450
7239
5768
4095
2287
437
-1463
-3310
-4906
-6175
-7020
-7480
-7664
-7434
-6943
-6383
-5826
-5410
-5110
-4874
-4708
-4530
-4283
-3812
-3088
-2269
-1345
-337
602
1381
1945
2264
2352
2202
1801
1103
217
-764
-1783
-2773
-3695
-4401
-4698
-4701
-4549
-4161
-3524
-2704
-1695
-582
567
1818
3197
4579
5834
6988
8021
8904
9584
10003
10196
10165
9817
9201
8456
7513
6193
4679
3051
1252
-613
-2509
-4275
-5647
-6674
-7301
-7517
-7445
-7118
-6633
-6056
-5642
-5435
-5085
-4746
-4607
-4354
-3957
-3425
-2714
-1916
-996
41
1046
1888
2507
2899
2818
2290
1602
604
-641
-1828
-2887
-3759
-4384
-4755
-4855
-4677
-4281
-3675
-2814
-1835
-766
439
1708
3001
4241
5422
6569
7619
8558
9284
9829
10222
10326
10160
9744
8978
7826
6430
4869
3059
1110
-818
-2628
-4196
-5534
-6559
-7165
-7384
-7245
-6864
-6351
-5847
-5501
-5201
-4993
-4889
-4772
-4580
-4086
-3409
-2664
-1695
-664
244
1111
1961
2490
2671
2589
2193
1602
712
-366
-1417
-2497
-3477
-4203
-4625
-4816
-4786
-4409
-3766
-2984
-2032
-1020
61
1343
2598
3850
5126
6295
7312
8147
8827
9330
9676
9766
9599
9316
8761
7854
6676
5266
3666
1893
134
-1617
-3325
-4770
-5869
-6614
-7042
-7202
-7125
-6756
-6195
-5679
-5326
-5027
-4751
-4489
-4206
-3886
-3469
-2899
-2155
-1242
-268
618
1300
1875
2386
2473
2211
1749
982
33
-947
-1926
-2869
-3743
-4358
-4596
-4596
-4434
-4030
-3318
-2460
-1439
-237
996
2221
3471
4755
5986
7025
7910
8623
9195
9626
9773
9644
9294
8745
7953
6912
5568
3966
2225
449
-1289
-2950
-4500
-5748
-6564
-6995
-7030
-6818
-6417
-5936
-5541
-5216
-4924
-4755
-4647
-4468
-4129
-3604
-3019
-2345
-1427
-415
487
1360
2079
2424
2447
2209
1685
1010
181
-850
-1878
-2842
-3754
-4421
-4673
-4612
-4324
-3758
-2978
-2193
-1380
-439
613
1780
3102
4393
5548
6642
7546
8364
9147
9675
9837
9765
9422
8814
7937
6826
5537
4050
2367
611
-1176
-2990
-4538
-5690
-6393
-6685
-6754
-6739
-6512
-6142
-5641
-5034
-4512
-4216
-4047
-3936
-3777
-3416
-2869
-2211
-1474
-711
-7
674
1290
1873
2295
2386
2033
1265
223
-868
-1956
-2885
-3528
-3985
-4264
-4329
-4223
-3882
-3328
-2664
-1802
-796
366
1691
2944
4099
5184
6125
6988
7748
8374
8923
9232
9236
9049
8642
8053
7259
6272
5007
3513
1812
5
-1830
-3455
-4708
-5532
-6130
-6553
-6719
-6619
-6307
-5932
-5482
-4984
-4585
-4408
-4279
-4173
-3847
-3314
-2589
-1763
-917
-206
511
1126
1570
1918
2076
1957
1479
672
-284
-1207
-2161
-2976
-3688
-4145
-4298
-4208
-3910
-3386
-2700
-1838
-913
5
994
2104
3279
4397
5459
6489
7427
8217
8750
9101
9251
9187
8865
8306
7520
6508
5288
3853
2267
567
-1121
-2776
-4164
-5289
-6036
-6548
-6724
-6622
-6257
-5824
-5319
-4853
-4539
-4319
-4153
-3988
-3858
-3532
-2987
-2216
-1433
-566
247
981
1507
1859
1933
1788
1397
794
101
-693
-1646
-2619
-3374
-3933
-4210
-4282
-4089
-3689
-3077
-2316
-1444
-450
687
1819
2884
4054
5182
6171
7036
7802
8418
8927
9224
9244
9028
8561
7900
6970
5812
4458
2959
1322
-388
-2160
-3735
-4956
-5859
-6500
-6747
-6610
-6249
-5828
-5452
-5112
-4788
-4486
-4254
-4036
-3810
-3487
-3114
-2621
-1960
-1150
-322
581
1408
1975
2250
2218
1896
1288
472
-447
-1382
-2311
-3132
-3794
-4201
-4337
-4203
-3852
-3252
-2503
-1698
-755
248
1254
2281
3356
4430
5439
6345
7091
7633
8102
8479
8622
8584
8464
8177
7611
6765
5638
4243
2659
1018
-675
-2355
-3762
-4890
-5738
-6283
-6570
-6617
-6419
-5990
-5560
-5240
-4858
-4426
-4124
-3926
-3683
-3296
-2804
-2234
-1603
-914
-130
663
1284
1723
1990
1970
1626
1030
278
-624
-1588
-2450
-3135
-3651
-4003
-4090
-3936
-3616
-3127
-2423
-1471
-467
499
1517
2567
3646
4683
5611
6428
7188
7951
8493
8762
8818
8739
8435
7902
7170
6163
4893
3482
2071
526
-1201
-2837
-4150
-5137
-5917
-6440
-6598
-6482
-6101
-5664
-5243
-4900
-4529
-4185
-3986
-3806
-3583
-3253
-2844
-2210
-1455
-740
26
860
1567
1920
1990
1923
1535
820
-47
-900
-1778
-2693
-3445
-3945
-4171
-4192
-3970
-3573
-2936
-2139
-1212
-142
914
1937
2923
4014
5085
5993
6726
7354
7926
8379
8543
8504
8356
8091
7642
6856
5779
4512
3105
1538
-40
-1628
-3156
-4458
-5316
-5924
-6320
-6442
-6246
-5795
-5413
-5046
-4706
-4441
-4235
-3970
-3711
-3443
-3057
-2470
-1836
-1142
-412
323
1081
1678
2011
2032
1829
1391
676
-270
-1245
-2173
-2938
-3595
-4030
-4193
-4087
-3698
-3141
-2488
-1694
-730
251
1248
2223
3242
4280
5303
6092
6745
7415
7908
8166
8290
8268
8114
7835
7308
6442
5271
3968
2473
861
-800
-2407
-3828
-4986
-5752
-6171
-6356
-6269
-5949
-5517
-5107
-4775
-4498
-4360
-4239
-4033
-3733
-3256
-2678
-2018
-1253
-461
338
1051
1594
1890
1966
1901
1569
961
165
-737
-1522
-2234
-2959
-3546
-3882
-3944
-3803
-3449
-2917
-2264
-1431
-473
510
1465
2363
3340
4368
5259
5988
6635
7245
7702
7962
8018
7905
7657
7295
6736
5935
4893
3721
2438
980
-635
-2275
-3670
-4776
-5596
-6172
-6447
-6370
-6014
-5578
-5173
-4826
-4475
-4102
-3763
-3485
-3241
-2874
-2371
-1801
-1234
-647
18
710
1270
1615
1730
1645
1355
789
-16
-880
-1635
-2300
-2896
-3366
-3616
-3641
-3460
-3087
-2533
-1832
-1036
-134
793
1685
2592
3509
4352
5070
5746
6459
7136
7694
8050
8170
8122
7901
7465
6781
5841
4696
3380
1860
174
-1498
-2960
-4203
-5269
-6085
-6493
-6483
-6218
-5855
-5469
-5116
-4802
-4466
-4107
-3808
-3535
-3195
-2786
-2300
-1716
-1050
-360
339
1000
1486
1765
1899
1844
1503
873
47
-822
-1667
-2428
-3041
-3485
-3697
-3659
-3387
-2899
-2276
-1596
-876
-89
791
1738
2737
3774
4782
5671
6364
6919
7425
7810
7982
7978
7822
7513
7025
6320
5387
4177
2740
1231
-304
-1866
-3347
-4568
-5427
-5981
-6310
-6356
-6102
-5691
-5256
-4829
-4482
-4213
-3881
-3534
-3311
-3099
-2688
-2088
-1445
-776
-35
617
1136
1560
1738
1639
1428
1058
389
-451
-1314
-2176
-2859
-3311
-3727
-3895
-3625
-3191
-2603
-1784
-974
-229
546
1338
2142
3004
3905
4750
5536
6234
6805
7337
7746
7866
7762
7518
7233
6809
6059
5072
3887
2443
858
-680
-2129
-3470
-4584
-5389
-5898
-6095
-6019
-5783
-5413
-5042
-4720
-4316
-3946
-3698
-3458
-3233
-2946
-2494
-1959
-1383
-736
-90
502
1058
1450
1491
1294
1009
508
-174
-866
-1536
-2198
-2718
-3004
-3081
-3053
-2912
-2547
-2078
-1567
-882
-107
599
1313
2148
3037
3853
4628
5377
6011
6642
7228
7596
7832
7887
7641
7224
6651
5742
4549
3300
1957
421
-1105
-2383
-3561
-4626
-5301
-5649
-5833
-5820
-5538
-5195
-4867
-4521
-4285
-4020
-3735
-3543
-3259
-2841
-2395
-1884
-1249
-570
54
592
1030
1314
1427
1394
1122
643
69
-630
-1390
-2150
-2832
-3312
-3504
-3395
-3106
-2659
-2013
-1269
-493
272
952
1645
2435
3277
4117
4871
5579
6245
6793
7206
7423
7493
7497
7324
6913
6263
5370
4233
2855
1319
-256
-1806
-3172
-4241
-5034
-5540
-5778
-5771
-5517
-5181
-4853
-4463
-4112
-3871
-3720
-3595
-3439
-3237
-2881
-2325
-1725
-1066
-316
382
943
1314
1516
1585
1456
1143
619
-107
-841
-1578
-2297
-2836
-3145
-3198
-3013
-2635
-2157
-1689
-1139
-442
306
1074
1914
2868
3846
4664
5332
5902
6302
6575
6799
6943
6969
6887
6713
6315
5608
4676
3556
2268
878
-550
-1883
-2971
-3890
-4708
-5336
-5705
-5845
-5793
-5549
-5175
-4744
-4273
-3837
-3527
-3328
-3182
-2950
-2539
-1996
-1394
-744
-59
583
1040
1277
1369
1323
1089
664
124
-503
-1209
-1882
-2406
-2792
-3041
-3077
-2856
-2435
-1904
-1310
-642
98
842
1522
2190
2957
3766
4489
5145
5821
6417
6820
7085
7238
7215
7032
6775
6338
5527
4427
3213
1879
392
-1166
-2571
-3684
-4520
-5108
-5503
-5725
-5693
-5420
-5080
-4749
-4408
-4053
-3703
-3445
-3277
-3056
-2732
-2288
-1765
-1228
-623
14
573
981
1207
1297
1254
1016
603
57
-624
-1318
-1878
-2325
-2690
-2910
-2876
-2626
-2253
-1775
-1197
-533
178
908
1629
2332
3134
4007
4759
5362
5941
6561
7020
7113
7017
6915
6659
6132
5379
4490
3502
2365
1112
-194
-1568
-2867
-3892
-4661
-5191
-5463
-5482
-5240
-4854
-4513
-4251
-3997
-3680
-3368
-3190
-3092
-2944
-2654
-2194
-1677
-1119
-470
190
805
1237
1431
1468
1334
1017
506
-195
-937
-1616
-2175
-2591
-2890
-3028
-2929
-2610
-2113
-1447
-709
93
872
1507
2118
2756
3404
4037
4621
5156
5625
6020
6331
6542
6665
6666
6501
6081
5379
4465
3486
2365
989
-392
-1719
-2950
-3921
-4680
-5176
-5408
-5475
-5344
-5046
-4675
-4333
-3992
-3646
-3352
-3141
-2977
-2725
-2291
-1788
-1391
-944
-344
238
765
1119
1206
1147
930
573
79
-559
-1190
-1675
-2065
-2433
-2662
-2620
-2364
-2048
-1692
-1273
-753
-75
677
1423
2137
2869
3676
4393
4931
5431
5929
6353
6615
6684
6641
6493
6169
5630
4832
3886
2892
1734
448
-836
-2078
-3214
-4139
-4776
-5184
-5348
-5192
-4852
-4506
-4182
-3874
-3651
-3506
-3324
-3055
-2790
-2549
-2188
-1753
-1376
-969
-413
212
685
978
1093
945
599
228
-179
-707
-1241
-1704
-2159
-2562
-2752
-2682
-2457
-2062
-1446
-732
-16
725
1460
2058
2556
3098
3685
4256
4789
5249
5600
5837
5997
6056
6037
5959
5682
5184
4539
3730
2723
1546
309
-931
-2099
-3082
-3818
-4355
-4717
-4840
-4783
-4626
-4384
-4096
-3766
-3429
-3136
-2934
-2824
-2686
-2472
-2175
-1788
-1302
-723
-135
329
621
771
743
561
278
-120
-599
-1101
-1564
-1974
-2304
-2471
-2500
-2443
-2246
-1869
-1360
-741
-20
700
1373
2069
2773
3371
3867
4370
4886
5381
5833
6160
6316
6330
6201
5914
5501
4951
4223
3333
2315
1138
-151
-1394
-2505
-3419
-4080
-4502
-4740
-4788
-4644
-4429
-4232
-4004
-3725
-3441
-3193
-3004
-2857
-2667
-2421
-2136
-1777
-1331
-833
-337
132
544
795
850
741
477
66
-480
-1058
-1587
-2037
-2338
-2440
-2365
-2183
-1875
-1398
-835
-231
403
1035
1665
2295
2986
3669
4210
4684
5171
5577
5831
5955
5999
5951
5768
5481
5058
4398
3555
2641
1612
466
-716
-1795
-2712
-3497
-4091
-4467
-4679
-4671
-4472
-4220
-3970
-3712
-3401
-3119
-2937
-2777
-2582
-2314
-1976
-1623
-1249
-846
-450
-51
291
423
402
312
136
-189
-655
-1070
-1450
-1849
-2111
-2273
-2385
-2301
-2034
-1693
-1308
-783
-86
610
1241
1944
2628
3235
3865
4382
4807
5246
5619
5932
6135
6152
6071
5825
5347
4684
3798
2841
1818
686
-364
-1377
-2322
-3057
-3690
-4152
-4357
-4354
-4162
-3899
-3614
-3319
-3152
-3060
-2958
-2902
-2816
-2643
-2351
-1970
-1593
-1146
-642
-227
143
469
575
541
422
107
-347
-832
-1288
-1738
-2122
-2272
-2302
-2316
-2133
-1759
-1331
-803
-197
472
1193
1864
2524
3132
3677
4188
4602
4918
5136
5280
5409
5442
5350
5249
5040
4595
3972
3227
2324
1247
164
-845
-1834
-2702
-3324
-3751
-4002
-4051
-3945
-3778
-3605
-3390
-3140
-2899
-2722
-2642
-2575
-2460
-2308
-2082
-1804
-1454
-1015
-570
-171
125
275
314
201
-103
-457
-786
-1160
-1598
-1953
-2119
-2202
-2202
-1985
-1650
-1280
-769
-167
453
1061
1606
2165
2787
3354
3802
4205
4682
5104
5275
5371
5438
5282
5013
4711
4240
3607
2862
2055
1195
290
-570
-1421
-2177
-2682
-3040
-3224
-3200
-3111
-2921
-2661
-2505
-2462
-2441
-2395
-2417
-2500
-2418
-2285
-2243
-2065
-1755
-1430
-1060
-649
-291
-90
-64
-185
-443
-723
-1000
-1364
-1686
-1910
-2107
-2195
-2179
-2090
-1826
-1378
-831
-275
280
898
1511
2065
2613
3080
3406
3606
3712
3809
3960
4148
4368
4575
4685
4663
4435
4073
3726
3319
2760
2001
1062
88
-853
-1701
-2366
-2853
-3207
-3486
-3637
-3532
-3260
-2971
-2647
-2324
-2092
-2011
-2029
-1992
-1919
-1857
-1765
-1681
-1574
-1371
-1109
-793
-485
-318
-317
-480
-721
-939
-1158
-1368
-1520
-1629
-1672
-1661
-1576
-1364
-1062
-675
-185
358
938
1483
1935
2347
2736
3125
3490
3740
3900
4012
4093
4184
4261
4290
4235
4049
3740
3370
2919
2343
1646
899
158
-573
-1262
-1924
-2502
-2891
-3087
-3109
-3026
-2942
-2886
-2811
-2657
-2465
-2347
-2302
-2267
-2220
-2130
-1965
-1776
-1597
-1380
-1092
-794
-608
-546
-539
-575
-656
-786
-953
-1194
-1477
-1668
-1704
-1569
-1324
-1044
-728
-350
79
511
919
1319
1750
2177
2557
2892
3190
3458
3682
3861
4025
4140
4169
4110
3995
3863
3667
3340
2914
2395
1750
1040
316
-340
-899
-1402
-1809
-2141
-2435
-2616
-2643
-2590
-2563
-2557
-2510
-2471
-2501
-2539
-2509
-2479
-2455
-2342
-2097
-1785
-1515
-1281
-1046
-860
-790
-810
-884
-1027
-1210
-1383
-1474
-1480
-1458
-1384
-1247
-1065
-816
-493
-75
375
776
1192
1634
1990
2233
2441
2699
2954
3124
3271
3471
3646
3724
3746
3758
3756
3662
3441
3153
2784
2314
1761
1149
506
-139
-741
-1259
-1701
-2036
-2239
-2371
-2435
-2385
-2266
-2150
-2071
-2024
-2003
-2044
-2131
-2219
-2287
-2324
-2312
-2238
-2079
-1852
-1599
-1381
-1198
-1014
-882
-842
-859
-876
-916
-993
-1011
-948
-864
-770
-608
-360
-42
310
645
950
1264
1605
1934
2220
2448
2593
2714
2867
3011
3114
3169
3201
3226
3217
3177
3081
2861
2562
2227
1818
1351
846
296
-229
-680
-1088
-1454
-1709
-1844
-1936
-1976
-1944
-1938
-1973
-1970
-1952
-2000
-2081
-2140
-2192
-2238
-2227
-2149
-2066
-1951
-1791
-1622
-1442
-1285
-1161
-1068
-1003
-936
-863
-818
-816
-796
-712
-579
-408
-203
21
248
515
830
1133
1403
1669
1913
2123
2334
2545
2720
2869
2997
3095
3152
3161
3088
2925
2728
2556
2379
2129
1759
1314
889
492
108
-279
-675
-1010
-1204
-1322
-1454
-1585
-1671
-1711
-1742
-1832
-1990
-2130
-2217
-2287
-2347
-2354
-2297
-2220
-2144
-2064
-1958
-1783
-1588
-1448
-1363
-1306
-1209
-1074
-990
-955
-856
-679
-520
-391
-224
-5
237
488
747
1010
1264
1494
1681
1819
1928
2049
2173
2258
2334
2448
2597
2714
2797
2877
2895
2809
2667
2485
2186
1792
1393
993
562
116
-248
-521
-778
-1013
-1168
-1265
-1365
-1461
-1510
-1555
-1654
-1752
-1822
-1893
-1971
-2025
-2034
-2031
-2042
-2030
-1984
-1941
-1898
-1845
-1774
-1697
-1614
-1498
-1360
-1212
-1029
-813
-573
-320
-63
201
440
643
849
1034
1173
1294
1415
1528
1618
1727
1865
1992
2101
2213
2328
2409
2432
2411
2372
2299
2165
1987
1791
1564
1290
1017
780
538
278
46
-138
-316
-505
-664
-810
-986
-1161
-1329
-1502
-1667
-1806
-1934
-2038
-2078
-2061
-2033
-1997
-1935
-1883
-1847
-1804
-1757
-1704
-1642
-1571
-1469
-1325
-1146
-923
-694
-482
-255
-1
242
414
509
596
699
768
790
795
827
903
1038
1208
1370
1539
1778
2061
2280
2401
2486
2557
2563
2458
2275
2084
1905
1696
1450
1226
1008
788
595
401
175
-41
-220
-404
-633
-897
-1137
-1335
-1539
-1763
-1960
-2080
-2121
-2137
-2154
-2130
-2066
-1984
-1891
-1829
-1792
-1754
-1714
-1646
-1572
-1507
-1382
-1202
-1017
-811
-596
-378
-168
20
210
410
573
666
738
845
950
987
1006
1106
1251
1362
1482
1651
1824
1969
2118
2313
2475
2537
2537
2508
2393
2155
1857
1593
1347
1051
760
526
299
29
-230
-429
-587
-758
-921
-1013
-1105
-1273
-1495
-1698
-1852
-2008
-2167
-2244
-2220
-2148
-2097
-2061
-1985
-1903
-1844
-1764
-1625
-1462
-1320
-1202
-1084
-958
-827
-667
-446
-196
84
389
637
798
883
939
979
955
939
999
1088
1168
1247
1383
1595
1788
1934
2100
2273
2390
2425
2358
2246
2099
1904
1682
1391
1104
840
614
451
283
170
85
-38
-169
-358
-558
-836
-1196
-1477
-1735
-1949
-2127
-2237
-2194
-2135
-2068
-1991
-1929
-1862
-1851
-1811
-1768
-1761
-1685
-1588
-1408
-1180
-1003
-799
-643
-437
-166
-24
98
213
399
627
705
818
955
1044
1136
1183
1282
1344
1331
1418
1564
1767
1922
1959
2055
2132
2137
2061
1886
1775
1679
1534
1366
1132
906
643
394
242
59
-155
-417
-655
-773
-863
-938
-1041
-1176
-1322
-1509
-1641
-1724
-1778
-1781
-1821
-1892
-1964
-2048
-2061
-1956
-1779
-1649
-1590
-1508
-1414
-1238
-961
-645
-311
-74
37
119
277
488
654
793
826
760
699
657
720
888
1047
1125
1160
1252
1397
1623
1937
2196
2323
2301
2171
2058
1969
1879
1779
1602
1297
885
531
336
213
131
45
-110
-333
-596
-828
-945
-997
-1104
-1280
-1473
-1663
-1829
-1901
-1876
-1843
-1821
-1848
-1921
-1899
-1810
-1737
-1625
-1479
-1342
-1218
-1054
-865
-693
-509
-338
-180
-23
117
254
402
528
640
752
818
844
919
1002
1043
1115
1242
1374
1499
1629
1738
1809
1832
1817
1835
1857
1784
1613
1385
1116
839
609
426
292
205
128
74
69
66
-1
-128
-317
-581
-882
-1166
-1391
-1511
-1530
-1513
-1499
-1477
-1452
-1437
-1437
-1454
-1450
-1428
-1435
-1456
-1420
-1313
-1211
-1119
-985
-821
-658
-511
-351
-190
-47
84
209
332
412
464
536
634
735
868
1026
1138
1226
1374
1524
1606
1684
1750
1703
1549
1412
1357
1339
1335
1375
1436
1428
1326
1170
975
692
386
162
-29
-230
-391
-524
-705
-889
-982
-1015
-1055
-1069
-1077
-1129
-1235
-1377
-1484
-1575
-1656
-1655
-1577
-1525
-1505
-1432
-1351
-1291
-1179
-997
-824
-656
-475
-323
-233
-180
-133
-77
38
211
402
561
665
719
748
737
718
747
814
884
975
1130
1272
1365
1433
1479
1507
1525
1546
1545
1537
1491
1354
1154
915
649
414
250
120
7
-89
-220
-401
-552
-621
-681
-774
-840
-885
-966
-1075
-1124
-1103
-1117
-1155
-1151
-1148
-1178
-1186
-1138
-1112
-1098
-1046
-979
-957
-923
-798
-674
-580
-465
-326
-221
-153
-54
57
165
266
361
463
545
629
716
824
925
1007
1105
1175
1209
1224
1226
1225
1205
1176
1147
1132
1123
1083
1041
1007
948
821
662
506
343
192
3
-218
-407
-556
-687
-823
-907
-905
-901
-947
-985
-961
-933
-936
-916
-871
-842
-834
-841
-898
-974
-995
-999
-976
-907
-815
-702
-582
-458
-352
-247
-126
-32
23
55
98
179
269
356
474
597
657
654
611
570
554
530
510
546
667
808
913
1050
1220
1364
1431
1424
1394
1305
1115
866
618
396
187
24
-87
-164
-189
-199
-205
-206
-223
-266
-363
-496
-639
-787
-921
-1029
-1094
-1089
-1072
-1048
-1008
-941
-858
-787
-730
-691
-660
-654
-696
-737
-726
-644
-514
-378
-231
-79
32
89
116
152
214
294
366
416
437
448
451
457
505
574
659
725
748
772
802
837
883
927
964
1001
1011
981
909
808
682
536
390
242
125
33
-66
-181
-297
-401
-488
-516
-495
-454
-422
-453
-540
-649
-763
-854
-881
-845
-786
-724
-667
-614
-550
-493
-450
-405
-364
-332
-324
-338
-345
-332
-286
-213
-153
-87
-11
55
111
154
191
224
236
249
285
336
390
408
400
424
472
557
672
777
870
891
860
807
729
684
660
615
531
385
216
50
-79
-146
-193
-225
-253
-330
-413
-469
-527
-557
-556
-522
-446
-378
-319
-312
-358
-394
-465
-509
-489
-451
-377
-315
-296
-315
-320
-264
-201
-109
9
103
181
232
254
244
218
190
131
82
66
34
10
-5
-29
-19
13
80
160
219
301
340
343
373
373
365
358
335
327
303
272
232
189
181
143
62
-19
-96
-138
-139
-97
-29
-13
-33
-54
-107
-155
-176
-173
-151
-112
-72
-75
-88
-87
-127
-172
-190
-224
-251
-228
-177
-119
-51
8
14
-15
-39
-91
-159
-211
-268
-286
-235
-167
-120
-79
-59
-70
-52
0
38
72
114
113
75
66
71
95
185
316
426
497
536
482
354
212
56
-85
-133
-106
-58
18
73
66
26
-18
-55
-76
-52
-22
-16
-14
-40
-104
-155
-179
-184
-139
-57
8
47
67
29
-60
-134
-166
-141
-48
50
112
167
197
200
183
126
54
1
-23
-52
-97
-148
-208
-205
-134
-54
11
34
28
2
-27
-16
-4
33
105
168
212
185
110
20
-54
-67
-108
-169
-208
-227
-135
-21
17
-7
-117
-198
-210
-195
-147
-116
-40
39
60
80
24
-16
11
2
17
16
31
132
218
291
300
219
156
112
85
84
39
-36
-66
-42
49
170
258
273
203
89
-56
-194
-259
-250
-172
-72
-11
17
34
59
79
64
13
-25
-25
25
114
130
35
-103
-231
-307
-344
-328
-271
-214
-104
19
77
62
-8
-56
-86
-101
-74
-61
-54
-27
-8
21
72
112
150
181
153
71
-27
-106
-164
-193
-123
-10
72
188
265
240
212
227
246
219
171
144
112
121
159
129
38
-68
-149
-126
-39
25
80
123
137
141
141
124
62
20
54
58
-1
-85
-218
-339
-359
-318
-290
-292
-291
-272
-228
-144
-106
-170
-248
-288
-302
-276
-219
-181
-184
-166
-120
-109
-119
-95
-35
22
77
110
94
81
123
200
291
352
374
358
343
360
359
336
316
284
243
216
244
288
316
358
367
312
238
208
219
231
249
228
113
-23
-123
-182
-184
-157
-144
-185
-244
-268
-268
-216
-156
-184
-270
-383
-497
-561
-544
-483
-469
-488
-523
-590
-618
-554
-434
-308
-188
-101
-86
-108
-108
-100
-64
0
65
130
197
258
286
316
339
322
307
343
388
428
485
531
546
550
549
512
424
348
328
347
401
435
369
218
50
-60
-63
30
140
197
182
88
-32
-81
-30
57
81
5
-159
-383
-564
-608
-535
-451
-456
-529
-575
-565
-500
-401
-313
-266
-279
-331
-364
-357
-327
-283
-263
-270
-300
-359
-363
-265
-121
0
76
136
186
220
264
335
402
436
442
444
432
378
318
274
221
159
123
173
309
438
507
503
437
378
388
474
560
558
492
412
320
224
125
26
-57
-116
-169
-222
-282
-363
-468
-568
-630
-667
-662
-597
-511
-439
-367
-291
-225
-180
-146
-160
-238
-339
-412
-436
-399
-319
-248
-219
-188
-106
-15
54
100
104
70
47
66
99
128
168
194
195
210
224
255
359
495
578
597
580
525
435
368
348
343
369
423
438
387
275
126
6
-44
-60
-78
-107
-143
-193
-213
-176
-125
-94
-74
-69
-122
-217
-299
-336
-349
-358
-380
-428
-462
-460
-416
-349
-294
-272
-264
-237
-202
-189
-186
-153
-90
-17
44
53
24
-20
-65
-84
-72
-29
32
89
156
199
189
177
204
258
294
301
293
277
261
268
308
344
368
364
345
310
243
182
140
114
108
119
157
195
220
227
196
120
-9
-147
-263
-336
-360
-338
-302
-276
-241
-201
-162
-120
-79
-53
-63
-107
-165
-232
-301
-357
-401
-404
-367
-295
-198
-109
-40
14
53
81
102
110
103
98
90
57
-2
-51
-61
-40
27
113
172
184
174
182
190
206
237
257
261
254
249
239
207
171
140
98
63
30
-12
-60
-109
-128
-120
-107
-91
-68
-50
-44
-38
-16
2
-15
-49
-78
-118
-154
-176
-183
-182
-182
-166
-127
-93
-68
-50
-37
-37
-46
-52
-54
-67
-77
-65
-47
-23
9
42
79
103
108
103
97
89
70
58
53
37
30
45
72
96
113
133
142
140
144
140
109
66
26
-10
-23
-20
-20
-12
11
31
33
40
62
74
53
33
4
-44
-70
-62
-65
-99
-121
-126
-136
-122
-100
-116
-139
-138
-119
-104
-92
-79
-88
-76
-39
-33
-31
-23
-12
1
18
31
11
14
55
67
55
42
35
37
60
92
85
54
47
49
59
74
80
86
100
111
100
86
82
71
58
56
37
14
1
-14
-42
-68
-73
-56
-28
-14
-31
-55
-65
-49
-14
10
3
-31
-59
-61
-55
-55
-55
-56
-76
-114
-144
-158
-152
-110
-33
16
14
-6
-15
-5
39
108
132
95
61
40
21
33
68
75
50
31
9
-23
-25
9
45
68
75
54
23
10
21
48
87
102
72
36
18
-1
-13
5
16
1
-5
-13
-46
-72
-46
0
14
-1
-33
-67
-67
-19
29
17
-43
-100
-123
-109
-71
-31
-32
-76
-101
-94
-75
-38
3
14
11
27
41
22
8
19
35
52
70
51
1
-35
-35
2
43
67
64
37
12
11
37
81
104
99
67
17
-8
5
29
50
45
14
-5
-13
-3
21
21
20
19
7
-11
-40
-69
-72
-58
-44
-39
-62
-74
-72
-62
-33
-28
-37
-36
-29
-9
4
3
1
-11
-10
-5
-14
-11
10
41
71
69
39
3
-15
4
27
40
53
47
35
25
-7
-38
-37
-11
24
43
32
-4
-52
-64
-39
-14
20
44
44
34
16
3
2
5
16
21
8
-12
-36
-57
-43
-22
-12
-17
-40
-58
-46
-26
-6
15
21
32
29
1
-28
-50
-42
-5
26
47
43
23
5
-9
-9
4
20
35
38
31
29
31
39
46
41
27
4
-18
-23
-13
10
26
28
9
-22
-42
-38
-16
16
35
35
18
-10
-29
-34
-27
-25
-38
-48
-47
-37
-31
-28
-25
-19
-8
-1
-10
-24
-17
3
8
7
5
9
6
-1
-5
-15
-20
-20
-27
-33
-31
-16
-2
9
20
44
59
60
59
49
34
22
17
14
15
22
30
24
6
4
14
20
27
45
54
53
31
-3
-27
-38
-35
-25
-24
-23
-16
-11
-9
-9
-1
2
-4
-13
-30
-45
-40
-25
-5
11
9
-6
-20
-29
-34
-33
-18
9
20
5
-25
-45
-45
-23
1
15
19
11
8
5
-5
5
24
42
42
14
-4
-12
-9
3
19
31
25
17
11
1
-3
-1
3
5
9
6
1
-7
-2
16
26
30
20
3
-9
-19
-16
-11
-16
-10
0
1
-5
-8
-8
-10
-12
-8
-8
-8
-14
-18
-10
-9
-9
2
12
11
-4
-16
-16
-12
4
17
16
12
-1
-11
-17
-9
6
12
21
21
13
6
-3
5
12
16
15
3
0
-7
-11
-2
4
6
6
0
-2
-4
2
8
10
13
9
7
11
9
11
11
3
-4
-13
-14
-16
-18
-20
-21
-18
-17
-19
-19
-14
1
10
11
13
5
-5
-10
-17
-18
-7
10
9
-3
-12
-15
-13
-9
-4
4
16
23
22
12
8
9
-5
-10
-10
-8
-1
2
4
-1
-4
-3
-9
-10
-2
8
15
20
24
24
15
10
12
20
29
29
16
3
-11
-9
4
3
6
11
13
2
-17
-22
-19
-11
4
11
3
-11
-15
-15
-21
-12
5
6
7
-1
-14
-23
-39
-34
-20
-14
-11
-18
-26
-37
-32
-17
5
25
21
14
6
3
15
21
29
27
10
-5
-3
9
7
5
12
18
20
13
0
-11
-9
14
37
32
21
12
12
19
8
6
17
22
27
16
0
-18
-40
-47
-45
-31
-18
-15
-16
-25
-23
-17
-10
-7
-1
8
5
-10
-31
-32
-27
-5
31
40
37
19
-4
-23
-27
-3
20
22
10
0
-13
-24
-27
-21
2
24
43
51
35
19
17
25
18
5
4
15
20
20
23
10
-7
-13
-17
-17
-8
2
8
20
18
-6
-20
-33
-42
-15
9
16
2
-14
-33
-50
-45
-35
-12
9
7
1
-14
-36
-40
-28
-15
-11
-1
8
5
4
6
2
3
6
0
2
-2
3
17
25
35
40
43
32
24
15
9
19
23
28
25
16
2
-21
-22
0
19
27
21
10
6
-9
-24
-11
2
9
9
-4
-21
-34
-39
-33
-28
-14
0
-9
-16
-24
-38
-26
-9
9
21
8
0
-11
-18
-14
-4
3
-8
-14
-11
-4
0
1
12
17
11
7
5
21
24
17
25
28
23
20
12
2
-7
-8
6
12
16
19
15
10
8
-2
-18
-19
-10
0
4
-2
-4
-7
-6
-5
-10
-10
-11
-7
1
9
10
9
7
-13
-30
-28
-19
-7
-1
6
2
-8
-15
-21
-25
-25
-11
1
5
-1
-2
2
-6
1
12
20
15
0
5
10
17
14
9
20
18
17
15
-3
-13
-13
-1
13
25
25
9
4
4
2
-5
-6
-7
2
25
26
11
-3
-12
-14
-6
-3
-3
2
-8
-22
-25
-20
-7
-9
-7
2
3
8
11
11
4
-6
1
9
1
-15
-33
-36
-33
-21
2
19
13
-9
-20
-15
-7
2
13
14
4
-1
2
12
20
22
13
-1
-11
-15
-7
6
14
10
-4
-12
-20
-16
-6
9
30
38
35
23
18
21
20
22
20
3
-14
-15
-3
1
3
1
-14
-31
-38
-34
-18
-3
-1
-8
-14
-12
-2
1
-5
-9
-2
7
9
6
7
11
7
0
-8
-18
-22
-2
7
-7
-17
-17
-4
3
6
5
7
10
5
5
6
5
9
21
32
28
17
11
8
5
1
-2
-8
-5
6
11
16
15
7
0
-4
-9
-9
-5
-4
-9
-13
-15
-15
-10
-10
-21
-19
-1
15
26
29
13
1
-5
-5
-10
-19
-15
-15
-14
-14
-10
-2
-2
-7
-13
-16
-11
-6
1
14
9
7
13
6
10
12
18
22
8
-3
-10
-2
13
19
19
9
7
5
1
-1
0
9
1
-11
-7
-8
-15
-19
-20
-12
-5
4
5
-3
-8
-2
2
7
15
5
2
-2
-11
-11
-16
-11
1
5
-2
-13
-10
-6
3
5
-1
6
7
5
14
11
9
2
-6
-5
-4
10
16
15
8
-4
-17
-11
15
28
36
32
23
18
2
-3
-13
-29
-19
-14
-11
7
12
10
7
0
-1
1
20
32
22
4
-10
-23
-32
-33
-22
-16
-15
-11
-14
-23
-24
-15
-6
0
3
-2
-16
-19
-2
16
15
7
-3
-12
-11
-5
10
21
23
17
2
-15
-23
-13
-2
10
17
16
14
12
10
5
-7
-13
-9
-5
2
14
9
2
3
5
13
13
11
19
23
25
19
8
-7
-19
-11
6
10
8
10
-3
-13
-12
-10
-10
-26
-29
-21
-13
-5
-4
-8
-16
-16
-6
-7
-9
-11
-19
-16
-8
-6
3
11
17
17
13
16
10
4
7
6
11
16
14
14
8
9
7
2
2
13
20
18
26
28
22
19
6
-13
-22
-18
-4
9
17
15
12
10
-1
-17
-21
-23
-26
-25
-33
-48
-54
-45
-42
-35
-22
-12
-12
-9
-4
-4
-4
-10
-2
13
14
13
16
16
21
21
8
-1
-1
3
-2
-2
7
8
9
8
6
17
24
32
47
35
18
15
9
7
8
19
25
6
-2
0
-9
-4
6
11
12
3
-9
-14
-10
-1
-4
-14
-13
-4
1
-1
-7
-16
-31
-29
-18
-21
-15
3
7
-1
-4
-9
-16
-19
-13
-8
-10
-5
-14
-32
-38
-22
1
3
-1
7
20
34
28
12
7
4
6
15
21
14
11
14
12
10
1
2
14
22
22
23
19
-3
-17
-5
-5
-9
-4
7
16
20
12
-7
-26
-26
-8
7
15
6
-16
-17
-12
-16
-13
-4
0
-6
-19
-18
-6
1
5
-5
-18
-32
-31
-1
13
0
-12
-8
0
11
25
27
11
-16
-22
-12
-7
-9
1
7
-10
-12
8
23
38
41
27
2
-26
-24
-5
-1
6
1
-11
-7
6
32
56
41
22
24
6
-11
-10
-19
-7
18
21
15
9
-10
-22
-31
-36
-26
-8
2
17
39
25
-12
-21
-26
-27
-14
0
14
6
-10
10
18
8
8
-4
-9
-12
-19
-23
-30
-18
1
-4
0
12
3
-7
-14
-27
-29
-30
-15
5
15
31
31
17
16
-8
-18
4
-10
-16
10
13
12
23
31
19
10
15
2
-11
2
20
43
35
5
15
19
-11
-14
4
-1
-5
22
17
-15
5
33
-3
-47
-63
-54
-41
-46
-17
19
5
-20
-39
-51
-34
-14
-7
6
-4
-25
-19
0
1
-2
7
5
8
42
60
49
44
50
34
15
7
9
45
65
49
20
-3
-3
3
11
15
1
-6
-9
-16
-15
-10
-9
-19
-10
-10
-29
-18
-2
-2
-4
-11
-31
-54
-51
-30
-16
-22
-31
-28
-14
-15
-35
-26
-25
-7
17
4
-8
-7
10
22
25
16
7
8
7
16
18
21
24
22
13
15
30
20
22
25
25
26
13
6
1
-2
-2
9
11
5
4
7
20
15
11
10
5
3
-2
-10
-17
-18
-31
-30
-14
-16
-8
1
-8
-21
-26
-25
-26
-19
-16
-18
-20
-25
-32
-28
-13
-10
4
16
6
5
3
6
12
15
16
12
10
3
1
6
8
4
9
17
8
14
22
12
3
9
13
13
7
1
6
8
2
0
-4
-8
4
12
10
21
22
7
2
-10
-21
-16
-4
13
15
15
14
-16
-31
-32
-38
-29
-25
-13
9
7
7
3
1
-4
-15
-11
-16
-31
-27
-13
3
19
6
-1
4
-2
12
6
-11
-5
13
31
26
24
19
8
-7
-15
-12
-5
9
12
23
21
7
16
7
2
6
3
4
6
5
0
-8
-9
-12
-22
-15
7
5
-7
-15
-21
-4
-7
-14
7
19
22
8
-9
-24
-52
-56
-34
-14
3
17
32
20
14
24
16
-7
-16
8
11
22
43
46
40
13
-2
-13
-17
-6
-1
1
-5
-6
-8
-9
-6
-9
2
7
13
13
-8
-19
-32
-27
-4
2
-5
-18
-18
-1
2
13
21
10
7
3
4
9
7
3
-4
-21
-14
4
0
0
-4
13
31
13
-7
-26
-26
-12
2
17
10
-3
-17
-32
-11
10
12
21
31
19
-7
-13
0
7
6
3
-4
-2
11
2
-1
4
-10
-3
11
1
-5
-12
-11
8
16
3
-11
-26
-23
-5
13
31
39
16
-17
-27
-24
-23
-11
5
13
13
-1
-8
-12
-11
-5
-2
1
5
5
14
22
2
-18
-11
-8
-12
-5
8
22
29
20
7
-2
-4
3
9
10
1
-8
-6
-7
-7
1
14
22
20
20
10
-8
-21
-22
-29
-36
-25
-2
25
30
25
10
-8
-8
-3
-6
-18
-26
-17
0
14
22
22
13
-9
-23
-24
-11
-1
1
-1
-12
-18
-20
-15
10
24
14
9
2
-9
1
10
5
-5
-18
-8
12
20
23
25
13
-9
-21
-19
-10
7
25
21
7
-15
-22
-5
8
21
22
18
14
6
5
7
-5
-12
-5
-1
15
17
-7
-27
-35
-32
-14
3
12
22
14
-5
-19
-32
-27
-3
32
56
38
-2
-16
-11
0
12
12
8
-4
-14
-6
3
6
8
10
2
-24
-33
-9
3
-7
-10
-8
-22
-36
-28
1
21
20
0
-12
-13
0
23
36
21
-7
-18
-11
-5
0
13
16
14
17
-9
-37
-26
-3
13
15
3
-10
-16
-5
19
27
25
20
14
14
14
11
19
10
-15
-16
-13
-22
-21
6
36
36
13
1
2
-5
-13
-17
-21
-18
-22
-25
-12
-2
2
2
-4
-3
0
-11
-12
-1
5
7
3
-14
-27
-23
-11
9
6
-21
-17
8
15
9
8
13
26
30
25
26
26
28
27
9
-14
-25
-9
10
16
16
13
18
14
6
1
-10
-21
-26
-24
-12
8
8
-11
-25
-35
-40
-38
-39
-23
3
12
9
11
23
30
20
-1
-20
-26
-20
7
29
35
21
-7
-16
-16
-8
-6
5
30
38
17
-16
-12
-7
-14
-18
-14
7
14
17
26
25
11
1
-5
-6
13
27
25
3
-19
-16
-5
-8
-13
-3
-2
-12
-28
-32
-16
-13
-10
-6
-1
2
7
14
3
-13
-16
-10
5
11
13
12
-11
-30
-23
-4
16
24
30
35
22
13
14
12
-5
-9
0
-1
-8
-18
-22
-10
14
45
54
31
-7
-34
-36
-21
7
30
37
28
6
-18
-30
-20
0
11
8
-5
-24
-33
-29
-27
-19
-13
-10
-5
0
0
0
-6
-21
-26
-19
-11
2
17
22
21
18
16
14
10
25
31
20
8
-11
-14
-2
6
19
22
0
-13
-16
-9
2
-6
-1
1
-6
-5
-18
-11
11
18
28
24
13
0
-16
-5
4
7
14
-4
-22
-20
-8
3
2
2
1
-14
-11
-10
1
18
10
6
-8
-20
-12
9
24
13
-5
-17
-30
-34
-12
15
27
21
1
-14
-28
-24
-14
5
20
12
4
-1
11
16
18
14
-12
-18
-15
3
22
18
0
-28
-33
-18
0
23
25
2
-15
-23
-23
-5
22
34
23
5
-9
1
31
53
44
25
14
-14
-22
-5
16
15
-22
-42
-38
-29
-20
-13
-4
-1
0
4
0
1
-5
-5
-8
-14
2
14
16
10
4
-5
-15
-17
-21
-11
6
20
16
-6
-21
-18
-11
-17
-8
15
35
29
10
5
1
6
-3
-12
-11
-13
2
30
44
42
29
3
-18
-32
-29
-7
11
22
12
-10
-21
-28
-15
6
14
13
13
15
5
-5
-11
-13
-5
4
15
19
11
10
1
-13
-14
-15
-5
8
8
4
-11
-31
-41
-28
-12
-3
8
8
3
-17
-35
-33
-20
4
21
18
16
4
-12
-17
-14
-4
-3
8
21
27
36
25
10
6
9
24
36
32
23
24
18
0
-1
-6
-10
-11
-15
4
22
22
14
-5
-13
-10
-5
-3
-9
-17
-27
-35
-30
-20
-14
-11
-5
3
11
9
3
-5
-10
-10
-17
-24
-13
-1
-5
-6
-3
2
11
18
20
9
-4
2
10
8
0
-7
-14
-25
-26
-20
-16
4
23
22
16
2
-4
3
1
9
14
17
21
17
24
19
3
4
9
17
16
10
4
-4
-8
-10
-9
-5
2
0
-3
2
4
2
-13
-19
-11
-11
-12
-13
-15
-7
4
10
5
-2
-3
-12
-13
-15
-15
-3
14
16
7
2
-2
-6
-5
3
10
11
11
7
1
-5
-9
-1
7
3
0
1
9
8
-5
-9
-2
9
13
14
13
