SAMPLES:	10650
BITSPERSAMPLE:	16
CHANNELS:	1
SAMPLERATE:	16000
NORMALIZED:	FALSE
2
6
9
15
12
5
0
-3
1
8
8
8
0
-8
-13
-10
-5
-1
2
1
-9
-15
-14
-14
-3
3
4
-1
-8
-9
-6
0
8
10
12
10
3
-1
-4
-5
-8
-9
-6
-3
0
2
1
-4
-7
-5
1
6
9
3
-6
-6
0
8
17
14
7
3
1
0
6
7
7
5
3
-4
-7
-7
-4
1
2
4
3
-1
-2
-1
3
7
6
1
-9
-18
-19
-10
3
11
11
6
0
-1
-1
1
4
3
4
4
-1
-6
-8
-7
-3
0
1
3
1
-5
-8
-6
0
0
4
8
3
0
-3
-5
-1
3
1
-2
-3
-3
2
9
8
4
-1
-10
-10
-4
0
3
3
1
3
8
8
2
-3
-6
-5
2
7
7
4
-3
-10
-8
-5
-3
0
-1
-1
4
3
0
-2
-7
-5
0
5
9
6
1
-1
-7
-11
-8
-3
6
10
10
9
2
-8
-10
-3
2
14
15
10
6
-1
-4
-3
-4
-3
-3
-2
-3
-4
-2
-1
-1
0
0
0
-1
-4
-7
-6
-2
0
2
1
-2
-8
-10
-2
5
9
12
3
-4
-6
-3
2
4
6
6
2
-3
-6
-8
-6
-2
4
7
7
4
-4
-6
-8
0
10
15
13
2
-4
-2
4
6
5
2
-4
-8
-7
-4
-1
1
1
3
3
-1
-2
-4
-3
2
5
2
-3
-10
-10
-9
-10
-4
2
2
4
4
2
4
2
-3
-6
-7
-5
-3
0
2
1
-2
-4
-8
-10
-5
4
14
16
12
9
3
1
8
11
11
15
14
11
2
-6
-11
-8
-1
-1
-5
-7
-8
-9
-7
-6
-12
-10
-5
-1
6
4
8
7
0
-3
-6
-3
-2
-4
-3
0
1
3
5
2
-2
-5
-2
2
7
6
0
-5
-8
-5
0
1
2
6
7
7
7
3
4
5
2
5
5
1
-7
-11
-9
-5
0
3
1
-4
-6
-2
2
2
5
2
-8
-10
-13
-9
1
8
13
8
-1
-7
-8
-6
1
2
1
4
1
-1
0
-1
0
4
10
11
6
-6
-11
-8
-8
-1
8
10
5
5
5
2
5
3
2
5
2
-2
-3
-7
-5
-3
2
3
6
5
-5
-12
-15
-12
-5
2
2
-3
-5
-3
-3
-1
2
2
1
2
1
-1
1
0
1
3
2
2
3
2
4
6
7
3
2
1
0
-1
-3
-1
1
3
3
3
2
1
2
4
2
3
2
4
2
0
-1
-5
-6
-6
-5
-6
-6
-3
-3
-7
-7
-3
-2
-3
-3
-3
0
1
5
7
8
6
0
-10
-15
-10
-1
7
9
3
-2
-5
-4
2
4
9
7
0
-4
-5
-4
-3
-1
-4
-1
-2
0
5
6
8
5
4
2
-3
-3
-1
1
2
2
-2
-3
-1
0
3
6
6
7
6
0
-1
-7
-7
-2
4
12
11
4
-4
-10
-10
-6
1
2
0
-4
-9
-6
-3
0
5
6
10
10
9
8
5
1
-5
-5
-4
-3
-1
-1
0
-2
-8
-11
-6
-2
5
7
7
6
2
1
-5
-10
-13
-15
-14
-13
-7
0
6
4
-5
-10
-14
-7
0
2
4
-1
-2
2
6
10
12
14
11
7
2
-2
-8
-3
3
10
16
11
4
4
7
13
12
7
3
0
-2
-6
-9
-10
-9
-1
6
7
4
-6
-6
-4
1
5
2
-4
-12
-14
-3
4
7
12
8
1
-4
-6
-3
-2
-4
-8
-11
-10
-3
0
2
2
0
-2
-3
-1
-3
-6
-8
-13
-11
-9
-4
3
7
7
7
6
8
12
10
7
-5
-15
-10
-4
3
11
6
-1
-9
-9
0
10
20
23
18
7
-4
-11
-7
-1
9
17
17
8
-3
-10
-10
-6
-1
5
0
-5
-6
-8
-4
-3
-1
4
4
2
-2
-8
-9
-11
-10
-9
-9
-7
-1
4
7
6
2
-2
-4
-6
-5
-2
1
-3
-7
-10
-13
-11
-2
5
8
7
3
7
13
11
9
6
4
6
9
4
-1
-3
1
5
6
4
1
0
-2
-3
-3
1
0
2
5
7
6
3
7
5
3
3
-2
-3
-2
-4
-2
-5
-2
1
0
2
3
-2
-8
-13
-13
-7
1
9
6
0
-6
-12
-15
-12
-9
-3
6
6
10
6
1
1
-4
-5
-6
-1
3
5
1
-1
-2
0
5
4
3
0
-5
-3
-1
-1
2
5
3
0
-3
-6
-6
-3
3
5
3
1
-4
-6
-1
2
4
2
3
4
1
-2
-5
-6
-3
2
4
4
5
3
-1
1
2
2
5
6
7
5
2
4
5
1
0
4
7
3
3
5
1
-5
-7
-6
-3
-2
0
0
-2
-2
0
1
3
2
-1
-5
-7
-7
-5
-3
-2
-4
-4
-6
-5
-1
1
2
5
6
4
3
1
0
0
0
-1
6
5
0
-1
-4
-4
0
4
8
10
8
0
-9
-15
-16
-8
-5
-5
-3
-1
-2
-2
-4
-7
-6
-9
-5
-2
2
7
9
9
5
1
1
4
7
10
9
3
-3
-8
-6
0
7
10
8
1
-4
-3
-2
1
4
5
3
-3
-3
-1
-2
1
0
1
3
5
11
7
5
4
0
-1
3
4
5
1
-8
-10
-9
-6
2
5
1
-5
-10
-13
-10
-4
1
4
7
3
-1
-2
-3
-3
-5
-10
-12
-10
-8
-3
4
6
6
3
0
2
5
7
7
7
1
-4
-5
-9
-6
-1
1
3
3
6
9
7
4
3
0
3
7
8
8
3
-2
-7
-9
-5
3
6
6
-2
-11
-15
-9
-5
-2
1
-2
-2
0
-2
-4
1
1
2
0
-7
-7
-13
-12
-1
8
16
17
13
5
-3
-4
3
9
10
8
4
0
-2
-3
0
3
3
5
4
1
2
2
4
6
3
-2
-3
-4
-4
-4
-6
-3
1
1
2
-4
-10
-10
-14
-13
-10
-9
-7
-8
-4
-2
0
5
1
-5
-8
-9
-7
-1
4
8
11
9
7
6
3
5
8
11
6
-1
-3
-6
-3
-1
2
6
6
8
9
8
4
-3
-7
-8
-6
2
3
5
6
2
1
1
-1
2
4
7
6
0
-8
-15
-11
-2
4
10
9
6
7
5
4
10
12
8
2
-5
-8
-11
-21
-27
-25
-34
-33
-39
-49
-39
-29
-20
-17
-16
-18
-21
-26
-36
-47
-57
-57
-63
-56
-40
-13
20
53
82
100
130
136
131
126
116
122
119
98
83
63
55
61
60
64
58
58
67
78
92
116
142
173
197
188
177
139
92
31
-43
-106
-166
-215
-288
-342
-391
-441
-471
-539
-578
-592
-589
-563
-546
-536
-507
-469
-437
-375
-322
-212
-70
120
363
658
998
1295
1581
1799
1937
1965
1879
1711
1438
1120
757
407
88
-170
-352
-473
-508
-515
-483
-467
-472
-531
-640
-792
-1000
-1222
-1465
-1665
-1837
-1927
-1939
-1881
-1750
-1588
-1384
-1201
-1004
-836
-695
-586
-510
-442
-410
-349
-300
-206
-99
49
257
499
825
1215
1690
2178
2703
3200
3642
3997
4236
4336
4238
4015
3619
3122
2540
1921
1324
772
321
-81
-359
-599
-811
-1023
-1245
-1522
-1904
-2276
-2711
-3154
-3560
-3859
-4063
-4167
-4071
-3877
-3551
-3136
-2631
-2120
-1627
-1125
-712
-335
-57
149
266
328
360
322
289
206
128
62
40
57
115
260
429
673
974
1326
1670
2021
2362
2587
2766
2875
2907
2853
2781
2668
2471
2256
2016
1753
1460
1218
995
803
676
585
518
450
373
223
13
-289
-694
-1148
-1621
-2089
-2515
-2809
-2980
-3016
-2898
-2655
-2369
-2065
-1721
-1435
-1217
-1056
-979
-998
-1096
-1256
-1479
-1708
-1914
-2062
-2122
-2074
-1925
-1669
-1295
-855
-369
171
734
1263
1783
2302
2761
3157
3528
3843
4063
4211
4274
4215
4037
3760
3404
2979
2518
2085
1718
1422
1183
1002
854
672
430
103
-315
-869
-1508
-2170
-2813
-3407
-3870
-4149
-4283
-4243
-4039
-3697
-3313
-2893
-2467
-2112
-1826
-1618
-1457
-1376
-1335
-1309
-1285
-1264
-1258
-1216
-1164
-1061
-917
-686
-406
-31
420
920
1497
2105
2734
3298
3879
4370
4740
5010
5157
5154
4930
4612
4114
3514
2831
2169
1586
1045
668
373
237
77
-40
-203
-470
-850
-1362
-1863
-2510
-3115
-3657
-4035
-4316
-4445
-4329
-4139
-3813
-3431
-2935
-2514
-2132
-1757
-1466
-1234
-1109
-941
-874
-830
-811
-778
-740
-749
-693
-629
-491
-306
19
455
957
1606
2321
3108
3842
4557
5138
5544
5751
5673
5371
4855
4205
3397
2565
1799
1122
560
147
-103
-249
-329
-337
-379
-510
-793
-1102
-1528
-2096
-2724
-3237
-3707
-4151
-4423
-4516
-4518
-4408
-4106
-3762
-3424
-2992
-2483
-2013
-1632
-1222
-831
-551
-378
-256
-196
-295
-363
-432
-507
-623
-457
-190
97
543
1329
2204
3047
4035
5011
5785
6358
6808
6907
6567
6042
5339
4438
3327
2316
1471
707
82
-338
-451
-590
-649
-649
-633
-867
-1192
-1468
-1950
-2606
-3211
-3670
-4235
-4786
-5045
-5196
-5291
-5256
-4960
-4642
-4266
-3715
-3090
-2464
-1865
-1222
-681
-251
73
222
237
124
-22
-262
-406
-390
-295
16
584
1477
2348
3410
4569
5665
6517
7246
7762
7752
7452
6930
6122
4976
3761
2651
1505
564
-221
-718
-1083
-1256
-1277
-1272
-1227
-1393
-1486
-1697
-2053
-2632
-3127
-3608
-4283
-4804
-5165
-5524
-5891
-5901
-5671
-5517
-5097
-4464
-3713
-3024
-2161
-1329
-685
-119
310
590
615
557
355
129
17
-63
26
344
994
1735
2678
3851
5009
6077
7049
7925
8331
8383
8161
7595
6636
5446
4198
2886
1639
546
-348
-965
-1401
-1645
-1758
-1686
-1751
-1859
-1896
-2004
-2391
-2842
-3170
-3739
-4431
-4958
-5389
-5955
-6372
-6421
-6405
-6293
-5893
-5182
-4422
-3582
-2585
-1630
-793
-106
480
839
978
963
840
714
608
581
712
1115
1743
2486
3456
4587
5718
6693
7698
8469
8862
8865
8691
8079
7029
5742
4413
2953
1473
208
-835
-1691
-2342
-2694
-2859
-2956
-3046
-3043
-2996
-3103
-3385
-3585
-3859
-4314
-4833
-5154
-5642
-6172
-6447
-6479
-6575
-6448
-5881
-5151
-4352
-3287
-2079
-1019
-58
865
1501
1800
1910
1905
1710
1484
1349
1312
1458
1828
2436
3142
4037
4980
5970
6894
7696
8272
8609
8630
8219
7485
6487
5199
3781
2386
1066
-220
-1187
-1875
-2432
-2819
-2999
-3105
-3252
-3272
-3331
-3518
-3726
-3889
-4139
-4520
-4886
-5307
-5812
-6223
-6507
-6690
-6779
-6556
-6089
-5397
-4538
-3495
-2399
-1340
-312
563
1169
1558
1801
1903
1811
1755
1702
1718
1889
2345
2953
3631
4563
5611
6675
7619
8474
9040
9242
9173
8753
7955
6792
5484
4115
2721
1418
179
-804
-1640
-2250
-2762
-3122
-3454
-3745
-3884
-4037
-4269
-4526
-4664
-4912
-5320
-5686
-6094
-6553
-6960
-7108
-7249
-7310
-7070
-6530
-5824
-5012
-3966
-2851
-1671
-529
491
1306
1867
2269
2464
2567
2521
2429
2489
2744
3186
3696
4512
5440
6467
7486
8477
9213
9610
9773
9561
8935
7886
6606
5206
3668
2181
735
-437
-1433
-2176
-2732
-3154
-3499
-3870
-4081
-4341
-4655
-5005
-5181
-5336
-5596
-5777
-5973
-6267
-6642
-6907
-7128
-7395
-7369
-7051
-6441
-5694
-4606
-3375
-2173
-1008
83
998
1588
2035
2326
2459
2532
2578
2710
2867
3242
3737
4359
5091
5907
6829
7689
8538
9159
9581
9697
9479
8876
7822
6522
5045
3550
2042
619
-532
-1513
-2273
-2951
-3449
-3949
-4367
-4607
-4765
-4929
-5098
-5104
-5148
-5333
-5617
-5971
-6442
-6947
-7309
-7580
-7760
-7688
-7251
-6564
-5711
-4645
-3407
-2150
-948
165
1027
1644
2032
2260
2276
2276
2326
2412
2610
3023
3626
4271
5071
5963
6816
7665
8551
9295
9669
9862
9838
9396
8467
7267
5965
4430
2881
1414
114
-1065
-1984
-2689
-3347
-3958
-4377
-4568
-4731
-4948
-5068
-5039
-5031
-5208
-5482
-5840
-6364
-6912
-7373
-7832
-8275
-8287
-7819
-7199
-6472
-5357
-4034
-2758
-1548
-369
522
1210
1848
2303
2412
2414
2580
2718
2756
2855
3196
3704
4344
5154
6084
7034
8010
8980
9706
10016
10069
9891
9323
8210
6816
5349
3762
2129
596
-726
-1853
-2665
-3205
-3635
-3985
-4143
-4133
-4223
-4437
-4648
-4832
-5103
-5501
-5939
-6468
-6998
-7440
-7799
-8114
-8281
-8067
-7566
-6902
-6053
-4972
-3738
-2491
-1281
-200
735
1550
2203
2611
2767
2841
2922
2970
3004
3136
3513
4105
4874
5722
6674
7679
8681
9519
10036
10219
10109
9659
8821
7592
6169
4650
3120
1589
155
-1059
-2038
-2755
-3318
-3731
-4067
-4282
-4463
-4678
-4963
-5266
-5574
-5943
-6398
-6882
-7369
-7798
-8141
-8324
-8396
-8257
-7854
-7223
-6448
-5529
-4426
-3264
-2094
-963
117
1036
1796
2372
2756
2976
3140
3294
3415
3570
3883
4361
4951
5637
6447
7334
8232
9065
9770
10236
10408
10278
9781
8887
7622
6163
4534
2820
1144
-327
-1562
-2547
-3248
-3717
-4050
-4295
-4458
-4629
-4876
-5179
-5525
-5931
-6414
-6910
-7410
-7901
-8332
-8669
-8848
-8877
-8662
-8218
-7512
-6600
-5497
-4265
-2955
-1646
-437
635
1540
2278
2795
3143
3368
3521
3611
3707
3856
4100
4466
5008
5742
6614
7567
8581
9575
10377
10855
10978
10690
9914
8679
7136
5391
3544
1790
258
-1010
-2031
-2719
-3129
-3432
-3714
-3944
-4155
-4493
-4939
-5419
-5909
-6433
-6936
-7382
-7859
-8321
-8652
-8822
-8940
-8917
-8605
-8041
-7317
-6454
-5346
-4114
-2817
-1510
-244
833
1725
2541
3144
3506
3663
3847
3934
3932
3986
4211
4663
5241
6100
6997
7980
8993
9985
10757
11062
11098
10692
9887
8538
6902
5083
3192
1476
-119
-1406
-2499
-3173
-3568
-3858
-4099
-4331
-4494
-4846
-5257
-5765
-6284
-6816
-7333
-7739
-8185
-8525
-8731
-8757
-8737
-8632
-8290
-7766
-7061
-6183
-5052
-3754
-2387
-977
358
1520
2452
3198
3673
3851
3890
3912
3917
3867
3915
4158
4554
5123
5889
6849
7894
9004
10073
10869
11234
11129
10545
9392
7765
5906
4006
2209
626
-598
-1494
-2097
-2473
-2741
-3040
-3439
-3865
-4349
-4908
-5511
-6072
-6546
-6969
-7334
-7689
-8015
-8294
-8521
-8679
-8789
-8723
-8461
-7955
-7268
-6401
-5292
-3991
-2534
-1105
290
1561
2650
3447
3877
4047
4001
3901
3750
3661
3709
3985
4505
5191
6056
7070
8240
9408
10427
11142
11472
11341
10636
9389
7696
5795
3869
2101
573
-637
-1485
-2013
-2353
-2695
-3062
-3473
-3909
-4428
-5003
-5572
-6105
-6566
-7020
-7465
-7932
-8324
-8586
-8760
-8870
-8878
-8688
-8355
-7875
-7222
-6337
-5200
-3847
-2338
-834
615
1924
3002
3724
4058
4151
4069
3923
3719
3584
3612
3853
4331
4958
5783
6807
8063
9341
10440
11238
11612
11507
10770
9471
7683
5664
3633
1732
102
-1200
-2031
-2478
-2662
-2773
-2895
-3070
-3380
-3849
-4526
-5286
-6051
-6709
-7254
-7733
-8124
-8416
-8576
-8717
-8860
-8979
-8930
-8667
-8167
-7429
-6437
-5132
-3600
-1957
-404
1030
2320
3376
4104
4431
4480
4315
4049
3698
3377
3236
3386
3894
4675
5717
6960
8363
9712
10797
11495
11717
11439
10580
9186
7363
5337
3329
1489
-73
-1290
-2052
-2417
-2516
-2547
-2629
-2803
-3148
-3684
-4422
-5254
-6082
-6803
-7383
-7851
-8210
-8459
-8581
-8672
-8754
-8801
-8718
-8458
-8003
-7313
-6374
-5161
-3723
-2120
-498
1015
2315
3324
3968
4215
4165
3902
3565
3225
3006
2984
3216
3740
4540
5605
6857
8238
9609
10792
11617
11952
11728
10854
9374
7428
5258
3119
1215
-290
-1328
-1887
-2058
-2005
-1944
-2020
-2292
-2787
-3487
-4350
-5267
-6102
-6785
-7325
-7762
-8116
-8385
-8558
-8693
-8795
-8851
-8781
-8539
-8121
-7481
-6599
-5395
-3906
-2231
-536
1061
2440
3466
4093
4266
4130
3823
3481
3183
2990
3005
3272
3830
4582
5543
6692
8031
9442
10693
11611
12009
11837
10973
9448
7400
5115
2927
1028
-421
-1402
-1860
-1947
-1842
-1772
-1883
-2178
-2695
-3401
-4314
-5299
-6203
-6947
-7521
-7998
-8357
-8598
-8720
-8800
-8866
-8897
-8798
-8498
-8003
-7278
-6315
-5020
-3468
-1765
-104
1389
2628
3478
3940
3966
3745
3393
3056
2807
2672
2776
3088
3718
4551
5667
6989
8459
9934
11128
11941
12097
11606
10416
8642
6506
4238
2236
598
-474
-1073
-1223
-1099
-961
-931
-1229
-1778
-2597
-3525
-4513
-5473
-6273
-6919
-7357
-7736
-8029
-8275
-8472
-8621
-8792
-8892
-8920
-8705
-8276
-7563
-6576
-5285
-3683
-1940
-197
1333
2610
3493
3951
3986
3694
3292
2876
2618
2496
2635
3054
3758
4664
5691
6892
8188
9550
10698
11500
11802
11550
10696
9169
7175
4928
2819
1034
-311
-1141
-1496
-1425
-1236
-1132
-1298
-1746
-2397
-3264
-4237
-5273
-6167
-6859
-7371
-7766
-8129
-8385
-8531
-8593
-8655
-8736
-8715
-8509
-8068
-7421
-6542
-5320
-3764
-1995
-311
1131
2296
3152
3663
3728
3508
3206
2982
2852
2707
2657
2787
3265
4015
5022
6331
7890
9595
11036
11978
12269
11897
10883
9178
7024
4718
2646
985
-253
-1007
-1337
-1236
-995
-854
-1002
-1450
-2099
-2979
-4012
-5130
-6122
-6890
-7462
-7868
-8191
-8372
-8496
-8625
-8800
-8992
-9053
-8904
-8479
-7755
-6692
-5288
-3637
-1907
-279
1139
2309
3168
3692
3856
3714
3416
3036
2684
2407
2321
2570
3213
4231
5503
6981
8526
10010
11215
11937
12115
11675
10645
8997
6898
4646
2560
925
-241
-911
-1122
-940
-605
-445
-656
-1269
-2125
-3131
-4232
-5321
-6276
-6946
-7395
-7746
-8098
-8418
-8650
-8872
-9116
-9340
-9385
-9122
-8571
-7777
-6727
-5350
-3681
-1912
-275
1108
2275
3150
3651
3728
3474
3118
2757
2464
2263
2249
2572
3226
4204
5372
6789
8341
9930
11268
12112
12369
11929
10838
9090
6900
4602
2508
904
-209
-777
-925
-729
-431
-295
-478
-1063
-1877
-2899
-3984
-5099
-6119
-6903
-7461
-7841
-8163
-8444
-8651
-8790
-8899
-9012
-9060
-8941
-8562
-7939
-7006
-5761
-4138
-2302
-433
1233
2576
3551
4032
4068
3676
3144
2650
2293
2143
2133
2432
2991
3881
5000
6356
7941
9563
11090
12138
12600
12295
11217
9450
7145
4703
2428
650
-550
-1149
-1229
-957
-553
-314
-370
-790
-1506
-2467
-3612
-4840
-6005
-6950
-7642
-8103
-8393
-8532
-8558
-8552
-8615
-8766
-8924
-8955
-8722
-8164
-7214
-5870
-4170
-2292
-442
1156
2420
3311
3803
3881
3594
3120
2644
2266
2018
1914
2108
2659
3655
4982
6581
8339
10076
11569
12477
12679
12090
10806
8939
6650
4327
2250
744
-194
-616
-634
-416
-100
20
-167
-761
-1630
-2684
-3822
-4934
-5939
-6708
-7275
-7696
-8053
-8357
-8581
-8759
-8919
-9087
-9165
-9080
-8698
-8048
-7066
-5768
-4139
-2311
-480
1175
2487
3400
3802
3758
3331
2791
2314
1997
1890
1953
2337
2978
3952
5127
6526
8105
9698
11146
12066
12398
11959
10825
9040
6789
4464
2345
802
-195
-631
-656
-419
-112
-13
-211
-799
-1636
-2661
-3761
-4844
-5833
-6617
-7215
-7630
-7948
-8186
-8373
-8518
-8673
-8861
-9040
-9076
-8827
-8222
-7197
-5807
-4052
-2119
-199
1444
2635
3345
3551
3396
2938
2439
2027
1799
1776
1884
2260
2847
3810
4987
6432
8045
9720
11271
12313
12702
12209
10958
9023
6631
4153
1895
271
-719
-1013
-834
-339
195
473
346
-283
-1219
-2398
-3617
-4850
-5927
-6764
-7350
-7701
-7972
-8139
-8287
-8396
-8577
-8810
-8982
-8998
-8664
-8037
-6974
-5582
-3813
-1900
-48
1540
2686
3445
3684
3552
3067
2506
2012
1661
1549
1626
2091
2800
3891
5197
6750
8431
10025
11414
12210
12406
11761
10414
8418
6027
3667
1570
116
-779
-988
-774
-293
122
219
-69
-812
-1777
-2951
-4061
-5104
-5909
-6499
-6936
-7274
-7626
-7901
-8206
-8447
-8714
-8915
-8985
-8872
-8445
-7750
-6632
-5186
-3391
-1514
279
1780
2846
3484
3583
3366
2869
2375
1939
1636
1554
1670
2148
2865
3934
5234
6815
8553
10190
11547
12290
12415
11725
10322
8275
5889
3569
1556
128
-763
-998
-815
-371
-21
39
-233
-862
-1679
-2723
-3778
-4805
-5652
-6326
-6880
-7309
-7693
-7961
-8254
-8516
-8827
-9063
-9147
-9010
-8529
-7725
-6489
-4936
-3120
-1281
427
1808
2785
3321
3392
3151
2657
2178
1751
1515
1452
1625
2107
2860
3983
5320
6975
8713
10425
11759
12444
12401
11487
9939
7780
5434
3154
1305
56
-655
-791
-655
-272
-39
-27
-391
-1075
-1901
-2899
-3841
-4819
-5607
-6273
-6795
-7223
-7657
-7965
-8278
-8450
-8674
-8808
-8845
-8666
-8156
-7405
-6241
-4824
-3016
-1194
541
1893
2836
3384
3426
3158
2543
2030
1595
1455
1496
1766
2385
3238
4424
5665
7132
8618
10088
11272
11866
11878
11069
9717
7695
5460
3206
1323
31
-762
-934
-859
-475
-247
-185
-471
-1060
-1803
-2760
-3691
-4705
-5534
-6265
-6850
-7332
-7759
-8024
-8275
-8408
-8591
-8643
-8585
-8286
-7707
-6891
-5715
-4300
-2622
-982
540
1736
2619
3128
3206
2986
2507
2072
1649
1405
1319
1511
2075
2942
4176
5581
7273
8955
10494
11573
11981
11771
10766
9212
7074
4815
2678
961
-186
-855
-919
-685
-194
107
135
-228
-948
-1865
-3011
-4090
-5125
-5873
-6434
-6834
-7122
-7404
-7606
-7889
-8134
-8426
-8601
-8634
-8418
-7871
-6976
-5660
-4069
-2256
-517
1034
2197
2946
3234
3114
2746
2228
1764
1351
1139
1104
1386
1980
2938
4284
5910
7779
9557
11091
12015
12249
11680
10355
8477
6215
4024
2040
618
-324
-713
-692
-433
-76
49
-41
-535
-1254
-2205
-3232
-4218
-5117
-5775
-6326
-6673
-6968
-7189
-7403
-7673
-7921
-8221
-8393
-8474
-8240
-7681
-6719
-5352
-3730
-1930
-244
1226
2302
2954
3165
2989
2573
2046
1561
1162
934
934
1273
1985
3067
4497
6199
8066
9835
11268
12066
12132
11376
9898
7869
5570
3386
1548
317
-355
-486
-296
24
255
219
-104
-755
-1580
-2552
-3509
-4417
-5213
-5849
-6369
-6721
-7000
-7193
-7390
-7620
-7897
-8212
-8420
-8486
-8232
-7620
-6560
-5086
-3332
-1477
223
1630
2584
3059
3057
2702
2179
1650
1225
958
893
1080
1543
2322
3429
4884
6637
8522
10275
11601
12268
12140
11165
9497
7327
5029
2890
1183
58
-515
-538
-270
141
382
351
-46
-783
-1739
-2828
-3830
-4716
-5361
-5830
-6160
-6426
-6708
-6995
-7373
-7760
-8193
-8535
-8721
-8665
-8250
-7475
-6263
-4729
-2951
-1156
480
1763
2609
2978
2933
2562
2033
1484
1034
783
745
1042
1630
2617
3917
5528
7329
9111
10694
11756
12197
11837
10754
9078
6978
4862
2868
1365
312
-178
-308
-198
-45
-57
-234
-742
-1384
-2243
-3090
-3949
-4708
-5345
-5896
-6314
-6722
-7044
-7396
-7730
-8082
-8441
-8681
-8811
-8606
-8097
-7095
-5747
-4039
-2216
-450
1074
2156
2833
3007
2893
2462
1982
1459
1060
837
828
1172
1827
2936
4373
6134
8026
9821
11318
12166
12329
11631
10282
8351
6173
4039
2186
867
-3
-338
-411
-260
-163
-221
-507
-1048
-1726
-2580
-3437
-4312
-5041
-5639
-6109
-6450
-6752
-6971
-7258
-7590
-8029
-8429
-8692
-8699
-8353
-7628
-6457
-4930
-3180
-1438
103
1342
2224
2698
2777
2489
2041
1502
1051
697
555
763
1350
2384
3701
5316
7096
8909
10538
11641
12136
11855
10926
9380
7403
5310
3293
1745
589
-24
-301
-295
-176
-166
-324
-780
-1398
-2188
-3013
-3819
-4513
-5038
-5438
-5746
-6063
-6413
-6829
-7330
-7868
-8407
-8790
-8937
-8718
-8128
-7125
-5789
-4169
-2465
-816
584
1684
2391
2705
2656
2301
1837
1302
913
626
653
996
1736
2875
4317
6057
7845
9566
10915
11689
11817
11163
9955
8202
6312
4401
2790
1563
719
305
71
34
-142
-372
-832
-1395
-2061
-2798
-3474
-4135
-4640
-5104
-5471
-5815
-6172
-6524
-6993
-7481
-8043
-8501
-8819
-8866
-8559
-7857
-6693
-5188
-3427
-1649
-21
1304
2210
2681
2739
2484
2072
1574
1136
778
640
760
1218
2050
3273
4855
6688
8545
10217
11426
12045
11926
11063
9574
7624
5566
3576
1958
748
64
-226
-250
-207
-262
-472
-891
-1471
-2179
-2949
-3685
-4369
-4925
-5406
-5778
-6103
-6407
-6732
-7153
-7612
-8119
-8507
-8725
-8617
-8132
-7221
-5937
-4349
-2641
-950
524
1705
2467
2827
2796
2490
2039
1520
1083
744
662
877
1481
2519
3916
5657
7493
9261
10667
11498
11684
11116
9987
8313
6443
4502
2799
1429
491
-2
-180
-136
-124
-220
-582
-1162
-1923
-2749
-3542
-4242
-4757
-5152
-5422
-5681
-5952
-6299
-6751
-7259
-7833
-8270
-8599
-8577
-8257
-7479
-6375
-4963
-3364
-1779
-264
949
1921
2458
2666
2509
2139
1654
1136
770
585
742
1210
2086
3334
4874
6624
8346
9930
11042
11610
11446
10641
9230
7435
5534
3720
2256
1128
479
101
-40
-176
-331
-608
-1053
-1613
-2288
-2963
-3652
-4259
-4768
-5178
-5509
-5825
-6133
-6513
-6957
-7476
-7974
-8393
-8617
-8526
-8053
-7128
-5850
-4264
-2589
-957
406
1447
2076
2338
2286
2032
1687
1288
971
740
745
1004
1626
2647
4018
5688
7423
9078
10377
11173
11326
10804
9719
8140
6379
4541
2962
1687
842
387
192
165
64
-138
-593
-1219
-1996
-2810
-3575
-4246
-4734
-5113
-5362
-5591
-5839
-6163
-6610
-7117
-7679
-8154
-8490
-8530
-8233
-7503
-6388
-4904
-3226
-1497
57
1309
2144
2541
2564
2313
1935
1489
1101
795
682
779
1211
2018
3250
4820
6602
8387
9953
11037
11504
11220
10275
8726
6851
4888
3124
1756
839
417
283
322
277
81
-362
-1034
-1824
-2657
-3409
-4066
-4578
-4931
-5220
-5414
-5642
-5860
-6184
-6593
-7066
-7586
-8039
-8379
-8398
-8018
-7174
-5876
-4228
-2388
-639
831
1897
2472
2618
2383
2000
1523
1079
728
537
586
862
1514
2561
4004
5727
7532
9257
10571
11311
11319
10642
9379
7653
5813
4020
2580
1496
869
615
548
531
350
26
-571
-1360
-2249
-3126
-3876
-4518
-4950
-5232
-5426
-5591
-5806
-6025
-6423
-6900
-7444
-7930
-8302
-8447
-8155
-7435
-6279
-4805
-3103
-1393
66
1210
1960
2353
2368
2152
1849
1458
1092
773
704
848
1341
2245
3563
5206
6942
8644
10036
10912
11149
10709
9728
8242
6535
4788
3237
2026
1166
761
573
538
418
148
-317
-1048
-1852
-2731
-3488
-4171
-4704
-5043
-5329
-5494
-5723
-5897
-6197
-6623
-7118
-7674
-8098
-8382
-8261
-7718
-6735
-5395
-3845
-2184
-711
539
1421
1974
2171
2049
1798
1397
1039
700
564
669
1049
1807
2901
4389
6044
7744
9279
10401
10986
10843
10121
8848
7228
5510
3880
2616
1646
1095
816
707
613
358
-25
-661
-1420
-2261
-3072
-3754
-4349
-4721
-5002
-5188
-5363
-5601
-5846
-6267
-6716
-7242
-7708
-8045
-8178
-7910
-7280
-6199
-4785
-3116
-1392
93
1303
2039
2394
2312
1989
1597
1129
793
523
555
778
1310
2203
3450
5053
6746
8480
9943
10921
11245
10821
9803
8181
6310
4393
2766
1538
739
449
409
526
500
306
-169
-914
-1801
-2742
-3565
-4285
-4801
-5124
-5320
-5438
-5598
-5764
-6079
-6477
-6955
-7411
-7778
-7990
-7880
-7422
-6553
-5345
-3849
-2216
-663
685
1678
2283
2479
2325
1981
1488
1017
615
439
553
976
1807
2988
4512
6194
7880
9385
10433
10919
10686
9845
8436
6701
4932
3333
2151
1336
1005
909
948
870
598
110
-683
-1577
-2564
-3385
-4101
-4583
-4850
-5001
-5058
-5214
-5381
-5731
-6194
-6739
-7290
-7711
-8015
-7976
-7620
-6880
-5801
-4433
-2852
-1296
134
1283
2043
2392
2309
1983
1485
942
530
278
371
692
1386
2396
3705
5259
6842
8435
9666
10463
10618
10139
9123
7608
5993
4372
3059
2053
1433
1160
994
875
576
179
-467
-1241
-2069
-2849
-3498
-4071
-4457
-4757
-4971
-5203
-5468
-5747
-6140
-6581
-7072
-7520
-7893
-8119
-8021
-7553
-6678
-5419
-3856
-2121
-497
867
1877
2448
2631
2422
2102
1657
1248
907
741
829
1117
1782
2764
4119
5673
7314
8879
10039
10685
10660
10028
8815
7147
5377
3632
2207
1085
472
220
200
238
180
-19
-503
-1171
-1990
-2841
-3673
-4430
-5021
-5477
-5769
-5931
-6008
-6046
-6179
-6344
-6657
-7021
-7414
-7614
-7510
-7012
-6068
-4713
-3095
-1421
89
1321
2119
2493
2474
2196
1795
1316
953
666
661
870
1458
2399
3670
5235
6879
8485
9726
10465
10572
10016
8957
7421
5827
4219
2921
1920
1274
976
753
679
408
111
-452
-1145
-1944
-2811
-3560
-4273
-4727
-5047
-5218
-5311
-5450
-5585
-5932
-6330
-6874
-7397
-7846
-8086
-7940
-7451
-6488
-5225
-3666
-2019
-449
924
1913
2490
2634
2416
2018
1463
1012
626
497
619
1059
1905
3025
4482
6024
7612
9014
10043
10650
10596
10013
8800
7208
5413
3602
2116
918
298
0
82
232
290
127
-444
-1233
-2289
-3276
-4177
-4824
-5189
-5409
-5443
-5546
-5619
-5847
-6157
-6536
-7004
-7350
-7691
-7716
-7512
-6876
-5875
-4542
-2931
-1315
228
1440
2273
2673
2630
2343
1848
1366
971
734
762
998
1588
2466
3696
5172
6763
8332
9614
10467
10728
10330
9365
7862
6167
4366
2850
1634
853
452
255
221
75
-130
-585
-1189
-1941
-2769
-3540
-4261
-4790
-5179
-5417
-5544
-5692
-5828
-6132
-6485
-6967
-7414
-7780
-7918
-7718
-7119
-6102
-4765
-3227
-1674
-243
933
1775
2266
2413
2280
1954
1519
1098
740
633
774
1307
2174
3419
4927
6543
8105
9368
10218
10476
10155
9303
8019
6525
4929
3499
2267
1377
814
490
339
114
-140
-647
-1253
-2043
-2835
-3586
-4261
-4727
-5081
-5241
-5381
-5485
-5655
-5939
-6313
-6817
-7285
-7731
-7933
-7860
-7381
-6488
-5263
-3781
-2213
-680
633
1667
2311
2626
2558
2307
1867
1434
1047
851
928
1279
2037
3078
4472
6001
7565
8970
9965
10498
10345
9694
8476
6989
5384
3845
2619
1600
1033
601
423
183
-95
-514
-1158
-1877
-2742
-3503
-4231
-4761
-5123
-5350
-5435
-5552
-5643
-5910
-6268
-6763
-7301
-7753
-8072
-8027
-7646
-6802
-5618
-4146
-2551
-1000
335
1376
2032
2377
2396
2245
1925
1580
1247
1015
1010
1233
1834
2756
4041
5544
7111
8597
9750
10465
10582
10119
9134
7713
6142
4481
3091
1893
1119
589
300
85
-223
-583
-1189
-1836
-2625
-3348
-3986
-4515
-4846
-5108
-5229
-5401
-5594
-5855
-6250
-6645
-7149
-7488
-7786
-7787
-7525
-6911
-5928
-4720
-3241
-1737
-279
965
1880
2476
2634
2537
2203
1812
1436
1152
1124
1289
1802
2556
3663
4983
6438
7930
9222
10176
10555
10341
9538
8175
6516
4714
3137
1797
894
357
136
61
-81
-308
-805
-1472
-2320
-3157
-3919
-4561
-4983
-5255
-5376
-5491
-5632
-5816
-6136
-6497
-6973
-7333
-7655
-7732
-7560
-7021
-6119
-4934
-3486
-1970
-478
811
1783
2430
2671
2657
2399
2032
1630
1251
1115
1161
1595
2284
3386
4749
6311
7898
9289
10311
10753
10567
9751
8371
6683
4847
3208
1849
932
414
207
153
56
-164
-649
-1334
-2212
-3099
-3930
-4585
-5023
-5260
-5350
-5391
-5473
-5615
-5914
-6274
-6744
-7165
-7549
-7742
-7676
-7270
-6471
-5348
-3919
-2358
-804
569
1637
2329
2610
2559
2305
1908
1538
1205
1076
1143
1486
2166
3150
4479
5951
7511
8910
9932
10476
10322
9658
8404
6893
5253
3702
2472
1468
928
529
378
162
-142
-589
-1314
-2081
-3010
-3756
-4452
-4916
-5163
-5308
-5280
-5358
-5378
-5614
-5940
-6412
-6947
-7388
-7763
-7769
-7479
-6709
-5623
-4239
-2692
-1191
193
1293
2107
2573
2683
2598
2277
1920
1510
1230
1159
1330
1900
2792
4092
5600
7207
8712
9848
10472
10421
9770
8594
7027
5404
3783
2538
1523
947
590
402
210
-121
-575
-1260
-2027
-2886
-3652
-4326
-4844
-5181
-5371
-5432
-5500
-5576
-5714
-5983
-6326
-6801
-7198
-7554
-7653
-7482
-6878
-5929
-4656
-3192
-1649
-208
1006
1903
2487
2709
2640
2379
1979
1591
1222
1123
1258
1790
2660
3915
5417
6986
8465
9615
10329
10443
9976
9050
7682
6199
4612
3282
2119
1294
740
379
153
-166
-476
-1038
-1689
-2504
-3318
-4045
-4695
-5097
-5376
-5477
-5544
-5629
-5726
-6025
-6338
-6828
-7200
-7573
-7703
-7542
-7052
-6141
-4978
-3501
-2009
-573
658
1534
2125
2315
2327
2150
1897
1686
1464
1452
1512
1897
2529
3534
4837
6312
7862
9174
10129
10478
10178
9298
7895
6316
4669
3296
2197
1450
1000
648
390
-53
-526
-1195
-1920
-2706
-3479
-4121
-4722
-5094
-5367
-5470
-5502
-5546
-5560
-5765
-6014
-6448
-6855
-7234
-7450
-7320
-6896
-6039
-4942
-3562
-2117
-755
473
1376
2043
2345
2423
2334
2082
1881
1604
1572
1626
2008
2679
3687
5031
6442
7928
9118
9942
10194
9835
9023
7734
6317
4806
3493
2407
1529
1001
513
235
-211
-600
-1160
-1819
-2520
-3303
-3934
-4613
-5052
-5396
-5550
-5611
-5685
-5694
-5904
-6146
-6584
-6980
-7341
-7556
-7426
-7036
-6206
-5184
-3845
-2446
-1075
180
1173
1964
2374
2557
2514
2289
2008
1634
1495
1460
1797
2436
3480
4801
6214
7673
8876
9762
10097
9914
9258
8127
6761
5235
3838
2579
1572
915
442
193
-145
-421
-926
-1531
-2291
-3091
-3809
-4491
-4943
-5279
-5414
-5483
-5535
-5569
-5750
-5964
-6347
-6690
-7037
-7242
-7174
-6833
-6092
-5116
-3845
-2482
-1143
63
1017
1750
2153
2296
2258
2032
1794
1468
1337
1335
1643
2257
3224
4535
5948
7438
8686
9616
9978
9750
9032
7819
6394
4849
3506
2404
1585
1127
811
655
344
-13
-577
-1299
-2128
-2997
-3736
-4432
-4907
-5219
-5364
-5418
-5505
-5518
-5703
-5928
-6281
-6608
-6898
-7115
-7047
-6747
-6090
-5216
-4031
-2665
-1306
-11
1037
1845
2262
2333
2237
1925
1658
1343
1276
1370
1703
2303
3156
4301
5556
6917
8189
9208
9810
9830
9351
8287
6888
5316
3801
2563
1581
1025
677
534
329
23
-478
-1184
-2014
-2916
-3722
-4411
-4904
-5215
-5392
-5456
-5515
-5554
-5662
-5837
-6108
-6417
-6726
-6956
-7003
-6775
-6206
-5327
-4164
-2832
-1471
-233
797
1539
2007
2175
2166
2007
1766
1505
1314
1314
1525
2065
2924
4108
5466
6859
8170
9160
9751
9782
9329
8395
7090
5612
4101
2783
1681
981
554
387
268
101
-213
-796
-1521
-2405
-3235
-4005
-4593
-4982
-5233
-5348
-5463
-5536
-5712
-5927
-6201
-6501
-6745
-6956
-6944
-6756
-6254
-5508
-4466
-3229
-1902
-566
599
1548
2147
2394
2359
2051
1694
1267
1038
997
1246
1848
2704
3921
5211
6635
7903
8929
9572
9659
9320
8400
7202
5742
4269
2952
1788
1069
520
336
133
1
-276
-752
-1373
-2239
-3055
-3935
-4583
-5111
-5417
-5559
-5643
-5612
-5699
-5818
-6075
-6355
-6602
-6799
-6777
-6570
-6010
-5249
-4199
-3024
-1778
-578
471
1351
1966
2281
2362
2235
2041
1815
1630
1622
1780
2263
2983
3989
5115
6355
7553
8514
9154
9288
9000
8227
7105
5789
4356
3082
1938
1158
565
192
-127
-422
-737
-1230
-1794
-2516
-3168
-3794
-4315
-4702
-5033
-5237
-5436
-5549
-5695
-5907
-6164
-6467
-6644
-6820
-6757
-6560
-6038
-5278
-4299
-3119
-1934
-754
282
1169
1840
2176
2316
2197
2015
1735
1525
1493
1641
2146
2877
3960
5155
6433
7623
8573
9179
9288
8972
8206
7110
5809
4445
3264
2190
1446
847
477
132
-231
-626
-1178
-1788
-2540
-3189
-3825
-4322
-4715
-4983
-5126
-5306
-5423
-5610
-5822
-6102
-6404
-6606
-6783
-6733
-6519
-5963
-5222
-4223
-3090
-1908
-760
210
1042
1589
1911
2019
1989
1869
1719
1644
1677
1881
2296
2962
3879
4924
6090
7226
8214
8869
9101
8885
8234
7188
5947
4586
3334
2198
1337
706
253
-77
-413
-710
-1162
-1656
-2260
-2867
-3461
-4014
-4429
-4786
-5039
-5262
-5462
-5653
-5926
-6186
-6482
-6678
-6805
-6737
-6459
-5934
-5171
-4217
-3108
-1942
-834
170
982
1599
1956
2103
2087
1939
1763
1588
1603
1743
2158
2796
3734
4857
6043
7231
8219
8914
9147
8948
8322
7277
6010
4612
3345
2161
1280
628
229
-63
-344
-578
-1000
-1504
-2177
-2822
-3488
-4115
-4569
-4913
-5090
-5293
-5402
-5545
-5763
-6009
-6303
-6449
-6605
-6524
-6257
-5725
-4998
-4127
-3068
-1999
-945
8
803
1435
1772
1956
1915
1778
1576
1393
1404
1560
2045
2766
3810
5013
6264
7445
8343
8893
8943
8535
7744
6605
5374
4072
2984
2021
1337
843
504
254
-63
-395
-903
-1485
-2189
-2888
-3532
-4111
-4503
-4792
-4906
-4998
-5066
-5167
-5405
-5667
-6060
-6329
-6585
-6588
-6380
-5860
-5069
-4096
-2926
-1769
-649
290
1020
1542
1792
1888
1834
1703
1573
1448
1496
1652
2070
2696
3573
4657
5782
6944
7873
8555
8786
8571
7962
6915
5739
4373
3196
2103
1315
794
427
242
-64
-310
-836
-1422
-2165
-2920
-3581
-4223
-4590
-4901
-4988
-5096
-5156
-5226
-5455
-5661
-6006
-6194
-6403
-6385
-6157
-5692
-4968
-4113
-3039
-1976
-935
-14
724
1287
1558
1699
1698
1608
1509
1424
1535
1722
2160
2784
3650
4680
5729
6835
7731
8368
8595
8412
7877
6900
5797
4549
3458
2417
1623
1054
604
272
-146
-470
-988
-1537
-2181
-2798
-3350
-3900
-4254
-4564
-4730
-4916
-5058
-5206
-5452
-5691
-6010
-6191
-6384
-6345
-6129
-5641
-4940
-4105
-3071
-2064
-1056
-199
538
1095
1415
1610
1647
1622
1521
1455
1502
1667
2073
2658
3562
4585
5736
6848
7774
8423
8610
8414
7795
6838
5704
4471
3368
2354
1601
1017
629
303
-30
-367
-860
-1379
-2059
-2679
-3315
-3864
-4289
-4630
-4826
-5014
-5156
-5301
-5482
-5666
-5872
-6011
-6116
-6070
-5897
-5499
-4914
-4146
-3201
-2205
-1209
-305
448
1048
1431
1645
1733
1679
1594
1481
1490
1632
1974
2566
3392
4409
5504
6620
7574
8238
8499
8307
7735
6734
5562
4274
3127
2148
1418
982
677
508
250
-27
-504
-1087
-1780
-2513
-3184
-3820
-4266
-4623
-4824
-4978
-5112
-5229
-5426
-5580
-5813
-5948
-6063
-6022
-5821
-5430
-4805
-4042
-3097
-2129
-1146
-269
454
1027
1395
1589
1649
1588
1507
1386
1383
1506
1845
2413
3210
4246
5381
6523
7512
8195
8499
8284
7678
6669
5485
4234
3112
2230
1574
1193
918
756
460
103
-451
-1089
-1820
-2553
-3183
-3750
-4142
-4475
-4656
-4835
-5001
-5156
-5378
-5584
-5875
-6065
-6224
-6226
-6056
-5665
-5018
-4235
-3269
-2271
-1278
-402
323
905
1278
1469
1545
1502
1442
1352
1390
1530
1859
2399
3175
4189
5269
6425
7437
8207
8551
8422
7919
6983
5862
4622
3536
2585
1836
1357
983
720
327
-40
-547
-1160
-1822
-2495
-3044
-3640
-4072
-4448
-4704
-4923
-5131
-5199
-5361
-5491
-5724
-5897
-6070
-6172
-6074
-5767
-5171
-4429
-3454
-2419
-1387
-480
251
825
1187
1395
1474
1523
1490
1470
1469
1586
1833
2260
2940
3856
4951
6068
7145
7958
8419
8422
7984
7207
6136
4963
3796
2784
1940
1337
911
612
358
13
-394
-963
-1604
-2307
-2964
-3570
-4031
-4398
-4661
-4848
-5023
-5168
-5362
-5577
-5787
-5965
-6078
-6073
-5878
-5538
-4976
-4301
-3471
-2558
-1657
-755
29
697
1179
1455
1563
1524
1374
1226
1157
1275
1591
2198
3016
4070
5170
6247
7173
7782
8045
7890
7403
6651
5716
4759
3829
3065
2378
1892
1490
1156
788
324
-187
-869
-1579
-2341
-2991
-3559
-3996
-4288
-4482
-4628
-4800
-4990
-5204
-5487
-5772
-6025
-6164
-6204
-6052
-5694
-5100
-4368
-3499
-2553
-1597
-726
19
638
1065
1324
1381
1395
1295
1220
1186
1309
1604
2069
2782
3673
4717
5719
6675
7435
7862
7937
7602
7009
6102
5083
4032
3096
2317
1679
1314
996
786
440
63
-445
-1102
-1797
-2527
-3151
-3764
-4211
-4542
-4759
-4909
-5074
-5172
-5377
-5594
-5837
-6000
-6065
-6033
-5765
-5308
-4640
-3874
-2952
-1983
-1078
-260
430
980
1298
1417
1427
1368
1269
1217
1307
1581
2017
2655
3491
4450
5423
6311
7069
7536
7707
7535
7107
6445
5598
4707
3829
3011
2244
1622
1076
617
167
-263
-670
-1173
-1695
-2281
-2836
-3420
-3932
-4351
-4670
-4889
-5094
-5200
-5363
-5543
-5755
-5920
-6006
-5998
-5794
-5399
-4778
-4061
-3177
-2255
-1343
-529
165
726
1076
1301
1381
1433
1394
1410
1477
1651
1945
2380
3020
3793
4696
5636
6551
7287
7734
7830
7522
6891
5951
4921
3889
2986
2251
1694
1317
957
604
129
-393
-1041
-1712
-2372
-2957
-3457
-3888
-4201
-4458
-4674
-4896
-5079
-5234
-5420
-5558
-5674
-5687
-5666
-5518
-5230
-4792
-4222
-3512
-2666
-1796
-932
-164
521
994
1276
1401
1444
1384
1323
1342
1518
1813
2242
2865
3626
4456
5275
6085
6782
7235
7416
7300
6917
6228
5358
4428
3516
2654
1899
1344
893
527
156
-180
-596
-1131
-1724
-2344
-2946
-3550
-4035
-4406
-4680
-4917
-5096
-5209
-5350
-5495
-5638
-5717
-5769
-5755
-5590
-5238
-4715
-4052
-3215
-2289
-1353
-485
285
906
1325
1557
1660
1683
1635
1616
1648
1797
2063
2487
3092
3829
4676
5543
6388
7039
7456
7556
7331
6814
5994
5044
3998
3023
2149
1459
952
547
241
-114
-468
-945
-1483
-2078
-2708
-3293
-3852
-4294
-4665
-4911
-5099
-5222
-5308
-5405
-5479
-5575
-5621
-5630
-5539
-5310
-4908
-4334
-3606
-2757
-1860
-967
-166
528
1040
1396
1564
1622
1587
1502
1479
1511
1749
2136
2746
3511
4390
5326
6179
6910
7351
7528
7341
6893
6186
5328
4425
3515
2743
2049
1527
1075
699
317
-118
-619
-1219
-1842
-2505
-3099
-3657
-4089
-4431
-4686
-4863
-5031
-5163
-5336
-5487
-5646
-5751
-5787
-5714
-5492
-5120
-4551
-3861
-3015
-2142
-1237
-412
293
859
1216
1455
1511
1523
1453
1412
1426
1546
1858
2315
2987
3747
4633
5499
6297
6915
7241
7285
6949
6414
5627
4771
3878
3041
2344
1739
1297
880
523
103
-342
-875
-1480
-2095
-2738
-3277
-3790
-4158
-4473
-4684
-4828
-4951
-5038
-5182
-5300
-5453
-5534
-5563
-5464
-5217
-4807
-4203
-3482
-2618
-1748
-861
-65
606
1115
1440
1624
1662
1655
1586
1577
1612
1793
2111
2570
3182
3858
4631
5369
6079
6625
6972
7050
6825
6351
5601
4733
3755
2846
2006
1319
772
314
-37
-417
-759
-1211
-1685
-2240
-2808
-3338
-3833
-4206
-4537
-4740
-4927
-5037
-5141
-5238
-5310
-5395
-5398
-5367
-5188
-4911
-4469
-3889
-3182
-2361
-1518
-659
109
794
1304
1658
1836
1878
1838
1743
1699
1707
1875
2194
2703
3376
4157
5002
5790
6462
6892
7063
6912
6475
5799
4949
4050
3148
2354
1661
1107
643
239
-143
-561
-999
-1506
-2023
-2573
-3093
-3579
-4017
-4363
-4658
-4842
-4993
-5073
-5132
-5181
-5211
-5247
-5228
-5178
-5012
-4730
-4272
-3651
-2869
-1970
-1045
-141
625
1232
1616
1803
1819
1738
1616
1536
1551
1702
2020
2494
3135
3864
4667
5430
6107
6619
6897
6935
6671
6173
5439
4594
3680
2800
2015
1340
817
372
21
-350
-730
-1173
-1680
-2215
-2797
-3328
-3839
-4237
-4561
-4770
-4903
-4993
-5047
-5129
-5185
-5278
-5320
-5336
-5237
-5012
-4614
-4026
-3300
-2430
-1546
-651
129
808
1312
1659
1859
1928
1944
1901
1915
1954
2125
2390
2805
3346
3968
4664
5295
5887
6286
6527
6525
6297
5855
5209
4481
3647
2861
2081
1412
799
257
-224
-722
-1185
-1705
-2191
-2691
-3133
-3538
-3901
-4193
-4464
-4651
-4834
-4945
-5055
-5132
-5195
-5238
-5219
-5161
-4968
-4666
-4182
-3569
-2810
-1974
-1106
-271
462
1078
1521
1832
1971
2022
1971
1906
1868
1896
2061
2349
2814
3387
4074
4781
5466
6039
6432
6605
6496
6152
5551
4803
3931
3038
2184
1410
774
224
-210
-616
-986
-1373
-1782
-2211
-2678
-3127
-3570
-3942
-4261
-4497
-4666
-4779
-4850
-4919
-4964
-5010
-5022
-4991
-4867
-4639
-4283
-3780
-3154
-2413
-1627
-813
-49
627
1169
1554
1795
1902
1949
1945
1963
2008
2135
2356
2681
3120
3635
4232
4838
5414
5882
6194
6302
6173
5824
5254
4532
3690
2815
1955
1175
513
-32
-463
-836
-1162
-1499
-1858
-2254
-2675
-3101
-3521
-3894
-4229
-4493
-4703
-4848
-4941
-4989
-5016
-5016
-4979
-4917
-4774
-4556
-4190
-3685
-3037
-2268
-1439
-587
197
871
1371
1717
1898
1963
1966
1932
1940
1988
2141
2381
2734
3185
3725
4327
4919
5485
5926
6211
6272
6091
5676
5045
4292
3441
2600
1803
1106
524
37
-376
-765
-1153
-1566
-1999
-2456
-2907
-3336
-3724
-4035
-4294
-4474
-4612
-4718
-4795
-4883
-4945
-4992
-4977
-4899
-4723
-4429
-3998
-3428
-2739
-1960
-1146
-343
376
978
1424
1706
1847
1865
1838
1786
1785
1853
2036
2335
2750
3265
3852
4460
5038
5533
5889
6078
6054
5819
5370
4730
3976
3151
2340
1586
939
403
-33
-398
-742
-1088
-1476
-1910
-2393
-2885
-3357
-3759
-4076
-4298
-4435
-4525
-4585
-4655
-4748
-4846
-4936
-4955
-4874
-4657
-4288
-3772
-3139
-2401
-1624
-841
-110
536
1068
1448
1688
1800
1820
1799
1772
1793
1899
2110
2436
2869
3374
3925
4471
4982
5407
5700
5830
5766
5504
5060
4458
3748
2978
2211
1494
853
305
-168
-586
-968
-1347
-1736
-2135
-2541
-2940
-3306
-3627
-3900
-4120
-4299
-4446
-4573
-4683
-4783
-4852
-4886
-4843
-4713
-4455
-4056
-3517
-2866
-2138
-1385
-657
14
584
1049
1400
1650
1817
1920
1989
2044
2112
2223
2397
2643
2973
3379
3856
4368
4873
5315
5631
5775
5711
5436
4975
4358
3640
2875
2106
1368
682
61
-492
-983
-1408
-1783
-2123
-2448
-2765
-3076
-3376
-3664
-3929
-4165
-4368
-4532
-4657
-4743
-4783
-4778
-4717
-4583
-4371
-4071
-3687
-3210
-2648
-2027
-1373
-717
-88
488
989
1402
1717
1945
2103
2207
2289
2376
2503
2694
2952
3284
3671
4089
4510
4896
5202
5391
5426
5293
4994
4542
3963
3299
2594
1892
1222
599
33
-472
-931
-1353
-1755
-2141
-2504
-2842
-3134
-3390
-3615
-3819
-4013
-4204
-4391
-4568
-4716
-4807
-4824
-4747
-4561
-4264
-3873
-3398
-2862
-2288
-1679
-1060
-452
118
622
1040
1368
1610
1777
1899
2008
2124
2260
2431
2654
2932
3260
3630
4018
4392
4731
4996
5169
5222
5124
4867
4444
3869
3177
2421
1657
930
284
-272
-740
-1126
-1466
-1777
-2081
-2393
-2704
-3007
-3294
-3560
-3797
-4002
-4176
-4322
-4444
-4531
-4580
-4577
-4506
-4343
-4077
-3706
-3230
-2677
-2065
-1425
-785
-173
378
845
1216
1491
1678
1799
1881
1961
2064
2209
2413
2660
2963
3295
3663
4042
4400
4721
4954
5065
5036
4842
4502
4020
3427
2759
2055
1362
718
139
-360
-793
-1176
-1519
-1842
-2133
-2417
-2686
-2952
-3222
-3481
-3737
-3967
-4169
-4337
-4456
-4524
-4526
-4465
-4321
-4095
-3782
-3389
-2924
-2405
-1844
-1268
-685
-126
378
826
1193
1486
1708
1865
1985
2087
2195
2336
2518
2740
3015
3322
3659
3997
4314
4573
4735
4792
4722
4521
4193
3739
3190
2563
1895
1226
588
3
-512
-967
-1360
-1695
-1986
-2233
-2471
-2703
-2947
-3200
-3450
-3693
-3909
-4093
-4220
-4293
-4306
-4258
-4154
-3993
-3767
-3458
-3077
-2615
-2107
-1559
-996
-440
100
583
1006
1337
1586
1752
1860
1924
1975
2039
2138
2297
2502
2769
3071
3414
3779
4127
4427
4636
4724
4662
4447
4079
3583
2973
2298
1594
905
279
-265
-711
-1078
-1377
-1636
-1869
-2094
-2327
-2581
-2858
-3146
-3427
-3672
-3870
-4011
-4100
-4139
-4133
-4074
-3952
-3772
-3529
-3233
-2884
-2470
-1983
-1433
-854
-289
218
656
1030
1349
1622
1820
1931
1978
1988
2019
2108
2257
2460
2695
2962
3278
3633
3998
4317
4517
4561
4439
4173
3784
3288
2693
2020
1327
674
116
-330
-679
-979
-1257
-1525
-1778
-2007
-2242
-2495
-2782
-3091
-3379
-3623
-3796
-3903
-3960
-3974
-3942
-3859
-3715
-3511
-3261
-2967
-2634
-2248
-1809
-1318
-793
-272
218
658
1036
1342
1578
1741
1834
1874
1900
1950
2045
2193
2390
2635
2925
3243
3572
3870
4094
4204
4187
4033
3753
3376
2917
2398
1844
1283
752
277
-135
-497
-829
-1131
-1424
-1719
-2008
-2307
-2592
-2861
-3104
-3308
-3487
-3632
-3739
-3807
-3811
-3766
-3673
-3531
-3355
-3126
-2840
-2493
-2087
-1648
-1181
-704
-234
227
645
1001
1286
1501
1663
1779
1866
1940
2014
2114
2253
2441
2679
2946
3234
3511
3747
3910
3975
3939
3795
3550
3215
2788
2301
1782
1261
764
305
-123
-515
-870
-1188
-1478
-1754
-2019
-2281
-2531
-2765
-2976
-3168
-3337
-3479
-3593
-3663
-3683
-3654
-3567
-3433
-3246
-3005
-2706
-2356
-1966
-1560
-1146
-719
-299
105
481
807
1080
1307
1486
1625
1736
1831
1926
2037
2190
2383
2607
2855
3104
3341
3546
3696
3777
3766
3654
3446
3159
2793
2369
1901
1412
926
451
2
-424
-816
-1158
-1449
-1702
-1932
-2151
-2370
-2586
-2789
-2971
-3129
-3265
-3377
-3463
-3507
-3509
-3451
-3336
-3158
-2920
-2627
-2283
-1908
-1508
-1098
-691
-296
78
420
722
980
1193
1362
1497
1616
1722
1831
1954
2088
2249
2430
2632
2846
3059
3247
3394
3476
3473
3393
3237
3002
2691
2312
1883
1426
958
502
69
-329
-688
-1012
-1290
-1534
-1754
-1960
-2156
-2350
-2543
-2734
-2916
-3084
-3231
-3335
-3387
-3382
-3318
-3189
-3001
-2756
-2461
-2132
-1778
-1414
-1048
-686
-337
-12
285
550
776
972
1145
1294
1427
1552
1677
1813
1969
2147
2336
2539
2744
2932
3100
3226
3300
3317
3263
3133
2931
2664
2335
1957
1553
1139
722
311
-81
-452
-795
-1111
-1391
-1645
-1872
-2081
-2279
-2474
-2672
-2861
-3027
-3161
-3247
-3292
-3295
-3252
-3166
-3016
-2803
-2540
-2241
-1920
-1581
-1223
-861
-507
-170
141
423
675
902
1106
1284
1440
1574
1702
1822
1945
2073
2207
2357
2519
2692
2878
3041
3160
3222
3217
3137
2981
2755
2460
2101
1702
1283
865
460
78
-277
-603
-900
-1171
-1424
-1668
-1903
-2130
-2348
-2547
-2724
-2879
-3011
-3105
-3163
-3174
-3135
-3051
-2913
-2736
-2521
-2272
-1993
-1682
-1353
-1022
-698
-386
-89
191
459
702
920
1109
1273
1422
1558
1686
1815
1952
2097
2249
2402
2545
2681
2794
2880
2928
2920
2859
2738
2565
2345
2080
1786
1465
1131
791
456
123
-204
-519
-822
-1118
-1403
-1676
-1935
-2182
-2405
-2597
-2750
-2861
-2929
-2959
-2955
-2908
-2824
-2700
-2540
-2355
-2149
-1927
-1693
-1438
-1164
-879
-592
-313
-44
212
448
671
868
1043
1202
1346
1483
1610
1731
1851
1977
2113
2256
2406
2552
2673
2768
2819
2820
2769
2654
2484
2254
1974
1661
1321
966
614
273
-59
-380
-685
-969
-1238
-1488
-1725
-1953
-2160
-2349
-2521
-2673
-2797
-2884
-2928
-2919
-2867
-2778
-2646
-2477
-2272
-2036
-1781
-1507
-1226
-945
-667
-407
-158
77
298
511
711
895
1061
1217
1369
1514
1669
1826
1982
2133
2265
2388
2490
2572
2628
2645
2624
2557
2442
2290
2103
1892
1659
1403
1133
846
557
267
-23
-303
-587
-863
-1134
-1398
-1643
-1876
-2089
-2273
-2434
-2559
-2651
-2705
-2718
-2696
-2629
-2519
-2375
-2203
-2019
-1823
-1616
-1394
-1160
-923
-683
-451
-227
0
225
447
657
851
1031
1190
1342
1490
1628
1763
1895
2015
2125
2220
2294
2347
2375
2375
2340
2274
2176
2042
1880
1691
1474
1231
964
685
404
119
-165
-444
-718
-982
-1229
-1455
-1662
-1848
-2012
-2158
-2278
-2379
-2449
-2484
-2487
-2457
-2400
-2304
-2173
-2008
-1810
-1589
-1352
-1103
-851
-598
-358
-129
76
259
418
564
707
848
996
1143
1289
1438
1584
1725
1859
1990
2103
2197
2261
2281
2263
2212
2137
2034
1905
1755
1585
1400
1196
977
750
512
264
14
-234
-482
-728
-976
-1214
-1432
-1629
-1805
-1962
-2099
-2206
-2273
-2304
-2305
-2282
-2228
-2146
-2041
-1908
-1757
-1589
-1409
-1227
-1047
-872
-696
-513
-326
-141
45
236
436
641
835
1017
1188
1352
1510
1658
1781
1878
1955
2015
2057
2079
2082
2068
2027
1964
1888
1788
1663
1517
1354
1167
960
737
496
247
-10
-269
-528
-786
-1036
-1266
-1479
-1669
-1838
-1984
-2094
-2176
-2229
-2255
-2256
-2221
-2150
-2055
-1934
-1795
-1641
-1475
-1304
-1118
-930
-736
-533
-333
-129
68
265
472
674
880
1072
1251
1417
1560
1699
1818
1914
1993
2050
2090
2104
2095
2076
2030
1972
1895
1783
1646
1479
1287
1077
850
605
348
86
-181
-443
-699
-948
-1183
-1404
-1610
-1796
-1957
-2089
-2196
-2272
-2316
-2338
-2325
-2286
-2216
-2112
-1983
-1823
-1644
-1446
-1229
-1009
-776
-543
-308
-69
162
390
610
808
988
1150
1298
1436
1556
1670
1762
1832
1889
1927
1948
1962
1963
1949
1914
1856
1771
1657
1527
1382
1224
1049
848
628
392
145
-99
-340
-579
-813
-1042
-1255
-1449
-1620
-1759
-1876
-1968
-2035
-2074
-2087
-2074
-2031
-1955
-1857
-1738
-1598
-1446
-1289
-1122
-950
-766
-573
-368
-164
28
216
404
586
755
914
1061
1194
1314
1419
1514
1593
1659
1714
1757
1781
1786
1773
1741
1694
1622
1528
1411
1268
1103
914
717
514
307
100
-107
-315
-528
-744
-950
-1138
-1303
-1438
-1558
-1657
-1743
-1808
-1839
-1842
-1817
-1765
-1698
-1614
-1515
-1400
-1264
-1116
-959
-797
-630
-459
-286
-105
72
240
406
567
726
868
996
1113
1219
1312
1393
1459
1509
1544
1560
1563
1552
1531
1492
1433
1356
1254
1132
998
849
690
525
353
181
7
-163
-327
-488
-639
-782
-914
-1033
-1142
-1238
-1325
-1398
-1443
-1478
-1499
-1493
-1474
-1430
-1370
-1298
-1212
-1118
-1013
-898
-786
-664
-537
-399
-246
-89
71
226
370
503
625
746
855
954
1049
1134
1212
1288
1348
1393
1417
1423
1414
1378
1322
1245
1153
1052
944
830
709
576
438
294
137
-25
-184
-336
-474
-598
-709
-812
-907
-1000
-1085
-1163
-1232
-1286
-1334
-1363
-1357
-1320
-1248
-1160
-1068
-971
-878
-785
-693
-605
-505
-403
-291
-159
-18
138
288
424
554
644
716
780
823
871
919
976
1040
1091
1139
1165
1155
1133
1084
1019
946
851
761
667
568
481
388
295
200
89
-24
-138
-254
-357
-467
-563
-643
-719
-774
-828
-878
-910
-947
-966
-978
-985
-966
-956
-925
-883
-836
-765
-702
-630
-553
-483
-390
-299
-200
-86
12
120
210
285
368
429
508
581
638
705
742
785
821
837
873
876
878
881
846
829
787
732
697
624
573
510
421
355
246
155
79
-17
-77
-165
-256
-328
-432
-494
-562
-629
-654
-711
-736
-752
-784
-770
-784
-778
-750
-743
-689
-646
-591
-522
-478
-409
-352
-288
-205
-134
-51
22
83
153
206
263
319
372
432
476
513
542
555
568
578
588
594
592
579
558
527
491
454
415
376
336
289
233
176
121
67
13
-40
-93
-146
-195
-242
-286
-330
-371
-405
-437
-459
-479
-492
-506
-520
-524
-526
-524
-510
-485
-456
-427
-394
-356
-309
-254
-193
-135
-75
-12
50
115
185
254
313
368
413
453
492
533
566
586
595
588
580
565
548
524
493
459
412
356
300
239
181
125
70
17
-36
-84
-137
-186
-224
-264
-303
-339
-371
-401
-426
-449
-471
-483
-487
-489
-487
-483
-476
-458
-434
-406
-368
-333
-296
-259
-224
-183
-137
-83
-29
23
65
106
153
202
244
282
322
364
404
442
469
482
487
485
478
467
456
440
414
376
336
292
245
202
160
117
69
18
-34
-82
-125
-161
-196
-232
-267
-301
-330
-351
-364
-376
-384
-388
-388
-384
-371
-350
-327
-299
-278
-266
-255
-236
-206
-166
-127
-87
-48
-15
21
56
90
123
156
193
229
264
291
313
331
343
353
361
365
369
370
358
344
326
308
288
257
217
175
139
110
81
45
1
-43
-79
-114
-145
-176
-207
-234
-257
-278
-298
-321
-339
-351
-358
-354
-344
-333
-317
-300
-289
-271
-247
-213
-176
-142
-110
-77
-44
-11
25
60
100
132
158
180
203
235
268
291
305
312
312
312
315
318
321
314
297
265
229
189
151
121
90
64
35
-5
-43
-83
-118
-141
-167
-186
-200
-222
-237
-253
-271
-274
-276
-269
-261
-255
-244
-238
-225
-207
-186
-162
-143
-133
-127
-115
-99
-70
-45
-16
5
28
61
90
126
154
183
209
238
264
279
292
294
297
301
300
296
297
280
262
235
196
184
156
129
94
51
28
0
-18
-40
-66
-92
-124
-151
-173
-182
-187
-191
-206
-216
-226
-216
-193
-183
-169
-170
-165
-158
-161
-151
-138
-114
-87
-77
-74
-69
-63
-45
-26
-12
-1
4
17
32
41
49
58
75
90
109
122
135
142
142
144
145
145
145
142
135
128
115
100
83
65
51
34
25
20
10
-3
-21
-42
-49
-50
-45
-43
-47
-43
-46
-46
-46
-48
-47
-44
-46
-52
-65
-75
-77
-69
-57
-51
-54
-54
-52
-46
-35
-27
-21
-20
-19
-18
-16
-9
-4
4
12
21
28
29
31
32
32
32
33
35
37
36
33
35
36
35
34
32
31
28
23
18
14
9
0
-8
-8
-6
3
11
10
10
4
-3
-3
-7
-3
1
-4
-10
-18
-22
-21
-26
-26
-22
-19
-10
-8
-17
-24
-30
-31
-24
-18
-11
-6
-5
-2
2
10
17
19
19
18
19
21
20
20
20
21
21
24
21
19
19
18
18
18
16
12
8
-1
-4
-8
-3
6
12
12
4
-4
-14
-21
-20
-15
-10
-6
-12
-20
-22
-26
-26
-22
-20
-22
-26
-28
-35
-39
-37
-30
-26
-23
-25
-28
-25
-16
-5
5
7
1
-4
0
10
22
32
30
25
19
16
20
25
30
31
27
22
17
11
12
15
17
22
24
23
24
23
24
25
27
27
24
16
9
5
3
2
1
-8
-17
-24
-27
-24
-25
-28
-30
-36
-39
-39
-33
-26
-23
-26
-31
-28
-20
-15
-12
-11
-11
-5
-1
3
6
6
8
9
9
7
8
18
26
28
24
18
13
15
16
16
20
19
22
25
24
26
23
17
12
9
10
8
6
-1
-16
-21
-24
-22
-18
-19
-22
-31
-36
-38
-38
-34
-34
-37
-39
-39
-38
-37
-32
-27
-23
-17
-12
-6
-1
5
8
7
10
11
16
22
31
34
36
37
38
40
43
49
51
50
45
45
50
57
63
66
62
53
49
47
45
44
35
24
11
-5
-13
-12
-11
-10
-23
-41
-63
-79
-81
-79
-76
-72
-76
-88
-102
-105
-93
-81
-67
-65
-71
-71
-66
-51
-38
-26
-23
-20
-11
3
17
29
35
37
38
38
48
61
76
85
77
64
56
59
72
87
87
81
70
61
61
61
64
60
44
32
22
16
17
14
-2
-18
-33
-37
-34
-29
-36
-54
-70
-79
-77
-71
-65
-66
-73
-80
-83
-77
-62
-49
-39
-40
-42
-35
-20
-10
-4
-1
-3
8
29
44
51
42
32
31
40
54
64
61
46
36
40
54
67
72
63
50
42
44
48
46
34
16
3
4
11
22
23
10
-12
-31
-42
-38
-23
-18
-26
-44
-71
-91
-88
-76
-55
-43
-48
-63
-78
-83
-77
-61
-42
-32
-28
-33
-37
-32
-18
-5
8
18
23
26
27
28
31
39
46
49
50
54
59
60
61
60
58
59
57
53
42
29
22
22
26
32
31
23
10
4
7
14
17
10
-5
-12
-15
-15
-18
-24
-25
-25
-23
-20
-24
-39
-53
-64
-56
-38
-28
-28
-45
-60
-58
-43
-22
-6
-10
-21
-22
-18
-5
10
21
24
16
11
18
23
36
44
42
37
30
28
29
23
20
21
22
26
24
17
9
4
4
2
-2
-6
-11
-10
-6
-8
-10
-22
-25
-21
-20
-19
-22
-27
-27
-22
-16
-10
-14
-19
-25
-33
-29
-26
-18
-10
-9
-12
-12
-14
-15
-11
-6
1
3
7
11
14
19
24
29
33
38
41
44
47
46
45
40
38
42
40
38
36
29
23
23
19
13
8
2
-3
-3
-3
-3
-6
-11
-12
-12
-15
-19
-27
-36
-41
-40
-40
-37
-36
-36
-37
-43
-48
-50
-49
-44
-34
-29
-25
-20
-17
-16
-15
-11
-6
2
5
6
7
9
15
21
26
27
27
24
24
24
33
39
37
35
26
24
28
32
39
39
33
23
13
10
9
11
16
16
9
2
-1
-4
-8
-13
-16
-21
-26
-30
-32
-30
-35
-38
-34
-32
-29
-30
-34
-35
-36
-32
-29
-23
-20
-20
-20
-20
-15
-9
3
14
23
28
27
25
26
31
38
41
43
41
39
44
49
50
49
43
35
27
24
27
31
36
35
30
19
7
-2
-7
-4
-7
-11
-15
-24
-32
-38
-44
-46
-55
-61
-69
-79
-76
-68
-59
-50
-52
-54
-58
-57
-52
-49
-42
-36
-27
-19
-12
-3
7
20
29
36
41
43
50
61
74
82
80
75
67
63
68
69
72
70
59
51
41
37
39
34
32
21
8
4
0
0
-5
-17
-28
-36
-40
-43
-47
-51
-59
-64
-67
-72
-74
-73
-63
-55
-50
-48
-53
-55
-59
-55
-44
-37
-27
-24
-22
-12
-1
13
27
34
39
34
37
39
41
46
49
57
58
53
55
52
57
64
57
55
51
48
52
49
50
45
38
31
16
10
6
3
5
-5
-14
-26
-37
-42
-51
-56
-66
-71
-63
-60
-54
-53
-57
-59
-63
-60
-53
-50
-44
-41
-35
-31
-30
-22
-16
-2
14
24
28
25
24
26
27
34
43
49
48
42
38
35
35
39
41
39
35
34
38
40
38
33
20
10
4
6
13
20
22
13
-3
-23
-42
-55
-62
-58
-47
-37
-26
-23
-31
-37
-45
-43
-38
-34
-29
-31
-30
-21
-9
-2
2
4
2
-3
-2
3
10
21
28
36
41
41
39
32
27
20
20
31
34
34
35
32
28
22
16
12
6
5
10
15
18
14
12
8
-9
-23
-29
-32
-31
-30
-27
-23
-29
-33
-32
-30
-32
-35
-34
-34
-32
-36
-33
-31
-34
-35
-24
-3
3
-2
6
15
15
12
8
19
18
13
25
33
28
12
12
27
33
37
42
46
35
24
22
27
33
31
29
25
23
14
4
3
5
2
-3
-6
-10
-9
-21
-30
-24
-28
-34
-33
-29
-27
-29
-31
-30
-33
-37
-37
-37
-36
-33
-25
-13
-8
-7
-5
-2
2
3
4
5
6
7
14
27
29
29
31
30
31
33
27
21
12
13
19
21
12
8
9
12
13
12
15
9
0
2
10
18
14
6
4
2
-7
-15
-13
-14
-17
-20
-18
-14
-19
-29
-38
-39
-34
-28
-19
-9
-5
-9
-12
-13
-14
-11
-8
-5
-5
-4
0
2
1
1
3
4
7
12
16
20
25
29
27
22
14
11
14
19
19
23
27
24
17
12
15
22
20
11
3
-3
-12
-15
-12
-9
-11
-18
-20
-20
-20
-13
-9
-11
-19
-34
-43
-37
-21
-8
-3
-2
-6
-16
-21
-18
-10
2
4
0
-2
-4
0
6
6
11
14
11
13
12
15
14
13
16
18
25
30
31
28
22
16
12
15
20
23
20
13
5
5
6
9
9
1
-7
-14
-17
-20
-19
-17
-18
-22
-28
-37
-40
-37
-30
-21
-18
-15
-15
-18
-19
-21
-20
-17
-21
-22
-20
-9
0
11
15
2
-4
0
5
15
21
22
24
25
25
24
21
17
20
31
42
44
41
34
21
13
7
2
6
15
17
13
3
-6
-12
-13
-13
-16
-11
-11
-20
-21
-20
-24
-24
