SAMPLES:	15048
BITSPERSAMPLE:	16
CHANNELS:	1
SAMPLERATE:	16000
NORMALIZED:	FALSE
-30
47
83
71
21
-23
4
25
72
128
162
182
104
-14
-136
-234
-238
-195
-93
-3
4
-28
-86
-95
-27
72
172
189
103
-32
-150
-160
-59
66
149
118
17
-82
-145
-128
-108
-82
-59
-71
-32
-17
-4
18
-32
-36
-54
-67
-3
13
66
84
18
-25
-97
-106
-53
-20
35
50
49
48
37
41
43
71
98
118
121
61
-10
-74
-86
-10
88
153
150
49
-76
-153
-165
-97
-2
53
72
43
-17
-40
-32
13
96
152
156
104
-23
-143
-198
-206
-139
-65
-17
27
12
-24
-55
-78
-61
-47
-45
-32
7
77
151
191
161
91
37
39
108
178
168
66
-64
-130
-107
-48
-14
-3
-1
-7
2
31
70
111
115
83
35
-46
-109
-134
-128
-90
-46
-10
0
-10
-13
-21
-62
-138
-196
-187
-150
-98
-27
30
59
62
42
40
61
90
113
77
7
-18
13
74
86
45
-1
-35
-30
-1
25
30
-13
-54
-60
-54
-55
-83
-101
-72
-19
37
59
32
-3
-20
1
28
35
14
-22
-6
55
125
146
76
-29
-104
-117
-68
-23
15
36
44
56
51
55
54
41
38
47
67
69
52
12
-37
-85
-134
-112
-57
4
46
26
40
40
17
-19
-103
-105
-63
9
80
57
39
5
24
95
99
94
18
-28
14
25
54
2
-53
-50
-68
-30
-22
6
65
57
86
57
23
2
-83
-115
-169
-182
-127
-82
23
90
123
107
-2
-68
-113
-99
-34
13
91
104
45
-22
-79
-57
-25
-2
34
36
5
-78
-154
-144
-80
-5
7
-52
-100
-107
-55
22
69
96
111
106
95
49
-14
-80
-127
-100
-20
75
107
67
25
2
4
-6
-39
-44
-7
81
146
144
82
-1
-29
-22
14
47
45
40
22
19
20
1
-25
-38
-7
47
98
120
92
42
-5
-9
50
131
158
89
-10
-69
-34
57
106
96
34
-27
-61
-105
-153
-193
-170
-62
71
166
155
62
-39
-91
-51
13
59
59
0
-71
-157
-218
-229
-191
-84
14
67
32
-80
-165
-192
-116
8
93
109
2
-145
-269
-310
-218
-90
32
77
49
19
-11
12
41
60
78
69
66
48
42
53
63
101
123
129
114
62
27
-8
-22
-37
-72
-67
-19
93
196
218
170
61
-21
-43
-9
72
132
143
74
-30
-102
-101
-25
17
27
-6
-17
49
92
145
145
110
87
-4
-62
-110
-110
-31
-21
-8
-37
-58
4
10
19
-27
-111
-121
-148
-92
-9
60
150
111
32
-91
-207
-184
-145
-44
44
63
84
2
-76
-105
-84
49
111
107
43
-63
-65
-63
-59
-71
-140
-116
-65
39
151
128
66
-75
-146
-62
43
177
157
25
-77
-157
-71
64
175
254
161
25
-124
-238
-212
-153
-37
87
148
181
109
-18
-122
-186
-124
-9
98
164
137
82
11
-37
-53
-63
-49
-36
5
44
31
-25
-136
-204
-169
-55
113
200
191
105
-15
-50
-36
25
98
114
126
110
93
89
65
80
87
99
97
24
-46
-123
-131
-76
-13
68
81
70
29
-44
-85
-123
-85
6
97
163
114
9
-100
-157
-100
-23
48
55
-27
-113
-184
-187
-126
-55
3
7
-33
-76
-108
-106
-73
-34
30
98
132
93
-48
-198
-269
-210
-34
122
195
156
40
-37
-62
-9
86
151
178
114
12
-76
-115
-74
-26
19
46
44
52
45
43
39
15
9
1
1
18
23
33
48
33
16
-19
-74
-66
-36
42
134
123
82
-17
-87
-72
-66
2
31
34
48
-45
-113
-197
-230
-113
-29
81
101
24
-1
-99
-120
-66
-2
141
155
96
20
-59
2
99
204
244
173
79
-3
16
92
166
199
126
49
-34
-75
-50
-38
16
41
16
-37
-144
-194
-187
-149
-102
-113
-119
-111
-71
4
45
55
-9
-108
-162
-184
-119
-24
47
89
20
-66
-122
-132
-54
-7
35
57
41
51
11
-28
-62
-85
-18
64
140
154
81
28
-3
26
92
123
159
151
125
102
49
5
-37
-57
-39
-36
-38
-58
-93
-107
-91
-22
59
79
50
7
-18
12
46
84
113
89
59
10
-12
9
16
36
15
-11
-1
9
45
26
-18
-40
-69
-72
-110
-140
-135
-126
-85
-55
-17
7
-9
-14
-20
16
58
41
3
-58
-61
-1
47
80
27
-13
-13
-15
31
39
75
110
68
32
-68
-103
-82
-65
22
48
84
79
9
-15
-97
-94
-65
-47
48
56
115
115
17
-40
-151
-119
-40
21
137
128
123
52
-59
-47
-39
39
88
80
99
49
13
-16
-28
13
15
-8
-43
-58
-27
23
55
57
28
-14
-29
-50
-49
-33
-35
-16
-28
-24
-15
-41
-41
-65
-60
-52
-68
-45
-74
-91
-94
-91
-30
-20
-24
-45
-68
-18
2
21
13
-17
25
54
58
23
-43
-58
-41
-18
1
-8
21
97
161
206
175
83
11
-44
-9
63
106
157
118
64
-4
-90
-59
-24
55
109
79
97
61
63
37
-65
-84
-91
-2
91
107
119
32
-3
-35
-77
-62
-104
-72
-37
-3
79
63
55
-11
-87
-78
-111
-72
-41
-46
-32
-122
-146
-119
-79
33
32
14
-10
-76
-52
-66
-36
16
-11
-12
-98
-158
-138
-133
-48
-47
-79
-65
-89
-30
15
63
163
175
180
146
75
48
5
30
104
136
144
84
47
61
70
82
82
72
59
18
-25
-10
31
106
138
81
35
-16
27
102
106
91
-65
-215
-307
-328
-157
-40
32
-18
-191
-241
-270
-139
53
127
187
60
-45
-78
-106
13
53
101
132
34
-11
-119
-152
-77
-32
85
113
104
98
15
20
34
53
105
86
116
139
133
133
49
4
-7
-17
14
5
29
22
-61
-150
-249
-233
-116
13
121
119
48
-67
-191
-232
-194
-85
32
94
99
81
72
75
70
50
29
11
19
43
41
21
-31
-68
-58
-42
-19
-40
-63
-56
-60
-55
-80
-86
-40
15
60
47
29
30
33
60
67
85
101
63
1
-90
-141
-103
-21
85
139
105
36
-65
-118
-108
-77
-16
31
75
111
66
-27
-136
-188
-119
-3
115
150
105
38
-30
-39
-34
-11
47
107
164
136
69
2
-40
-36
-54
-51
-22
43
122
115
52
-68
-158
-162
-111
8
105
171
162
57
-26
-67
-17
81
155
197
142
65
-7
-79
-99
-124
-110
-73
-27
6
-53
-119
-176
-215
-186
-109
7
67
36
-47
-128
-116
-40
32
52
21
-15
-55
-67
-25
40
102
112
61
-18
-113
-150
-150
-116
-11
80
145
147
72
0
-89
-129
-119
-118
-52
16
58
83
69
65
50
46
57
42
72
96
103
103
67
72
80
97
156
170
182
170
95
20
-47
-27
46
44
-24
-147
-227
-155
5
161
235
183
69
-37
-73
-26
17
10
-46
-140
-190
-158
-104
-58
-46
-64
-65
-39
-3
-11
-72
-115
-109
-74
-46
-89
-193
-251
-218
-110
7
59
59
39
51
99
99
58
-5
-62
-43
8
72
137
137
111
39
-48
-49
-17
35
46
6
27
45
103
162
133
120
68
30
46
32
67
86
90
103
-24
-162
-222
-195
-35
82
136
107
1
-26
-36
-31
-22
-83
-98
-65
30
151
175
149
61
-49
-78
-97
-106
-141
-193
-197
-188
-112
-45
-29
-30
-80
-104
-104
-78
-33
-10
35
57
57
46
11
13
18
64
131
154
163
120
106
115
115
117
55
36
28
22
67
58
63
37
4
24
-4
12
-9
-55
-58
-137
-152
-127
-69
80
124
136
64
-96
-153
-201
-132
13
83
174
125
9
-89
-238
-231
-171
-72
93
111
104
15
-117
-128
-160
-86
5
23
75
11
-42
-72
-107
-8
75
155
188
97
20
-77
-108
-35
40
145
188
164
132
45
-27
-66
-98
-41
44
119
166
92
1
-67
-109
-65
-47
-32
8
18
69
67
-2
-31
-40
34
116
99
57
-53
-120
-80
-43
41
70
25
-18
-124
-154
-109
-56
69
106
92
55
-75
-134
-186
-183
-53
31
135
161
99
76
-18
-65
-80
-120
-77
-80
-86
-82
-130
-111
-114
-115
-37
54
189
227
124
-13
-143
-123
-29
27
33
-51
-93
-76
-24
63
109
134
139
127
123
117
127
134
124
72
13
-7
5
74
110
109
84
16
-5
-29
-21
40
75
135
111
30
-32
-91
-23
46
73
60
-66
-124
-127
-73
10
-32
-96
-189
-220
-125
-45
35
22
-33
-50
-81
-61
-77
-103
-96
-120
-88
-74
-47
35
60
84
27
-77
-115
-141
-59
49
107
173
124
50
-14
-93
-55
-17
24
73
-1
-64
-158
-227
-144
-52
91
164
91
35
-63
-58
38
105
231
245
219
176
51
19
-7
28
131
172
209
140
31
-36
-93
-58
-41
-28
-7
-10
31
20
-4
-28
-57
0
46
91
94
18
-30
-100
-123
-98
-95
-52
-49
-37
-26
-62
-61
-86
-61
-1
7
28
-33
-103
-135
-171
-117
-62
5
90
86
65
-9
-104
-130
-135
-74
16
77
134
136
96
47
12
42
121
203
239
206
116
-2
-97
-156
-158
-108
-39
15
14
-45
-108
-103
-31
78
138
100
55
14
11
31
-28
-80
-120
-123
-50
-30
-16
-22
-59
-47
-58
-40
14
47
72
28
-33
-69
-63
-17
-3
3
-26
-41
-13
-19
11
35
45
96
92
84
88
63
66
80
83
112
139
128
93
27
-46
-44
-8
20
21
-40
-104
-107
-54
9
63
57
7
-17
-60
-84
-85
-116
-85
-46
-31
17
20
25
40
18
17
9
-1
14
22
36
35
20
1
-4
21
53
76
61
1
-59
-102
-138
-144
-155
-151
-95
-63
-23
-11
-49
-29
-33
-25
-9
-47
-32
-15
-11
7
-16
-12
23
60
111
135
131
105
47
-26
-63
-43
28
118
156
147
83
15
-9
-11
19
37
36
16
-50
-99
-124
-102
-29
29
74
95
90
90
94
72
43
6
-14
21
23
-9
-54
-117
-106
-71
-42
-8
-18
2
39
48
45
-11
-46
-23
-2
15
-33
-118
-143
-101
10
119
145
114
26
-76
-133
-140
-86
-11
17
-7
-35
-52
-19
20
24
48
57
63
50
-23
-67
-70
-28
23
17
-24
-80
-100
-71
-12
70
119
126
97
44
6
-35
-72
-77
-36
44
107
108
63
23
16
35
32
1
-32
-51
-41
-28
-15
-7
-9
-14
-31
-26
4
27
35
26
36
72
103
87
9
-87
-133
-112
-40
42
98
121
95
26
-55
-91
-27
90
186
186
77
-53
-145
-150
-92
-32
2
-29
-76
-95
-66
16
67
61
15
-40
-45
-37
-45
-52
-47
19
97
111
44
-99
-206
-217
-147
-17
75
115
106
49
-2
-71
-132
-141
-107
3
121
170
150
60
-21
-44
-27
13
37
30
3
-41
-90
-102
-76
-11
77
122
142
125
85
73
41
28
24
9
28
36
61
95
89
84
58
56
87
83
41
-38
-93
-80
-46
-11
-12
-41
-65
-106
-160
-195
-212
-178
-127
-109
-69
-33
13
53
25
2
-36
-77
-50
10
133
248
240
135
-46
-173
-151
-70
23
60
37
28
18
2
5
15
67
157
210
202
104
-28
-109
-140
-88
7
101
168
148
67
-70
-209
-270
-244
-116
20
78
51
-49
-132
-135
-72
17
81
105
101
82
46
4
-25
-41
-23
36
92
114
69
-20
-95
-123
-84
-12
36
60
70
99
121
88
17
-64
-97
-65
-14
12
-5
-37
-36
-15
2
6
-10
-21
-25
-20
16
51
91
118
104
55
-23
-83
-102
-91
-69
-63
-71
-79
-65
-37
-30
-45
-61
-35
37
111
148
101
0
-88
-125
-83
-17
17
44
48
59
74
47
10
-26
-37
10
54
83
90
43
19
10
23
76
78
60
18
-33
-3
24
40
32
-37
-34
16
77
103
-20
-156
-225
-176
2
91
75
-40
-195
-227
-208
-127
-22
22
75
41
-31
-69
-107
-30
56
125
205
207
213
153
22
-70
-149
-118
-37
29
102
80
61
30
-27
-22
-33
0
44
34
13
-83
-145
-159
-138
-26
46
107
134
108
111
68
41
19
-21
-11
-37
-45
-32
-20
43
76
88
63
2
-28
-67
-65
-49
-62
-55
-82
-80
-46
-4
54
51
27
-8
-36
1
37
71
81
45
-6
-59
-64
-12
67
130
104
20
-81
-152
-142
-104
-42
18
30
5
-97
-189
-206
-149
0
103
139
111
30
13
11
27
49
27
27
4
-28
-44
-58
-9
68
135
171
112
25
-41
-43
31
101
134
96
25
-25
-49
-26
7
36
50
38
22
-4
-12
-16
-28
-42
-90
-123
-130
-105
-39
-6
0
-24
-74
-92
-114
-106
-57
0
79
94
46
-26
-102
-99
-42
30
96
100
84
55
31
64
105
147
166
129
94
25
-39
-73
-110
-66
-1
60
103
60
40
18
17
65
56
71
66
37
25
-69
-134
-176
-193
-126
-91
-46
-40
-78
-96
-170
-186
-159
-130
-39
2
37
53
16
13
-25
-35
13
52
99
86
29
-36
-98
-85
-15
59
131
156
129
111
88
74
91
101
170
237
226
174
43
-56
-52
-8
86
80
-5
-84
-187
-190
-137
-84
0
31
35
15
-47
-94
-152
-195
-212
-189
-118
-28
78
116
89
42
9
31
43
39
-10
-84
-88
-87
-41
-10
-43
-5
0
8
30
-20
-12
3
21
72
78
98
92
49
19
-34
-66
-63
-45
2
64
106
121
89
4
-39
-28
35
132
139
98
49
-6
1
14
31
89
130
177
150
23
-85
-167
-177
-148
-156
-120
-75
-40
-6
-40
-58
-56
-52
3
9
9
15
-23
-30
-57
-57
-10
-17
-36
-85
-130
-121
-116
-81
-30
28
114
163
152
76
1
-19
20
53
57
51
18
-16
-89
-119
-90
-31
77
108
107
59
8
53
56
84
91
56
41
-40
-32
19
48
63
-33
-84
-111
-92
-1
15
62
63
25
-1
-99
-67
6
87
165
111
108
51
15
41
12
38
-31
-118
-177
-262
-184
-116
-38
17
-29
0
-13
-29
-2
-86
-36
-31
-2
50
-82
-56
-78
62
167
127
132
38
20
-14
-65
-19
-46
-32
-46
-5
116
233
288
230
143
52
69
37
86
61
56
-7
-118
-154
-181
-128
-75
-45
18
44
64
35
-112
-154
-179
-49
54
46
-11
-195
-309
-347
-289
-121
-6
82
80
19
-10
-56
-38
-16
61
132
174
161
115
111
90
95
40
-1
33
62
129
93
-1
-34
-86
-2
62
117
223
180
152
25
-98
-67
-69
30
50
8
26
-63
-53
-72
-78
5
-13
39
16
-12
17
-73
-77
-121
-114
-26
-33
3
-75
-168
-186
-236
-135
-59
19
107
60
76
21
-19
-3
-85
-76
-90
-45
125
186
255
178
58
69
47
157
213
208
246
121
43
-72
-171
-93
-66
14
13
-69
-47
-77
-23
17
-27
-12
-90
-127
-141
-191
-139
-121
-38
76
107
114
-19
-148
-215
-199
-49
50
119
81
-11
-55
-116
-47
25
87
152
67
-7
-132
-187
-87
-27
117
163
133
151
69
89
71
35
94
47
87
87
68
150
127
163
107
-17
-25
-89
-31
-1
-25
13
-44
3
38
6
2
-112
-145
-142
-119
0
14
8
-53
-165
-189
-218
-185
-115
-69
4
21
23
38
35
48
61
85
105
89
55
21
-6
-32
-37
-61
-78
-59
-1
110
162
150
70
-89
-177
-229
-146
53
171
224
81
-70
-90
-70
95
178
198
189
44
-15
-97
-122
-26
33
156
161
96
67
5
24
5
17
86
100
117
35
-46
-112
-183
-150
-114
-33
11
-10
-30
-148
-240
-318
-363
-270
-183
-41
74
110
145
57
-18
-26
-14
66
62
47
71
25
15
0
6
56
43
87
143
118
76
32
14
23
42
37
11
-59
-26
76
-74
-202
-136
99
269
38
8
162
198
122
-214
-227
-65
-23
38
-120
-87
13
-61
-99
-169
-2
81
-35
6
33
58
-61
-61
189
227
136
-25
-101
-98
-144
15
126
103
113
146
238
177
95
156
154
60
-46
-69
-77
-122
-123
-70
-50
-92
-54
25
55
39
-22
-68
-146
-184
-95
-31
-49
-76
-69
-50
-103
-137
-45
41
60
7
-92
-132
-139
-84
10
39
57
26
-34
-94
-152
-95
4
98
149
107
37
-53
-70
-44
-18
22
50
127
155
132
114
51
25
-14
-29
30
100
246
326
291
174
-31
-134
-171
-141
-31
2
33
-10
-65
-35
-72
-61
-52
-37
88
116
99
11
-96
-36
-3
34
27
-32
1
-59
-116
-162
-190
-62
-8
49
99
97
140
17
-103
-118
-84
74
115
72
20
-86
-77
-50
-31
26
4
32
68
32
24
-59
-121
-107
-82
29
61
26
18
-9
0
-12
-10
38
56
88
95
105
122
126
113
-13
-152
-207
-143
-34
10
32
8
-33
-67
-55
0
0
46
96
85
17
-93
-81
-31
37
88
27
-54
-180
-220
-192
-160
-48
42
151
139
-2
-80
-95
25
164
244
288
170
-23
-142
-180
-117
-52
-56
-36
-56
-68
-66
-141
-121
-68
19
145
129
99
53
39
95
89
121
107
65
34
-3
1
-17
99
230
216
123
29
46
-34
-100
-23
190
343
29
-268
-200
170
180
-499
-562
-90
70
-344
-976
-586
51
203
42
-652
-529
228
399
-160
-1069
-534
641
599
44
-429
-6
809
855
747
556
772
1362
1087
466
267
543
730
196
46
493
426
49
-1
391
540
-28
-478
-534
-451
-284
-538
-1054
-1308
-1030
-429
-603
-1202
-1205
-863
-584
-847
-1278
-1166
-975
-854
-860
-1078
-851
-461
-391
-403
-478
-163
240
134
134
276
596
913
739
792
1082
1334
1455
1157
1252
1692
1884
1817
1373
1364
1696
1578
1355
1122
1251
1531
1340
1164
936
636
493
282
142
-45
-299
-408
-620
-880
-986
-1053
-1145
-1266
-1327
-1384
-1609
-1901
-2062
-2108
-2252
-2389
-2326
-2284
-2257
-2202
-2169
-2109
-2176
-2030
-1680
-1261
-618
-464
-873
-836
137
1170
915
297
1006
2399
2891
2238
1812
2454
3302
3463
3084
2884
3212
3427
3106
2687
2641
2622
2088
1537
1486
1315
465
-368
-398
-154
-428
-1089
-1581
-1650
-1671
-1648
-1849
-2456
-2870
-2763
-2149
-2175
-2904
-2923
-2342
-1856
-2096
-2369
-1798
-1363
-1248
-1343
-1292
-821
-572
-300
-85
-35
284
494
543
621
697
696
372
398
949
1331
1719
1653
874
904
2083
2849
1912
701
1457
3002
3111
1640
558
1399
2569
2552
1760
1211
1829
2430
1833
1099
1031
1095
440
-378
-165
-88
-1316
-2313
-1824
-1064
-1422
-2263
-2514
-2121
-1991
-2355
-2523
-2850
-3174
-2830
-2267
-2268
-2847
-2695
-1872
-1567
-1718
-1887
-1627
-1330
-1254
-987
-1050
-1177
-726
-311
-252
-546
-374
598
779
576
939
1606
1910
980
984
2588
3196
2479
1717
2509
3957
3942
3119
2681
3192
3975
3905
3150
2610
2999
3663
3065
1946
1694
1562
940
211
147
241
-752
-1619
-1315
-1100
-1774
-2540
-2654
-2666
-2603
-2352
-2499
-3397
-3958
-3141
-2480
-3007
-3796
-3454
-2365
-2278
-2753
-2896
-2681
-2209
-2119
-2100
-2026
-1931
-1375
-827
-722
-725
-754
-516
257
969
1419
1016
607
1872
3452
3350
2073
1997
3587
4584
4190
3296
3190
3941
4288
4096
3743
3445
3561
3705
3123
2618
2283
1491
756
548
682
25
-1368
-1749
-1115
-844
-1657
-2785
-3042
-2548
-2158
-2634
-3706
-4285
-3747
-2878
-2919
-3848
-4179
-3252
-2675
-2992
-3239
-3036
-2441
-2234
-2257
-2002
-2017
-2050
-1507
-854
-589
-887
-714
495
1283
1654
1539
1173
2493
3755
3202
2676
3374
4525
4427
3937
4280
4689
4615
4176
4213
4736
4582
4099
3681
3155
3062
2709
1258
235
397
525
-452
-1882
-1744
-987
-1669
-2832
-3105
-2912
-3140
-3539
-3511
-3742
-3932
-4034
-3991
-3775
-4243
-4030
-3361
-3828
-3994
-3181
-2544
-2711
-3136
-2688
-1866
-2018
-2408
-1886
-1232
-950
-914
96
1135
1268
1876
1878
1642
2660
3875
3881
2975
3385
5188
5805
4686
3801
4650
5699
5399
4523
4351
4615
4652
4046
3149
2791
2291
1443
669
157
-33
-745
-1861
-1924
-1642
-2126
-3166
-3465
-3292
-3632
-4008
-4103
-4071
-4426
-4760
-4204
-3818
-4326
-4649
-4132
-3592
-3496
-3309
-2977
-2575
-2596
-2673
-2602
-2313
-1526
-964
-763
-679
-275
835
1692
2415
2173
1477
2801
5076
5392
3489
3009
5181
6694
6266
4606
3890
5354
6593
5828
4062
3246
4328
5463
3860
1746
1317
1680
1119
-122
-717
-1119
-1684
-2073
-2550
-3016
-3477
-3678
-4325
-5032
-4284
-3510
-4413
-5936
-5478
-3879
-3640
-5201
-5886
-4245
-2933
-3469
-4057
-3628
-2802
-2206
-2134
-2479
-2437
-1675
-667
2
-391
-112
1234
2324
2969
2330
1825
3380
5756
5569
3417
3569
5888
7220
5996
4308
4889
6162
5976
4612
4315
4711
5000
4267
2814
2845
2933
1421
-433
-567
248
-293
-2310
-3374
-2611
-1939
-2870
-4109
-5161
-4874
-3564
-3690
-5258
-6434
-5792
-4341
-4170
-5527
-6084
-4606
-3449
-3990
-4454
-3955
-3112
-2779
-3022
-2835
-1916
-1556
-1276
-741
-464
185
1422
3119
2941
1772
3007
5827
6867
3820
2318
5839
9216
8065
3991
3721
7385
8736
6028
3335
4378
6701
6656
3703
1975
3088
3594
1336
-1259
-624
220
-1641
-3923
-3297
-1465
-2755
-5498
-5491
-3998
-3684
-5255
-6344
-6107
-5783
-5170
-5389
-6432
-6915
-5466
-3677
-4292
-5607
-4739
-2869
-2858
-4120
-4072
-2497
-1387
-1318
-1067
-559
-42
1253
3310
3642
2093
2677
6140
7472
4825
3577
5985
8111
7508
5685
5716
7194
7511
6534
5740
5611
6176
6259
4395
3065
3761
3608
1298
-619
-262
249
-1589
-3247
-2924
-2745
-3874
-4625
-4473
-5363
-6073
-5406
-5019
-6035
-7756
-7309
-5546
-5659
-7011
-6624
-4894
-4647
-5211
-5009
-4179
-3558
-3566
-3528
-2557
-1634
-1311
-973
-303
423
2191
4052
3377
2638
3905
6364
7132
5276
4796
6538
8499
8474
6490
5650
6649
8317
7726
5749
5135
6297
6786
4991
3584
2921
2418
1184
-127
-506
-1212
-2414
-2911
-2909
-3170
-4105
-4986
-5856
-6020
-5252
-5479
-6634
-7594
-7018
-5904
-6334
-7339
-7159
-5959
-5041
-5009
-5098
-5036
-4265
-3302
-3066
-3523
-3452
-2009
-655
-302
-533
209
2588
4078
3083
2565
4798
7259
6341
4251
5206
8053
8633
6631
5457
6846
8549
8144
6353
5602
6582
7575
6288
4039
3803
4266
3016
565
-177
112
-796
-2493
-2737
-2266
-3353
-4666
-4893
-5063
-5670
-5922
-5946
-6703
-7486
-7186
-6244
-6549
-7640
-7033
-5366
-4965
-5938
-5761
-4415
-3660
-3878
-4174
-3563
-2509
-1574
-1025
-787
-233
994
3571
4402
2516
2703
5919
7855
5531
3603
5989
8780
8391
5975
5907
7637
7935
7008
6060
6285
6995
6883
5186
3790
4081
3984
1906
-262
-268
171
-1358
-3343
-3162
-2449
-3660
-4909
-5313
-5832
-6157
-6050
-5882
-7053
-8088
-7313
-5987
-6268
-7379
-6644
-5177
-4885
-5432
-5094
-4110
-3729
-3786
-3595
-2867
-2116
-1380
-755
-110
570
1878
4095
3879
2469
3990
7311
7703
4534
3911
7265
9452
7725
5251
6107
8080
8095
6746
5942
6180
6904
6815
4880
3623
3754
3262
1496
49
-17
-313
-2454
-3352
-2354
-2743
-4885
-5676
-4966
-5506
-6432
-6611
-6690
-7291
-7624
-6730
-6252
-7272
-7484
-5812
-4767
-5633
-5833
-4536
-3599
-3768
-3810
-3125
-2607
-2209
-1160
-206
363
671
2432
4635
3662
2622
4591
7378
6718
4210
5174
8123
8856
6495
5109
6761
8109
7742
6231
5573
6152
7118
6361
3918
3338
3987
2997
758
-488
-217
-840
-2935
-3131
-2407
-3532
-5488
-5241
-4641
-5759
-6575
-6446
-6470
-7158
-7328
-6462
-6460
-7517
-6903
-4970
-4776
-5824
-5345
-3764
-3093
-3562
-3570
-2770
-1973
-1386
-726
-97
257
1001
3490
4922
3442
2888
5237
7714
6437
4103
5190
7907
8482
6445
5592
6759
7583
7338
6171
5577
5747
6693
6019
3799
3126
3440
2638
332
-789
-209
-1096
-3475
-3886
-2794
-3461
-5563
-5693
-5431
-6267
-6747
-6459
-6582
-7681
-7534
-5938
-6067
-7615
-7240
-4967
-4307
-5504
-5302
-3612
-3022
-3514
-3163
-2323
-1796
-1249
-94
797
886
1636
4297
4937
3138
3641
6949
8023
5000
3733
6640
9220
7760
5028
5736
7709
8092
6837
5380
5185
6285
7163
5178
2914
3049
3672
1826
-817
-1102
-144
-1764
-4231
-3806
-2779
-4291
-6195
-6134
-5943
-6227
-6486
-6935
-7607
-7929
-6668
-5904
-7312
-8106
-6231
-4187
-4876
-5728
-4898
-3423
-2868
-2948
-2578
-2251
-1526
-77
821
925
1149
3501
5539
3909
2908
5393
8351
7182
4276
5227
8421
9143
6205
4701
6738
8069
7318
5754
5287
6006
6629
5673
3636
2959
3372
2552
311
-961
-665
-1211
-3422
-3986
-3013
-3669
-5535
-5834
-5547
-6412
-7031
-6585
-6648
-8011
-8064
-6216
-5730
-7438
-7722
-5593
-4505
-5261
-5448
-4168
-3144
-3035
-2879
-2355
-1866
-744
666
1138
1195
2195
4817
5107
3029
3567
7089
8509
5614
4012
6584
9338
8273
5324
5629
7649
7958
6520
5463
5488
5895
6254
4980
3422
2967
2729
1275
-460
-866
-672
-2237
-3915
-3461
-3026
-4592
-6184
-5984
-6001
-6785
-7017
-6848
-7453
-8210
-7187
-5746
-6507
-7836
-6632
-4590
-4861
-5697
-4878
-3413
-2884
-3086
-2761
-1924
-1182
-79
700
1008
1718
4020
5767
4053
2969
5625
8511
7229
4231
5074
8235
9185
6833
5295
6651
7886
7510
5980
5348
5790
6245
5497
3626
3145
3147
1858
208
-624
-414
-1687
-3834
-3984
-3113
-3726
-5841
-6299
-5997
-6273
-6551
-6912
-7424
-8065
-7495
-6443
-6458
-7438
-7227
-5438
-4820
-5408
-5274
-4130
-3024
-2614
-2657
-2443
-1478
-163
559
922
1429
3447
5591
4581
3310
4978
7656
7246
4681
5021
7813
9063
7155
5283
6293
7766
7542
5804
4956
5806
6471
5607
3744
3347
3566
2162
87
-577
-138
-1312
-3778
-4012
-2757
-3290
-5643
-6596
-5766
-5767
-6503
-7144
-7493
-7567
-7056
-6454
-6696
-7346
-6832
-5421
-5273
-5900
-5155
-3617
-3128
-3089
-2599
-2017
-1447
-268
750
1077
1428
3009
5364
4864
3219
4523
7275
7309
4886
4843
7387
8706
7220
5409
6083
7437
7352
5948
4980
5760
6557
5574
3464
3177
3967
2524
-62
-910
98
-521
-3605
-4702
-3285
-2830
-5112
-6923
-6301
-5799
-5915
-6839
-7749
-7654
-6878
-6159
-6702
-7490
-6773
-5088
-4821
-5844
-5368
-3868
-3023
-2837
-2626
-1887
-1390
-516
550
816
1130
2672
5276
5162
3242
4368
7331
7911
5382
4465
6892
8733
7585
5336
5452
6975
7473
6406
4919
5266
6580
6095
3677
2734
3781
2925
203
-984
-41
-284
-3301
-4768
-3396
-2870
-4964
-6749
-6348
-5912
-6128
-6785
-7421
-7883
-7453
-6464
-6597
-7392
-7122
-5413
-4888
-5821
-5402
-3802
-2881
-2979
-2790
-1778
-1084
-428
454
1123
1705
2973
5059
5034
3574
4573
7183
7561
5268
4709
7041
8814
7823
5792
5872
6918
7187
6581
5351
5071
5923
6056
4220
2882
3228
2458
243
-1118
-364
-227
-3014
-4978
-3804
-2785
-4837
-7001
-6524
-5708
-6003
-7058
-7528
-7565
-7379
-6695
-6589
-7168
-7022
-5265
-4550
-5683
-5716
-3996
-2543
-2794
-3074
-1872
-656
-122
192
897
1738
2956
4990
5017
3549
4313
6952
7773
5256
4215
6788
8903
7913
5501
5452
6753
7044
6430
5493
5134
5508
5837
4578
3149
2828
2393
982
-481
-434
-777
-2877
-4397
-3515
-2906
-5140
-6960
-6391
-5398
-6018
-7500
-7599
-7144
-6951
-7011
-7047
-7089
-6738
-5334
-4805
-5412
-5384
-3944
-2466
-2554
-2659
-2022
-972
174
684
1047
1377
2865
5072
5025
3694
4359
7074
7892
5581
4553
6645
8510
7449
5362
5533
6805
6922
6052
5353
5356
5692
5344
4030
3281
3006
2003
366
-479
-211
-1050
-3380
-4504
-3327
-2971
-5293
-6888
-6036
-5230
-6130
-7601
-7794
-7100
-6757
-6918
-7008
-6991
-6767
-5595
-4662
-5025
-5132
-3962
-2446
-1982
-2387
-2190
-898
611
1064
953
1609
3272
4999
4645
3641
4934
7157
7275
5384
4970
6822
7942
6880
5571
6158
6968
6479
5517
5089
5409
5441
4597
3667
3575
3114
1525
60
-315
-503
-1866
-3716
-3743
-2789
-3576
-5771
-6760
-5903
-5433
-6474
-7519
-7456
-6613
-6290
-6886
-7360
-7074
-5995
-5045
-4907
-5039
-4590
-3587
-2668
-2266
-2295
-1971
-553
995
1395
1142
1913
4006
5298
4456
3957
5647
7460
6668
4976
5623
7490
7708
6245
5433
6348
6939
6010
4958
4913
5601
5362
3893
3269
3443
2799
1113
-340
-441
-894
-2544
-4032
-3881
-3295
-4313
-5899
-6397
-5877
-5657
-6562
-7477
-7538
-6925
-6534
-6653
-6995
-6993
-5967
-4868
-4661
-4963
-4551
-3086
-1962
-1898
-2163
-1567
-134
934
1379
1615
2972
4843
4966
4012
4625
6613
7362
5861
4979
6530
8052
7325
5551
5397
6547
6890
5937
4812
4931
5556
5085
3860
3161
2707
1827
586
-256
-384
-1551
-3137
-3756
-3409
-3768
-5534
-6448
-6495
-6048
-5908
-6765
-7398
-7619
-7097
-6516
-6593
-7014
-6715
-5336
-4671
-4847
-4851
-3957
-2483
-1688
-1702
-1860
-1000
563
1327
1315
1901
3904
5304
4581
4131
5586
7327
6842
5150
5625
7707
8325
6453
5001
5896
6887
6411
4966
4606
5459
5506
4191
3112
3115
2425
877
-65
-100
-781
-2660
-4023
-3554
-3192
-4742
-6269
-6216
-5775
-6277
-7076
-7276
-7241
-7133
-7173
-6842
-6470
-6497
-5994
-5088
-4699
-4635
-4237
-3264
-2262
-1762
-1793
-1579
-344
1089
1589
1471
2862
4989
5309
4137
4451
6686
7649
6187
5131
6535
8278
7563
5798
5455
6407
6869
6019
4863
4853
5534
4982
3589
2869
2776
1859
24
-697
-414
-1295
-3504
-4524
-3314
-3410
-5539
-6859
-6277
-5499
-6311
-7423
-7661
-7419
-7215
-7067
-6931
-7049
-6655
-5535
-4778
-4838
-4712
-3824
-2721
-1954
-1733
-1527
-784
579
1707
1653
1962
3932
5784
5448
4608
5936
7760
7175
5477
5893
8074
8419
6546
5380
6156
7237
6602
4912
4381
5441
5939
4390
2853
2687
2420
1225
-519
-1023
-1266
-2798
-4075
-3838
-3642
-5313
-7069
-6885
-6002
-6151
-7484
-8119
-7622
-7128
-7270
-7621
-7385
-6690
-5728
-5466
-5590
-4944
-3857
-2976
-2492
-1989
-1344
-914
-40
1152
2007
2644
3717
5008
5168
5081
6164
7502
7379
6087
6390
8067
8418
6953
5948
6718
7387
6833
5564
4845
5453
6016
5066
3432
2661
2130
1164
-9
-617
-1270
-2847
-4102
-4072
-3716
-5054
-6813
-6957
-6217
-6241
-7663
-8500
-8016
-7370
-7298
-7710
-7569
-6956
-5904
-5366
-5656
-5354
-4332
-3176
-2662
-2486
-1711
-766
27
809
1724
2816
3924
4782
4898
5114
6496
7736
7353
6153
6351
8032
8597
7394
6266
6547
7416
7463
6394
5218
5273
5808
5339
4026
2851
2101
1403
441
-559
-1568
-3015
-4055
-4006
-3849
-4949
-6429
-6984
-6931
-6880
-7460
-8008
-8156
-7939
-7498
-7444
-7640
-7799
-6902
-5660
-5359
-5280
-4775
-3543
-2575
-2418
-2194
-1393
52
1170
1634
2526
3896
5044
5044
4921
6339
7903
7836
6564
6519
8055
8758
7765
6379
6454
7644
7891
6596
5300
5471
6136
5482
3949
2969
2297
1449
590
-182
-1456
-3147
-3832
-3669
-4123
-5693
-7015
-6925
-6586
-6986
-8023
-8651
-8211
-7763
-7850
-8253
-8239
-7442
-6561
-5995
-5772
-5412
-4575
-3534
-2594
-2193
-1889
-1088
133
1287
1639
2372
4146
5441
5229
5043
6703
8224
7881
6532
6785
8704
9089
7951
6820
6981
7690
7490
6512
5436
5743
6120
5319
4216
3107
2181
1217
344
-227
-1446
-3330
-4352
-3966
-4000
-5880
-7498
-7626
-7077
-7187
-8552
-9257
-8729
-7952
-7943
-8385
-8384
-7890
-6772
-6097
-6007
-5665
-4814
-3285
-2074
-2070
-2210
-1281
451
1605
1702
2358
4064
5589
5590
5324
6649
8119
8126
7031
7244
8867
9352
8247
7068
7301
7988
7620
6360
5889
6539
6326
5100
4159
3655
2863
1371
43
-603
-1658
-3150
-4024
-3935
-4400
-5937
-7117
-7544
-7271
-7470
-8443
-8992
-8814
-8435
-8422
-8459
-8519
-8157
-7191
-6373
-5857
-5580
-5040
-3960
-2811
-2344
-2102
-1350
-84
1391
2198
2874
4039
5020
5425
6094
7363
8004
7741
7425
7970
8874
8735
7806
7480
7895
8088
7794
6792
6011
6294
6365
5663
4506
3457
2753
1839
454
-952
-1953
-3035
-4109
-4448
-4943
-6113
-7308
-7865
-7546
-7690
-8548
-9042
-9111
-8893
-8568
-8488
-8820
-8531
-7231
-6402
-6281
-6101
-5029
-3424
-2820
-2711
-1824
-632
213
961
2179
3572
4482
4970
5446
6605
7743
7973
7583
7260
8218
9473
9293
8028
7416
8131
8448
7651
6766
6865
7196
6386
5337
4484
3373
2356
1681
733
-1093
-2538
-2937
-3345
-4587
-6083
-6378
-6570
-7540
-8181
-8261
-8395
-9135
-9613
-9462
-9010
-8669
-8755
-8364
-7546
-6785
-6303
-6002
-5038
-3825
-3167
-2811
-2007
-692
343
976
2098
3865
4939
4843
5329
7148
8387
8021
7324
7883
9141
9426
8860
8231
8072
8368
8443
7848
7046
6968
7049
6381
5293
4313
3432
2585
1607
364
-1070
-2508
-3210
-3692
-4880
-6235
-6948
-7055
-7604
-8385
-8666
-8619
-8856
-9813
-9950
-9031
-8690
-8979
-8635
-7192
-6387
-6576
-6203
-4839
-3411
-3269
-3111
-1855
-388
694
1252
2597
4103
4708
4849
5775
7911
8523
7546
7137
8481
10035
9411
8085
7946
9005
9134
7708
6879
7470
8151
7060
5436
5061
4911
3715
1937
1058
327
-1435
-3059
-3474
-3551
-4892
-6539
-7155
-7174
-7560
-8600
-9064
-9071
-9089
-9298
-9557
-9229
-9113
-8891
-8189
-7312
-6697
-6433
-5553
-4425
-3647
-3363
-3027
-1631
-150
784
1732
3069
4567
4880
4996
6315
7967
8317
7265
7383
9185
10070
8980
7483
7762
8988
9252
8116
7076
7567
7852
6939
5635
4814
4220
3164
1986
949
-571
-2256
-3026
-3092
-3872
-5655
-7066
-7301
-7306
-7813
-8620
-9177
-9232
-9414
-9431
-9237
-9153
-9125
-8657
-7656
-7138
-6924
-6461
-5232
-3716
-3496
-3527
-2522
-1079
103
1234
2851
3799
4040
4827
6362
7646
7533
7261
7873
9009
9669
9182
8318
7893
8488
9147
8523
7466
7492
8151
7439
6133
5304
4579
3559
2131
1438
206
-1913
-3240
-3249
-3291
-5112
-6669
-7099
-7179
-7286
-8228
-8844
-9222
-9236
-9047
-9381
-9472
-9239
-8388
-7840
-7722
-6973
-6262
-5643
-4862
-4025
-3402
-2723
-1418
-342
918
2357
3345
3770
4115
5978
7684
7798
7123
7282
8999
9802
9180
8156
8050
8856
9063
8447
7428
7696
8405
7701
6482
5525
4663
3595
2471
1820
782
-1316
-2939
-3153
-3119
-4577
-6493
-7255
-7273
-7219
-7932
-8901
-9204
-8988
-8801
-9331
-9834
-9361
-8270
-7721
-7983
-7391
-6189
-5515
-5118
-4694
-3761
-2733
-1822
-817
661
2233
3042
3548
4131
5785
7542
7601
6911
7194
8880
9631
8874
8046
8185
9048
9035
8380
7826
7977
8310
7613
6614
5682
4677
3688
2535
1744
505
-1308
-2370
-2815
-3110
-4392
-5945
-6700
-7161
-7249
-7845
-8666
-9177
-9061
-8717
-9302
-9534
-8930
-8067
-7664
-7849
-7176
-5896
-5135
-4987
-4816
-3995
-2786
-1781
-964
467
2020
2763
3063
4094
6053
7131
6577
6213
7599
9270
9343
8325
7933
8565
9100
8851
7939
7656
8259
8372
7465
6333
5525
4620
3538
2643
1881
214
-1738
-2365
-2129
-2931
-5001
-6431
-6441
-5969
-6658
-8105
-8865
-8842
-8418
-8510
-9235
-9544
-8757
-7402
-7173
-7828
-7620
-6255
-4715
-4440
-4820
-4428
-3113
-1664
-659
614
1687
2044
2840
4671
6454
6639
5896
6248
7970
9072
8529
7731
7727
8392
8884
8422
7545
7602
8517
8442
7206
6293
5454
4221
3108
2698
1993
-276
-2263
-1998
-1162
-2666
-5381
-6304
-5818
-5693
-6802
-8258
-8689
-8396
-8052
-8479
-9221
-9069
-7976
-6833
-7139
-7650
-6826
-5604
-4794
-4753
-4622
-3828
-2722
-1455
-108
1086
1572
1887
3152
5028
6295
6176
5519
6342
8245
8920
7878
6884
7548
8779
8811
7894
7468
7992
8204
7512
6713
5896
4855
3776
2921
2408
948
-1253
-2334
-2035
-1868
-3391
-5455
-6260
-5794
-5585
-6860
-8459
-8931
-8311
-7823
-8343
-9001
-8478
-7186
-6774
-7237
-7055
-5858
-4836
-4585
-4676
-4313
-3257
-2322
-1283
160
1213
1800
2373
3635
5443
6271
5740
5391
6548
8247
8709
7770
6857
7476
8580
8331
7348
7046
7643
8009
7381
6364
5380
4416
3361
2828
2428
593
-1373
-1862
-1373
-1803
-4113
-5902
-5775
-5104
-5667
-7357
-8159
-8027
-7487
-7658
-8668
-8705
-7783
-6638
-6654
-7376
-6971
-5812
-4780
-4643
-4836
-4025
-3021
-1972
-645
474
1032
1185
2662
4669
5473
5227
4904
5993
7357
7732
7357
6755
6999
7647
8138
7620
6794
7135
7747
7672
7005
6047
4799
4011
3513
2787
1484
-214
-1029
-1202
-1658
-3051
-4424
-5023
-5304
-5058
-5845
-7171
-7891
-7892
-7320
-7859
-8548
-8530
-7466
-6381
-6721
-6804
-6297
-5176
-4164
-4359
-4355
-3689
-2612
-1361
-73
1009
1234
1609
3049
4649
5252
4711
4811
6354
7580
7632
6785
6278
6874
7640
7844
7205
6878
7407
7657
7280
6489
5603
4519
3370
3039
2650
952
-1027
-1661
-1113
-1574
-3359
-5063
-5430
-4833
-5037
-6194
-7496
-7807
-7133
-6943
-7765
-8330
-7689
-6600
-6391
-6748
-6498
-5558
-4652
-4348
-4304
-3880
-3120
-2225
-975
199
824
1075
1971
3728
4822
4866
4417
5003
6723
7383
7010
6363
6478
7127
7156
6786
6397
6881
7345
6992
6667
6171
5209
4120
3280
2918
2034
201
-1136
-1236
-1013
-2012
-3778
-4813
-5056
-4942
-5405
-6328
-7042
-7214
-6747
-6967
-7797
-7950
-7079
-6205
-6358
-6462
-5720
-4795
-4428
-4526
-4284
-3573
-2687
-1831
-709
508
1000
1267
2085
3624
4925
5040
4729
5117
6430
7232
6881
6131
5995
7098
7811
7140
6177
6170
6940
7030
6275
5352
4651
4090
3298
2395
1222
-272
-1030
-1028
-1365
-2540
-3991
-4599
-4642
-4915
-5824
-6819
-6978
-6756
-6701
-7156
-7686
-7404
-6588
-6150
-6342
-6234
-5410
-4503
-4197
-4342
-4116
-3309
-2495
-1674
-364
747
951
1147
2620
4471
4950
4232
4093
5557
7028
7041
6158
5866
6499
7003
6852
6296
6408
7043
7198
6676
5814
5112
4370
3647
2921
2098
1025
-339
-1026
-1138
-1511
-2706
-4230
-4826
-4713
-4608
-5405
-6647
-7086
-6878
-6562
-7087
-7697
-7169
-6018
-5514
-6278
-6401
-5289
-4268
-4077
-4451
-3970
-2774
-1963
-1427
-405
827
1381
1763
3039
4368
4598
4224
4330
5694
6776
6628
6111
5916
6560
6904
6740
6194
6009
6845
6869
6268
5618
4979
4315
3178
2553
2052
798
-785
-1389
-803
-1296
-3023
-4451
-4769
-4301
-4630
-5824
-6852
-6991
-6498
-6466
-7112
-7566
-6814
-5694
-5832
-6586
-6326
-5008
-4015
-3912
-4009
-3655
-2704
-1949
-1275
-152
725
1289
1888
3009
4258
4657
4416
4447
5582
6547
6378
5830
5688
6514
7099
6779
6065
5988
6783
6791
6012
5161
4857
4569
3139
1997
1730
1209
-189
-1419
-1496
-1594
-2393
-3814
-4808
-4793
-4808
-5311
-6427
-7192
-6760
-5980
-6232
-7288
-7157
-6061
-5518
-5715
-5773
-4884
-4090
-3946
-3863
-3735
-3117
-2247
-1232
49
898
1264
1465
2534
4103
4601
4345
4206
5250
6704
6760
5903
5496
6229
7017
6727
5876
5807
6703
6730
5881
5418
4975
4104
2974
2466
2238
905
-786
-1338
-921
-1548
-3240
-4167
-4412
-4472
-5002
-5893
-6417
-6614
-6462
-6451
-6759
-7016
-6595
-5784
-5716
-5985
-5713
-4844
-4175
-3949
-3835
-3536
-2628
-1886
-1372
-402
882
1724
1714
2434
4082
5067
4733
4222
5252
6534
6621
5999
5631
6186
6842
6850
6087
5632
6415
6751
5692
4714
4625
4449
3232
1966
1751
1169
-308
-1457
-1643
-1671
-2739
-3899
-4540
-4928
-5014
-5390
-5955
-6573
-6743
-6281
-6369
-6894
-6863
-6071
-5560
-5829
-5644
-4814
-4167
-3942
-3848
-3424
-2730
-1840
-1149
-357
744
1506
1851
2301
3762
4981
4815
4267
4735
6500
6939
6046
5631
6089
7014
6793
6134
5997
6508
6707
5595
4809
4630
4414
3478
2000
1588
1257
-44
-1550
-2056
-1787
-2315
-3396
-4547
-5215
-5173
-5303
-5801
-6762
-7098
-6303
-5933
-6537
-7169
-6545
-5633
-5697
-5689
-5057
-4062
-3611
-3832
-3620
-3036
-2176
-1422
-607
777
1716
2042
2051
3072
4694
4909
4460
4660
6105
6915
6241
5656
5750
6574
6908
6496
6053
6132
6611
6260
5340
4741
4603
3969
2651
1759
1295
228
-1183
-1723
-1835
-2554
-3577
-4251
-4632
-5062
-5335
-5597
-6360
-7042
-6856
-6332
-6715
-7284
-6789
-5859
-5572
-5785
-5306
-4504
-4236
-3994
-3530
-2826
-2156
-1359
-583
204
1462
2311
2389
2837
4396
5597
5166
4356
5068
6760
7081
6228
5831
6303
6905
6746
6132
5683
5921
6241
5798
4969
4253
3817
3211
1954
1069
496
-474
-1428
-2215
-2600
-3044
-3843
-4895
-5601
-5512
-5504
-6022
-7011
-7357
-6665
-6421
-6930
-7219
-6524
-5655
-5430
-5334
-4888
-4228
-3827
-3512
-2922
-2427
-1769
-992
-144
1099
1966
2303
2459
3732
5366
5322
4879
5052
6273
7150
6505
6044
6120
6599
6825
6447
5991
5858
6361
6163
5250
4738
4356
3674
2415
1340
931
-62
-1152
-1679
-2132
-2722
-3668
-4327
-5101
-5707
-5671
-5903
-6393
-7220
-7085
-6415
-6695
-7115
-7152
-6163
-5532
-5551
-5126
-4701
-4040
-3657
-3248
-2684
-2339
-1343
-574
337
1556
2316
2654
2802
4169
5385
5293
4892
5178
6751
7149
6330
6004
6247
7022
6966
6238
5833
6172
6565
5647
4749
4256
3928
3476
1941
979
452
-244
-1148
-2368
-2959
-3386
-3649
-4542
-5710
-5759
-5746
-5909
-6759
-7554
-7131
-6576
-6609
-7179
-6993
-6085
-5565
-5383
-5350
-4606
-3648
-3314
-2976
-2589
-1807
-935
-447
552
2048
3068
2929
3153
4787
5810
5676
5189
5756
7451
7692
6640
6053
6502
7041
6612
6008
5854
6417
6426
5327
4672
4362
3806
2597
1278
759
240
-693
-1863
-2794
-3293
-3888
-4392
-5035
-5760
-5996
-5948
-5957
-6741
-7603
-7399
-6774
-6751
-7228
-6877
-5880
-5386
-5346
-5214
-4476
-3632
-3190
-2643
-2058
-1415
-811
-201
1112
2390
2909
2804
3633
5548
6173
5536
4966
6018
7544
7263
6447
6179
6732
7124
6672
6133
5908
6258
6027
5208
4862
4379
3457
2413
1596
1016
-103
-1230
-1819
-2414
-3213
-4000
-4337
-5130
-6163
-6341
-6170
-6254
-7300
-8076
-7430
-6658
-6802
-7519
-7123
-5867
-5181
-5175
-5244
-4453
-3629
-3328
-2741
-2018
-1209
-599
28
1308
2549
3086
2941
3819
5685
6322
5749
5149
6099
7603
7598
6732
6173
6662
7206
7032
6303
5789
6284
6288
5510
4762
4092
3540
2450
1322
753
-6
-1075
-2254
-2858
-3293
-3958
-4595
-5768
-6324
-6252
-6218
-6670
-7959
-8000
-6940
-6482
-7310
-7965
-6783
-5652
-5578
-5722
-5116
-3990
-3629
-3259
-2458
-2012
-1466
-575
499
1562
2527
3165
3247
4154
5793
6448
5850
5264
6319
7694
7408
6399
6243
7007
7460
6959
6182
6048
6408
6269
5458
4833
4156
3092
2361
1597
630
-685
-1631
-1794
-2696
-3975
-4728
-4542
-4762
-6099
-6723
-6740
-6645
-7240
-7918
-7528
-7028
-6767
-7021
-6922
-6271
-5554
-4922
-5027
-4627
-3459
-2582
-2310
-2321
-1410
-142
492
1293
2520
3257
3135
3886
5720
6334
5746
5506
6449
7514
7298
6703
6560
6702
6900
6884
6358
5835
6186
6426
5653
4648
3978
3492
2549
1116
245
-259
-1244
-2290
-2907
-3535
-4368
-4892
-5380
-6113
-6648
-6688
-6503
-7036
-7890
-7712
-6998
-6993
-7342
-6849
-5867
-5510
-5459
-4964
-4081
-3444
-3046
-2291
-1834
-1626
-632
376
1126
2274
3358
3844
4140
5126
6309
6376
5632
5824
7394
8139
7176
6428
6641
7136
7166
6563
6045
6030
6171
5772
5072
4231
3264
2514
1630
710
-352
-1448
-2123
-2617
-3458
-4632
-5143
-5373
-5846
-6402
-6838
-6828
-7139
-7616
-7747
-7433
-7052
-7105
-6958
-6662
-6110
-5527
-5185
-4499
-3710
-2948
-2460
-2106
-1452
-578
273
866
2086
3440
3755
3960
4990
6266
6353
5654
5832
7035
7917
7431
6682
6737
7076
7168
6717
6054
5920
6111
5914
5108
4180
3456
2732
1959
904
-2
-849
-1835
-2454
-3360
-4258
-4944
-5274
-5617
-6437
-6763
-7001
-7044
-7681
-8298
-7397
-6898
-6999
-7156
-6690
-5867
-5697
-5225
-4514
-3565
-2987
-2899
-2128
-1527
-751
272
686
1591
2935
3915
3914
4208
5873
6895
6714
5953
6352
7691
7556
6825
6494
6888
7383
7034
6270
5578
5834
5978
5235
4335
3553
3092
2186
1038
136
-838
-1919
-2625
-2763
-3693
-4996
-5430
-5315
-5736
-7056
-7514
-7081
-6919
-7495
-8042
-7491
-7124
-7050
-6944
-6588
-5661
-4941
-4315
-4039
-3475
-2519
-2155
-1679
-1072
-7
889
1284
2566
3751
4070
4021
4997
6741
6983
6304
6034
6967
7863
7322
6723
6616
7082
7339
6589
5642
5379
5864
5573
4483
3884
3634
2788
1066
-56
-242
-1009
-2678
-3819
-3924
-4175
-4894
-5637
-6058
-6477
-6996
-7000
-7037
-7582
-7975
-7514
-7063
-7378
-7280
-6468
-5629
-5193
-4814
-4039
-3359
-2792
-2183
-1509
-992
-455
571
1234
1990
3397
4232
4083
4219
5924
7247
6665
5853
6415
8029
8251
6990
6279
6635
7200
6826
5903
5290
5625
5856
4862
3883
3376
2870
1590
469
120
-887
-2422
-3507
-3146
-3330
-5014
-5831
-5756
-5787
-6930
-7624
-7188
-7229
-7480
-7811
-7453
-7189
-7130
-6453
-6154
-5556
-4740
-3891
-3313
-3147
-2282
-1725
-1386
-782
88
1172
1456
2489
4124
4517
4250
4899
6751
7188
6159
5878
6870
8042
7562
6544
6318
6692
7116
6512
5418
5082
5737
5723
4336
3266
2901
2476
1195
-177
-608
-1321
-2691
-3577
-3797
-4500
-5373
-5566
-5909
-6793
-7357
-6974
-6700
-7512
-8218
-7313
-6194
-6415
-6662
-6115
-5359
-4917
-4593
-3976
-3378
-3079
-2633
-1814
-1243
-936
79
850
1027
2489
4245
4823
4728
5612
7300
7578
6899
6677
7908
8744
7816
7226
7113
7312
7320
6721
6100
5569
5571
5240
4334
3218
2011
1148
-55
-1054
-1911
-3195
-4108
-4404
-4686
-5797
-6628
-6758
-7018
-7447
-7936
-7642
-7470
-8081
-8187
-7357
-6491
-6436
-6063
-5326
-4709
-3931
-3324
-2448
-1678
-1049
-260
94
433
1089
1944
2400
3104
4514
4853
4495
5051
6470
7050
6158
5806
6842
7853
7345
6223
5980
6230
6532
6187
5115
4598
4866
4903
4042
2758
1922
1252
201
-906
-1893
-2915
-3862
-4297
-4730
-5765
-6449
-6551
-6645
-7046
-7396
-6954
-6687
-7210
-7620
-7267
-6528
-6143
-5651
-4966
-4288
-3469
-2867
-2328
-1812
-1124
-262
105
305
914
1758
2017
2334
3550
4388
4305
4588
6135
7213
6589
5686
5980
7206
7419
6633
6099
6122
6581
6447
5436
4491
4669
5219
4528
3212
2275
1796
907
-666
-1717
-2553
-3620
-4410
-4829
-5286
-5934
-6120
-6377
-7135
-7630
-7299
-6609
-7109
-7951
-7390
-6300
-6107
-6461
-5912
-4815
-3957
-3322
-2783
-2065
-1426
-648
65
221
491
1409
2313
2706
3513
4505
4528
4402
5471
6907
6850
5724
5777
7191
7847
6942
6005
6074
6455
6479
5746
4795
4811
5226
4862
3467
2267
1836
1155
-197
-1624
-2356
-3233
-4288
-4585
-4885
-5754
-6533
-6586
-6503
-6993
-7440
-7191
-6894
-7325
-7569
-6835
-6279
-6302
-5973
-5226
-4386
-3640
-2827
-1961
-1422
-888
-84
558
642
1008
2066
2764
3405
4145
4337
4485
5259
6522
6694
5880
5817
6801
7538
6749
5934
6018
6378
6545
5983
5220
4804
4921
4748
3824
2707
1754
1211
202
-1195
-2212
-2989
-3746
-4484
-4929
-5437
-5915
-6218
-6525
-6710
-7104
-7265
-7256
-7490
-7457
-6872
-6218
-6226
-6014
-5094
-4217
-3730
-3373
-2322
-1260
-839
-493
64
616
901
1495
2198
2946
3917
4338
4330
4734
5857
6472
5946
5495
6132
7325
7243
6222
5859
6140
6471
6205
5489
4999
5131
5232
4253
2949
1899
1206
585
-470
-1449
-2678
-3716
-4070
-4211
-5031
-6328
-6270
-5760
-6058
-7151
-7751
-7076
-6805
-7121
-7374
-6987
-6414
-5853
-5099
-4918
-4436
-3404
-2350
-1795
-1510
-535
307
436
415
1101
1991
2422
3274
4141
4262
4412
5547
6811
6530
5530
5782
7168
7570
6544
5984
6315
6643
6326
5396
4782
5015
5342
4589
3266
2293
1768
1008
-550
-1590
-2023
-2891
-4053
-4569
-4664
-5528
-6254
-6370
-6263
-6577
-7345
-7047
-6631
-6907
-7199
-7039
-6458
-6203
-5511
-4719
-4297
-3704
-3034
-2148
-1693
-1250
-391
303
688
1031
1703
1956
2627
4031
4498
4247
4696
6256
6829
5669
5067
6353
7846
7275
6134
6001
6358
6527
5764
4903
4700
5097
5122
3968
2780
1929
1352
392
-967
-1686
-2516
-3402
-4004
-4520
-5202
-5987
-5951
-5984
-6669
-7367
-7340
-6676
-6931
-7600
-7334
-6423
-5904
-5883
-5492
-4627
-3740
-3194
-2691
-1991
-1284
-770
-364
147
746
1577
2005
2544
3902
4536
4272
4519
5846
6775
6213
5498
5968
7330
7480
6496
6057
6139
6615
6447
5393
4826
5016
5144
4259
3051
2357
1781
802
-735
-1612
-2090
-3350
-4377
-4659
-4709
-5358
-6281
-6516
-6614
-6908
-7329
-7260
-7131
-7427
-7089
-6602
-6447
-6249
-5386
-4320
-4087
-3730
-2823
-1775
-1270
-1132
-370
369
735
1153
1569
1966
2921
4287
4592
4198
4884
6410
6899
5681
5091
6609
7774
7037
5912
5912
6685
6764
5922
5087
4965
5244
4949
3823
2495
1803
1447
313
-1303
-2250
-2715
-3400
-4162
-4785
-5295
-5625
-5854
-6155
-6828
-7483
-7243
-6728
-7084
-7662
-6994
-5929
-5801
-5987
-5628
-4513
-3750
-3394
-2493
-1592
-978
-688
-382
54
458
1263
1832
2455
3656
4320
4235
4238
5408
6737
6383
5538
5892
7240
7569
6441
5770
5915
6383
6316
5509
5061
5259
5387
4462
3068
2239
1675
843
-173
-1004
-2080
-3427
-4020
-3988
-4721
-5830
-5940
-5563
-6023
-7130
-7359
-6845
-6889
-7487
-7435
-6601
-6181
-5879
-5470
-5141
-4517
-3674
-2736
-2225
-1753
-953
-446
-172
197
1006
1524
1702
2902
4269
4364
3953
4826
6577
6688
5504
5309
6582
7644
7017
6104
5897
6287
6771
6157
5035
4645
5154
5000
3616
2549
2155
1618
203
-978
-1469
-2604
-3777
-3905
-3877
-4899
-5994
-5990
-5803
-6480
-7393
-7284
-6786
-6998
-7255
-6862
-6462
-6357
-5764
-4980
-4606
-4183
-3313
-2255
-1814
-1565
-754
-80
95
371
1197
1798
2302
3568
4447
4243
4226
5541
6728
5983
4969
5755
7383
7493
6315
5813
6085
6459
6310
5428
4724
4739
4980
4577
3327
2255
1670
844
-263
-1226
-1964
-2924
-3657
-3876
-4564
-5456
-5962
-5967
-6002
-6627
-6827
-6629
-6765
-7194
-7190
-6537
-6394
-6300
-5636
-4740
-3988
-3761
-3214
-2426
-1728
-959
-522
-151
186
904
1668
1826
2674
3758
4100
4144
4783
6138
6320
5441
5320
6392
7251
6540
5745
5871
6406
6589
5819
4976
4841
5273
5022
3895
2927
2226
1790
578
-814
-1452
-2455
-3313
-3728
-3928
-4756
-5916
-5872
-5732
-6091
-6982
-7244
-6511
-6679
-6990
-6888
-6541
-6190
-5693
-4807
-4468
-4107
-3358
-2453
-1945
-1819
-1055
-338
-110
272
1084
1671
1903
3036
4119
3998
4032
5232
6511
5936
5012
5889
7322
7361
6044
5631
6214
6460
6163
5356
4981
5164
5169
4456
3091
2234
2178
1566
-64
-1466
-2068
-2639
-3695
-4341
-4674
-5172
-5508
-5916
-6164
-6727
-7066
-6577
-6684
-7181
-7106
-6335
-5984
-6246
-5700
-4822
-4175
-3755
-3043
-1968
-1618
-1245
-599
-60
270
748
1656
2006
2810
3947
4139
3863
4335
6066
6644
5651
5285
6453
7581
6718
5659
5743
6363
6646
5781
4871
4719
5059
4845
3599
2582
2097
1705
508
-874
-1442
-2408
-3521
-4115
-4204
-4713
-5686
-5763
-5666
-6048
-6910
-7201
-6747
-6906
-7009
-6724
-6373
-6192
-5853
-5119
-4700
-4173
-3246
-2264
-1810
-1597
-867
-232
-15
371
1230
1725
2242
3506
4103
3886
4250
5743
6523
5486
4972
6193
7584
7114
5821
5749
6194
6464
6090
5206
4890
5191
5265
4230
2884
2409
2301
1279
-528
-1423
-1716
-2632
-3623
-4116
-4658
-5303
-5481
-5663
-6276
-7094
-7092
-6379
-6819
-7662
-7225
-6124
-5937
-6314
-5705
-4723
-4080
-3645
-3007
-2251
-1938
-1377
-592
-249
12
805
1587
1970
3004
4050
3987
3928
5097
6487
6243
5211
5602
7167
7586
6456
5806
6140
6563
6525
5668
4818
4990
5449
4995
3595
2375
1926
1260
-2
-1047
-1765
-2778
-3650
-3740
-4267
-5480
-6020
-5645
-5620
-6781
-7373
-6681
-6332
-7039
-7588
-6840
-6092
-5773
-5391
-5036
-4370
-3613
-2807
-2344
-2060
-1258
-516
-283
-331
501
1630
1964
2810
3860
4087
4018
4948
6366
6121
5111
5319
6895
7633
6433
5605
5742
6240
6458
5776
4934
4753
5305
5157
3904
2638
2084
1792
536
-858
-1589
-2287
-3146
-3683
-4154
-5168
-5792
-5717
-5714
-6522
-7388
-7034
-6512
-6855
-7419
-6891
-6134
-6276
-6147
-5343
-4329
-3761
-3306
-2544
-1996
-1525
-962
-357
-139
289
1198
1765
2542
3399
3779
3890
4770
6363
6661
5685
5111
6317
7632
6926
5868
5869
6706
6919
5950
4854
4619
5346
5321
4283
3074
2377
1981
783
-520
-1596
-2474
-3103
-3382
-3693
-4910
-5728
-5627
-5570
-6377
-7445
-7228
-6489
-6575
-7370
-7299
-6525
-6217
-5971
-5767
-5036
-4100
-3418
-2795
-2329
-1409
-810
-571
-284
278
1312
1637
2412
3688
4019
3786
4203
5948
6641
5751
5238
6294
7858
7305
5887
5419
6016
6838
6436
5407
4730
5066
5265
4208
2994
2253
2008
1150
-414
-1394
-2174
-3053
-3505
-3711
-4485
-5479
-5645
-5516
-6135
-7140
-7266
-6627
-6624
-7319
-7234
-6343
-6028
-6044
-5699
-4951
-4159
-3666
-2949
-2167
-1606
-1197
-739
-123
278
930
1562
2178
3283
3812
3699
4051
5518
6600
5949
5082
5693
7360
7493
6168
5514
5992
6916
6687
5538
4645
4786
5302
4534
3292
2296
1838
1235
-54
-904
-1842
-2840
-3574
-3911
-4263
-5307
-5627
-5505
-5776
-6482
-7047
-6740
-6801
-7164
-7156
-6654
-6190
-6096
-5535
-4951
-4407
-3829
-3281
-2586
-1900
-1002
-447
-356
-121
684
1612
2159
3096
3941
4110
4373
5364
6392
6078
5242
5584
6970
7497
6551
5702
5681
6332
6625
5788
4902
4934
5470
5062
3640
2369
1669
1209
266
-746
-1656
-2665
-3112
-3440
-4380
-5558
-5978
-5664
-5819
-6513
-6965
-6764
-6701
-7283
-7449
-6887
-6320
-6099
-5850
-5265
-4558
-3861
-3275
-2779
-2166
-1379
-746
-597
-337
577
1536
2092
2703
3383
3824
4468
5480
6062
5784
5423
5925
7000
7371
6809
6268
6167
6329
6363
5947
5266
5049
5397
5227
4236
3004
2053
1250
180
-609
-1318
-2365
-3241
-3649
-3937
-4822
-5676
-5809
-5945
-6368
-6728
-6739
-6852
-7341
-7382
-6896
-6597
-6485
-6007
-5191
-4688
-4235
-3407
-2776
-2356
-1813
-952
-288
-184
447
1253
1889
2813
3616
3932
3895
4858
6364
6551
5665
5340
6593
7598
6982
5896
5629
6414
6894
6257
5009
4568
5287
5257
4119
2875
2182
1752
677
-426
-1314
-2401
-3390
-3540
-3561
-4779
-5725
-5793
-5659
-6159
-7291
-7342
-6860
-6825
-7230
-7277
-6773
-6437
-5818
-5418
-4928
-4017
-3199
-2626
-2555
-1921
-926
-465
-331
188
1267
1873
2582
3548
3853
3939
4801
6249
6502
5601
5348
6437
7608
7224
6054
5629
6133
6816
6416
5075
4532
5207
5476
4330
3115
2671
2148
860
-546
-1034
-1638
-2880
-3765
-4001
-4166
-4996
-5833
-6257
-6416
-6385
-6671
-7108
-7533
-7417
-6656
-6527
-6831
-6537
-5604
-4643
-4261
-3809
-3072
-2401
-1659
-1260
-980
-686
-71
915
1462
2262
3254
3811
3874
4251
5674
6386
5917
5509
6282
7579
7462
6467
5770
6116
6933
6727
5651
4820
5126
5410
4520
3356
2592
2077
1021
-156
-818
-1712
-2733
-3533
-3822
-4169
-5081
-5633
-5891
-6063
-6459
-6924
-6928
-7248
-7462
-7198
-6913
-6630
-6380
-5715
-4916
-4382
-3879
-3321
-2537
-1794
-1195
-744
-596
-52
895
1491
2222
3279
3915
3934
4249
5512
6370
5948
5337
5901
7207
7504
6763
5936
5829
6446
6643
5840
4849
4862
5285
4733
3503
2697
2222
1240
-50
-785
-1370
-2567
-3670
-4099
-4304
-4788
-5437
-5937
-6341
-6506
-6550
-6836
-7384
-7656
-7001
-6290
-6379
-6552
-5945
-4841
-4297
-4060
-3560
-2702
-1736
-1324
-955
-512
120
1000
1295
1778
2877
3873
4062
4082
5288
6416
6214
5355
5478
6862
7503
6821
5852
5719
6451
6729
5914
4781
4799
5546
5218
3935
2815
2220
1402
27
-889
-1345
-2104
-3156
-3882
-4162
-4683
-5351
-5925
-6353
-6507
-6603
-6747
-7186
-7593
-7280
-6545
-6241
-6452
-6172
-5155
-4339
-4046
-3759
-3004
-1991
-1374
-1023
-588
5
767
1309
1871
2834
3665
3799
4005
5304
6489
6316
5506
5494
6618
7327
6758
5858
5798
6525
6770
6017
4996
4820
5231
4783
3730
3029
2555
1518
-7
-783
-1113
-2092
-3328
-3813
-3715
-4125
-5034
-5999
-6554
-6391
-6301
-6669
-7290
-7643
-7124
-6439
-6530
-6882
-6226
-4858
-4216
-4179
-3796
-2901
-1998
-1612
-1236
-638
-99
665
1302
1869
2837
3686
3899
3886
4951
6280
6209
5463
5506
6846
7503
6612
5841
5763
6321
6662
6081
5150
4816
5224
4991
3897
2988
2385
1669
477
-620
-1087
-1883
-3048
-3744
-4103
-4444
-5063
-5629
-6103
-6511
-6557
-6773
-7049
-7492
-7511
-6696
-6397
-6406
-6152
-5383
-4645
-4314
-3557
-2841
-2149
-1588
-1191
-686
-431
370
1230
1861
2917
3744
3922
3787
4759
6242
6289
5457
5324
6695
7640
6856
5828
5606
6341
6765
6175
5152
4768
5354
5125
4026
3080
2477
1825
521
-416
-889
-1738
-2901
-3786
-3980
-4323
-4975
-5696
-6296
-6347
-6347
-6596
-7155
-7636
-7383
-6738
-6469
-6650
-6439
-5566
-4712
-4314
-3966
-3089
-1933
-1260
-1118
-899
-388
454
1112
1608
2629
3647
3948
3921
4902
6236
6265
5490
5383
6632
7528
7047
6191
5715
6047
6430
6119
5195
4712
5207
5107
4031
2964
2381
1711
371
-679
-1066
-1751
-2830
-3558
-3954
-4486
-4966
-5373
-6057
-6625
-6647
-6408
-6561
-7252
-7435
-6668
-6144
-6310
-6171
-5370
-4523
-4054
-3718
-3180
-2444
-1662
-1010
-579
-276
401
1288
1876
2509
3333
3806
3857
4762
6166
6429
5609
5073
6143
7231
6827
5923
5627
6245
6573
6109
5112
4506
4977
4985
4072
3098
2512
1823
612
-402
-957
-1743
-2931
-3626
-3908
-4418
-5098
-5559
-5831
-6291
-6480
-6577
-6842
-7169
-7223
-6677
-6383
-6223
-5820
-5166
-4561
-4257
-3670
-3091
-2398
-1598
-1070
-613
-351
316
1151
1458
2246
3442
3922
3691
4228
5888
6354
5471
5034
5898
7166
6887
6018
5741
5940
6502
6362
5443
4671
4888
5043
4090
3124
2608
2215
1062
-403
-953
-1440
-2540
-3607
-4002
-4312
-4767
-5241
-6076
-6552
-6563
-6432
-6469
-7059
-7291
-6625
-5992
-6194
-6389
-5713
-4738
-4072
-3728
-3250
-2321
-1545
-1270
-963
-632
55
1134
1730
2436
3388
3902
3829
4001
5413
6398
5973
5257
5654
7067
7118
6098
5566
5748
6340
6287
5613
4807
4661
4920
4308
3321
2556
2113
1278
-32
-672
-1229
-2341
-3606
-4132
-4160
-4692
-5293
-5837
-6191
-6541
-6881
-6875
-7089
-7158
-6758
-6114
-6070
-6425
-5845
-4919
-4251
-3958
-3363
-2292
-1732
-1299
-835
-323
252
945
1715
2067
2920
3946
3933
3729
4689
6273
6403
5255
5049
6470
7403
6500
5438
5435
6192
6525
5717
4689
4568
5141
4857
3554
2452
1984
1503
339
-571
-900
-1836
-3196
-3855
-3963
-4463
-5167
-5575
-5806
-6118
-6487
-6529
-6578
-6980
-7055
-6421
-6026
-6160
-5800
-4991
-4476
-4314
-3805
-2807
-2002
-1449
-939
-379
11
510
1238
1667
2475
3618
4150
3967
4260
5682
6226
5357
4822
5822
7301
7108
5960
5368
5766
6484
6071
4880
4250
4684
5037
4151
2839
2169
1791
618
-689
-1116
-1598
-2683
-3635
-3939
-4314
-5139
-5681
-5873
-6041
-6390
-6436
-6336
-6896
-7213
-6679
-6014
-5898
-5792
-5089
-4419
-3939
-3487
-2884
-2203
-1640
-928
-328
-113
327
1241
1794
2117
3101
4099
4057
4028
5223
6339
5819
4627
5139
6925
7337
6150
5273
5561
6152
6128
5191
4238
4375
4916
4398
2979
2051
1818
1272
-131
-1069
-1285
-2236
-3510
-4041
-4024
-4627
-5510
-5764
-5901
-6230
-6584
-6381
-6416
-7079
-6918
-6020
-5685
-6122
-5794
-4638
-4032
-3870
-3362
-2283
-1518
-1159
-472
108
328
816
1469
1922
2613
3631
4180
3955
4381
5818
6424
5430
4598
5932
7479
6930
5466
4930
5953
6677
5836
4483
3975
4573
4718
3823
2557
1738
1400
584
-476
-1260
-2144
-3039
-3526
-3941
-4553
-5197
-5543
-5667
-6156
-6536
-6407
-6203
-6530
-6947
-6380
-5809
-5760
-5772
-5385
-4339
-3656
-3274
-2802
-2149
-1304
-826
-473
-166
467
1409
1816
2341
3196
3766
3814
4028
5315
6215
5722
4978
5455
6907
7043
5820
5018
5364
6193
6046
4964
4135
4363
4800
4119
2967
2147
1698
1090
-66
-940
-1765
-2897
-3537
-3707
-4009
-4884
-5466
-5509
-5826
-6222
-6419
-6141
-6355
-7049
-6630
-5831
-5636
-5843
-5511
-4438
-3807
-3619
-3156
-2332
-1573
-1018
-535
-238
104
981
1798
2067
2882
4066
4286
3864
4416
5968
6294
5175
4894
6315
7381
6434
5163
5106
5790
6198
5540
4323
3854
4399
4522
3445
2207
1633
1444
580
-682
-1331
-2117
-3255
-3871
-4040
-4483
-5148
-5536
-5783
-6131
-6415
-6218
-6256
-6988
-6973
-5856
-5297
-5895
-6022
-4910
-3763
-3503
-3478
-2720
-1733
-1077
-664
-386
-73
685
1774
2128
2297
3212
3995
3856
3766
5109
6329
5737
4677
5143
6796
6948
5556
4861
5386
6111
5786
4643
3855
4220
4859
4150
2632
1561
1310
1087
51
-1049
-1922
-2780
-3197
-3494
-4133
-4886
-5253
-5228
-5582
-6126
-6171
-5945
-6263
-6907
-6456
-5629
-5663
-5817
-5341
-4232
-3434
-3245
-2907
-2217
-1246
-494
-219
-61
376
1289
1797
1806
2494
3550
3868
3602
4318
5840
5994
4964
4645
5772
6756
6150
5153
4940
5510
5810
5052
3961
3675
4503
4614
3283
1955
1412
1305
538
-668
-1595
-2431
-3015
-3328
-3700
-4559
-5243
-5183
-5343
-5858
-6250
-6122
-5968
-6484
-6585
-5932
-5440
-5513
-5435
-4563
-3682
-3302
-3140
-2570
-1594
-917
-484
-179
142
840
1662
1970
2146
3091
4079
4037
3822
4711
5857
5677
4724
4807
6089
6689
5832
5022
5157
5590
5416
4444
3624
3835
4465
4064
2633
1543
1266
1153
296
-984
-1804
-2477
-3028
-3446
-4150
-4955
-5353
-5256
-5423
-5908
-6053
-5895
-5944
-6399
-6266
-5553
-5411
-5529
-5076
-4115
-3472
-3444
-3235
-2311
-1220
-618
-394
-134
430
1201
1664
1619
2043
3384
4215
3972
3969
4931
5750
5294
4679
5155
6104
6292
5455
4916
5122
5453
5272
4185
3541
3964
4296
3578
2210
1603
1514
1017
-223
-1570
-2195
-2600
-2828
-3439
-4584
-5095
-5006
-5003
-5648
-6180
-5925
-5630
-5790
-6263
-5997
-5366
-5316
-5252
-4842
-4057
-3377
-3000
-2513
-1888
-1130
-616
-462
-150
601
1535
1943
1878
2479
3680
4186
3852
4038
5240
5934
5383
4669
4992
5988
6111
5295
4663
4847
5266
4997
4066
3398
3640
3807
2984
1820
1363
1256
548
-697
-1761
-2278
-2783
-3264
-3786
-4509
-4847
-4785
-4833
-5485
-6078
-5920
-5645
-5830
-6112
-5754
-5313
-5267
-5063
-4314
-3422
-3072
-2791
-2212
-1518
-939
-639
-197
412
993
1589
1821
1871
2628
3819
4183
3597
3841
5221
5747
4971
4220
4795
5856
5837
5122
4555
4691
5025
4781
4038
3434
3601
3619
2891
2008
1464
1092
118
-980
-1475
-1864
-2703
-3569
-3907
-4131
-4467
-4756
-5222
-5752
-5796
-5429
-5488
-6011
-6115
-5482
-4977
-5142
-5009
-4168
-3410
-3137
-2903
-2203
-1389
-885
-562
-244
359
1122
1756
2001
1862
2644
3956
4030
3385
3770
5326
5883
4986
4369
4909
5860
5604
4678
4231
4404
4977
4822
3833
3040
3178
3344
2609
1755
1331
1142
275
-951
-1519
-2063
-2871
-3444
-3670
-4101
-4615
-4623
-4838
-5430
-5720
-5550
-5405
-5783
-5920
-5293
-4810
-4905
-4697
-3915
-3411
-3087
-2524
-1889
-1405
-943
-259
101
300
862
1643
2116
2019
2749
3995
4027
3456
3743
5025
5416
4639
4349
4900
5689
5539
4749
4205
4134
4637
4602
3869
3169
3106
3284
2527
1652
1123
658
-12
-959
-1387
-2043
-3059
-3580
-3831
-4140
-4587
-4645
-4811
-5384
-5530
-5362
-5316
-5699
-5832
-5188
-4574
-4525
-4597
-4090
-3375
-2742
-2181
-1765
-1212
-669
-122
196
417
1083
1771
2122
2053
2628
3913
4128
3472
3509
4908
5819
4904
3954
4386
5566
5611
4565
3886
3941
4491
4485
3678
2799
2785
3197
2589
1515
745
561
150
-999
-1606
-2150
-2961
-3443
-3700
-3939
-4612
-4981
-4949
-5137
-5253
-5230
-5098
-5416
-5718
-5110
-4454
-4362
-4324
-3750
-3032
-2659
-2414
-1913
-1184
-640
-73
278
538
1254
1884
2123
1931
2477
4025
4395
3560
3400
4723
5628
4689
3866
4361
5403
5419
4339
3779
3981
4464
4396
3506
2720
2840
3173
2442
1285
687
617
92
-1111
-1838
-2133
-2616
-3361
-3791
-3935
-4319
-4562
-4928
-5344
-5409
-5227
-5064
-5499
-5631
-4915
-4235
-4114
-4341
-3798
-2736
-2221
-2123
-1923
-1151
-239
117
90
430
1308
1967
2160
2046
2564
3881
4192
3313
3050
4341
5350
4551
3556
3936
5146
5314
4370
3687
3683
4161
4053
3161
2372
2626
3358
2695
1269
514
571
342
-940
-1787
-1890
-2242
-2882
-3518
-4023
-4519
-4623
-4554
-4878
-5148
-4984
-4674
-5012
-5508
-5049
-4237
-4088
-4236
-3631
-2698
-2328
-2207
-1728
-834
-156
154
273
543
1289
1835
1891
1789
2346
3737
4144
3316
3142
4323
5214
4502
3613
3868
4760
5065
4404
3654
3458
3861
4009
3276
2432
2528
3047
2457
1268
710
747
313
-1062
-1855
-1933
-2375
-3131
-3764
-4040
-4387
-4526
-4505
-4859
-5048
-4933
-4702
-4900
-5269
-4786
-4071
-3974
-4132
-3598
-2679
-2349
-2215
-1734
-957
-314
-16
230
668
1320
1821
2050
2024
2339
3425
3953
3491
3298
4144
5071
4646
3703
3678
4492
4947
4306
3641
3585
3807
3792
3082
2335
2375
2754
2388
1408
792
746
372
-842
-1739
-1783
-2039
-2897
-3478
-3590
-3859
-4174
-4504
-4802
-4968
-4946
-4626
-4644
-4852
-4559
-3984
-3882
-4092
-3551
-2662
-2313
-2315
-1860
-847
-293
-161
128
562
1031
1414
1777
1966
2093
2890
3870
3800
3186
3498
4605
4779
3808
3341
3945
4653
4505
3813
3431
3471
3559
3235
2457
1882
2118
2282
1561
864
636
362
-479
-1559
-1821
-1870
-2638
-3321
-3408
-3497
-3846
-4198
-4573
-4897
-4919
-4589
-4337
-4739
-4911
-4169
-3593
-3605
-3557
-2931
-2176
-1907
-1512
-885
-431
-82
273
763
1094
1448
2046
2345
2306
2588
3405
3591
3005
3096
4123
4717
3972
3219
3499
4155
4251
3732
3372
3253
3364
3335
2737
2076
1986
2295
1891
1019
508
266
-259
-1272
-1734
-1811
-2469
-3264
-3430
-3314
-3695
-4166
-4395
-4473
-4436
-4370
-4319
-4626
-4867
-4481
-3889
-3713
-3632
-2931
-2209
-1955
-1696
-1160
-576
-220
189
696
1029
1261
1615
1995
2076
2324
3199
3828
3494
3030
3568
4469
4280
3359
3120
3844
4483
4106
3273
2857
3114
3536
3170
2227
1801
2311
2480
1508
521
242
162
-715
-1758
-2033
-2357
-2965
-3392
-3432
-3546
-3970
-4284
-4553
-4693
-4631
-4338
-4173
-4462
-4392
-3784
-3372
-3484
-3355
-2522
-1871
-1606
-1329
-785
-111
274
615
834
869
1198
1779
2291
2437
2700
3369
3541
3093
3114
3946
4291
3676
3196
3473
4019
3931
3366
3105
3187
3290
3145
2475
1721
1828
2220
1660
569
98
157
-260
-1202
-1794
-1900
-2348
-2952
-3087
-3381
-3910
-4069
-4020
-4221
-4571
-4518
-4116
-4079
-4277
-3971
-3441
-3310
-3264
-2720
-1932
-1495
-1242
-847
-399
1
382
688
866
1177
1666
2070
2175
2213
2764
3358
3142
2707
3158
4043
4140
3536
3176
3476
3872
3693
3098
2732
2961
3264
2940
2030
1497
1778
1745
983
394
320
-15
-978
-1728
-1909
-2205
-2900
-3233
-3113
-3414
-3852
-3968
-4203
-4484
-4295
-3848
-3908
-4270
-3957
-3092
-2871
-3280
-3029
-2144
-1670
-1497
-1039
-515
-136
314
750
919
1052
1571
2179
2255
2034
2384
3215
3367
2814
2792
3642
4192
3646
2927
3013
3657
3893
3251
2516
2481
2958
3050
2297
1556
1673
2019
1523
594
158
53
-378
-1141
-1758
-2247
-2701
-2944
-3099
-3451
-3812
-3768
-3775
-4197
-4404
-4035
-3633
-3745
-3888
-3559
-3084
-2947
-2967
-2611
-2047
-1501
-1036
-681
-245
194
534
685
808
1254
1820
2079
1969
2077
2798
3417
3229
2724
3048
3958
4011
3117
2618
3300
4065
3614
2711
2457
2861
3140
2534
1624
1350
1668
1701
885
52
-76
-146
-758
-1619
-2064
-2201
-2690
-3137
-3229
-3397
-3675
-4003
-4156
-4134
-4114
-3898
-3740
-3696
-3434
-3038
-2759
-2743
-2583
-1982
-1403
-1137
-886
-384
199
550
678
830
1153
1584
1861
1960
2060
2423
3022
3046
2581
2574
3255
3823
3485
3034
3142
3509
3549
2936
2486
2440
2643
2686
2066
1470
1277
1351
1059
307
-48
-184
-503
-1182
-1796
-1988
-2360
-2707
-2907
-3122
-3249
-3376
-3450
-3791
-4062
-3709
-3416
-3558
-3749
-3367
-2582
-2386
-2494
-2136
-1561
-1204
-1011
-623
-103
301
643
842
887
1100
1487
1801
1896
1939
2459
3011
2805
2423
2670
3359
3498
2921
2594
2918
3431
3225
2431
2141
2500
2742
2251
1527
1289
1552
1523
651
-70
-184
-203
-604
-1505
-2019
-2007
-2202
-2791
-3288
-3317
-3341
-3341
-3404
-3649
-3607
-3544
-3420
-3277
-3212
-2765
-2382
-2244
-2018
-1610
-1168
-1023
-784
-326
83
353
482
809
1114
1299
1635
1863
1964
2170
2639
3024
2799
2479
2722
3255
3224
2707
2566
2788
3018
2867
2286
1931
2000
2169
1969
1406
1064
1208
1243
584
-96
-355
-561
-968
-1583
-1903
-2028
-2355
-2691
-2928
-3080
-3173
-3162
-3217
-3329
-3256
-3129
-3081
-3060
-2839
-2448
-2181
-2047
-1809
-1389
-1009
-749
-535
-274
66
378
653
883
1061
1310
1598
1730
1790
1961
2245
2414
2310
2270
2532
2893
2922
2646
2485
2567
2767
2577
2083
1893
2062
2198
1817
1233
939
970
883
301
-128
-269
-433
-868
-1538
-1777
-1949
-2342
-2688
-2832
-2753
-2848
-2913
-2976
-2929
-2777
-2929
-2973
-2969
-2673
-2132
-1985
-1854
-1623
-1288
-1036
-861
-512
-229
145
527
841
1060
1015
1238
1646
1783
1820
1855
2034
2335
2440
2386
2443
2662
2719
2502
2350
2328
2332
2194
1986
1925
1773
1563
1382
1111
939
986
882
309
-171
-278
-455
-1002
-1607
-1689
-1729
-2144
-2437
-2487
-2612
-2936
-3064
-2868
-2709
-2682
-2639
-2573
-2566
-2386
-2047
-1786
-1716
-1652
-1238
-902
-734
-468
-125
272
501
747
856
806
1011
1369
1674
1723
1834
2089
2295
2428
2282
2193
2199
2257
2353
2189
2070
2075
2131
2087
1739
1489
1451
1526
1498
1094
645
445
272
-10
-350
-708
-921
-1087
-1380
-1787
-2210
-2330
-2230
-2357
-2714
-2761
-2447
-2347
-2492
-2602
-2451
-2215
-2148
-1925
-1703
-1645
-1456
-1091
-759
-772
-722
-309
119
416
621
918
1144
1243
1379
1478
1558
1596
1790
1986
2116
2360
2269
2013
1917
2114
2296
1906
1692
1824
1907
1771
1360
1289
1270
1091
892
461
188
169
138
-138
-612
-866
-933
-1166
-1583
-1843
-1932
-2071
-2306
-2459
-2336
-2127
-1967
-2055
-2311
-2311
-2024
-1627
-1574
-1753
-1623
-1247
-947
-907
-760
-438
-108
190
287
384
503
751
1026
1112
1335
1519
1532
1464
1433
1624
1704
1726
1836
1825
1706
1654
1765
1678
1395
1349
1461
1462
1188
942
903
872
807
502
162
-14
-139
-180
-441
-796
-990
-1123
-1159
-1392
-1647
-1709
-1764
-1671
-1687
-1885
-1998
-1977
-1764
-1631
-1594
-1519
-1408
-1202
-1138
-1037
-903
-870
-565
-139
160
165
145
472
676
716
781
962
1215
1268
1309
1291
1216
1293
1475
1587
1384
1283
1375
1260
1094
1088
1300
1275
958
841
859
867
685
449
400
296
207
5
-358
-528
-558
-547
-763
-1018
-919
-881
-1029
-1285
-1449
-1397
-1440
-1383
-1346
-1486
-1486
-1417
-1261
-1271
-1259
-809
-657
-736
-568
-305
-71
-185
-152
317
562
592
615
721
835
839
933
969
909
916
1002
1050
952
1048
1201
1115
938
786
861
894
699
652
702
668
573
452
287
50
-165
-240
-269
-376
-409
-380
-431
-539
-684
-792
-912
-993
-821
-633
-701
-836
-966
-1095
-1123
-1102
-918
-624
-436
-309
-308
-313
-227
-46
182
95
-30
139
311
319
234
312
389
370
487
613
654
511
433
624
646
555
617
682
664
565
436
343
243
279
394
298
143
-10
-48
72
9
-93
-111
-76
-18
-112
-218
-262
-193
-118
-178
-151
-197
-305
-286
-390
-536
-509
-373
-278
-294
-332
-299
-168
-169
-335
-419
-427
-347
-177
-96
-41
21
-14
-73
-75
9
25
-39
35
173
211
126
-4
14
147
237
257
164
138
244
272
216
127
198
360
316
195
83
88
112
-115
-174
43
201
221
102
71
139
138
-3
-160
12
225
210
160
38
120
346
222
-45
-103
80
211
153
64
-52
-22
24
-97
-125
-139
-147
-107
-137
-201
-281
-201
-151
-242
-157
-162
-301
-399
-482
-399
-322
-321
-342
-409
-319
-204
-209
-318
-421
-177
82
-17
-220
-260
-113
-111
-138
52
274
413
294
212
322
269
298
357
350
533
716
815
722
526
606
772
752
590
592
760
671
391
280
310
236
149
83
-22
50
69
-138
-301
-347
-309
-317
-397
-512
-623
-680
-792
-831
-772
-750
-727
-776
-808
-830
-867
-828
-863
-848
-704
-671
-694
-665
-572
-381
-271
-377
-395
-162
81
179
114
153
430
630
640
588
681
927
1021
933
796
793
1041
1135
1002
968
998
1052
1057
936
851
877
905
773
612
604
599
496
235
1
18
56
0
-194
-442
-536
-557
-584
-757
-993
-956
-849
-896
-1015
-1058
-1003
-1066
-1204
-1208
-1064
-936
-881
-866
-924
-849
-653
-581
-625
-642
-409
-134
-71
-37
37
229
393
407
450
569
776
925
975
945
870
969
1031
1060
1214
1243
1100
848
703
720
658
647
672
663
601
321
69
-17
-37
36
49
-61
-226
-426
-544
-623
-774
-881
-853
-730
-757
-990
-1093
-1142
-1152
-1016
-1074
-1135
-961
-762
-648
-693
-722
-630
-431
-219
-113
14
21
-43
53
177
252
331
573
722
659
763
945
1116
1148
987
989
1098
1194
1266
1239
1145
1050
1018
889
668
641
760
690
450
437
518
344
50
-144
-75
-43
-308
-446
-386
-402
-564
-777
-961
-1153
-1128
-1007
-1121
-1188
-1139
-1171
-1342
-1603
-1534
-1133
-952
-1077
-1153
-1011
-841
-716
-541
-403
-216
102
191
-12
-100
81
404
577
533
692
1038
1120
998
983
1083
1144
1108
1032
1030
1140
1230
1136
950
800
718
741
746
668
607
538
305
83
104
82
-72
-166
-270
-313
-363
-476
-586
-808
-864
-733
-714
-789
-969
-999
-915
-986
-935
-812
-785
-758
-727
-701
-755
-734
-560
-397
-217
-84
70
199
111
107
207
316
412
480
758
895
842
914
746
624
728
680
675
648
628
762
776
676
614
691
770
602
411
333
213
145
170
34
-136
-169
-288
-388
-454
-639
-696
-667
-643
-673
-893
-1076
-1091
-955
-852
-968
-983
-862
-743
-605
-555
-550
-540
-451
-295
-285
-328
-255
-78
116
186
286
456
442
413
547
655
717
694
685
868
997
983
975
992
971
855
785
745
664
632
499
364
385
393
343
225
121
72
-14
-141
-338
-423
-311
-289
-351
-491
-701
-708
-621
-640
-734
-711
-470
-461
-734
-985
-1125
-975
-794
-751
-647
-560
-461
-437
-512
-459
-375
-203
2
136
354
471
486
440
349
439
489
519
619
586
582
593
636
745
780
830
822
773
682
507
484
524
481
428
477
522
334
163
125
109
56
-210
-358
-255
-241
-334
-510
-627
-637
-668
-677
-743
-749
-645
-612
-656
-815
-842
-722
-665
-601
-625
-537
-404
-465
-408
-292
-161
9
83
121
101
197
362
400
442
541
767
884
764
624
563
650
652
605
662
723
874
915
700
429
299
344
323
220
183
225
294
254
91
-92
-228
-299
-312
-278
-304
-444
-604
-729
-755
-683
-634
-643
-677
-695
-691
-663
-660
-754
-829
-760
-643
-573
-491
-449
-416
-221
-66
-30
42
119
186
264
344
328
292
336
415
611
784
777
650
513
461
521
678
762
760
838
856
685
563
567
496
357
233
194
221
106
-68
-129
-140
-197
-252
-214
-194
-222
-230
-316
-485
-550
-542
-591
-577
-499
-516
-645
-770
-752
-599
-513
-542
-410
-208
-315
-493
-471
-351
-180
-28
37
43
104
177
226
295
315
379
492
547
624
699
648
468
334
367
427
521
671
639
496
371
233
200
219
195
232
268
187
69
-61
-256
-375
-354
-321
-244
-214
-373
-523
-521
-462
-417
-394
-374
-393
-475
-583
-672
-648
-455
-236
-137
-96
-63
-60
-61
-110
-182
-118
34
120
133
66
13
90
197
288
349
343
347
379
375
349
392
478
525
501
448
412
405
466
484
353
234
218
190
99
-8
-65
-33
1
-39
-78
-113
-205
-267
-225
-187
-181
-170
-245
-411
-515
-503
-451
-420
-383
-348
-389
-491
-507
-361
-227
-223
-210
-130
-103
-118
-61
26
65
99
136
130
138
229
315
284
175
151
302
483
547
530
454
327
260
298
363
415
425
327
153
43
53
107
105
79
115
105
-28
-163
-240
-298
-307
-257
-226
-258
-274
-290
-365
-459
-547
-575
-527
-422
-267
-173
-201
-267
-254
-167
-159
-217
-235
-230
-213
-173
-99
-32
-7
54
154
256
302
271
269
315
354
409
498
569
579
590
572
441
357
372
358
358
404
439
412
297
127
6
-23
-69
-72
31
31
-68
-140
-249
-351
-328
-283
-329
-383
-394
-428
-463
-479
-491
-425
-331
-319
-296
-242
-265
-284
-253
-292
-366
-332
-224
-153
-104
-52
16
69
31
19
114
213
291
362
391
307
238
297
363
422
478
479
414
350
368
383
354
312
270
274
193
45
14
12
-20
-51
-45
23
54
35
-80
-230
-329
-432
-409
-307
-256
-176
-200
-307
-397
-438
-382
-342
-284
-190
-114
-77
-160
-233
-265
-304
-258
-211
-138
-33
60
184
191
141
169
205
237
256
270
291
315
333
331
357
373
396
428
382
334
292
222
220
228
223
249
201
106
31
-42
-71
-84
-119
-157
-170
-158
-209
-274
-277
-291
-339
-388
-382
-351
-325
-301
-340
-415
-458
-441
-330
-203
-98
-21
-54
-125
-162
-183
-154
-98
0
55
-31
-88
-24
65
143
197
244
337
429
421
324
251
290
408
451
442
444
394
333
277
221
225
222
239
286
194
90
112
119
79
-16
-133
-174
-206
-216
-169
-195
-247
-262
-286
-244
-172
-131
-97
-200
-384
-448
-442
-393
-343
-347
-300
-243
-219
-204
-247
-273
-209
-69
79
93
-25
-85
-52
-4
89
162
213
293
291
298
312
289
323
319
311
321
323
358
310
195
101
103
176
241
280
225
155
66
-48
-80
-85
-9
54
-1
-86
-201
-243
-287
-354
-328
-269
-178
-181
-218
-252
-308
-258
-240
-244
-248
-253
-165
-139
-181
-215
-216
-119
-6
124
207
183
125
46
16
4
38
149
227
319
374
348
336
288
303
378
418
451
355
195
81
12
36
50
53
76
95
104
27
-62
-131
-164
-88
-10
33
-5
-140
-230
-317
-366
-326
-284
-190
-103
-109
-186
-324
-366
-290
-217
-181
-204
-198
-160
-164
-148
-130
-102
-43
-3
77
135
141
128
32
-37
-41
-1
88
102
106
125
149
239
290
305
328
314
304
206
69
28
27
107
188
217
249
197
146
109
34
-22
-76
-72
-17
20
65
40
-72
-205
-253
-156
-49
-17
-69
-140
-166
-190
-197
-194
-191
-152
-124
-92
-58
-58
-81
-135
-181
-188
-163
-100
-44
-18
-9
-1
32
72
99
130
157
164
167
151
147
166
188
214
197
146
97
75
120
153
180
233
263
254
164
27
-53
-46
-12
-28
-100
-188
-257
-278
-238
-167
-90
-35
-86
-171
-205
-188
-113
-121
-203
-282
-332
-300
-280
-250
-172
-104
20
67
10
-52
-119
-40
100
218
311
261
195
108
8
20
53
172
307
326
319
207
73
9
2
193
390
452
382
131
-48
-118
-130
-31
42
126
165
43
-81
-197
-239
-175
-149
-76
-34
-82
-153
-306
-363
-292
-174
-30
-46
-123
-177
-214
-164
-127
-43
52
63
34
-74
-133
-125
-100
-26
9
72
121
85
34
-30
12
104
152
172
151
194
292
395
460
400
304
227
211
245
213
140
16
-82
-92
-90
-48
-39
-51
-39
-99
-141
-182
-206
-145
-133
-103
-90
-118
-96
-158
-194
-180
-193
-121
-94
-67
-1
-41
-103
-224
-334
-300
-259
-183
-135
-174
-163
-182
-178
-76
42
188
220
136
56
-23
12
87
144
226
250
274
252
183
155
150
259
357
375
332
194
122
101
115
143
115
150
146
111
84
-5
-4
-11
-66
-99
-177
-139
-86
-105
-116
-236
-281
-241
-204
-82
-53
-64
-91
-186
-209
-236
-202
-86
-50
-12
-38
-94
-64
-73
-60
-40
-11
90
117
103
62
22
62
68
68
78
74
133
166
167
172
141
145
129
81
95
81
62
17
-64
-54
-34
-1
29
-30
-55
-75
-68
-3
-3
-5
-60
-158
-171
-183
-146
-118
-148
-149
-217
-240
-187
-102
72
166
190
128
-20
-81
-122
-79
12
49
93
37
-11
-1
22
104
100
78
60
28
73
92
106
96
73
125
164
236
276
257
211
122
122
124
104
74
-34
-76
-104
-99
-61
-107
-93
-105
-108
-54
-84
-82
-128
-171
-114
-127
-99
-114
-174
-156
-199
-190
-198
-243
-153
-91
-10
38
-31
-66
-143
-99
43
113
208
205
215
224
153
170
147
184
230
171
155
80
109
180
139
146
77
80
125
58
46
-48
-89
-53
-96
-86
-123
-136
-108
-161
-182
-181
-114
-3
56
38
-85
-183
-250
-252
-200
-173
-106
-129
-182
-174
-171
-84
-35
-18
16
-26
-29
2
62
154
149
127
129
131
204
236
208
168
75
55
47
1
56
102
184
274
269
284
185
90
76
67
173
193
191
159
-31
-95
-86
-13
99
82
80
7
-130
-223
-251
-126
-77
-139
-207
-280
-240
-215
-208
-118
-45
-38
-148
-292
-367
-382
-357
-338
-245
-108
-38
-23
-47
-38
-47
-68
-44
15
122
150
124
97
53
79
140
236
315
308
280
246
231
229
266
342
373
343
211
76
-2
-57
-75
-131
-115
-11
48
84
-8
-116
-126
-147
-81
-42
-39
-30
-127
-120
-110
-113
-87
-164
-137
-108
-51
86
69
33
-112
-239
-174
-86
94
152
104
65
-41
-24
-39
-60
6
51
155
166
129
102
8
-19
-17
85
231
226
123
-45
-103
-54
-24
9
-5
-8
-31
-48
-15
-9
26
14
-6
-8
-52
-56
-89
-95
-73
-89
-62
-92
-134
-156
-199
-160
-144
-126
-57
-51
-62
-143
-240
-220
-163
-35
93
155
197
155
92
62
52
69
55
63
100
110
98
57
33
65
111
142
158
181
214
226
214
188
127
52
9
25
98
151
136
68
-10
-62
-83
-78
-46
-23
-30
-43
-63
-83
-112
-175
-209
-190
-130
-55
-32
-35
-70
-121
-135
-140
-106
-52
-6
37
24
-32
-125
-215
-215
-139
-2
134
191
168
61
-65
-148
-167
-77
75
220
297
243
124
13
-8
99
223
306
294
178
69
-20
-50
-36
-48
-37
-23
1
37
-6
-68
-135
-187
-157
-100
-10
57
11
-99
-245
-314
-239
-106
36
106
101
74
-4
-99
-197
-255
-215
-134
-69
-24
-19
1
34
31
44
53
78
119
113
93
25
-70
-107
-88
41
216
312
316
209
92
50
75
177
274
313
279
162
45
-9
11
72
94
60
22
-4
-27
-78
-167
-197
-134
-28
55
14
-96
-189
-232
-173
-104
-65
-44
-64
-70
-94
-139
-160
-170
-127
-89
-99
-104
-90
-38
2
-23
-77
-116
-83
-5
40
32
-12
-35
-25
29
126
228
293
249
116
-7
-47
18
108
158
155
97
46
-4
-32
-14
20
81
111
98
67
-10
-96
-163
-176
-99
13
119
143
74
-30
-130
-168
-167
-158
-107
-45
20
39
-8
-73
-129
-124
-65
16
78
68
15
-61
-114
-97
-33
70
156
190
162
83
19
-9
37
138
219
279
245
155
71
-10
-4
40
117
212
233
224
147
54
19
-27
-12
-7
-18
-2
-68
-140
-224
-290
-271
-262
-198
-131
-118
-129
-255
-352
-374
-349
-244
-191
-154
-127
-165
-159
-152
-104
1
16
3
-44
-102
-63
-31
44
156
198
244
208
160
210
241
316
347
318
325
266
229
200
144
155
120
93
101
106
167
170
148
140
115
135
101
54
21
-57
-107
-184
-213
-170
-180
-188
-254
-300
-252
-224
-156
-142
-183
-197
-241
-192
-95
-23
36
-31
-128
-181
-192
-103
-19
40
96
104
103
41
-65
-129
-150
-77
53
175
265
251
183
121
119
185
212
203
166
132
110
32
-18
-6
86
212
225
171
62
-52
-95
-135
-87
-14
-3
-19
-107
-120
-72
-49
-12
-46
-48
-47
-118
-175
-249
-229
-153
-121
-81
-102
-97
-84
-108
-79
-87
-58
-19
-11
48
39
21
-9
-48
26
91
157
169
117
116
103
123
126
83
49
-28
-58
-27
42
113
82
17
-27
4
124
209
234
170
48
-16
-44
-32
-2
-15
-25
-48
-72
-60
-36
9
57
74
68
17
-70
-164
-229
-219
-142
-36
51
93
81
21
-41
-71
-40
18
33
14
-29
-51
-23
-14
-5
-4
-18
-4
-10
1
22
-16
-61
-132
-149
-47
48
122
105
17
-11
-37
-2
53
74
153
178
190
190
128
92
-11
-119
-158
-153
-41
45
53
-14
-164
-241
-229
-144
-21
44
51
2
-89
-174
-227
-228
-136
2
118
166
94
-21
-138
-199
-121
9
157
227
187
115
5
-38
-19
24
130
183
201
159
58
36
34
97
188
230
278
226
151
96
36
74
83
70
38
-57
-94
-145
-172
-138
-104
-4
38
23
-34
-158
-225
-261
-214
-122
-70
-33
-82
-124
-158
-185
-148
-131
-81
-62
-79
-76
-108
-87
-63
-37
-1
-17
7
14
39
81
58
40
-21
-31
28
93
184
179
160
142
128
166
152
158
172
201
237
175
83
-16
-36
40
115
167
131
48
-38
-119
-151
-162
-143
-95
-34
29
51
7
-83
-166
-183
-117
-16
61
66
-1
-91
-160
-177
-150
-122
-95
-95
-124
-176
-252
-284
-249
-138
22
144
210
183
78
-38
-111
-77
35
159
231
204
149
108
122
172
202
235
239
226
163
43
-56
-92
-14
102
184
200
136
50
-49
-99
-75
-11
68
61
-17
-132
-238
-266
-263
-201
-117
-46
10
-9
-30
-52
-61
-69
-130
-155
-155
-124
-120
-185
-224
-216
-126
-33
23
73
94
115
76
31
31
59
113
104
83
78
74
87
59
75
155
238
297
221
114
43
18
80
104
124
132
100
95
60
64
106
123
119
16
-94
-153
-149
-80
-66
-89
-160
-234
-230
-197
-96
-12
14
2
-99
-159
-188
-184
-137
-156
-147
-144
-130
-83
-107
-116
-132
-109
-33
-3
11
-27
-75
-104
-104
-39
65
186
237
229
173
135
172
204
284
307
259
207
79
50
72
112
214
192
193
172
102
101
3
-27
-11
-18
59
15
-44
-100
-204
-191
-207
-181
-120
-147
-115
-153
-179
-164
-228
-215
-213
-160
-46
-28
-4
-49
-74
-13
28
124
185
215
220
113
6
-94
-125
-37
56
167
214
198
173
89
54
48
62
127
134
127
62
-17
-45
-101
-99
-100
-88
-52
-68
-53
-83
-98
-79
-103
-80
-72
-37
4
-34
-55
-124
-164
-143
-146
-92
-62
-27
15
-33
-76
-120
-115
-11
67
110
93
38
30
23
31
48
35
59
69
67
75
53
74
99
134
190
175
142
76
14
28
50
88
85
35
18
11
23
28
14
32
70
116
125
57
-65
-164
-187
-127
-12
91
159
150
86
12
-81
-131
-148
-138
-92
-54
-38
-77
-145
-201
-222
-169
-71
37
112
117
73
-16
-90
-98
-57
21
56
32
-35
-128
-176
-185
-142
-52
36
114
141
143
135
110
77
26
-13
-12
42
106
133
103
13
-89
-158
-133
-25
88
157
111
4
-91
-120
-59
15
86
120
110
94
44
-5
-69
-108
-93
-56
24
58
39
4
-38
-30
-13
-1
-9
-60
-97
-131
-144
-121
-84
