SAMPLES:	11350
BITSPERSAMPLE:	16
CHANNELS:	1
SAMPLERATE:	16000
NORMALIZED:	FALSE
163
144
-44
-182
-90
96
152
51
-100
-198
-135
87
275
278
150
-58
-320
-439
-241
119
323
288
128
-86
-328
-538
-626
-517
-210
58
-36
-454
-800
-813
-592
-256
169
540
632
329
-208
-614
-564
-72
486
723
555
183
-114
-161
1
199
254
132
13
147
508
728
574
250
116
229
355
346
290
302
270
27
-299
-368
-72
275
296
-21
-372
-443
-210
47
39
-164
-219
13
292
346
164
-67
-185
-178
-178
-316
-492
-445
-95
312
417
115
-298
-402
-141
136
113
-140
-348
-352
-150
112
253
213
78
-29
-81
-146
-262
-342
-256
9
291
439
455
377
221
70
26
85
146
186
275
375
302
2
-306
-353
-161
-25
-107
-251
-260
-173
-152
-222
-315
-402
-470
-451
-320
-165
-92
-96
-130
-217
-349
-396
-213
140
434
524
410
199
41
76
296
522
560
378
125
7
120
354
471
347
111
-35
-27
1
-46
-89
-72
-66
-133
-187
-124
-54
-151
-321
-306
-37
264
372
250
10
-194
-241
-78
193
334
165
-219
-495
-410
-20
373
497
300
-46
-313
-383
-288
-110
77
224
286
201
8
-153
-177
-126
-146
-228
-207
-59
10
-127
-307
-320
-198
-138
-205
-240
-109
125
296
325
285
258
252
234
197
165
146
154
200
270
361
465
522
400
94
-160
-80
324
687
669
297
-137
-445
-654
-768
-666
-359
-166
-336
-665
-745
-465
-95
68
-37
-249
-361
-317
-202
-121
-69
-3
65
128
189
182
11
-281
-444
-309
15
300
404
332
218
213
321
376
259
103
98
181
98
-207
-406
-165
368
677
437
-123
-465
-336
50
345
421
342
192
22
-90
-82
-5
29
0
32
200
370
352
132
-138
-345
-480
-536
-478
-305
-91
63
135
178
197
140
-46
-315
-492
-391
-21
332
363
98
-158
-244
-266
-281
-167
58
127
-67
-239
-82
294
494
295
-137
-426
-326
102
531
655
436
111
4
189
386
328
115
13
60
104
102
149
203
81
-196
-351
-223
21
74
-165
-503
-683
-594
-340
-70
120
188
104
-118
-359
-457
-329
-55
157
175
97
106
182
113
-125
-243
-67
180
179
-66
-270
-247
-57
124
204
183
49
-188
-419
-435
-145
236
416
348
179
-2
-164
-214
-31
285
448
331
111
63
290
662
938
905
479
-126
-512
-466
-139
109
69
-160
-344
-384
-374
-435
-492
-396
-202
-77
5
168
325
253
-39
-295
-394
-446
-504
-444
-202
68
173
116
28
0
66
207
323
288
147
111
271
441
410
302
376
530
413
14
-283
-274
-86
133
285
263
45
-219
-324
-200
33
182
135
-85
-331
-403
-242
12
186
168
-53
-307
-415
-413
-458
-516
-431
-215
-29
63
142
180
59
-93
-20
264
465
385
84
-206
-275
-113
94
162
67
-42
8
132
99
-78
-128
39
204
247
246
273
324
287
137
2
-161
-403
-366
194
748
685
333
125
-313
-862
-709
91
523
245
82
341
225
-437
-751
-307
63
-292
-551
-21
311
-227
-749
-721
-466
-397
-309
-73
-207
-419
-271
58
329
160
-47
86
48
-211
-483
-360
106
181
-28
-364
-687
-511
12
619
961
913
865
749
629
748
872
956
1165
1706
2227
1874
980
594
963
1456
1419
1061
821
672
546
279
-103
-401
-676
-936
-1080
-1151
-1424
-2059
-2655
-2799
-2652
-2595
-2703
-2693
-2459
-2327
-2641
-3111
-3114
-2619
-1765
-740
-331
-872
-1354
-650
454
450
78
747
2067
3026
3225
2975
2575
2314
2874
4030
4592
4157
3617
3915
4437
4058
3086
2441
2352
2146
1479
940
640
139
-584
-985
-900
-1207
-2278
-3305
-3530
-3215
-3344
-3889
-4040
-3540
-3053
-3276
-3888
-4251
-4106
-3492
-2854
-2538
-2471
-2771
-2866
-2256
-1430
35
400
-1204
-1097
1402
2908
2008
1094
2594
4523
4467
3929
3802
3269
3364
4679
6001
5870
3510
2628
4455
5176
4211
2883
2132
2218
1772
1008
559
-123
-769
-1287
-1504
-1240
-1828
-3438
-4353
-4172
-3626
-3936
-5001
-5344
-4611
-4333
-4590
-4575
-4586
-4370
-4315
-4155
-3506
-3319
-3335
-3489
-3099
-2025
-1232
-85
88
-745
134
2852
4043
2819
2485
4362
6131
5921
5432
5799
5683
5365
5551
5954
5923
4443
4478
5994
5460
3727
2558
2493
2295
1520
943
635
-143
-1418
-2637
-3222
-2496
-2196
-3792
-5261
-5409
-4783
-4695
-5813
-6095
-5141
-4657
-5022
-4851
-4486
-4395
-4532
-4617
-3770
-3198
-3270
-3189
-2885
-2153
-1363
-1011
438
1580
744
850
3044
4691
4187
3350
4444
6189
6377
5928
5724
5094
4618
5515
6489
6528
4948
4279
5645
5408
4316
3759
3453
2358
873
769
904
-103
-1581
-2282
-2471
-2862
-3707
-5106
-5759
-5630
-5369
-5516
-6894
-7262
-6115
-5377
-5904
-6594
-6140
-5535
-5235
-5355
-4781
-3786
-3647
-3301
-2733
-2209
-1318
-1078
-374
1829
2876
2691
3334
4963
5391
4640
4876
6677
7657
6825
6547
6678
6204
6107
6519
7137
6754
4849
4698
5431
5149
4495
3831
2825
1060
86
217
166
-1194
-2490
-2722
-2843
-3349
-4954
-6677
-7087
-6571
-5604
-5706
-6832
-7107
-6528
-6177
-6307
-5934
-5583
-5288
-5418
-5629
-4602
-4001
-3520
-3183
-3144
-2037
-1033
-755
118
1960
2762
2331
3119
5362
6465
5340
4726
6085
7126
7063
6917
7106
6817
6172
6501
7134
6823
5476
5465
6354
5736
4479
3401
2258
1056
514
603
-23
-1602
-2689
-3067
-3500
-4273
-5334
-6261
-6674
-6816
-6850
-7082
-7478
-6961
-5950
-5969
-7032
-7445
-6495
-5175
-4712
-4771
-4323
-3912
-3536
-3030
-2223
-1044
-500
-517
-47
1867
3516
3093
2536
3909
6047
6414
5607
5711
6357
6560
6551
6790
6935
6393
6335
6839
7038
6010
4781
4811
5286
5589
4194
2449
1282
1161
1698
655
-719
-1737
-2677
-3638
-4258
-4290
-5074
-6231
-6786
-6524
-6554
-7637
-7408
-6915
-6724
-7140
-7805
-6651
-6057
-5565
-5304
-4997
-3908
-3849
-3715
-3533
-2544
-1001
-481
-84
885
2796
3632
3166
3997
5939
7052
6057
5097
5937
7135
7718
7792
7757
6658
5684
6189
7173
7202
5339
4080
4721
5836
5482
3706
2197
1164
464
-409
-1205
-1728
-2341
-2818
-3679
-4740
-5636
-6366
-6609
-6469
-6369
-7165
-7511
-7315
-7054
-6661
-7526
-7193
-6098
-5529
-4820
-5135
-4501
-3813
-3973
-3354
-2551
-1322
-489
-296
334
1658
2986
3231
3196
3898
5553
6526
6053
5739
6254
7284
7785
7702
7069
5887
5823
7056
8120
7598
5527
4586
5355
5835
5052
3557
2451
1379
313
-180
-553
-1363
-2475
-3413
-4535
-5661
-5838
-5753
-6172
-6642
-7197
-7525
-7641
-7940
-7806
-7716
-7861
-7296
-6628
-6052
-5560
-5355
-4396
-3708
-3608
-3001
-2349
-1254
-276
200
884
1737
2622
3072
3222
4029
5683
6477
6195
6400
6945
7248
7237
7203
7233
6683
6421
7159
7776
6986
5467
5321
5822
5566
4522
3533
3079
2137
987
212
-661
-1280
-2007
-3205
-4037
-4612
-5254
-6232
-7221
-7669
-7572
-7657
-7948
-7855
-8187
-8511
-8337
-7730
-6883
-6520
-6021
-5227
-4710
-4528
-4176
-3572
-2814
-1740
-971
-276
491
1399
2936
3951
4177
4635
5485
6362
6741
6891
7328
7659
7428
7330
7563
7287
6982
7202
7474
7042
6014
5909
6403
5982
5143
4276
3112
2029
1094
318
-257
-997
-1836
-3140
-4730
-5234
-5445
-6399
-7262
-7490
-7054
-7123
-8127
-8504
-8227
-8412
-8580
-7962
-7117
-6945
-7198
-6416
-4979
-4563
-4757
-4484
-3552
-2116
-633
270
520
818
2144
3911
4583
4655
5359
6612
7354
7383
7413
7583
7832
8252
8873
8726
7430
6866
7491
7663
7008
6552
6651
6286
5036
4117
3635
2599
1200
-200
-1119
-1661
-2257
-3131
-4545
-5634
-6277
-6642
-7391
-8713
-8878
-8425
-8246
-8620
-9218
-9068
-8764
-8308
-8031
-7877
-7223
-6000
-4685
-4301
-4026
-3517
-2854
-2076
-1376
84
1389
1957
2578
3633
4469
4645
5372
6634
7597
7861
7795
8120
8367
8428
8563
8469
7924
7327
7458
8137
8257
7206
6197
5862
5344
4768
3774
2603
1588
275
-450
-666
-1315
-2914
-4958
-5825
-5810
-6407
-7763
-8858
-9107
-9110
-9155
-9435
-9582
-9395
-9131
-8517
-8379
-8280
-7509
-6566
-5927
-5725
-4931
-3958
-3223
-2211
-904
377
557
761
2002
3491
4946
5700
6052
6702
7704
8349
8444
8523
8173
8030
8664
9503
9390
7963
6979
6985
7184
7145
6545
5816
5168
4565
4161
3690
2768
1136
-461
-1374
-2117
-3340
-4826
-5586
-5635
-6202
-7696
-8918
-9163
-8844
-8652
-9139
-9629
-9690
-9234
-8291
-7960
-7752
-7499
-7222
-6329
-5589
-4675
-3991
-3391
-2158
-1015
130
995
1528
2188
2745
4051
5791
6490
6749
7227
8021
8326
8168
8139
8394
9081
9104
8370
7716
7289
6975
6512
6490
6625
5992
5066
4251
4089
3284
2156
1333
-184
-1479
-2448
-2706
-3264
-5060
-6201
-6324
-6657
-7933
-9042
-9192
-8858
-8406
-8450
-8364
-8642
-8650
-7908
-7979
-7613
-6799
-5603
-4782
-5137
-4331
-3010
-2233
-1694
-1024
13
586
915
1738
3731
5419
5816
6012
6037
6727
7909
8504
8494
8292
8696
9157
8817
7659
6882
6944
6925
6878
6550
6239
5894
4807
4229
4102
3054
1901
1108
249
-797
-2169
-3598
-4998
-6402
-6935
-6528
-6666
-7577
-8521
-8863
-8318
-8194
-8755
-8887
-8948
-8390
-7591
-7551
-7189
-6619
-5817
-5184
-4970
-4140
-3057
-1931
-1110
-552
268
1306
2595
3635
4506
5200
5526
5811
6267
7092
7815
7967
7724
7671
7932
8063
7899
7233
6331
5904
6129
6753
7025
6110
4972
4251
4043
4172
3362
2223
584
-978
-1256
-1501
-2673
-4796
-5798
-5494
-5371
-5918
-7203
-8025
-8728
-8818
-8545
-8816
-8775
-8952
-8320
-7952
-8374
-7989
-7353
-5869
-5147
-4823
-3638
-2639
-1479
-1072
-725
320
1463
2249
2800
4211
5633
6230
5998
6416
8098
8987
8801
8162
7930
8216
8672
9158
8502
7123
6154
6061
6293
6016
5459
4817
4314
3892
3417
2383
545
-1012
-1533
-1260
-1657
-3253
-4754
-5942
-6771
-7254
-7700
-7969
-8320
-8202
-8140
-8786
-9213
-9381
-8669
-7676
-7315
-7018
-6599
-5638
-4986
-4658
-3863
-3067
-2257
-1651
-1219
-323
1051
1902
2158
2858
3924
5045
5575
5994
7038
7696
8004
8168
8269
8395
8257
8264
7948
7149
6611
6713
7050
6738
6021
4985
4167
4049
3850
3576
2979
1945
337
-1455
-2203
-2760
-3762
-5256
-6302
-6125
-6455
-7422
-8356
-8652
-8495
-8774
-8948
-9021
-8886
-8456
-7810
-7427
-7532
-7108
-6119
-4839
-4197
-4114
-3372
-2321
-1269
-558
233
1462
2275
2955
3770
4841
5861
6059
6434
7253
7974
8540
8532
8419
8244
8015
7982
7331
6446
5950
6133
6739
6461
5552
4835
4444
3854
3181
2978
2356
1052
-627
-1811
-2210
-3177
-4494
-5426
-5672
-5610
-6300
-7350
-8114
-8616
-8913
-8753
-8535
-8644
-8571
-8400
-7988
-7444
-7023
-6162
-5136
-4711
-4784
-4319
-3079
-1730
-777
-155
749
1740
2418
2934
3863
5130
5770
5855
6287
7391
8121
8227
8207
7876
7915
7996
7574
7134
6616
6369
6473
6495
6164
5328
4554
4237
3734
2928
2169
1347
541
-566
-1615
-2257
-3314
-4959
-6394
-6598
-6370
-6902
-7757
-8273
-8237
-8195
-8249
-8290
-8299
-8104
-7917
-7491
-7114
-6777
-6100
-5206
-4114
-3437
-2743
-1832
-1128
-507
-88
666
1841
2994
3594
4113
4991
5471
6187
6977
7621
7875
7571
7716
7819
8130
8282
7649
6707
6012
6370
6527
6056
5345
4726
4424
3600
2952
2859
2455
784
-949
-1635
-2367
-3154
-4362
-5145
-5569
-6368
-6635
-7397
-7990
-8070
-8059
-7644
-7993
-8612
-8651
-7961
-7328
-7071
-6525
-5797
-4955
-4749
-4381
-3295
-2207
-1113
-444
183
613
1222
1994
2597
4294
5560
5782
5964
6349
7375
7825
7775
7675
7286
7440
7629
7359
6858
6146
5671
5764
5843
5227
4692
4456
3914
3279
2773
2043
642
-825
-1642
-1973
-2606
-3924
-5237
-5828
-5817
-6126
-6925
-7683
-7968
-7900
-7836
-7866
-8051
-7762
-7204
-6803
-6667
-6780
-6021
-4836
-4185
-3812
-3241
-2336
-1452
-523
385
1161
1576
1718
2470
4170
5938
6346
6037
6366
6950
7150
7221
7432
7458
7321
7113
6877
6261
5434
5109
5243
5661
5358
4601
4288
3824
3156
2217
1349
503
-567
-1258
-1584
-2086
-3570
-5185
-5666
-5370
-5545
-6653
-7389
-7552
-7386
-7205
-7309
-7367
-7673
-7621
-7641
-7954
-7476
-6305
-4732
-3905
-3639
-3099
-2639
-2108
-1635
-672
897
2070
2505
3055
4287
5001
5141
5541
6435
7388
7346
7039
7352
8038
8338
7689
7026
6473
5988
6297
6577
6053
5073
4367
4231
3990
3319
2057
802
51
-688
-1070
-1675
-3144
-4931
-6034
-5811
-5574
-5887
-6672
-7503
-7558
-7508
-7599
-7941
-8318
-8019
-7158
-6357
-6413
-6584
-5767
-4470
-3870
-3797
-3190
-2073
-845
-254
-62
793
1904
2688
3490
4689
5120
4884
5546
6420
6993
7116
6997
7084
6945
7028
7034
6608
5932
5390
5729
6128
5714
4900
4534
4198
3536
3311
3095
2246
677
-593
-1121
-1772
-3004
-4697
-5145
-4830
-5221
-6047
-6991
-7494
-8063
-8156
-8140
-8557
-8335
-7978
-7295
-6946
-7126
-7009
-6302
-4967
-4468
-4242
-3654
-2631
-1184
-337
423
1269
2178
3078
4251
5499
5704
5741
6463
7806
8567
8289
7808
7453
7618
7689
7263
6506
6220
6349
5892
5423
4958
4387
3833
3274
2922
2745
2019
326
-703
-1031
-1748
-3183
-4726
-5105
-5161
-5398
-5942
-6756
-7396
-7988
-7872
-7484
-7267
-7553
-7636
-6764
-6863
-7256
-6969
-5819
-4305
-4130
-4107
-3365
-2042
-1110
-1047
-380
723
1434
1790
3234
5045
5213
4971
5402
6494
7030
6653
6772
7350
7575
7600
8018
7632
6272
5583
5750
6060
5791
5664
5731
4968
3764
2913
2414
1289
87
-412
-484
-1304
-3623
-5148
-5226
-5225
-6061
-7532
-8407
-8414
-7827
-7949
-8659
-9080
-9003
-7930
-7361
-7316
-7154
-6763
-5584
-4998
-4566
-3489
-2518
-1718
-1206
-610
481
1867
2805
3891
5310
5613
5643
6134
7012
8004
8035
7936
8279
8315
8050
7725
7089
6031
5626
5917
5968
5329
4348
4199
4199
3726
3242
2774
1673
-11
-969
-1108
-1352
-3129
-4906
-5130
-5348
-5823
-6724
-7371
-7740
-7921
-7419
-7715
-8499
-9215
-8468
-7077
-7140
-6996
-6624
-5586
-5009
-5510
-4857
-3639
-2054
-1018
-667
-59
480
1320
2600
4644
5742
5554
5950
6950
7967
8488
8732
8943
8547
7870
7968
8218
7566
6579
6066
6254
6249
5458
5123
5128
4586
3712
3243
2163
234
-1132
-1528
-1686
-3177
-5083
-6123
-6337
-6512
-7628
-8735
-9076
-8942
-8608
-8498
-8907
-9399
-8599
-7529
-7388
-7371
-7043
-6064
-5310
-5136
-4438
-3144
-1765
-868
-284
508
1420
2585
3736
5032
5707
5760
6382
7348
8342
8652
8392
8379
8001
7504
7487
7674
7622
6776
6254
6007
5809
5540
4899
4671
4283
3524
3194
2526
893
-439
-983
-1164
-2719
-4876
-5535
-5441
-5584
-6619
-7811
-8564
-9083
-8790
-8625
-8567
-8725
-8694
-7465
-7618
-8309
-8388
-7468
-5762
-5528
-5046
-3960
-3051
-2019
-1331
-126
1250
2054
2282
3360
5128
5932
6696
7921
9026
9166
8925
9185
9297
8813
8373
8312
7930
7504
7476
7024
6553
5926
5253
5191
4956
4057
3347
2719
875
-963
-1998
-2045
-2574
-4201
-5519
-6613
-7104
-8109
-9356
-9480
-9091
-8207
-8253
-9019
-9505
-9454
-8092
-7533
-7613
-7552
-7167
-5919
-5357
-4853
-3951
-3252
-2430
-1392
53
1284
1994
2790
4286
5640
5970
6456
7849
9099
9152
8827
9146
9298
8576
8109
8350
7817
6817
6693
6979
7188
6569
5533
5199
4961
4207
3659
3224
1663
-262
-957
-933
-2237
-4843
-6408
-6379
-6297
-7398
-8808
-9238
-9074
-8964
-9393
-9240
-9354
-10178
-9414
-8608
-8492
-8379
-7832
-6401
-5832
-5431
-4309
-3371
-2330
-1469
-381
891
1849
2790
4590
6411
6820
7493
8343
8910
9223
9277
9958
9847
8819
8558
8970
8822
7801
7595
7518
6616
5884
5678
6075
5651
4565
3821
2679
583
-1378
-1850
-1695
-2401
-4624
-6673
-6747
-6360
-6961
-8422
-9561
-9505
-9259
-9146
-9253
-9518
-9479
-9133
-8659
-8423
-8436
-8042
-6795
-5811
-5307
-4423
-3217
-2069
-1269
-698
267
1712
3255
4840
5591
5519
6218
7539
8510
8961
9102
9387
9480
9124
8963
9282
8959
7768
7398
7548
7359
7342
7186
6635
5523
4169
4009
3612
1546
-598
-1762
-1843
-2718
-4392
-5331
-6068
-6585
-7685
-8782
-9232
-9718
-9562
-9688
-10171
-10915
-11079
-9712
-9293
-9358
-9006
-8372
-7224
-6789
-5948
-4122
-2738
-1977
-1445
-509
1038
2469
3485
4762
6037
6646
7369
8504
9311
9917
10161
10022
10076
9816
9811
9918
8937
8031
8051
8103
7577
7144
6743
6081
5211
3912
3734
3536
1397
-1003
-2264
-2119
-3038
-5267
-6473
-6971
-7220
-8284
-9359
-9539
-9629
-9676
-10160
-10306
-10725
-11015
-9880
-9219
-8794
-8664
-8374
-6811
-5788
-5211
-4506
-3873
-2899
-1640
-599
327
1734
3328
4957
6007
6478
7446
8676
9434
9744
10208
10659
10645
9918
9391
9454
8750
8316
8637
8363
7425
6753
6764
6799
6309
4867
4060
3508
1397
-628
-1702
-1931
-3138
-5273
-6387
-6946
-7175
-8587
-10009
-10096
-9890
-9643
-10527
-10905
-10957
-10730
-9388
-9554
-9797
-9456
-8559
-7186
-6978
-6055
-4457
-2855
-1782
-1430
-447
634
2093
3649
5259
6620
7049
8024
8782
8794
9187
10210
11108
10968
10326
9890
9664
8991
8561
9001
9007
8239
7386
7012
6911
5944
4265
3716
2821
640
-668
-1411
-1978
-3608
-5812
-6804
-7087
-7120
-8418
-9362
-9642
-10260
-10318
-10624
-10416
-11081
-11316
-9968
-9808
-9526
-9513
-8804
-7296
-6805
-5914
-4786
-3295
-2292
-1635
-420
662
1964
3223
4783
5806
6412
7910
9096
9626
9538
9693
10590
10910
10475
10055
9950
9445
9046
9178
8683
8064
7700
7224
7078
6194
4606
4066
3320
1556
-243
-1289
-1792
-3484
-5714
-6966
-6806
-6807
-8401
-9778
-10381
-10236
-10222
-11029
-11523
-11773
-11130
-10168
-10033
-10039
-9904
-8850
-7369
-6735
-6157
-4804
-3476
-2698
-1687
-281
925
2193
4121
5537
5891
6450
7630
8924
9672
10132
10503
10875
11070
10697
10852
10940
10334
9931
9665
9007
8006
7801
7647
6927
5809
4753
4468
2872
350
-1623
-2327
-2467
-4040
-5449
-6472
-6874
-7441
-9146
-10073
-10840
-10800
-10650
-11081
-11190
-11658
-10805
-10064
-10494
-10387
-9825
-8280
-7073
-6639
-6014
-4969
-3591
-2793
-1654
-144
1252
2988
4418
5177
5369
6324
8350
9443
9612
9927
10601
10914
10351
10122
10325
10289
9801
9449
9518
8715
8271
8493
8365
7775
5843
4723
4204
2481
553
-840
-1002
-2070
-4257
-5979
-6847
-6579
-7684
-9361
-10334
-10845
-10414
-10629
-10883
-11270
-11767
-11406
-11163
-10540
-10007
-9654
-8643
-7714
-6850
-5888
-4934
-3978
-2821
-1290
-155
992
2968
4478
5145
6181
7774
8817
8998
9534
10334
11093
11310
10921
11026
10672
10146
10131
10448
10111
8727
8899
9036
8184
6920
5144
4809
3770
1976
454
-710
-1225
-3594
-5571
-6266
-6562
-7112
-9289
-10033
-10094
-10263
-10681
-11949
-11581
-11559
-11551
-10966
-10899
-10262
-10115
-9277
-7965
-7170
-6435
-5771
-4373
-3442
-2620
-1344
204
2263
3392
3935
4849
6749
8507
8896
9113
9497
10651
11488
11295
11138
10619
10375
10532
10640
10374
9235
8781
8875
8234
7431
6121
5113
4571
3201
1570
7
-950
-2006
-4000
-5824
-6837
-6867
-7809
-9619
-10488
-10836
-10619
-11143
-11793
-11909
-12130
-11512
-11026
-10410
-9980
-9865
-8617
-7318
-6816
-6699
-5587
-3707
-2391
-1167
-340
1108
3239
4356
4804
5408
7129
8639
9422
10041
10385
11177
11295
10877
10790
10623
10727
10503
10334
9838
8726
8604
8321
7864
6817
5379
4940
3935
2351
501
-664
-1080
-2709
-4698
-6167
-6491
-7044
-8972
-9901
-10133
-10021
-10617
-12192
-12299
-11791
-10937
-10105
-10020
-9829
-9886
-9387
-8297
-7441
-6611
-5791
-4429
-3057
-2189
-1586
-485
1366
2495
3099
4414
6791
8383
8351
8541
9436
10477
10360
9897
10316
10390
10578
10801
10636
10207
9306
9595
9788
8610
7441
6205
5944
5316
3160
1611
630
-193
-1886
-4087
-5292
-5830
-5944
-7522
-9517
-10287
-10730
-10869
-11671
-11861
-11432
-11299
-10794
-10872
-10610
-10328
-10262
-8944
-7432
-6503
-6253
-5484
-3802
-2362
-1384
-756
866
2533
3197
4385
6196
7686
7771
7623
8729
10216
10917
10562
10566
10496
9888
10224
10634
10414
9260
8404
9147
8761
7535
6292
5741
6097
4305
2307
1192
106
-1408
-3730
-4504
-4936
-5472
-6651
-8626
-9259
-10382
-10708
-10331
-10399
-10078
-10728
-10536
-10332
-10661
-10232
-9802
-8566
-7502
-6774
-6369
-6170
-5122
-3990
-2835
-2037
-516
1633
2443
2924
4150
6128
7168
7050
7578
8989
10342
10183
9961
10530
10372
10106
9892
9864
9800
9369
9745
9585
8427
7069
6137
6419
5554
3165
1140
435
296
-1425
-3445
-4962
-5818
-6295
-7817
-8623
-9107
-9843
-10436
-11282
-11152
-11039
-10907
-10399
-10425
-10376
-10429
-9908
-8558
-7227
-6435
-6174
-5280
-3692
-2335
-1595
-327
1417
2179
2658
4054
6481
7901
7551
7416
8285
9679
10066
9939
10262
9838
9445
9438
9399
9302
8657
8913
9340
8617
7422
6075
5849
5079
3015
1557
1079
1098
-689
-3063
-4417
-5003
-5179
-6907
-7926
-8245
-9044
-9346
-10234
-10346
-10672
-11279
-10557
-9988
-9625
-9936
-9904
-8781
-7667
-6983
-6747
-5797
-4471
-3143
-2260
-1417
396
1448
1910
2980
4956
6786
7026
7240
7864
8612
9046
9007
9701
9724
9718
10259
10057
9771
8668
8699
9643
9156
8543
7192
6630
6137
4121
2487
1173
1117
126
-2249
-3818
-4710
-4562
-6155
-8197
-8980
-9756
-9536
-9983
-10348
-10409
-10966
-10667
-10395
-10127
-10239
-10243
-9195
-7878
-6758
-6318
-5582
-4704
-3741
-2717
-1593
751
2106
2304
2899
4368
6248
6750
7213
7939
8608
9041
8735
9461
9584
8951
9413
9592
9483
8659
8448
9612
9169
7762
6325
5886
6210
4630
2806
1584
843
35
-1697
-2834
-4039
-4804
-5758
-7447
-7863
-8721
-9027
-8893
-9643
-9736
-10212
-10036
-9361
-9178
-9216
-9664
-9038
-7943
-7075
-6767
-6437
-5422
-4583
-3420
-2305
-560
1037
1249
1978
3796
5804
6149
6133
7035
7943
8907
8754
8883
9226
8560
8734
9096
9514
9596
9088
9388
8937
8017
7423
6829
6383
4889
3300
2043
1183
560
-1212
-2575
-3642
-4411
-4919
-6551
-7429
-8174
-8813
-8859
-9612
-9987
-10355
-10275
-9826
-9718
-9221
-9016
-8583
-8039
-7579
-6822
-6268
-5455
-4426
-3252
-2316
-1142
551
1461
2190
3511
5244
6144
6352
7024
7404
7913
8347
8796
9596
8961
8155
8270
8508
8676
8213
8441
8778
8194
7534
6586
6178
5155
3453
2369
1471
1147
-355
-2068
-3144
-4325
-4586
-5570
-6298
-7127
-8391
-8335
-8859
-9168
-9537
-9854
-9141
-9251
-9249
-9220
-8871
-7880
-7429
-6935
-6571
-5790
-4647
-3962
-3419
-2291
-276
1107
1663
2535
4231
5559
5462
5663
6837
8353
9021
8751
8907
8661
8442
8826
9068
8886
8090
8479
9464
9287
8069
6429
6004
5628
4279
2939
1799
1181
-176
-1998
-3223
-4033
-4460
-6067
-7604
-8288
-8753
-8497
-8897
-9319
-9645
-10084
-9693
-9305
-8799
-8397
-8203
-7778
-7291
-6699
-6145
-5422
-4419
-3239
-2355
-1290
255
1090
1623
2633
4301
5667
5835
6042
6998
8330
8810
8248
7942
7732
7849
8504
8664
8302
7560
7512
8199
8192
7601
6337
5656
5306
3818
2480
1554
1107
32
-1757
-2836
-3645
-3887
-5362
-7126
-7581
-8270
-8104
-8221
-8623
-8719
-9127
-8863
-8948
-8830
-8491
-8267
-7510
-7092
-6590
-6023
-5446
-4852
-3999
-2856
-1724
140
1298
1632
2414
3838
5131
5245
5573
6555
8164
9211
8477
8057
8051
8157
8497
8685
8862
8112
7746
8176
8025
7811
6866
6052
5401
3659
2158
1337
1204
-3
-2046
-3262
-4252
-4444
-5719
-7468
-8031
-8338
-8039
-8728
-9175
-8822
-8911
-8689
-8878
-8677
-8288
-8066
-7432
-6764
-6075
-5721
-5206
-4600
-3664
-2450
-1528
-27
1270
1600
2112
3814
5677
6091
5903
6419
7457
8209
8023
7772
7879
7289
7135
8013
8625
7969
6834
7451
8203
7747
6498
5150
5164
4574
3178
2133
1314
312
-1667
-2882
-3524
-4083
-4808
-6257
-6699
-7253
-7794
-7997
-8491
-8446
-8967
-9102
-8788
-8359
-7744
-8119
-7946
-7113
-5992
-5229
-5410
-5153
-4286
-2875
-1711
-432
1009
1319
1609
2941
4719
5295
5042
5558
6916
8359
8363
7876
7831
7526
7765
8291
8616
8061
7164
7862
8316
7990
7189
5754
5082
4186
3183
2264
1283
380
-1397
-2606
-3582
-4314
-4691
-6222
-7188
-7835
-8204
-8286
-8660
-8221
-8513
-9083
-9169
-8801
-7861
-7506
-6995
-6456
-5885
-5558
-5489
-4720
-3873
-2697
-1698
-747
596
1165
1381
2471
4585
5870
5660
5386
6050
7496
8053
7873
7781
7333
7039
7424
8031
7758
6684
6679
7579
7680
6821
5449
4852
4845
3947
2776
1775
735
-653
-1886
-2473
-3163
-3968
-5527
-6801
-6827
-6860
-7102
-8066
-8720
-8808
-8883
-8324
-8015
-7746
-7759
-7901
-7264
-6447
-5546
-5114
-4844
-4311
-3498
-2410
-1501
-80
1214
1625
2097
3385
4849
5386
5620
6163
7369
8393
8211
8065
7664
7005
7153
7830
8293
7659
7288
7701
7484
6737
5620
4902
4725
3929
2729
1735
788
-669
-2185
-3170
-3864
-4085
-4793
-6298
-7385
-7960
-7990
-8004
-8115
-7943
-8128
-8575
-8941
-8589
-7847
-7493
-6721
-5917
-5662
-5583
-5086
-4174
-3228
-1935
-1110
-173
1488
2162
2296
3418
5144
5731
5322
5515
6575
8070
8378
7538
6970
6347
6436
7395
8063
7619
6469
6920
7692
6964
5881
5075
5144
4716
3131
1688
545
-184
-1231
-2322
-2973
-3534
-4253
-5897
-6894
-7064
-7200
-7240
-8229
-8726
-8667
-8532
-7959
-7899
-7766
-7816
-7774
-7176
-6530
-5648
-4846
-3889
-3125
-2378
-1691
-1199
241
1515
2157
3015
4615
6314
6523
6174
6388
7462
8107
7455
7283
7187
7176
7933
8578
8335
6616
5887
6844
7184
6771
5502
4768
4552
3164
1637
298
-401
-833
-1750
-2817
-4300
-4998
-5738
-6865
-7504
-8108
-7747
-7855
-8265
-8268
-8741
-8545
-8311
-7776
-7198
-7283
-6947
-6204
-4979
-4517
-4561
-3902
-2702
-1227
-695
144
1569
2283
2759
3449
4965
5945
6000
6212
6848
7904
7947
7793
7751
7168
7322
7561
7570
6738
5748
6712
7699
7513
6160
4583
4340
3861
2581
1093
57
-296
-1116
-2217
-3330
-4218
-5070
-6479
-7378
-7706
-7730
-7670
-8096
-8362
-8517
-8485
-8071
-7999
-8123
-7898
-7190
-6311
-5602
-5128
-4735
-4085
-3211
-2178
-1429
-647
829
1926
2251
2687
4304
6341
6824
6308
6294
7488
8442
8083
7780
7413
7170
7340
7551
7831
7192
6779
7145
7022
6418
5014
4228
4170
3320
2182
646
-540
-1335
-2267
-2995
-4183
-5093
-6050
-7007
-7311
-7831
-7691
-7661
-7858
-7946
-8785
-9064
-8832
-8094
-7385
-7284
-6695
-5967
-5205
-4843
-4345
-3276
-2305
-1247
-800
174
1686
2391
2738
3575
5574
6635
6239
5844
6497
7952
8031
7758
7601
7448
8008
7842
7480
6730
6110
6862
7037
6665
5666
4535
4484
3636
2047
531
-425
-468
-1359
-2708
-3841
-4697
-5201
-6485
-7381
-7490
-7630
-7856
-8432
-8386
-8180
-8449
-8429
-8200
-7522
-6939
-6873
-6426
-5693
-5212
-4646
-3646
-2787
-2117
-1475
-527
1226
2624
2982
3170
4424
6022
6430
6454
6936
8044
8630
8158
7669
7114
7321
7784
7733
7565
6714
6763
7326
6867
5998
4783
4169
3689
2911
2087
726
-238
-1384
-2841
-4042
-5119
-5292
-5781
-6764
-7360
-7884
-8032
-8429
-8728
-8519
-8560
-8434
-7938
-7251
-6972
-7219
-7024
-6007
-4802
-4398
-4233
-3291
-1823
-892
-806
-207
1192
2402
3011
3899
5578
6539
6425
6281
6939
7948
7945
7736
7800
7673
7725
7939
8243
7478
6273
6487
6901
6718
5674
4599
4496
3537
1731
71
-688
-820
-1967
-3331
-4471
-5063
-5392
-6642
-7694
-8253
-8289
-8299
-8765
-8593
-8496
-8634
-8520
-8125
-7309
-6818
-6639
-6266
-5322
-4376
-4118
-3780
-2946
-1643
-464
424
1701
2676
2896
3350
4814
6496
7124
6970
7000
7728
8285
8144
8253
8214
7651
7301
7538
7771
7208
7028
7255
6815
6021
4852
4181
3709
2229
580
-500
-693
-1231
-2680
-3962
-5100
-5723
-6499
-7627
-8201
-8475
-8407
-8907
-9295
-8702
-8439
-8350
-8518
-8397
-7527
-6685
-6082
-5872
-5180
-4165
-3371
-2627
-2012
-1211
-496
647
1936
2634
3405
4725
6388
7025
6861
6796
7407
8642
8942
8803
8193
7292
7151
7291
7807
7466
6751
6809
6644
6274
5054
4175
4005
2906
1409
-157
-607
-731
-2085
-3410
-4544
-5107
-5930
-7502
-8319
-8706
-8509
-8168
-8408
-8795
-9347
-9210
-8331
-7547
-7365
-7507
-6952
-5938
-4921
-4249
-3767
-3049
-2292
-1333
-582
500
2333
3335
3239
3513
5263
6719
6570
6453
7281
8778
9130
8211
7578
7113
7303
8044
8632
8162
6706
6476
6917
6479
5370
4282
4052
3663
2262
767
-338
-1033
-1996
-3457
-4625
-5488
-6029
-6678
-7582
-7899
-8010
-8202
-8807
-9266
-8928
-9020
-9041
-8540
-7785
-6926
-6724
-6489
-5758
-4852
-4014
-3309
-2509
-1544
-560
15
868
2089
3075
3885
4925
6561
7382
7137
6997
7633
8647
8755
8579
8102
7569
7686
7796
8020
7359
6339
6334
6472
6354
5474
4358
3751
2745
1440
288
-553
-1454
-3084
-4485
-5008
-5257
-6114
-7724
-8594
-8701
-8733
-8876
-9297
-9184
-9116
-8950
-8322
-8119
-7849
-7355
-6450
-5424
-4686
-3988
-3656
-3255
-2548
-1446
-260
935
2486
3290
3406
3821
5161
6825
7521
7576
7760
8539
8952
8634
8322
7910
7840
8004
8107
7548
6424
6421
6760
6336
5508
4464
3790
3128
2013
629
-502
-1013
-2136
-3801
-4822
-5219
-5596
-6883
-8340
-9025
-8980
-8674
-9005
-9165
-9077
-9130
-8937
-8530
-7766
-7072
-6514
-6177
-5530
-4419
-3671
-3053
-2755
-1976
-766
550
2420
3358
3664
4008
5152
6787
7014
6897
7186
8427
9555
9032
8389
7614
7262
7578
7707
7712
6942
6520
6812
6632
5898
4736
3795
3321
2432
1131
165
-565
-1415
-3092
-4877
-5658
-5966
-6280
-7370
-8371
-8718
-9004
-9008
-9203
-9158
-8853
-8401
-7711
-7658
-7602
-7197
-6733
-6065
-5514
-4822
-3517
-2120
-1396
-1178
-708
570
2016
2972
3601
4482
6152
7307
7287
7065
7724
9012
9098
8418
7709
7323
7738
7906
7949
7654
7143
7187
7042
6578
5555
4571
4194
3210
1678
470
-255
-1020
-2506
-4207
-5333
-5687
-5964
-7283
-8594
-8974
-9021
-8902
-9149
-9224
-8932
-9005
-8930
-8494
-7691
-7203
-7157
-6436
-5246
-4380
-4032
-3603
-2650
-1287
-221
569
2111
3365
3373
3392
4904
7217
8290
8048
7800
8621
9391
8879
8203
7764
7684
8040
8319
8074
6971
6428
6869
6802
6024
4961
4334
3927
2436
598
-386
-801
-1718
-3504
-4909
-5591
-6125
-6937
-8129
-8586
-8345
-8383
-9021
-9745
-9538
-9070
-8986
-8851
-8367
-7534
-7151
-7087
-6347
-5327
-4601
-3951
-3162
-1974
-988
-455
687
2221
3231
3754
4773
6352
7255
7515
7729
8388
9233
9330
8874
8262
7944
8221
8487
8227
7320
6772
7232
7287
6482
5451
4362
3697
2981
1816
597
-373
-900
-1982
-3578
-5060
-6112
-6603
-7460
-8133
-8389
-8636
-8993
-9629
-9601
-9353
-9329
-9021
-8428
-7804
-7512
-7087
-6320
-5483
-4882
-4372
-3464
-2181
-984
-554
-69
1416
2998
3787
4526
5854
6746
7084
7411
7951
8895
9362
9131
8582
7826
7513
7758
8138
7711
6783
6911
7138
6635
5912
5208
4581
3331
2052
897
-107
-630
-1855
-3224
-4658
-5719
-5939
-6898
-7821
-8443
-8703
-8764
-9452
-9497
-9356
-9195
-9070
-8990
-8041
-7588
-7444
-6967
-6002
-4762
-4350
-3876
-3110
-2140
-1098
-130
1186
2320
3267
4149
5798
7411
7392
6938
7200
8511
9354
9286
9029
8238
7978
7960
8051
7856
6627
6487
7346
7890
7156
5275
4203
3366
2390
1408
385
-162
-1534
-3484
-4789
-5431
-5677
-6761
-8204
-9002
-9187
-8778
-8842
-9088
-9121
-9296
-9119
-8897
-8439
-7857
-7312
-6394
-5703
-5078
-4510
-4158
-3424
-2091
-823
-150
910
2205
3084
3883
5131
6763
7288
6881
6756
7746
9356
9764
9321
8268
7290
7522
8076
8364
7542
6692
7018
7035
6646
5744
4732
3958
2677
1662
756
-61
-991
-2766
-4237
-5375
-5900
-5982
-6801
-7562
-8292
-8750
-8990
-9527
-9496
-9359
-9037
-8782
-8684
-8006
-7660
-7164
-6415
-5825
-5095
-4372
-3446
-2715
-1851
-850
498
2305
3139
3325
3758
5339
7039
7476
7552
7622
8386
8784
8523
8609
8287
8298
8368
8322
7844
6620
6812
7419
7115
6091
4787
4355
3619
2421
1233
-7
-816
-2234
-3758
-4640
-5235
-5838
-7290
-8475
-8661
-8375
-8125
-8842
-9410
-9227
-8998
-8840
-8735
-8124
-7765
-7606
-6787
-5753
-4829
-4476
-4016
-3111
-2024
-999
-85
1521
2612
2920
3577
4945
6472
7057
7188
7184
8000
9036
9096
9039
8047
7397
7874
8219
8098
7201
7212
7619
7507
7080
5683
4761
4083
2918
1510
-126
-1009
-1837
-2883
-3796
-4586
-4866
-5927
-7631
-8696
-8973
-8625
-8730
-8912
-8733
-9063
-9439
-9452
-8947
-8206
-7771
-7020
-5967
-5259
-4984
-4638
-3757
-2450
-1308
-641
468
1979
2989
3736
4943
6254
6720
6842
7006
7701
8723
8875
8866
8571
8063
8048
8116
8230
7549
6937
7251
7371
7136
6239
5285
4302
2666
1287
201
-276
-783
-2518
-4110
-4997
-5350
-5997
-7590
-8528
-8467
-7969
-8171
-9144
-9425
-9445
-9072
-8573
-8317
-7803
-7667
-7334
-6561
-5713
-4711
-3961
-3345
-2574
-1647
-941
148
1822
2936
3525
4449
5838
6540
6538
6762
7593
8820
8960
8268
7726
7330
7677
8336
8467
7797
6877
6954
7212
6716
6002
5134
4616
3720
2160
1047
5
-516
-1607
-3470
-4444
-5084
-5215
-5816
-6948
-7695
-8397
-8627
-9258
-9409
-8718
-8497
-8539
-8908
-8531
-7803
-7499
-6954
-6233
-5240
-4485
-3857
-3232
-2502
-1490
-508
1142
2550
3062
3482
4426
5943
6556
6593
6959
7854
8890
8704
8120
7584
7338
7850
8227
8385
7722
7034
7230
6995
6243
5179
4633
4328
2923
1568
635
-70
-1056
-2794
-3957
-4501
-4894
-5806
-7253
-7969
-8179
-8003
-7954
-8281
-8408
-8805
-9022
-8880
-8483
-7721
-7107
-6525
-5972
-5374
-4895
-4477
-3654
-2613
-1598
-745
646
2086
2496
2383
2988
4919
6293
6527
6532
7016
8097
8230
8094
7904
7318
7456
7715
7741
7164
6653
7302
7713
7376
6244
4963
4359
3357
2341
1680
818
-213
-1907
-3397
-4040
-4271
-4599
-6112
-7591
-8100
-8404
-8622
-8976
-8839
-8569
-8888
-9095
-8892
-8031
-7395
-7359
-6805
-5811
-4885
-4140
-3435
-2881
-2298
-1387
-179
1446
2654
2861
3073
4584
6448
7032
7087
7177
7743
8480
8414
8244
7794
7569
7745
7640
7492
6788
6938
7555
6971
5868
4582
4111
3681
2725
1713
304
-675
-1803
-3105
-4177
-4952
-5155
-6043
-7207
-7944
-8218
-8114
-8337
-8220
-7904
-8154
-8541
-8599
-8090
-7363
-6871
-6653
-6179
-5404
-4805
-3939
-2865
-2022
-1352
-867
335
2063
2986
3228
3732
5220
6546
6609
6295
6862
8198
8647
8292
7510
6674
6900
7375
7950
7923
7211
7067
6788
6530
5727
4713
4254
3065
1938
1176
450
-451
-1945
-3146
-4065
-4718
-5477
-6582
-7302
-7539
-7458
-7931
-8852
-9140
-8849
-8486
-8194
-7765
-7269
-7109
-7261
-6806
-5623
-4633
-3791
-3260
-2984
-2330
-1636
-497
1285
2671
3137
3334
4548
5958
6240
6023
6372
7744
8806
8720
8055
6996
6399
6656
7436
7877
7019
6457
6773
6571
5938
5142
4519
3659
2269
1414
514
-509
-1507
-2801
-3470
-4068
-4748
-5648
-6837
-7188
-7479
-7713
-8078
-8495
-8071
-8187
-8598
-8595
-8015
-7102
-6852
-6400
-5549
-4762
-4355
-4179
-3592
-2567
-1273
-369
678
1853
2479
2910
3661
5030
5948
6528
7002
7353
7923
7809
7684
7478
7241
7711
7916
7966
7236
6311
6429
6391
6013
5332
4610
4261
3568
2279
634
-747
-1322
-1786
-2640
-3664
-4788
-5795
-6827
-7531
-7590
-7788
-8091
-8543
-8799
-8551
-8504
-8068
-7499
-7382
-7338
-7103
-6110
-5184
-4763
-3982
-2973
-2171
-1632
-1174
-367
1038
2450
3041
3528
5141
6613
6565
6082
6436
7803
8655
8286
7652
7029
6908
7063
7248
7308
6604
6336
6862
6888
5943
4685
3838
3134
2207
1288
467
-462
-1447
-2572
-3459
-4154
-5162
-6211
-7259
-7614
-7521
-7628
-7878
-8411
-8407
-8446
-8592
-8239
-7757
-6887
-6458
-6222
-5370
-4496
-3932
-3652
-3099
-2190
-1246
-405
549
1677
2398
2968
4235
5849
6478
5984
5663
6776
8451
8890
8360
7365
6768
7079
7508
7635
6846
6091
6351
6709
6416
5473
4533
3520
2522
1715
796
-248
-1487
-2487
-3408
-4277
-4860
-5459
-6177
-7176
-7817
-8222
-8589
-8654
-8507
-7868
-7891
-8194
-7716
-7222
-6903
-6879
-6120
-4851
-4202
-3543
-3014
-2095
-991
-747
-301
1047
2518
3130
3557
4685
5788
6549
6678
6622
7426
8129
8191
7994
7424
7121
7186
7291
6910
6034
6143
6852
6783
5994
5009
4108
3198
2107
964
-24
-992
-1830
-2562
-3440
-4562
-5613
-6267
-6920
-7308
-7542
-8016
-8494
-8739
-8218
-7882
-7983
-7777
-7422
-6747
-6588
-6542
-5427
-4388
-3833
-3431
-2824
-1775
-980
-68
1195
2258
2953
3305
4292
5584
6019
5990
6182
7314
8311
8341
8136
7398
6917
6916
6878
6924
6479
6129
6279
6338
5884
5117
4282
3290
2220
1085
549
-290
-1717
-2919
-3869
-4064
-4671
-5674
-6786
-7755
-7750
-8015
-7974
-7787
-7754
-7750
-8354
-8150
-7764
-7348
-6802
-6450
-5215
-4373
-4103
-3701
-3199
-2101
-922
37
1127
2335
2899
2986
3755
5206
6166
6131
6013
6600
7711
8179
8009
7679
7083
6954
7079
7302
7019
6008
5977
6601
6444
5479
4430
3474
2503
1659
1056
127
-1596
-3108
-3795
-3574
-3647
-4920
-6470
-7734
-7849
-7639
-7552
-7513
-7949
-7891
-8277
-8447
-7651
-7182
-6678
-6452
-5758
-4504
-4021
-3710
-3476
-2993
-1873
-921
62
1545
2901
3431
3538
4224
5304
6101
6493
6675
7476
8207
8049
7788
7217
6797
6949
7092
6954
6254
5888
6200
6169
5648
4928
3860
2756
1679
847
631
-112
-1466
-3046
-4367
-4876
-5388
-5738
-6415
-7218
-7562
-8144
-8353
-8492
-8341
-8077
-8249
-7681
-7175
-6895
-6556
-6316
-5348
-4511
-3976
-3103
-2143
-1162
-718
-349
904
2328
3151
3519
4368
5756
6469
6339
6034
6876
8210
8340
8039
7357
6835
7086
7208
7202
6606
6052
6252
6153
5364
4380
3967
3560
2593
1295
83
-628
-1492
-2540
-3405
-4154
-4899
-5834
-6880
-7443
-7292
-7555
-8260
-8588
-8320
-7958
-8125
-7844
-7339
-7014
-6499
-6203
-5367
-4318
-3851
-3352
-2936
-2422
-1477
-403
928
2195
2850
3109
3800
5347
6525
6801
6599
6606
7359
7699
7784
7662
6910
6911
7175
6962
6341
5704
6108
6597
6135
5058
4217
3598
2638
1653
809
56
-855
-1897
-3116
-4367
-5157
-5881
-6696
-7410
-7620
-7450
-7618
-8038
-8380
-8224
-8114
-8161
-7488
-6861
-6604
-6339
-5932
-5026
-4329
-3710
-2851
-2252
-1406
-599
227
1682
2782
3024
3338
4629
6100
6790
6746
6613
7431
8164
7844
7242
6756
6838
7409
7647
6898
5607
5434
6559
7020
6061
4817
3632
2566
1535
606
385
28
-1093
-2822
-4315
-5024
-5648
-6010
-6523
-6980
-7069
-7748
-8617
-9063
-8437
-7634
-7630
-7436
-7239
-6811
-6245
-5995
-5486
-4952
-4317
-3289
-2160
-1276
-866
-576
522
2025
2914
3312
3793
5029
6140
6439
6540
6996
7913
8084
7790
7505
6971
7126
7363
7057
6222
5460
5923
6398
6022
5135
4137
3572
2777
1739
822
-355
-1546
-2710
-3556
-4085
-4813
-5638
-6775
-7527
-7509
-7523
-7736
-8308
-8473
-8098
-7960
-7834
-7702
-7264
-6613
-6054
-5182
-4394
-4089
-3716
-2913
-2075
-1172
-123
739
1556
2193
2735
3758
5355
6583
6478
6094
6566
7683
8490
8144
7410
7015
7288
7657
7114
6342
5563
5527
6301
6057
5145
4221
3374
2565
1446
771
167
-671
-1669
-3162
-4101
-4568
-5190
-6143
-7358
-7705
-7496
-7402
-7592
-8101
-8183
-8146
-8025
-7567
-7110
-6587
-6167
-5635
-4909
-4200
-3490
-2905
-2555
-2106
-1083
-81
1151
2536
3123
3349
3722
5025
6297
6402
6093
6313
7553
8076
7747
7377
6888
6886
6715
6549
6223
5871
6433
6667
6113
5059
4156
3552
2579
1511
507
-169
-927
-2101
-3290
-4307
-5041
-5837
-6554
-6987
-7145
-7273
-7748
-8364
-8781
-8523
-8020
-7642
-7341
-7238
-6859
-6347
-5715
-4784
-4005
-3348
-2747
-2232
-1443
-453
553
1851
2700
2732
3162
4555
6178
6733
6382
6347
7223
8272
8136
7431
6833
6794
7335
7303
6928
6402
6220
6510
6262
5525
4442
3625
3134
2261
1048
-198
-1119
-2207
-3472
-4258
-4498
-4794
-5863
-7103
-7900
-8095
-7953
-8024
-8078
-8070
-7984
-7578
-7167
-7244
-7418
-6987
-6129
-4976
-3986
-3641
-3362
-2782
-1747
-623
-7
807
2117
3177
3577
3914
5044
6302
6866
7003
7410
8135
7995
7281
6955
7034
7559
7801
7453
6466
5406
5596
6031
5814
5009
4073
3962
3248
1507
-68
-1062
-1500
-2551
-3725
-4320
-4828
-5451
-6691
-7621
-7926
-8020
-7879
-8326
-8661
-8436
-7961
-7315
-7380
-7559
-7140
-6193
-4968
-4232
-3843
-3553
-3205
-2425
-1210
-1
988
1869
2382
2759
3548
5238
6956
7320
6860
6517
7167
7857
7683
7456
7025
7113
7358
7080
6613
5602
5408
5935
5913
5397
4420
3816
3219
2022
885
-98
-706
-1501
-2934
-4192
-5123
-5593
-5933
-6590
-6888
-7153
-7704
-8323
-8736
-8519
-8357
-8267
-7776
-7028
-6346
-6201
-6037
-5432
-4733
-3939
-3073
-2376
-1669
-704
177
1293
2685
3489
3752
4213
5330
6165
6109
6091
6598
7554
7972
7675
7481
7060
6785
6897
6930
6670
6037
5918
6074
5623
5086
4592
3849
2753
1421
353
-562
-1522
-2376
-3254
-3956
-4629
-5617
-6614
-7466
-7707
-7711
-8224
-8721
-8722
-8261
-7930
-7833
-7506
-7001
-6544
-6151
-5545
-4739
-4113
-3735
-3054
-2065
-1012
-36
509
1434
2530
2951
3352
4445
6070
6874
6854
6904
7360
8064
7904
7435
7291
7278
7274
7109
6889
6110
5762
5981
5862
5529
4730
4095
3371
2332
1233
64
-739
-1860
-3024
-3956
-4705
-5201
-6128
-6914
-7495
-7977
-8248
-8512
-8418
-8079
-7641
-7510
-7569
-7409
-7256
-6821
-6042
-5020
-4289
-4010
-3454
-2575
-1467
-631
-286
333
1693
3259
3895
4087
4927
5924
6352
6398
6811
7662
8220
8018
7368
6915
6774
7067
7342
6619
5660
5407
5564
5391
4805
4473
3961
3051
1912
826
83
-1138
-2420
-3384
-3970
-4033
-4643
-5821
-7371
-8281
-7985
-7746
-7868
-8201
-8029
-7665
-7588
-7429
-7250
-6622
-5986
-5338
-4528
-3949
-3470
-3114
-2564
-1977
-972
249
1296
2500
3082
3513
4007
5004
6228
6444
6744
6969
7430
7877
7532
7354
6708
6345
6550
6725
6641
5546
5115
5258
5178
5196
4570
3758
2579
1293
617
-143
-915
-1956
-3159
-4136
-5083
-5688
-6308
-6839
-7009
-7194
-7434
-7939
-8278
-8339
-8351
-8050
-7556
-6900
-6330
-5920
-5461
-4941
-4419
-3969
-3273
-2325
-1132
-54
505
1197
2084
2860
3513
4436
5793
6628
6590
6139
6314
7299
7894
7918
7492
6885
6864
7203
7019
5932
4826
4968
6011
6541
5907
4477
3041
1822
838
338
-128
-705
-1658
-3125
-4396
-5326
-5750
-6254
-7097
-7546
-7715
-7757
-8079
-8345
-8109
-7877
-7558
-7290
-6913
-6365
-5933
-5405
-4938
-4321
-3469
-2553
-1669
-879
-115
408
1236
2301
3001
3609
4505
5864
6568
6393
6219
6403
7031
7288
7563
7768
7096
6581
6542
6671
6304
5702
5772
5545
4930
4153
3566
3348
2422
1402
463
-700
-1726
-2749
-3392
-4115
-4962
-5727
-6754
-7239
-7206
-7104
-7482
-8384
-8628
-8229
-7619
-7318
-7270
-6815
-6403
-5926
-5157
-4274
-3464
-3010
-2560
-1906
-958
-80
666
1808
2726
3094
3458
4528
6059
6770
6641
6446
6894
7594
7691
7543
7171
6861
6846
6614
6238
5568
5254
5697
5951
5689
4604
3409
2728
2016
1391
416
-764
-1825
-3038
-3814
-4357
-4813
-5588
-7113
-8027
-7868
-7109
-6834
-7592
-8206
-8290
-7924
-7557
-7349
-6981
-6789
-6357
-5427
-4294
-3363
-2865
-2291
-1583
-777
-149
449
1610
2754
3560
4063
4766
5891
6365
6223
6227
6958
7975
8153
7631
6605
5914
6248
6813
7007
6285
5547
5585
5532
5174
4442
3844
3374
2405
1404
247
-804
-1631
-2673
-3421
-4075
-4761
-5724
-7098
-7662
-7453
-7252
-7698
-8565
-8543
-7982
-7675
-7729
-7726
-7050
-6188
-5495
-4997
-4533
-3882
-3226
-2499
-1826
-1109
-302
626
1849
2872
3633
4013
4413
5451
6377
6983
7150
7102
7257
7319
7638
7474
6733
6371
6178
6419
6328
5785
5650
5411
5223
4562
3700
3103
1760
686
17
-581
-1248
-2798
-4003
-4630
-5021
-5605
-6936
-7548
-7494
-7260
-7288
-7999
-8268
-8196
-7906
-7658
-7558
-6763
-5915
-5444
-5248
-4997
-4161
-2995
-1867
-1207
-648
86
838
2036
3307
3982
4077
4419
5634
6657
6703
6360
6534
7263
7743
7914
7571
6751
6390
6416
6536
6235
5539
5413
5267
4644
3747
3157
3040
2247
1134
-74
-1289
-2026
-3080
-3965
-4474
-4967
-5491
-6503
-7206
-7547
-7799
-7959
-8232
-8009
-7651
-7347
-7035
-6826
-6323
-6002
-5907
-5633
-4827
-3489
-2453
-1891
-1650
-1215
-540
270
1698
3059
3941
4298
4659
5602
6093
6163
6138
6556
7561
7901
7826
7332
6780
6741
6498
6217
5595
5149
5294
5420
5545
4778
3561
2510
1563
1002
261
-523
-1361
-2388
-3444
-4434
-5220
-5989
-6479
-6734
-6855
-7184
-7879
-8359
-8439
-7959
-7412
-7182
-7187
-7106
-6404
-5575
-4888
-4278
-3594
-2772
-2202
-1811
-1169
-151
817
1977
3098
3466
3509
4050
5660
6816
6577
6266
6699
7695
7992
7540
6834
5998
5908
6215
6449
6275
5627
5468
5462
4900
4072
3509
3069
2075
985
302
-517
-1616
-2963
-4147
-4591
-4910
-5606
-6605
-7355
-7345
-7245
-7563
-8191
-8422
-7990
-7559
-7236
-7019
-6594
-6003
-5609
-4976
-4065
-3230
-2796
-2531
-1840
-805
220
853
1507
2532
3214
3687
4625
5956
6791
6616
6224
6227
6916
7896
8229
7678
6328
5479
5771
6285
6438
5791
5295
5034
4459
4038
3421
3094
2560
1333
76
-1257
-1792
-2319
-3428
-4307
-5034
-5339
-6054
-6906
-7088
-7145
-7160
-7685
-8141
-7962
-7527
-7043
-7004
-6771
-6265
-5596
-4596
-3985
-3629
-3210
-2435
-1621
-897
148
669
1200
2238
3157
3906
4435
5380
6214
6390
6340
6242
6817
7297
7248
7206
6632
6086
5930
6006
6015
5329
4949
4994
4697
4225
3637
3247
2520
1187
124
-540
-897
-2014
-4038
-5138
-5120
-4946
-5389
-6405
-7126
-7373
-7448
-7798
-8168
-7937
-7288
-6753
-6668
-6734
-6416
-5815
-5269
-4562
-3816
-3154
-2366
-1745
-1013
-39
702
1283
2152
3177
3835
4508
5381
6171
6510
6436
6569
6974
7471
7491
7201
6729
6102
6074
6133
6089
5566
4981
5299
5151
4480
3613
2907
2559
1536
439
-592
-1305
-1861
-3112
-4087
-4876
-5592
-6182
-6803
-6917
-6937
-7066
-7538
-8224
-8371
-8047
-7473
-6814
-6176
-5750
-5643
-5511
-4965
-4070
-3130
-2345
-1764
-1140
-362
397
1069
1942
2822
3340
3857
4717
5976
6739
6691
6621
6723
7103
7247
7289
7233
6545
6182
6112
6133
5801
4986
4863
4830
4561
3895
2921
2407
1791
1065
107
-1087
-2024
-3044
-3988
-4665
-5259
-5803
-6465
-7069
-7270
-7414
-7621
-7780
-7852
-7609
-7357
-6961
-6491
-6105
-5664
-5549
-5064
-4180
-3450
-2499
-1618
-935
-457
-22
618
1548
2836
3655
4018
4591
5568
6507
6577
6188
6020
6534
7269
7472
7265
6469
5901
5730
5589
5749
5522
5394
5372
4815
3912
2669
2055
1722
1136
572
-449
-1374
-2463
-3672
-4168
-4522
-5144
-6357
-7380
-7363
-6919
-6611
-7060
-7647
-7566
-7130
-6763
-6853
-6640
-5850
-4965
-4194
-4044
-4048
-3609
-2528
-1180
-388
170
457
870
2160
3400
3977
4116
4651
5723
6319
6383
6208
6279
6661
6859
6882
6446
5915
5999
6290
6091
5370
4917
4897
4688
4255
3768
3151
2277
1207
241
-574
-1342
-2039
-2834
-3669
-4337
-5104
-6049
-6859
-7199
-7133
-7258
-7648
-7858
-7641
-7188
-7168
-7302
-6993
-6367
-5496
-4681
-3882
-3261
-3035
-2688
-2149
-1192
80
1067
1454
1669
2507
3517
4407
4957
5317
5971
6463
6761
6861
7101
7235
6966
6779
6453
6421
6433
6192
5693
4698
4258
4557
5027
4592
3107
1719
746
364
-61
-842
-1947
-3306
-4131
-4530
-4942
-5778
-6630
-6872
-6834
-6912
-7453
-7882
-7760
-7323
-6797
-6444
-6152
-5897
-5477
-5002
-4682
-4208
-3553
-2650
-1797
-1254
-533
531
1352
1620
2212
3257
3990
4510
5121
5799
6153
6087
6155
6648
7311
7378
6816
6125
5549
5553
5930
6172
5781
4792
4274
4344
4277
3561
2413
1588
939
57
-1018
-1995
-2644
-3294
-3816
-4181
-4991
-6057
-6863
-7256
-7241
-7069
-7026
-7088
-7032
-7031
-6997
-6616
-6119
-5657
-5300
-4883
-4109
-3093
-2358
-2178
-1900
-1201
-301
559
1099
2017
3415
4180
4117
4029
5013
6407
6726
6450
6327
6651
7041
6876
6390
5687
5408
5762
6007
5693
4698
4209
4518
4333
3476
2500
1885
1469
753
-142
-1224
-2347
-3276
-4062
-4300
-4354
-4962
-6031
-7068
-7333
-7196
-7153
-7228
-7382
-7080
-6537
-5996
-5683
-5739
-5578
-5240
-4669
-3900
-2942
-1735
-944
-449
-63
230
594
1023
2014
3281
4238
4964
5496
5975
6068
5878
6042
6421
6908
7037
6623
6083
5619
5811
6209
5928
4915
3886
3834
4003
3788
3245
2285
1447
595
-97
-710
-1637
-2494
-3474
-4241
-4880
-5580
-6066
-6802
-7294
-7378
-7257
-7191
-7517
-7250
-6584
-6078
-5908
-6154
-5910
-5281
-4383
-3340
-2599
-2072
-1968
-1666
-924
-22
999
1628
2274
3244
4151
4616
4577
4916
5718
6358
6663
6699
6804
6887
6708
6252
5700
5535
5778
5901
5329
4239
3664
3994
4232
3421
2076
1169
984
737
-188
-1293
-2235
-2873
-3524
-4292
-4892
-5501
-5995
-6500
-6862
-6910
-7061
-7262
-7375
-6954
-6279
-5918
-5663
-5460
-4990
-4441
-3962
-3458
-3057
-2374
-1597
-836
-232
187
726
1175
2058
3096
3737
4275
4782
5587
6106
6163
6119
5982
6271
6658
6889
6512
5384
4912
5314
5731
5318
4341
3993
4134
4074
3323
2188
1388
849
425
-175
-1215
-2399
-3409
-4108
-4484
-4846
-5345
-5812
-6289
-6724
-7126
-7367
-7236
-6918
-6618
-6533
-6344
-5920
-5572
-5116
-4615
-3972
-3242
-2631
-1932
-1411
-979
-424
433
1477
2248
2936
3266
3366
3812
4708
5740
6050
5945
5884
5997
6462
6807
6908
6421
5580
5198
5233
5422
5129
4617
4441
4187
3576
2480
1566
1167
880
446
-627
-1842
-2754
-3577
-4292
-4785
-4962
-5491
-6399
-7049
-7249
-7141
-7196
-7197
-6909
-6443
-6035
-5848
-5554
-5063
-4549
-4177
-3744
-3100
-2303
-1405
-793
-339
312
1245
2004
2464
3175
3778
4110
4353
4843
5662
5981
6003
5946
5989
6378
6592
6531
5821
5092
5111
5389
5498
4813
4034
3773
3485
2914
2029
1432
904
158
-505
-1382
-2310
-3264
-4038
-4377
-4677
-5173
-6120
-6852
-6904
-6778
-6732
-6970
-7007
-6547
-5895
-5487
-5659
-5570
-4953
-4363
-3883
-3388
-2635
-1867
-1203
-649
-239
449
1143
1552
2060
2899
3878
4563
5032
5461
5771
5853
5667
5666
6164
6800
6897
6349
5651
5216
5182
5107
4592
3866
3665
4006
3802
2947
2113
1644
1311
567
-557
-1881
-2990
-3658
-4044
-4195
-4628
-5380
-6127
-6727
-6853
-6750
-6886
-7199
-7109
-6348
-5618
-5355
-5442
-5526
-5118
-4410
-3719
-3086
-2452
-1736
-1184
-718
-152
740
1851
2475
2866
3246
3580
4033
4760
5906
6385
6185
6017
5927
6247
6288
6057
5655
5262
5477
5388
5014
4377
3890
4182
4242
3687
2413
1240
627
214
-46
-833
-1719
-2570
-3466
-4266
-4915
-5136
-5676
-6212
-6535
-6584
-6394
-6910
-7453
-7551
-6816
-5781
-5374
-5095
-5134
-4808
-4102
-3360
-2396
-1763
-1177
-938
-596
280
1173
2092
2501
2977
3585
4009
4506
4967
5689
5804
5555
5788
6273
6739
6374
5710
4947
4562
5157
5524
5262
4218
3570
3821
3822
3363
2135
1120
529
-97
-540
-1338
-2052
-2859
-3804
-4452
-5064
-5372
-5801
-6202
-6306
-6480
-6670
-6984
-6858
-6275
-5931
-5961
-5961
-5310
-4421
-3826
-3419
-2994
-2340
-1448
-528
31
302
611
965
1455
2406
3526
4126
4354
4807
5602
5984
5556
5114
5468
6397
6817
6425
5694
5043
4898
5022
4742
3867
3187
3449
4039
3891
2736
1310
481
280
90
-587
-1656
-2842
-3833
-4258
-4222
-4378
-5151
-6102
-6677
-6727
-6484
-6420
-6515
-6510
-6219
-5853
-5683
-5378
-4821
-4101
-3559
-3310
-3000
-2547
-1761
-995
-389
297
909
1559
2117
2817
3508
3827
4225
4681
5336
5751
5716
5824
6014
6432
6408
5767
5008
4411
4763
5297
5332
4730
3797
3548
3474
3215
2465
1356
722
166
-347
-1018
-1856
-2557
-3523
-4296
-4712
-4972
-5278
-5950
-6357
-6488
-6622
-6647
-6617
-6375
-6259
-6188
-5712
-5040
-4292
-3749
-3505
-3359
-3082
-2245
-1102
-174
378
666
997
1457
2187
3269
4129
4363
4459
5077
6009
6236
5714
5323
5559
6245
6453
5837
4791
4189
4555
4918
4618
3685
3038
3248
3437
3093
2035
1061
495
-109
-695
-1545
-2164
-2646
-3350
-4141
-5123
-5647
-5895
-5979
-5878
-6004
-6163
-6576
-6842
-6617
-6164
-5615
-5293
-4881
-4337
-3916
-3556
-3271
-2777
-1876
-745
162
578
754
1062
1693
2685
3614
3861
3890
4471
5588
6341
5983
5297
5176
5747
6391
6345
5756
5059
4861
5139
5019
4248
3343
3047
3193
3021
2479
1788
1178
585
-361
-1509
-2447
-2974
-3363
-3970
-4525
-4895
-5175
-5565
-6071
-6277
-6355
-6502
-6609
-6496
-6105
-5824
-5624
-5286
-4597
-3701
-3170
-2804
-2482
-2114
-1517
-911
-241
403
1071
1617
2168
3272
4006
4114
4205
4745
5784
6155
5867
5469
5620
6460
6616
5941
4696
4006
4709
5460
5361
4087
2987
2922
2890
2588
1757
1035
703
227
-522
-1737
-2573
-2898
-3405
-4087
-4761
-5102
-5412
-5883
-6203
-6323
-6413
-6687
-6885
-6652
-6127
-5695
-5376
-5047
-4569
-3896
-3306
-2820
-2384
-1851
-1189
-614
49
828
1542
2128
2751
3475
3967
4269
4801
5622
6223
6200
5830
5718
6065
6469
6392
5572
4540
4160
4520
4937
4557
3615
2933
2773
2811
2308
1365
524
45
-248
-875
-1758
-2735
-3644
-4232
-4459
-4581
-5094
-5799
-6203
-6188
-6173
-6463
-6671
-6492
-5872
-5376
-5288
-5208
-4854
-3981
-3095
-2594
-2341
-2085
-1402
-634
-110
362
1006
1899
2776
3486
3851
3941
4205
4863
5547
5604
5238
5255
5777
6168
5986
5286
4473
4246
4672
5107
4803
3850
3274
3219
3075
2451
1608
1012
611
127
-728
-1747
-2581
-3004
-3208
-3671
-4227
-4843
-5412
-5868
-6154
-6067
-6056
-6193
-6347
-6192
-5664
-5303
-4937
-4657
-4342
-3846
-3446
-2867
-2324
-1753
-962
-277
185
437
892
1662
2698
3675
3964
3898
4181
5143
5945
5887
5540
5483
5799
5845
5588
5190
4763
4876
4992
4576
3495
2605
2907
3465
3384
2418
1250
537
151
-71
-723
-1718
-2852
-3815
-4381
-4660
-4528
-4716
-5289
-6027
-6559
-6333
-6019
-5776
-5779
-5744
-5514
-5457
-4960
-4374
-3909
-3453
-2941
-2158
-1630
-1086
-505
-122
339
1012
1933
2860
3536
3693
3790
4318
5106
5738
5847
5622
5198
5147
5551
5852
5755
5099
4744
4808
4804
4270
3186
2754
2763
2679
2369
1653
965
184
-525
-1158
-1907
-2504
-3172
-3709
-4076
-4476
-4920
-5560
-6081
-6282
-6111
-5795
-5873
-6106
-5987
-5528
-5099
-4926
-4780
-4337
-3529
-2635
-2010
-1643
-1384
-1003
-245
699
1510
1941
2346
2994
3373
3628
4095
4967
5713
5587
5302
5165
5346
5563
5367
5196
4726
4578
4787
4687
4445
3716
3290
3039
2603
2321
1715
1205
421
-542
-1192
-1855
-2287
-2974
-3738
-4180
-4325
-4319
-4968
-5981
-6656
-6543
-5970
-5643
-5620
-5764
-5625
-5312
-4906
-4467
-4083
-3498
-2879
-2206
-1718
-1376
-840
-208
373
720
1185
2156
3312
3927
3917
3906
4434
5206
5542
5546
5336
5330
5605
5922
6090
5381
4538
4166
4188
4226
3762
3591
3440
3049
2448
1553
992
360
-221
-760
-1337
-1694
-2337
-3069
-4011
-4857
-5254
-5471
-5498
-5697
-5864
-6045
-6156
-5977
-5745
-5259
-4931
-4878
-4989
-4975
-4280
-3231
-2162
-1717
-1860
-1710
-1029
-28
668
1190
2038
3077
3755
3787
3901
4574
5288
5393
5146
5165
5506
5897
5930
5542
4857
4460
4723
4968
4560
3544
2938
3014
2893
2359
1683
1254
669
-267
-1051
-1740
-2308
-2854
-3229
-3367
-3703
-4353
-5345
-6170
-6333
-5928
-5386
-5343
-5652
-5792
-5567
-5150
-4853
-4483
-3958
-3352
-2696
-2238
-1981
-1771
-1192
-188
747
1435
1825
2300
2817
2941
3115
3768
5083
6132
5951
5149
4509
4734
5431
5802
5605
4651
4019
4178
4499
4265
3265
2745
2712
2541
2153
1531
1026
297
-353
-711
-1320
-2172
-3260
-4030
-4227
-4124
-4102
-4687
-5572
-6164
-5971
-5287
-5018
-5371
-5893
-5897
-5285
-4407
-3719
-3402
-3133
-2873
-2617
-2210
-1538
-706
-33
633
1283
1726
2212
2638
2935
3324
3965
4782
5172
5074
4985
5157
5489
5555
5441
5227
4773
4358
4148
4158
4028
3701
3472
2948
2065
1303
987
748
99
-706
-1300
-1574
-1869
-2394
-3125
-3933
-4551
-4983
-5186
-5302
-5385
-5390
-5524
-5800
-5982
-5599
-4858
-4427
-4365
-4343
-3988
-3325
-2672
-2214
-1863
-1436
-894
-195
639
1448
2145
2728
2948
2945
3312
4247
5164
5336
5105
5064
5337
5539
5341
5101
4883
4797
4883
4797
4321
3576
3382
3512
3061
2105
1243
958
741
257
-422
-1245
-1956
-2721
-3295
-3615
-3910
-4147
-4497
-4856
-5262
-5555
-5688
-5950
-6040
-5784
-5236
-4813
-4707
-4508
-4081
-3416
-2937
-2801
-2480
-1748
-875
-349
19
484
978
1759
2520
2894
3124
3693
4562
4887
4675
4572
4901
5457
5553
5254
4870
4518
4436
4567
4685
4272
3590
3298
2982
2344
1598
1157
983
647
198
-529
-1491
-2409
-3057
-3223
-3296
-3571
-4119
-4704
-4959
-5009
-5039
-5289
-5548
-5401
-4920
-4464
-4444
-4595
-4352
-3681
-2917
-2409
-2135
-1957
-1693
-1057
-154
646
1065
1233
1544
1980
2550
3396
4368
4917
4546
3894
3770
4303
5105
5485
5271
4603
4141
4305
4561
4357
3591
3055
2993
2792
2310
1704
1252
708
-37
-664
-1124
-1345
-1724
-2411
-3127
-3688
-4030
-4431
-4721
-4783
-4743
-4729
-4937
-5018
-4743
-4377
-4386
-4718
-4686
-4135
-3399
-2809
-2421
-2073
-1690
-1174
-636
-203
294
971
1726
2188
2302
2581
3299
4155
4501
4253
4047
4203
4639
4998
5025
4721
4249
4089
4193
4265
4187
3892
3509
2943
2319
1846
1519
1175
521
-154
-639
-1052
-1508
-2069
-2659
-3454
-4259
-4712
-4775
-4541
-4305
-4313
-4745
-5212
-5178
-4838
-4629
-4600
-4311
-3739
-3226
-2897
-2785
-2715
-2448
-1841
-1131
-568
-10
605
1218
1726
2154
2667
3283
3890
4190
4175
4246
4576
4881
4810
4549
4487
4669
4846
4734
4275
3749
3546
3618
3514
3027
2364
1747
1164
570
-89
-909
-1723
-2129
-2004
-1855
-2290
-3246
-4192
-4675
-4664
-4504
-4534
-4809
-4920
-4542
-4033
-4025
-4531
-4855
-4540
-3854
-3243
-2797
-2346
-1809
-1314
-925
-569
-113
531
1159
1598
1816
1962
2336
2990
3763
4238
4270
4108
3964
4051
4324
4662
4803
4617
4354
4106
3879
3591
3357
3202
2862
2241
1478
984
837
739
295
-604
-1509
-2095
-2334
-2571
-2979
-3423
-3760
-3873
-4019
-4345
-4773
-4919
-4624
-4399
-4495
-4638
-4286
-3555
-3006
-2864
-2957
-2855
-2498
-1967
-1376
-757
-77
446
770
1031
1517
2237
2814
3033
2894
2788
3073
3760
4464
4629
4284
3794
3572
3694
3968
4203
4095
3707
3345
3274
3314
2942
2122
1291
885
759
501
-44
-798
-1501
-1968
-2174
-2356
-2785
-3404
-4014
-4406
-4446
-4145
-3791
-3760
-4036
-4288
-4256
-3949
-3500
-3133
-3033
-3089
-2906
-2303
-1581
-1125
-964
-762
-317
307
933
1376
1582
1622
1773
2234
2874
3368
3518
3515
3554
3621
3628
3586
3573
3595
3725
3881
3755
3280
2865
2827
2801
2354
1676
1197
936
606
109
-488
-1090
-1573
-1900
-2280
-2844
-3310
-3421
-3368
-3428
-3524
-3546
-3676
-4008
-4259
-4071
-3550
-3158
-3020
-2914
-2684
-2366
-2000
-1677
-1461
-1223
-789
-151
415
719
953
1373
1878
2181
2323
2493
2730
2970
3123
3191
3294
3482
3592
3521
3437
3449
3484
3421
3218
2931
2630
2267
1840
1519
1388
1245
845
168
-524
-926
-1101
-1365
-1770
-2123
-2357
-2562
-2901
-3421
-3832
-3829
-3584
-3484
-3544
-3478
-3169
-2914
-3004
-3231
-3157
-2679
-2178
-1963
-1852
-1442
-700
-58
201
165
73
194
673
1343
1890
2271
2600
2828
2837
2691
2588
2611
2669
2737
2927
3192
3322
3260
3060
2713
2297
2039
2013
2027
1885
1558
1125
684
218
-289
-724
-996
-1189
-1406
-1691
-2036
-2321
-2483
-2680
-3003
-3157
-2895
-2498
-2386
-2577
-2788
-2805
-2609
-2328
-2062
-1753
-1436
-1302
-1341
-1308
-979
-299
492
945
890
668
700
1139
1847
2408
2471
2171
1922
1916
2021
2133
2319
2617
2835
2739
2386
2081
1995
2054
2069
1882
1484
1012
624
406
325
287
99
-409
-1103
-1586
-1671
-1656
-1876
-2287
-2578
-2610
-2602
-2790
-3011
-2971
-2709
-2536
-2575
-2533
-2167
-1713
-1576
-1712
-1640
-1108
-411
-77
-300
-626
-471
166
741
932
1019
1319
1651
1720
1644
1726
2047
2439
2712
2702
2377
2044
2056
2294
2319
2093
2042
2286
2407
2084
1560
1208
1061
956
781
439
-128
-720
-999
-920
-816
-966
-1313
-1667
-1915
-2003
-1944
-1884
-1958
-2106
-2175
-2170
-2167
-2164
-2091
-1919
-1712
-1533
-1407
-1268
-994
-641
-452
-509
-535
-290
54
262
433
706
942
1024
1094
1189
1148
1049
1223
1684
2012
1958
1720
1491
1302
1279
1492
1693
1654
1527
1414
1063
417
-25
104
443
441
50
-413
-680
-704
-672
-844
-1166
-1274
-1060
-862
-927
-1096
-1219
-1365
-1507
-1451
-1176
-984
-1121
-1450
-1592
-1298
-753
-452
-625
-935
-900
-464
24
255
215
139
299
677
1001
1082
972
806
701
778
1090
1475
1643
1497
1236
1138
1295
1551
1619
1321
906
823
1123
1364
1188
704
245
74
237
511
517
127
-350
-544
-475
-411
-518
-754
-1010
-1178
-1225
-1374
-1840
-2376
-2460
-2003
-1522
-1430
-1617
-1752
-1774
-1763
-1555
-966
-206
296
408
306
78
-224
-318
29
587
892
742
375
225
510
1049
1414
1310
943
739
843
1036
1083
1026
982
968
963
1001
1090
1112
1006
854
699
530
356
225
147
110
122
109
-50
-407
-861
-1193
-1189
-824
-376
-212
-407
-726
-935
-987
-956
-941
-956
-893
-703
-530
-523
-602
-571
-420
-254
-111
-24
-63
-195
-210
81
582
950
933
632
399
429
571
593
479
404
461
541
501
396
406
574
737
752
615
399
228
190
181
-41
-449
-670
-485
-64
311
462
230
-394
-1033
-1219
-895
-419
-131
-156
-444
-800
-958
-834
-604
-422
-292
-220
-222
-259
-311
-405
-455
-220
250
470
121
-452
-640
-304
186
483
531
475
449
464
413
266
233
543
1055
1323
1120
697
428
425
524
542
488
489
532
486
322
152
57
-3
-84
-138
-108
-45
-54
-156
-272
-337
-357
-384
-502
-744
-975
-996
-794
-537
-363
-315
-389
-521
-576
-486
-361
-368
-516
-653
-658
-516
-319
-178
-93
14
146
200
140
99
238
521
684
474
40
-154
124
617
916
887
713
599
616
713
770
696
535
414
365
299
178
89
115
210
223
60
-183
-313
-282
-179
-135
-186
-247
-237
-200
-271
-475
-670
-710
-599
-465
-385
-321
-239
-237
-379
-559
-585
-390
-109
113
195
72
-227
-468
-359
114
608
755
499
116
-77
-13
199
419
546
515
322
125
82
154
190
154
178
318
437
383
207
100
111
112
-9
-189
-266
-153
69
207
117
-166
-451
-557
-439
-205
-24
8
-100
-246
-319
-292
-218
-194
-247
-278
-171
25
73
-127
-336
-253
83
352
332
96
-136
-235
-206
-118
28
205
254
107
-50
-9
142
167
24
-124
-143
-38
85
118
79
97
206
296
321
290
119
-212
-440
-252
247
639
708
531
203
-166
-351
-212
68
234
286
287
140
-153
-337
-225
13
109
44
-29
-4
70
29
-179
-377
-341
-80
126
104
-33
-85
-11
-13
-208
-383
-301
-71
-27
-265
-481
-402
-49
298
310
-52
-490
-591
-234
295
628
548
136
-241
-236
128
475
535
360
144
32
64
200
295
258
210
287
389
300
22
-196
-209
-126
-117
-202
-253
-208
-157
-154
-120
26
187
164
-43
-256
-356
-345
-250
-46
223
333
88
-440
-853
-764
-202
370
457
-9
-637
-953
-786
-305
203
488
422
88
-246
-339
-158
173
473
547
334
42
-52
78
256
320
221
48
-13
122
271
239
79
-9
54
216
369
396
284
156
145
235
314
319
227
63
-63
-71
-34
-57
-107
-77
2
5
-65
-93
-25
61
64
-52
-229
-353
-352
-272
-237
-290
-347
-325
-291
-363
-518
-564
-329
89
321
97
-401
-673
-420
118
468
413
176
101
220
318
305
308
398
455
380
259
185
134
71
79
230
387
350
116
-83
-37
210
437
424
116
-271
-407
-194
92
125
-86
-238
-198
-167
-344
-629
-734
-556
-281
-128
-145
-236
-303
-317
-298
-274
-256
-229
-166
-109
-119
-219
-356
-433
-348
-47
381
688
648
286
-106
-207
64
512
800
718
393
156
177
279
205
-2
-48
177
434
430
177
-79
-127
45
274
352
177
-131
-345
-314
-75
241
446
347
-45
-421
-419
-65
227
165
-79
-164
-65
-59
-286
-540
-563
-341
-93
2
-89
-276
-376
-236
89
334
266
-51
-301
-239
60
325
371
224
26
-96
-44
196
486
586
360
-64
-411
-463
-217
142
387
401
243
49
-111
-241
-272
-104
224
471
407
128
-70
-61
17
51
99
202
221
9
-347
-602
-618
-415
-103
153
160
-139
-503
-609
-399
-182
-247
-496
-601
-439
-179
-16
9
-68
-206
-343
-393
-285
-33
275
494
517
368
206
152
170
118
-29
-104
56
421
758
843
631
263
-17
-52
137
371
470
430
355
308
263
219
239
292
192
-140
-419
-298
154
448
267
-154
-360
-224
-49
-198
-628
-911
-658
3
488
411
-26
-335
-353
-336
-459
-577
-506
-288
-88
-19
-99
-264
-352
-219
62
234
163
2
-16
143
330
385
255
20
-165
-175
-63
35
97
248
552
807
771
431
-9
-328
-410
-221
126
378
311
-32
-376
-463
-161
421
885
814
207
-415
-550
-249
22
-35
-269
-401
-344
-199
-127
-205
-376
-454
-356
-235
-271
-417
-427
-224
-9
25
-71
-145
-137
-141
-226
-279
-98
335
728
762
426
9
-206
-164
35
263
428
490
454
358
246
128
-11
-116
-55
230
566
664
430
62
-180
-158
89
391
552
479
246
6
-144
-198
-203
-177
-103
39
181
135
-136
-400
-409
-258
-282
-574
-818
-701
-328
-114
-267
-550
-635
-488
-298
-199
-184
-201
-186
-64
167
359
351
182
24
-14
7
4
23
179
439
606
535
311
143
121
204
341
458
435
258
134
253
495
577
458
337
312
259
74
-126
-157
-35
20
-150
-452
-634
-561
-329
-117
1
19
-103
-379
-693
-806
-599
-214
83
114
-109
-448
-714
-732
-473
-133
70
93
83
123
127
44
-20
70
289
477
465
194
-189
-389
-173
364
814
864
573
259
116
93
87
80
126
253
403
450
294
-3
-226
-178
83
296
246
-35
-323
-416
-292
-74
90
123
44
-81
-212
-362
-528
-638
-596
-387
-102
114
147
-19
-305
-537
-563
-403
-184
-11
89
146
159
86
-68
-184
-105
181
468
508
330
163
177
311
362
262
114
68
151
274
312
221
114
163
374
540
462
195
-17
4
201
365
307
16
-315
-423
-217
107
261
104
-215
-417
-363
-150
-81
-348
-755
-912
-697
-423
-432
-665
-793
-658
-398
-204
-81
41
137
133
33
-76
-117
-54
112
295
359
272
120
0
-23
133
482
802
806
499
235
247
341
258
151
343
747
906
602
144
-65
11
159
274
361
377
245
-21
-312
-511
-499
-248
24
-13
-385
-696
-620
-363
-330
-526
-644
-605
-607
-697
-656
-417
-263
-414
-677
-709
-448
-80
231
393
316
47
-179
-135
152
436
531
462
379
370
370
266
109
155
546
1042
1195
860
354
42
-9
109
347
654
847
720
296
-176
-421
-338
-34
211
154
-144
-403
-434
-334
-288
-326
-343
-254
-90
8
-99
-383
-632
-679
-588
-514
-465
-354
-196
-152
-302
-470
-452
-242
-29
12
-99
-185
-129
18
108
120
148
219
241
168
140
300
579
736
645
425
229
119
108
220
428
568
460
135
-105
18
399
601
310
-260
-548
-283
225
438
158
-335
-669
-670
-375
66
410
377
-68
-600
-796
-563
-210
-58
-141
-277
-351
-378
-393
-404
-387
-312
-137
122
294
201
-129
-423
-408
-96
260
404
313
198
247
441
582
479
136
-208
-275
1
438
758
788
530
128
-179
-167
133
414
408
196
76
207
441
548
461
242
-38
-306
-468
-445
-242
6
115
-17
-319
-586
-644
-526
-415
-426
-512
-540
-460
-325
-201
-122
-100
-163
-307
-477
-598
-571
-344
13
296
308
47
-264
-312
30
536
796
628
246
1
78
363
596
631
516
382
303
306
377
465
