SAMPLES:	16162
BITSPERSAMPLE:	16
CHANNELS:	1
SAMPLERATE:	16000
NORMALIZED:	FALSE
43
41
12
-27
-54
-49
-18
20
37
31
0
-28
-27
-1
32
49
38
1
-42
-65
-56
-28
12
38
41
28
1
-20
-27
-17
-2
5
5
-2
-7
-6
-3
-3
3
12
22
22
7
-13
-30
-27
-12
10
20
12
-2
-8
0
17
36
36
17
-10
-33
-39
-28
-6
9
11
7
3
7
14
14
7
-4
-16
-21
-15
-9
-5
-3
-5
-1
1
7
13
12
10
0
-10
-20
-24
-20
-11
-3
1
4
9
14
12
6
4
3
4
1
-2
-5
-11
-16
-11
4
19
27
20
14
12
19
26
29
20
7
-5
-7
-3
-1
1
-1
-1
8
19
25
17
-2
-21
-36
-45
-40
-29
-20
-15
-11
-10
-7
-1
1
-8
-24
-32
-31
-19
6
21
26
19
6
-4
-9
-4
2
14
23
23
18
5
-4
-8
-5
5
21
36
36
22
6
-8
-4
10
20
19
4
-15
-25
-20
-3
14
21
12
-7
-19
-26
-27
-22
-18
-13
-13
-19
-28
-28
-19
-4
13
26
27
22
11
-4
-9
-8
-2
2
1
-4
3
21
31
33
17
-5
-23
-20
0
22
26
8
-20
-39
-38
-15
23
53
57
38
6
-15
-14
-1
8
6
-9
-24
-24
-10
8
18
7
-7
-13
-12
5
21
21
1
-32
-58
-59
-33
8
38
41
19
-5
-18
-14
0
11
14
10
-1
-16
-24
-23
-11
6
18
23
19
11
3
-5
-12
-14
-14
-10
-4
2
6
8
14
21
23
16
0
-10
-12
-10
-7
-10
-11
-6
6
19
20
12
-1
-12
-19
-13
-3
4
5
0
-3
-2
3
9
10
6
5
8
13
17
11
-3
-17
-25
-15
7
20
23
11
-3
-6
-6
-8
-12
-16
-12
0
12
15
10
-1
-13
-19
-17
-11
-6
0
1
-1
1
-2
-3
-5
-9
-6
1
8
8
4
-1
-2
1
0
-2
-4
-8
-9
-11
-6
9
17
20
13
1
-6
1
7
7
3
-6
-9
-5
3
8
10
7
-1
-6
-3
5
9
11
9
1
-6
-12
-13
-10
-1
11
16
15
8
-1
-5
-3
5
8
4
-4
-13
-13
-8
3
8
9
7
6
3
4
3
0
-2
-7
-7
-7
-8
-7
-4
4
9
4
-2
-10
-21
-21
-15
-6
6
8
7
3
-2
-1
-2
-2
-2
-4
-1
-2
-10
-17
-19
-12
-2
12
27
28
20
8
-5
-9
-8
1
8
8
-1
-9
-9
-2
9
20
25
17
3
-14
-20
-15
3
16
17
5
-14
-28
-26
-9
13
31
32
16
-4
-15
-11
2
13
8
-5
-17
-22
-6
17
35
33
9
-23
-47
-48
-24
13
38
38
14
-15
-30
-24
-2
20
30
20
-2
-21
-25
-14
-2
6
11
9
8
6
-1
-9
-17
-13
-4
9
17
9
-14
-32
-37
-23
5
25
26
4
-16
-22
-7
11
16
3
-15
-18
-2
27
45
32
-5
-40
-43
-13
30
54
44
2
-38
-50
-28
8
32
33
19
6
-1
5
14
13
1
-12
-15
-4
9
14
13
3
-6
-11
-13
-10
-7
4
13
8
-1
-17
-24
-20
-8
8
11
4
-4
-5
2
12
11
-4
-19
-25
-15
4
23
24
10
-11
-29
-26
-7
14
24
16
-1
-18
-22
-8
8
18
13
1
-5
-6
1
8
7
2
-1
0
4
11
14
10
2
-7
-13
-9
-1
12
19
12
-7
-21
-22
-10
7
19
12
-7
-19
-18
-6
10
14
7
-4
-8
-5
1
-1
-8
-12
-11
0
14
20
15
3
-13
-19
-9
3
10
9
6
1
-2
-8
-11
-10
-1
16
26
28
14
-2
-13
-11
0
11
14
9
2
-8
-7
-6
-3
0
1
2
1
-9
-20
-31
-32
-16
7
24
20
3
-16
-28
-25
-12
7
21
25
20
10
-3
-14
-14
-3
13
23
19
7
-5
-8
-8
-2
-2
-4
-1
9
18
21
17
6
-4
-8
-12
-12
-7
0
7
15
13
3
-5
-7
-3
-1
-3
-4
-3
1
2
-5
-15
-21
-17
-5
7
15
17
12
3
-10
-21
-29
-22
0
19
29
20
-2
-17
-15
-2
14
22
13
-4
-15
-15
-5
7
11
3
-7
-13
-11
5
20
18
11
2
-5
-1
2
1
-6
-13
-13
-7
4
12
17
10
-2
-10
-10
-5
0
5
6
2
-4
-9
-9
-5
3
8
8
3
-2
-6
1
7
8
7
-1
-4
-4
3
14
14
5
-6
-12
-11
-1
12
18
16
4
-14
-27
-22
-7
17
24
11
-7
-29
-33
-13
17
39
39
19
-14
-36
-40
-22
3
23
33
26
14
-3
-18
-29
-34
-29
-15
9
22
27
15
-7
-23
-29
-22
-4
9
14
11
0
-10
-10
2
18
31
30
10
-11
-25
-22
-2
16
22
12
-2
-7
-3
8
18
16
4
-3
-5
-2
0
-3
-5
-4
-1
3
4
-1
-8
-6
4
18
24
12
-11
-34
-46
-36
-15
5
13
8
3
7
20
30
31
19
-3
-20
-32
-33
-30
-25
-14
0
16
20
17
10
4
3
4
2
2
3
2
0
1
0
-3
-4
-2
5
16
25
26
16
4
-12
-18
-18
-17
-10
0
12
10
3
-1
-6
-7
1
7
6
-2
-15
-21
-16
-6
2
4
6
4
5
7
2
-10
-18
-16
-8
6
10
10
6
-1
-7
-14
-13
0
21
33
28
7
-19
-30
-23
-8
4
1
-6
-6
6
23
31
22
7
-2
-6
-7
-12
-21
-21
-13
3
25
29
23
15
2
-11
-19
-24
-21
-6
6
11
12
6
1
7
12
16
13
2
-14
-33
-34
-14
19
40
41
19
-16
-32
-23
-6
8
12
2
-10
-19
-15
5
25
46
48
20
-35
-92
-114
-82
-7
80
129
123
62
-24
-98
-128
-102
-35
40
88
82
22
-45
-72
-38
33
84
72
-6
-94
-119
-61
51
143
144
54
-57
-116
-84
1
69
78
27
-36
-69
-53
-9
33
49
35
14
-7
-30
-54
-60
-28
26
75
84
35
-45
-95
-80
-15
60
86
55
-6
-55
-57
-19
28
50
35
-4
-37
-36
-5
32
45
15
-28
-56
-40
0
40
49
27
-10
-37
-24
8
38
41
11
-32
-47
-19
29
58
43
-8
-60
-75
-36
29
78
79
21
-56
-107
-103
-38
38
88
84
31
-33
-71
-64
-23
30
59
55
20
-23
-48
-43
-15
16
31
26
9
-6
-12
-4
5
11
11
5
-2
-11
-11
-2
7
17
25
23
11
-3
-12
-15
-15
-8
-1
1
2
0
-7
-16
-15
-4
11
20
12
-6
-23
-25
-7
20
36
26
-10
-43
-49
-23
18
45
44
18
-10
-28
-22
4
26
33
25
10
-13
-26
-28
-19
-5
17
32
28
6
-28
-48
-47
-26
4
27
33
18
-2
-18
-21
-12
-1
11
16
14
12
16
14
2
-11
-28
-28
-13
16
41
43
23
-9
-38
-42
-21
10
35
43
25
0
-17
-24
-19
-9
2
7
10
11
4
-9
-21
-26
-13
4
23
32
23
6
-15
-33
-39
-30
-4
22
38
30
6
-20
-31
-28
-14
-2
5
10
15
21
18
5
-12
-24
-20
-6
5
17
17
10
6
1
-5
-14
-22
-19
-4
24
43
36
12
-19
-36
-30
-14
8
22
27
22
7
-8
-16
-20
-15
-4
5
6
3
-4
-5
4
15
16
3
-15
-29
-29
-17
4
22
35
41
34
12
-14
-41
-45
-27
-3
16
21
8
-5
-9
-2
13
20
26
23
19
14
-1
-24
-47
-57
-39
1
40
61
52
23
-10
-36
-45
-43
-29
-6
19
29
17
-11
-37
-41
-16
27
62
61
32
-6
-38
-52
-48
-37
-22
0
22
32
21
-1
-16
-12
17
38
36
15
-16
-37
-37
-25
-4
15
33
49
44
25
-1
-21
-29
-17
6
18
13
0
-16
-28
-25
-8
12
28
34
26
2
-22
-39
-37
-23
-8
4
11
16
21
23
20
9
-7
-17
-19
-19
-16
-14
-10
-4
1
9
16
18
16
11
6
0
-9
-20
-26
-23
-6
15
24
22
10
-5
-4
7
18
18
7
-10
-24
-26
-13
8
22
20
6
-8
-20
-18
-2
19
31
26
3
-20
-31
-26
-9
8
19
16
8
-2
-7
-9
-10
-12
-17
-22
-26
-24
-9
6
14
16
15
13
13
13
7
-2
-6
-7
-2
2
1
-2
-6
2
17
29
27
12
-3
-10
-7
-2
-5
-11
-11
-7
4
18
19
9
-3
-9
-1
7
10
11
2
-13
-23
-25
-22
-6
18
38
44
28
-6
-36
-48
-37
-17
-3
4
5
0
0
-3
-8
-6
1
8
13
9
-5
-11
-6
7
18
12
-4
-18
-17
1
25
34
21
-6
-28
-29
-17
3
15
15
9
-5
-17
-23
-14
7
26
32
19
-6
-28
-31
-10
15
31
28
5
-18
-26
-13
12
24
15
-7
-20
-15
5
22
27
11
-12
-23
-20
-5
11
19
17
12
9
1
-17
-41
-46
-26
12
49
54
23
-21
-44
-37
-12
12
22
19
3
-9
-13
-7
2
4
1
-7
-8
-1
14
32
39
23
-12
-45
-59
-41
8
51
67
43
-9
-56
-72
-49
0
46
64
43
1
-37
-53
-38
-3
30
40
32
11
-13
-26
-26
-18
-5
2
9
16
17
15
4
-10
-22
-23
-10
10
25
26
16
-6
-19
-17
-4
12
15
5
-11
-15
-2
18
34
35
17
-12
-37
-45
-30
1
30
46
41
15
-12
-32
-34
-23
-5
9
14
11
-2
-11
-11
-5
1
8
9
5
-4
-12
-13
-10
-6
2
6
2
-1
-2
5
8
4
0
-8
-11
-3
7
16
15
7
-1
-10
-10
-3
4
11
17
13
6
-2
-9
-9
-8
-5
4
15
20
11
-8
-26
-32
-18
7
19
14
-3
-19
-20
-14
-1
7
6
3
-3
1
6
7
6
4
4
1
-3
-6
-6
1
13
19
15
7
-1
-4
-6
-9
-10
-9
-1
6
8
10
6
4
-1
-7
-8
-10
-7
3
14
18
15
7
-3
-9
-12
-13
-11
-9
-3
9
14
7
-11
-30
-34
-15
16
41
42
17
-15
-31
-26
-12
2
9
3
4
11
13
11
6
-6
-18
-30
-33
-18
6
31
44
25
-13
-43
-44
-18
18
46
45
24
-1
-15
-6
5
9
4
-8
-15
-13
-7
0
5
8
12
14
12
5
-8
-23
-33
-30
-13
9
27
30
18
1
-9
-7
3
18
14
-6
-27
-36
-20
10
32
28
7
-14
-16
3
31
48
36
6
-36
-69
-74
-40
16
69
84
50
-11
-67
-81
-48
9
57
66
35
-11
-49
-64
-49
-17
20
42
44
35
14
-15
-37
-46
-46
-24
9
37
46
31
0
-28
-33
-13
20
44
41
20
-8
-27
-31
-29
-20
-9
3
14
28
36
25
1
-21
-33
-26
-8
8
19
16
11
1
-2
-9
-13
-4
9
25
35
29
9
-16
-34
-37
-25
-3
22
40
42
28
1
-28
-37
-25
4
29
27
3
-29
-45
-38
-9
23
42
42
25
2
-27
-53
-61
-45
-9
25
47
41
14
-14
-27
-15
10
28
21
-6
-29
-38
-27
-11
8
21
23
23
19
5
-4
-9
-3
8
4
-14
-32
-32
-9
33
63
60
32
-7
-33
-36
-21
-4
4
5
1
1
-4
-16
-19
-7
17
44
53
30
-15
-59
-71
-49
-11
21
35
22
3
-2
5
22
29
20
0
-20
-30
-26
-14
-4
-1
2
3
8
10
9
6
2
1
0
9
17
12
-6
-32
-51
-45
-19
13
36
39
30
22
17
9
-10
-40
-60
-58
-28
20
52
44
6
-34
-42
-16
27
60
60
31
-10
-35
-40
-28
-2
22
32
30
16
-8
-20
-18
-13
0
9
7
-5
-14
-12
2
15
23
20
4
-7
-10
-2
13
20
17
6
-11
-25
-29
-22
-2
24
35
25
-6
-41
-51
-27
13
40
33
2
-36
-45
-25
7
32
28
8
-17
-20
-8
3
6
-4
-14
-11
-4
7
9
-2
-7
-12
-10
-5
-2
0
6
18
24
14
-5
-26
-33
-14
13
33
37
23
-2
-12
-3
2
3
1
-2
0
3
5
3
-5
-10
-4
0
3
4
1
3
2
6
4
2
2
5
11
16
12
0
-8
-8
-4
3
4
-4
-7
-1
3
3
0
-7
-12
-9
-4
3
4
-2
-5
-6
-2
3
4
-1
-3
0
5
5
2
-9
-20
-19
-8
3
2
-2
-1
-3
-2
-1
0
0
2
2
0
1
1
0
-5
-10
-10
-6
-1
-1
-3
2
11
13
10
1
-1
1
3
5
6
4
0
-1
1
4
8
11
7
-1
-10
-11
-3
9
19
16
4
-9
-18
-13
-1
6
9
9
3
-2
-5
-10
-10
-8
-5
3
10
16
11
7
-5
-15
-18
-17
-10
1
11
18
12
-2
-15
-20
-12
2
18
20
5
-14
-26
-18
3
19
24
18
3
-5
-4
5
8
4
-4
-10
-8
0
5
6
0
-8
-10
-8
-7
-4
-2
3
13
15
10
4
-7
-16
-16
-9
1
13
15
7
-1
-7
-5
-5
-10
-15
-17
-12
-4
2
1
3
2
3
7
8
12
15
14
13
6
2
3
-2
-8
-13
-9
1
6
9
7
-2
-6
-10
-8
1
4
8
6
4
3
5
9
10
4
-2
-5
-4
2
8
2
-6
-11
-8
0
8
9
-3
-15
-19
-13
-4
1
1
-5
-10
-6
-3
1
1
-3
-2
0
-3
-6
-4
-3
-1
2
1
-4
-7
-8
-2
10
17
12
1
-6
-5
1
8
12
10
4
3
6
14
15
9
2
-6
-6
-1
3
5
0
0
5
9
8
2
-7
-5
-4
-2
1
0
-3
-8
-13
-16
-13
-5
2
4
3
0
1
5
2
-4
-8
-12
-5
1
1
4
7
10
7
0
-5
-6
-5
-1
3
-1
-5
-5
0
2
-1
0
3
12
21
22
10
-10
-21
-23
-13
-3
-1
-2
-2
1
4
3
-2
-4
-5
-1
1
-2
-11
-14
-7
3
9
6
1
-4
-3
6
12
8
-2
-12
-9
0
9
21
17
7
-2
-13
-13
-4
4
10
10
6
0
-3
2
6
6
6
5
6
5
3
3
2
3
5
1
-4
-9
-13
-9
1
8
10
4
-1
-3
-5
-6
-6
-3
3
9
8
0
-10
-14
-15
-14
-7
3
11
11
1
-10
-17
-19
-12
4
15
15
6
-2
-3
-2
3
4
-4
-12
-10
-2
10
15
4
-12
-18
-13
1
20
24
16
1
-14
-21
-17
-5
9
13
11
4
-3
-2
1
0
-1
3
10
14
9
0
-8
-12
-10
-7
4
21
29
23
1
-28
-39
-26
6
32
38
19
-11
-32
-36
-18
13
40
43
17
-23
-56
-49
-18
19
37
23
0
-17
-22
-8
12
28
25
9
-2
-6
0
5
2
-1
0
8
12
4
-4
-6
-3
1
3
1
-8
-18
-24
-14
1
14
15
6
-8
-17
-16
-14
-14
-3
9
23
32
22
-4
-31
-45
-38
-9
26
49
43
9
-30
-55
-49
-15
25
47
38
8
-23
-31
-9
26
49
40
8
-26
-40
-22
13
40
40
11
-30
-53
-44
-8
37
60
47
9
-27
-51
-46
-22
8
30
31
15
-6
-15
-12
-10
-8
-15
-17
-5
14
29
22
-2
-29
-45
-29
7
46
64
46
5
-33
-45
-33
0
33
41
24
-5
-25
-28
-13
13
30
34
19
-10
-35
-40
-26
5
28
29
11
-13
-25
-18
-2
10
2
-14
-15
-2
22
33
18
-16
-48
-53
-25
32
85
93
44
-43
-110
-116
-47
55
128
127
41
-77
-154
-133
-28
88
152
118
14
-86
-125
-91
-7
73
104
73
-1
-68
-97
-71
-9
55
93
84
29
-47
-104
-101
-28
74
137
107
1
-111
-147
-78
44
138
142
48
-84
-163
-136
-25
107
170
124
2
-118
-164
-111
6
107
133
75
-32
-112
-110
-33
62
117
89
-7
-104
-138
-76
46
153
173
79
-71
-184
-192
-80
88
221
230
102
-76
-199
-192
-62
105
191
138
-3
-128
-146
-53
70
127
71
-54
-149
-136
-17
128
195
134
-16
-160
-213
-149
-4
135
195
157
50
-69
-153
-179
-136
-35
84
175
180
76
-87
-221
-232
-108
75
210
198
60
-105
-197
-161
-38
92
157
140
70
-1
-44
-55
-36
11
63
92
78
18
-45
-64
-17
63
106
72
-23
-112
-128
-53
67
144
108
-23
-162
-219
-152
-6
129
179
127
25
-70
-114
-88
-27
43
96
123
119
96
52
-7
-45
-38
15
86
134
121
57
-20
-70
-67
-23
19
16
-18
-55
-69
-38
12
49
45
19
9
37
94
130
112
48
-28
-81
-107
-130
-195
-302
-431
-534
-568
-552
-518
-500
-486
-418
-287
-107
77
229
336
413
504
608
723
801
801
746
668
609
585
548
473
359
230
134
106
131
165
139
21
-158
-314
-366
-311
-223
-216
-343
-553
-742
-808
-765
-666
-603
-649
-754
-866
-910
-843
-730
-617
-546
-518
-489
-429
-330
-206
-68
63
172
262
339
432
558
699
845
952
1008
1029
1044
1086
1164
1249
1306
1302
1228
1114
1001
916
869
831
764
637
436
201
-20
-191
-291
-349
-428
-550
-732
-936
-1106
-1228
-1307
-1384
-1486
-1586
-1663
-1692
-1678
-1660
-1638
-1628
-1585
-1462
-1268
-995
-692
-383
-52
275
612
962
1275
1586
1887
2134
2356
2481
2490
2453
2332
2196
2076
1851
1599
1287
897
595
321
75
-106
-386
-683
-944
-1244
-1416
-1526
-1654
-1675
-1753
-1831
-1804
-1831
-1783
-1703
-1705
-1621
-1550
-1457
-1239
-1076
-902
-735
-669
-527
-358
-166
124
355
574
782
910
1068
1215
1333
1476
1569
1657
1739
1745
1713
1612
1448
1302
1154
1014
875
691
485
275
81
-67
-179
-257
-298
-304
-274
-199
-82
44
156
231
253
259
276
320
394
456
457
403
299
174
68
-19
-71
-114
-191
-302
-451
-611
-739
-837
-908
-975
-1075
-1191
-1321
-1464
-1625
-1817
-2020
-2209
-2348
-2429
-2490
-2565
-2653
-2694
-2614
-2363
-1954
-1443
-892
-338
215
773
1348
1932
2501
3043
3521
3895
4145
4251
4251
4177
4029
3798
3461
3028
2571
2144
1771
1434
1068
653
244
-111
-365
-530
-687
-878
-1093
-1325
-1529
-1681
-1823
-1953
-2084
-2232
-2337
-2410
-2469
-2474
-2493
-2523
-2504
-2467
-2341
-2122
-1913
-1715
-1574
-1526
-1453
-1318
-1107
-796
-466
-137
175
450
716
1008
1343
1750
2210
2700
3137
3497
3781
3975
4145
4289
4332
4280
4026
3570
3045
2433
1853
1373
850
359
-132
-685
-1084
-1414
-1711
-1882
-2156
-2487
-2726
-2967
-3007
-2834
-2686
-2496
-2401
-2505
-2539
-2555
-2525
-2328
-2189
-2139
-2117
-2254
-2376
-2391
-2382
-2246
-2026
-1846
-1600
-1343
-1111
-801
-464
-86
421
997
1612
2278
2906
3504
4094
4603
4994
5289
5433
5458
5381
5134
4719
4209
3588
2944
2358
1781
1275
879
462
72
-310
-757
-1147
-1483
-1828
-2062
-2230
-2380
-2441
-2512
-2643
-2736
-2852
-2964
-3000
-3057
-3073
-3017
-3008
-3029
-3102
-3266
-3358
-3311
-3124
-2783
-2421
-2119
-1837
-1591
-1280
-825
-250
399
1060
1634
2161
2677
3218
3800
4379
4851
5208
5449
5567
5571
5451
5159
4752
4249
3650
3038
2429
1786
1193
624
60
-410
-877
-1355
-1769
-2210
-2610
-2855
-3060
-3177
-3205
-3274
-3301
-3285
-3357
-3384
-3411
-3479
-3409
-3330
-3352
-3362
-3473
-3565
-3436
-3227
-2925
-2535
-2265
-1948
-1510
-1075
-523
94
636
1293
1990
2656
3439
4197
4846
5479
5921
6151
6328
6356
6269
6140
5755
5166
4534
3791
3121
2600
2004
1410
826
130
-472
-985
-1531
-1920
-2242
-2577
-2738
-2922
-3156
-3274
-3469
-3651
-3712
-3887
-4029
-4100
-4293
-4386
-4404
-4501
-4432
-4274
-4124
-3792
-3492
-3251
-2840
-2417
-1887
-1168
-561
-1
600
1109
1759
2550
3279
4057
4775
5285
5765
6115
6293
6490
6598
6573
6488
6146
5587
4938
4130
3324
2628
1912
1260
652
-25
-657
-1263
-1855
-2310
-2675
-3004
-3211
-3435
-3669
-3814
-3949
-4060
-4127
-4303
-4515
-4777
-5087
-5259
-5273
-5201
-4971
-4742
-4550
-4286
-3970
-3511
-2850
-2169
-1442
-690
-45
632
1369
2078
2822
3565
4235
4966
5664
6280
6832
7174
7260
7263
7126
6888
6583
6111
5510
4835
4052
3325
2652
1909
1148
391
-399
-1095
-1700
-2259
-2746
-3254
-3711
-3978
-4132
-4216
-4239
-4357
-4589
-4845
-5060
-5178
-5240
-5305
-5320
-5307
-5250
-5060
-4715
-4295
-3816
-3259
-2607
-1958
-1308
-644
14
633
1306
2041
2834
3549
4183
4787
5355
5859
6416
6921
7249
7376
7331
7151
6855
6426
5937
5348
4549
3627
2694
1763
872
108
-544
-1141
-1767
-2336
-2836
-3278
-3693
-3957
-4138
-4321
-4534
-4686
-4847
-5006
-5123
-5159
-5209
-5315
-5407
-5404
-5400
-5356
-5169
-4853
-4456
-3924
-3245
-2482
-1751
-1042
-262
522
1317
2201
3113
3878
4451
4888
5310
5740
6229
6794
7325
7611
7706
7673
7487
7142
6687
6114
5419
4562
3622
2714
1760
781
-92
-867
-1593
-2225
-2757
-3197
-3625
-4048
-4369
-4639
-4937
-5165
-5293
-5393
-5479
-5506
-5479
-5459
-5484
-5456
-5354
-5263
-5152
-4911
-4556
-4112
-3576
-2919
-2197
-1494
-767
58
880
1681
2508
3340
4093
4741
5336
5901
6390
6808
7208
7548
7745
7839
7839
7652
7242
6639
5919
5089
4172
3257
2371
1423
445
-481
-1351
-2167
-2873
-3447
-3913
-4365
-4745
-4990
-5166
-5309
-5391
-5463
-5571
-5701
-5764
-5771
-5796
-5837
-5813
-5735
-5601
-5310
-4838
-4295
-3729
-3116
-2405
-1648
-879
-33
814
1645
2471
3375
4265
5016
5622
6127
6558
6966
7374
7783
8033
8109
8030
7808
7435
6883
6206
5376
4415
3418
2443
1512
555
-402
-1302
-2133
-2830
-3424
-3898
-4324
-4695
-4932
-5043
-5041
-5021
-5060
-5161
-5417
-5699
-5963
-6164
-6257
-6241
-6062
-5765
-5358
-4825
-4225
-3559
-2908
-2200
-1467
-713
147
991
1859
2639
3364
4044
4624
5153
5642
6077
6521
6889
7242
7464
7589
7632
7563
7377
6986
6421
5691
4810
3823
2743
1605
423
-730
-1682
-2441
-2936
-3341
-3713
-4126
-4546
-4795
-4868
-4849
-4857
-5073
-5374
-5706
-5884
-5891
-5842
-5799
-5790
-5716
-5523
-5202
-4770
-4299
-3792
-3209
-2485
-1602
-667
298
1107
1872
2565
3293
4028
4635
5105
5491
5812
6205
6553
6855
7064
7183
7293
7343
7263
7006
6566
5922
5160
4237
3218
2143
1055
12
-968
-1945
-2755
-3449
-3891
-4122
-4225
-4282
-4393
-4626
-4928
-5306
-5634
-5894
-6060
-6175
-6244
-6256
-6160
-5912
-5577
-5128
-4635
-4039
-3333
-2573
-1813
-1109
-477
242
992
1839
2619
3291
3810
4204
4542
4926
5343
5825
6260
6610
6833
6973
7076
7159
7168
6986
6590
5920
5053
4009
2878
1704
594
-434
-1299
-2093
-2780
-3409
-3928
-4336
-4603
-4762
-4859
-4976
-5160
-5417
-5660
-5813
-5813
-5719
-5621
-5568
-5535
-5407
-5107
-4619
-4032
-3430
-2870
-2323
-1711
-944
-72
896
1749
2483
3025
3482
3894
4316
4726
5132
5491
5813
6058
6277
6477
6717
6977
7174
7212
6967
6441
5627
4640
3524
2360
1163
-15
-1125
-2056
-2798
-3288
-3634
-3854
-4049
-4224
-4390
-4558
-4726
-4937
-5203
-5483
-5725
-5840
-5811
-5634
-5380
-5114
-4856
-4604
-4291
-3897
-3410
-2842
-2245
-1598
-904
-162
637
1398
2153
2818
3451
3985
4404
4680
4854
5012
5267
5624
6079
6501
6836
7024
7055
6924
6586
6031
5203
4172
3018
1850
751
-252
-1149
-1914
-2541
-2952
-3232
-3414
-3633
-3924
-4274
-4623
-4872
-5022
-5101
-5148
-5218
-5262
-5284
-5237
-5122
-4958
-4722
-4446
-4082
-3646
-3140
-2559
-1943
-1256
-540
202
973
1675
2323
2842
3288
3669
3977
4240
4443
4661
4947
5335
5846
6368
6856
7172
7240
7029
6510
5787
4899
3935
2927
1862
776
-313
-1305
-2106
-2697
-3025
-3212
-3337
-3511
-3778
-4096
-4440
-4731
-4984
-5192
-5331
-5414
-5376
-5263
-5102
-4925
-4797
-4668
-4532
-4298
-3909
-3361
-2669
-1971
-1295
-662
-11
746
1562
2378
3033
3459
3687
3809
3995
4308
4725
5166
5530
5837
6131
6485
6893
7202
7247
6879
6101
5019
3785
2543
1369
303
-621
-1371
-1913
-2286
-2548
-2797
-3092
-3436
-3794
-4119
-4407
-4669
-4928
-5179
-5361
-5419
-5313
-5084
-4830
-4629
-4505
-4390
-4215
-3919
-3501
-3003
-2449
-1869
-1209
-450
367
1169
1814
2255
2513
2707
2973
3319
3714
4038
4275
4496
4811
5329
6009
6715
7246
7448
7263
6721
5936
4985
3907
2731
1498
309
-718
-1471
-1909
-2105
-2194
-2351
-2687
-3223
-3870
-4459
-4853
-4999
-4986
-4941
-4967
-5070
-5147
-5096
-4872
-4530
-4204
-3983
-3904
-3880
-3751
-3381
-2720
-1886
-1044
-311
285
839
1403
1977
2504
2890
3114
3203
3255
3394
3718
4244
4903
5592
6227
6764
7177
7424
7417
7069
6359
5329
4061
2684
1335
157
-731
-1318
-1664
-1903
-2161
-2519
-2997
-3542
-4049
-4430
-4677
-4852
-5042
-5259
-5420
-5428
-5251
-4965
-4680
-4455
-4283
-4114
-3902
-3634
-3314
-2929
-2441
-1824
-1076
-236
585
1285
1792
2134
2407
2702
3042
3352
3564
3677
3795
4052
4505
5120
5794
6414
6904
7204
7252
6968
6304
5274
3969
2552
1203
59
-809
-1415
-1794
-2011
-2132
-2256
-2517
-2987
-3631
-4286
-4777
-5022
-5080
-5079
-5108
-5177
-5205
-5101
-4837
-4455
-4073
-3798
-3654
-3566
-3395
-3037
-2480
-1779
-1015
-236
505
1159
1666
2024
2292
2549
2860
3201
3511
3755
3975
4272
4729
5367
6103
6784
7262
7421
7217
6676
5845
4780
3531
2201
933
-140
-926
-1452
-1775
-1993
-2196
-2459
-2853
-3391
-4014
-4598
-5018
-5225
-5258
-5217
-5176
-5159
-5116
-4980
-4742
-4443
-4164
-3953
-3787
-3603
-3299
-2830
-2201
-1455
-665
90
744
1278
1719
2118
2526
2939
3309
3576
3751
3931
4251
4792
5504
6225
6793
7105
7169
7021
6674
6098
5258
4204
3019
1851
795
-109
-853
-1451
-1903
-2239
-2501
-2778
-3140
-3593
-4085
-4533
-4878
-5118
-5268
-5350
-5337
-5221
-5013
-4751
-4507
-4317
-4181
-4050
-3865
-3570
-3125
-2510
-1756
-943
-176
438
875
1194
1522
1952
2468
2969
3337
3527
3618
3773
4140
4756
5537
6309
6896
7175
7133
6817
6294
5595
4714
3659
2485
1320
300
-466
-982
-1326
-1605
-1922
-2322
-2806
-3344
-3882
-4367
-4753
-5021
-5175
-5229
-5201
-5111
-4972
-4807
-4626
-4438
-4238
-4039
-3812
-3521
-3143
-2649
-2054
-1395
-716
-85
456
889
1235
1567
1952
2401
2850
3207
3440
3630
3925
4429
5140
5935
6670
7218
7502
7490
7156
6504
5562
4398
3103
1824
707
-146
-709
-1060
-1320
-1601
-1968
-2418
-2924
-3435
-3928
-4407
-4860
-5255
-5524
-5615
-5514
-5272
-4984
-4732
-4543
-4409
-4286
-4138
-3927
-3631
-3216
-2663
-1982
-1225
-484
171
703
1111
1450
1774
2107
2442
2749
3018
3276
3593
4049
4693
5508
6390
7187
7731
7911
7684
7077
6151
4990
3698
2382
1179
197
-492
-910
-1143
-1316
-1559
-1943
-2477
-3120
-3783
-4381
-4840
-5122
-5244
-5231
-5131
-4993
-4828
-4652
-4474
-4301
-4152
-4035
-3931
-3795
-3560
-3163
-2605
-1914
-1170
-443
213
794
1312
1785
2207
2550
2802
2976
3131
3354
3727
4283
4987
5763
6504
7117
7509
7626
7427
6875
5969
4745
3313
1842
532
-456
-1053
-1339
-1457
-1586
-1842
-2254
-2785
-3367
-3935
-4441
-4856
-5168
-5361
-5417
-5360
-5220
-5032
-4824
-4580
-4308
-4022
-3760
-3537
-3344
-3111
-2771
-2271
-1621
-879
-113
616
1265
1811
2247
2574
2816
3015
3211
3464
3809
4259
4795
5373
5942
6457
6888
7182
7279
7080
6500
5513
4193
2713
1314
190
-574
-1038
-1356
-1679
-2076
-2516
-2911
-3215
-3449
-3728
-4142
-4693
-5272
-5706
-5856
-5700
-5332
-4919
-4596
-4399
-4268
-4092
-3781
-3322
-2776
-2228
-1753
-1360
-1012
-638
-182
373
994
1609
2126
2502
2742
2914
3116
3441
3931
4573
5296
6026
6679
7189
7490
7516
7202
6520
5492
4209
2842
1566
516
-239
-736
-1078
-1369
-1701
-2112
-2610
-3167
-3740
-4280
-4731
-5038
-5188
-5192
-5091
-4943
-4778
-4601
-4410
-4200
-3979
-3775
-3605
-3445
-3228
-2875
-2362
-1721
-1049
-429
94
560
1044
1588
2163
2662
3000
3156
3217
3316
3582
4076
4758
5519
6233
6786
7104
7140
6870
6289
5434
4362
3173
1982
873
-82
-839
-1393
-1747
-1945
-2083
-2271
-2600
-3109
-3744
-4378
-4883
-5176
-5269
-5235
-5159
-5080
-4989
-4843
-4610
-4295
-3935
-3580
-3245
-2922
-2577
-2176
-1688
-1115
-504
80
582
1009
1401
1806
2234
2652
3005
3268
3477
3727
4126
4715
5449
6218
6870
7280
7374
7130
6558
5712
4668
3515
2373
1318
402
-353
-961
-1437
-1808
-2136
-2478
-2906
-3436
-4023
-4568
-4975
-5190
-5221
-5132
-5006
-4893
-4793
-4681
-4532
-4339
-4114
-3869
-3593
-3260
-2835
-2325
-1779
-1244
-756
-299
183
730
1318
1871
2287
2537
2692
2867
3174
3640
4226
4875
5525
6142
6690
7113
7325
7238
6795
6006
4950
3730
2476
1310
328
-418
-934
-1287
-1569
-1881
-2287
-2779
-3309
-3828
-4294
-4704
-5052
-5320
-5462
-5418
-5182
-4823
-4457
-4216
-4147
-4179
-4165
-3966
-3527
-2918
-2264
-1688
-1208
-755
-252
347
977
1536
1946
2203
2374
2546
2768
3054
3400
3820
4355
5015
5757
6471
7026
7316
7300
6987
6392
5531
4421
3136
1824
667
-197
-742
-1077
-1345
-1662
-2075
-2553
-3060
-3572
-4089
-4606
-5059
-5365
-5464
-5350
-5102
-4835
-4639
-4525
-4439
-4306
-4089
-3790
-3450
-3096
-2718
-2289
-1777
-1198
-604
-41
449
880
1300
1739
2169
2555
2855
3075
3283
3584
4070
4760
5590
6423
7100
7489
7534
7239
6633
5766
4687
3466
2201
1017
37
-658
-1079
-1308
-1473
-1702
-2058
-2551
-3139
-3752
-4333
-4836
-5222
-5467
-5544
-5449
-5214
-4905
-4602
-4351
-4161
-4008
-3843
-3638
-3371
-3024
-2593
-2058
-1416
-717
-36
571
1078
1514
1912
2275
2587
2818
2991
3197
3537
4072
4774
5540
6242
6794
7158
7318
7238
6855
6120
5050
3756
2416
1224
314
-298
-694
-1015
-1370
-1810
-2303
-2789
-3251
-3708
-4187
-4701
-5180
-5528
-5660
-5570
-5324
-5010
-4724
-4502
-4326
-4159
-3957
-3690
-3346
-2921
-2426
-1894
-1366
-869
-395
89
629
1209
1776
2230
2519
2671
2786
2995
3379
3943
4617
5323
5982
6550
6984
7229
7224
6908
6261
5314
4137
2851
1601
522
-282
-797
-1092
-1287
-1515
-1870
-2358
-2934
-3517
-4036
-4465
-4805
-5068
-5236
-5272
-5175
-4968
-4704
-4439
-4209
-4019
-3856
-3675
-3439
-3124
-2707
-2215
-1674
-1110
-559
-39
460
934
1388
1811
2176
2489
2747
2977
3233
3571
4038
4639
5331
6033
6634
7025
7142
6937
6413
5628
4646
3552
2436
1365
420
-330
-870
-1213
-1456
-1713
-2070
-2557
-3126
-3680
-4149
-4489
-4717
-4859
-4934
-4954
-4920
-4834
-4717
-4592
-4457
-4297
-4079
-3760
-3338
-2834
-2301
-1788
-1302
-834
-352
164
702
1224
1672
2006
2223
2367
2511
2738
3107
3634
4286
4990
5682
6297
6776
7048
7047
6724
6069
5129
3999
2813
1701
761
55
-439
-784
-1072
-1403
-1819
-2315
-2845
-3350
-3804
-4206
-4554
-4827
-4992
-5019
-4897
-4680
-4438
-4254
-4154
-4103
-4051
-3924
-3678
-3314
-2844
-2299
-1725
-1154
-608
-84
440
961
1459
1892
2222
2463
2655
2849
3114
3487
3980
4587
5268
5960
6580
7010
7151
6944
6378
5520
4464
3313
2173
1117
224
-469
-966
-1297
-1534
-1766
-2059
-2447
-2924
-3452
-3970
-4420
-4759
-4970
-5047
-5014
-4904
-4739
-4546
-4346
-4167
-4017
-3875
-3695
-3417
-2996
-2435
-1785
-1125
-528
-22
404
799
1199
1613
2012
2355
2624
2828
3016
3258
3618
4132
4793
5536
6259
6835
7126
7037
6547
5714
4676
3572
2514
1564
727
10
-580
-1022
-1308
-1498
-1691
-2001
-2507
-3183
-3899
-4498
-4864
-4971
-4893
-4745
-4629
-4577
-4547
-4491
-4368
-4171
-3917
-3638
-3364
-3100
-2805
-2424
-1894
-1202
-422
312
891
1270
1502
1702
1956
2283
2608
2865
3042
3227
3546
4083
4806
5592
6286
6768
6972
6856
6412
5653
4629
3451
2257
1165
270
-395
-833
-1075
-1194
-1302
-1512
-1909
-2472
-3112
-3708
-4178
-4513
-4750
-4915
-5004
-4991
-4845
-4596
-4297
-4018
-3822
-3707
-3608
-3430
-3094
-2596
-2019
-1461
-980
-546
-80
471
1072
1631
2035
2242
2327
2385
2536
2845
3308
3913
4604
5299
5929
6385
6597
6554
6251
5710
4962
4006
2923
1851
922
273
-106
-339
-561
-913
-1389
-1899
-2388
-2831
-3256
-3713
-4164
-4539
-4771
-4826
-4769
-4670
-4546
-4416
-4262
-4088
-3937
-3789
-3605
-3336
-2920
-2382
-1806
-1235
-717
-239
255
750
1218
1619
1899
2083
2224
2366
2567
2855
3243
3755
4371
5059
5771
6390
6800
6898
6587
5872
4845
3644
2468
1464
706
184
-191
-499
-793
-1098
-1389
-1695
-2069
-2537
-3112
-3730
-4275
-4660
-4821
-4768
-4598
-4412
-4288
-4265
-4302
-4303
-4193
-3909
-3470
-2963
-2464
-2034
-1664
-1270
-779
-182
468
1045
1445
1651
1698
1701
1767
1947
2252
2675
3205
3844
4561
5304
5998
6526
6791
6719
6272
5483
4437
3265
2130
1175
480
41
-214
-397
-591
-868
-1244
-1710
-2240
-2799
-3354
-3864
-4284
-4564
-4679
-4622
-4424
-4162
-3908
-3730
-3650
-3623
-3580
-3446
-3197
-2873
-2520
-2166
-1821
-1437
-997
-506
24
543
997
1352
1585
1721
1819
1974
2279
2765
3387
4082
4762
5380
5923
6346
6584
6544
6127
5322
4219
2983
1846
980
452
221
135
31
-217
-657
-1251
-1911
-2538
-3061
-3454
-3735
-3931
-4072
-4166
-4193
-4160
-4075
-3966
-3883
-3847
-3848
-3844
-3773
-3585
-3266
-2827
-2288
-1682
-1055
-463
42
432
708
913
1091
1277
1494
1743
2033
2364
2755
3214
3764
4409
5119
5831
6413
6722
6631
6102
5204
4102
2978
1979
1201
676
377
219
90
-127
-505
-1038
-1681
-2347
-2974
-3526
-3980
-4324
-4525
-4561
-4445
-4229
-4004
-3845
-3781
-3798
-3837
-3819
-3685
-3402
-2984
-2487
-1972
-1504
-1112
-774
-439
-60
371
808
1187
1443
1587
1665
1772
2012
2447
3105
3934
4817
5618
6201
6485
6462
6165
5652
4975
4181
3318
2455
1680
1078
680
436
240
-32
-475
-1114
-1876
-2649
-3316
-3795
-4078
-4202
-4215
-4165
-4078
-3971
-3866
-3788
-3771
-3810
-3871
-3904
-3844
-3671
-3384
-2997
-2525
-1988
-1398
-784
-187
356
818
1175
1407
1514
1541
1555
1654
1932
2421
3078
3822
4553
5208
5756
6165
6406
6420
6127
5505
4603
3547
2518
1671
1087
746
541
331
10
-470
-1077
-1744
-2398
-2994
-3519
-3975
-4336
-4570
-4648
-4572
-4386
-4164
-3986
-3899
-3895
-3904
-3848
-3695
-3449
-3147
-2812
-2443
-2012
-1494
-923
-364
114
478
727
906
1046
1195
1385
1649
2027
2545
3199
3957
4742
5462
6028
6367
6465
6351
6053
5584
4935
4090
3128
2198
1457
982
691
427
63
-449
-1053
-1687
-2318
-2959
-3598
-4157
-4529
-4655
-4578
-4406
-4238
-4123
-4041
-3964
-3888
-3815
-3739
-3641
-3502
-3313
-3073
-2757
-2340
-1811
-1206
-617
-120
261
573
896
1254
1600
1851
1982
2082
2302
2782
3544
4465
5356
6037
6417
6512
6380
6064
5571
4906
4092
3206
2351
1612
1025
583
235
-80
-439
-904
-1495
-2181
-2884
-3518
-4011
-4335
-4504
-4550
-4501
-4396
-4263
-4123
-3999
-3907
-3855
-3827
-3790
-3696
-3506
-3201
-2780
-2262
-1681
-1081
-511
-6
424
777
1070
1307
1492
1645
1793
1983
2278
2725
3357
4146
5010
5823
6448
6786
6785
6455
5860
5089
4218
3329
2483
1730
1100
596
212
-93
-377
-714
-1183
-1823
-2609
-3429
-4134
-4615
-4833
-4830
-4693
-4489
-4263
-4052
-3900
-3852
-3903
-3983
-3974
-3810
-3501
-3120
-2725
-2313
-1846
-1280
-664
-88
366
664
862
1029
1219
1443
1675
1927
2247
2710
3370
4202
5103
5942
6573
6911
6937
6663
6130
5383
4474
3492
2532
1699
1062
614
293
15
-303
-712
-1221
-1836
-2532
-3259
-3953
-4506
-4840
-4922
-4782
-4517
-4245
-4056
-3987
-4003
-4029
-4012
-3926
-3798
-3655
-3478
-3209
-2774
-2140
-1357
-546
147
625
878
988
1068
1216
1457
1746
2046
2367
2739
3231
3868
4631
5457
6228
6800
7047
6881
6305
5442
4460
3521
2721
2061
1512
1038
605
204
-201
-668
-1229
-1896
-2630
-3320
-3885
-4262
-4436
-4465
-4411
-4329
-4259
-4209
-4195
-4223
-4270
-4301
-4256
-4088
-3804
-3441
-3051
-2656
-2220
-1698
-1083
-437
141
559
822
1002
1190
1441
1720
1991
2259
2616
3183
3993
4956
5887
6596
6967
6998
6748
6284
5637
4825
3887
2918
2049
1391
978
737
541
242
-263
-974
-1831
-2717
-3494
-4076
-4421
-4553
-4542
-4451
-4332
-4216
-4110
-4035
-4009
-4041
-4120
-4203
-4225
-4130
-3870
-3434
-2846
-2160
-1460
-831
-338
16
282
541
840
1157
1442
1662
1857
2123
2561
3200
3980
4775
5483
6054
6470
6719
6743
6475
5906
5105
4200
3327
2558
1902
1342
839
382
-55
-529
-1088
-1757
-2498
-3218
-3813
-4221
-4443
-4529
-4535
-4482
-4374
-4224
-4070
-3974
-3972
-4056
-4172
-4217
-4120
-3854
-3430
-2915
-2362
-1810
-1289
-794
-303
181
631
988
1213
1317
1381
1533
1878
2449
3185
3962
4670
5254
5728
6124
6445
6633
6593
6257
5628
4791
3888
3049
2340
1768
1277
807
329
-200
-803
-1476
-2191
-2882
-3469
-3897
-4157
-4296
-4384
-4440
-4463
-4420
-4320
-4218
-4194
-4290
-4457
-4555
-4458
-4113
-3567
-2956
-2385
-1892
-1447
-988
-506
-28
378
671
885
1065
1270
1531
1837
2211
2686
3302
4057
4889
5680
6302
6682
6800
6687
6384
5889
5190
4305
3325
2394
1654
1160
836
532
104
-513
-1262
-2038
-2730
-3289
-3737
-4099
-4388
-4578
-4643
-4574
-4425
-4291
-4253
-4339
-4484
-4589
-4562
-4361
-4028
-3634
-3229
-2812
-2324
-1736
-1052
-348
260
690
918
1011
1075
1222
1498
1877
2308
2749
3217
3759
4400
5118
5842
6454
6858
6975
6777
6283
5562
4706
3816
2966
2203
1542
968
473
22
-430
-924
-1493
-2131
-2796
-3440
-4014
-4478
-4793
-4915
-4821
-4569
-4276
-4088
-4092
-4246
-4402
-4406
-4194
-3839
-3493
-3252
-3073
-2812
-2330
-1626
-848
-195
232
465
619
816
1058
1316
1558
1815
2168
2675
3327
4055
4774
5432
5987
6410
6658
6679
6454
5995
5343
4548
3658
2742
1880
1156
596
172
-206
-630
-1156
-1782
-2453
-3104
-3674
-4111
-4390
-4513
-4510
-4456
-4412
-4411
-4440
-4449
-4412
-4331
-4234
-4137
-4022
-3848
-3547
-3102
-2529
-1890
-1258
-687
-199
210
554
855
1147
1454
1774
2091
2390
2679
3022
3500
4169
5000
5874
6622
7087
7194
6968
6486
5838
5106
4321
3516
2725
1983
1327
769
280
-201
-741
-1372
-2081
-2798
-3444
-3949
-4297
-4509
-4626
-4677
-4689
-4677
-4664
-4661
-4665
-4664
-4649
-4613
-4540
-4403
-4155
-3754
-3195
-2516
-1802
-1142
-577
-117
255
568
830
1058
1274
1509
1790
2146
2585
3116
3742
4458
5239
6007
6663
7097
7222
7017
6524
5825
5022
4191
3386
2647
2004
1475
1020
578
69
-566
-1301
-2077
-2801
-3411
-3892
-4255
-4520
-4701
-4778
-4747
-4644
-4524
-4464
-4498
-4593
-4675
-4663
-4528
-4295
-4004
-3652
-3201
-2607
-1890
-1139
-460
62
426
695
929
1169
1398
1604
1805
2067
2469
3064
3820
4639
5410
6036
6498
6801
6950
6915
6644
6089
5277
4308
3329
2471
1799
1288
854
406
-133
-772
-1481
-2182
-2822
-3381
-3849
-4235
-4519
-4686
-4738
-4712
-4672
-4677
-4728
-4784
-4801
-4737
-4599
-4401
-4163
-3878
-3516
-3054
-2478
-1826
-1137
-471
108
562
861
1026
1119
1209
1388
1693
2118
2649
3257
3920
4621
5338
6035
6652
7096
7268
7099
6596
5831
4933
4027
3207
2508
1922
1430
964
473
-85
-722
-1411
-2134
-2844
-3500
-4047
-4442
-4686
-4817
-4880
-4913
-4917
-4878
-4808
-4752
-4742
-4776
-4791
-4697
-4432
-3983
-3398
-2747
-2086
-1460
-877
-335
149
546
823
972
1033
1095
1256
1573
2034
2595
3211
3872
4599
5387
6182
6884
7362
7520
7310
6754
5946
5017
4102
3289
2608
2035
1522
1015
466
-145
-818
-1533
-2243
-2894
-3442
-3865
-4188
-4446
-4665
-4829
-4893
-4836
-4691
-4553
-4523
-4646
-4861
-5036
-5026
-4758
-4262
-3631
-2971
-2342
-1752
-1174
-592
-40
439
802
1027
1154
1240
1347
1551
1891
2385
3018
3751
4538
5333
6092
6743
7188
7337
7155
6660
5941
5129
4310
3540
2839
2192
1595
1037
498
-35
-584
-1171
-1800
-2469
-3144
-3767
-4285
-4643
-4824
-4863
-4821
-4764
-4728
-4725
-4747
-4782
-4810
-4809
-4736
-4538
-4199
-3705
-3099
-2451
-1813
-1236
-730
-281
126
506
849
1144
1375
1535
1681
1887
2242
2815
3605
4527
5453
6245
6814
7121
7175
7026
6700
6199
5527
4703
3803
2927
2183
1620
1192
780
275
-388
-1179
-1993
-2736
-3341
-3815
-4213
-4562
-4843
-5012
-5032
-4948
-4853
-4834
-4919
-5055
-5143
-5124
-4981
-4733
-4402
-3981
-3451
-2806
-2074
-1311
-591
19
497
842
1092
1291
1479
1669
1875
2118
2436
2874
3455
4162
4943
5724
6436
7017
7395
7505
7282
6725
5901
4940
3994
3171
2505
1949
1442
916
352
-229
-840
-1487
-2190
-2936
-3660
-4277
-4723
-4985
-5100
-5109
-5074
-5028
-4997
-5004
-5044
-5104
-5139
-5095
-4943
-4674
-4304
-3849
-3293
-2606
-1808
-965
-203
366
715
895
1015
1168
1384
1634
1893
2159
2489
2973
3658
4532
5491
6392
7106
7539
7656
7461
6980
6266
5396
4473
3594
2824
2171
1595
1069
562
52
-476
-1059
-1732
-2498
-3310
-4067
-4659
-5009
-5111
-5030
-4869
-4731
-4683
-4743
-4875
-5019
-5107
-5105
-5008
-4814
-4519
-4100
-3529
-2813
-1982
-1127
-352
268
697
955
1095
1191
1291
1423
1619
1885
2246
2725
3348
4115
4985
5875
6674
7260
7544
7496
7147
6555
5799
4945
4065
3220
2470
1835
1300
810
299
-279
-949
-1680
-2430
-3155
-3803
-4334
-4725
-4956
-5052
-5049
-4994
-4937
-4909
-4941
-5028
-5135
-5204
-5166
-4970
-4603
-4099
-3506
-2869
-2209
-1540
-882
-269
254
661
941
1114
1224
1310
1428
1634
1981
2512
3224
4073
4980
5847
6593
7158
7497
7574
7352
6826
6051
5147
4257
3491
2887
2384
1885
1315
657
-54
-779
-1488
-2196
-2912
-3612
-4235
-4681
-4907
-4931
-4839
-4745
-4730
-4806
-4934
-5067
-5167
-5233
-5261
-5228
-5076
-4745
-4196
-3445
-2565
-1662
-846
-186
302
641
891
1101
1293
1472
1619
1748
1917
2211
2710
3428
4304
5219
6052
6725
7210
7501
7573
7374
6847
6012
4976
3907
2986
2298
1809
1411
976
411
-277
-1039
-1787
-2460
-3057
-3609
-4137
-4627
-5018
-5245
-5278
-5166
-5019
-4950
-5009
-5163
-5313
-5355
-5234
-4962
-4586
-4156
-3678
-3135
-2492
-1754
-965
-212
393
791
987
1050
1084
1188
1399
1719
2112
2566
3082
3697
4438
5290
6189
7011
7612
7879
7769
7319
6627
5808
4948
4078
3208
2354
1560
880
331
-115
-545
-1060
-1710
-2471
-3248
-3922
-4410
-4704
-4851
-4938
-5023
-5113
-5179
-5197
-5172
-5138
-5130
-5135
-5100
-4953
-4643
-4158
-3521
-2793
-2028
-1274
-559
82
593
933
1110
1147
1117
1114
1216
1486
1926
2508
3193
3937
4719
5549
6386
7151
7710
7926
7716
7098
6190
5167
4194
3359
2675
2095
1564
1034
478
-114
-760
-1447
-2141
-2787
-3347
-3815
-4209
-4566
-4877
-5098
-5202
-5194
-5126
-5067
-5049
-5065
-5066
-5017
-4896
-4676
-4341
-3856
-3214
-2452
-1645
-900
-295
138
416
593
722
837
957
1112
1333
1652
2102
2704
3467
4364
5317
6222
6948
7394
7515
7327
6897
6317
5656
4965
4270
3589
2929
2297
1677
1056
408
-272
-988
-1730
-2486
-3227
-3900
-4434
-4778
-4922
-4897
-4793
-4700
-4693
-4798
-4999
-5237
-5437
-5522
-5443
-5187
-4768
-4206
-3537
-2794
-2021
-1271
-619
-120
209
406
555
709
900
1120
1341
1585
1894
2347
3000
3858
4840
5808
6617
7164
7416
7404
7183
6811
6311
5687
4955
4135
3298
2527
1875
1362
923
450
-154
-940
-1861
-2797
-3613
-4212
-4575
-4751
-4821
-4854
-4889
-4939
-5008
-5095
-5204
-5335
-5448
-5481
-5366
-5055
-4556
-3930
-3243
-2555
-1900
-1299
-773
-339
8
277
490
669
831
1008
1224
1532
1977
2583
3344
4221
5131
5982
6681
7157
7378
7345
7105
6696
6150
5488
4729
3923
3141
2444
1857
1345
841
272
-385
-1128
-1927
-2724
-3461
-4065
-4494
-4744
-4841
-4850
-4835
-4842
-4890
-4974
-5064
-5134
-5165
-5139
-5036
-4832
-4500
-4032
-3430
-2719
-1949
-1192
-529
-14
329
534
658
762
887
1064
1317
1675
2147
2727
3396
4123
4867
5596
6275
6862
7306
7526
7451
7047
6337
5425
4460
3555
2775
2122
1543
981
395
-196
-777
-1352
-1928
-2527
-3153
-3762
-4300
-4725
-5012
-5176
-5237
-5221
-5162
-5093
-5038
-5008
-4982
-4918
-4775
-4534
-4175
-3710
-3151
-2515
-1835
-1166
-567
-81
254
453
558
639
771
999
1334
1765
2274
2869
3586
4427
5331
6177
6830
7207
7319
7222
6970
6560
5949
5133
4185
3251
2470
1892
1467
1056
539
-109
-849
-1604
-2310
-2957
-3548
-4083
-4523
-4812
-4930
-4912
-4826
-4759
-4757
-4811
-4890
-4950
-4963
-4913
-4785
-4560
-4218
-3731
-3099
-2364
-1598
-904
-361
13
254
442
639
863
1116
1383
1682
2072
2580
3204
3901
4598
5268
5903
6509
7052
7431
7519
7229
6574
5684
4732
3851
3094
2427
1801
1201
638
121
-372
-912
-1562
-2318
-3118
-3840
-4388
-4732
-4900
-4976
-5023
-5056
-5074
-5064
-5045
-5047
-5067
-5070
-5009
-4829
-4521
-4090
-3554
-2921
-2202
-1462
-799
-286
65
300
500
716
938
1144
1330
1571
1953
2525
3264
4060
4808
5479
6097
6699
7263
7657
7717
7354
6600
5622
4630
3755
3050
2473
1955
1467
964
413
-223
-997
-1867
-2734
-3494
-4049
-4400
-4616
-4759
-4895
-5017
-5093
-5112
-5084
-5043
-5023
-5009
-4973
-4880
-4682
-4376
-3971
-3462
-2868
-2202
-1498
-834
-286
108
343
494
637
817
1054
1328
1651
2071
2624
3330
4142
4953
5695
6334
6864
7286
7535
7503
7130
6424
5498
4530
3639
2894
2264
1675
1113
547
-43
-660
-1346
-2087
-2809
-3453
-3950
-4300
-4556
-4756
-4929
-5061
-5112
-5093
-5037
-4984
-4977
-4989
-4971
-4869
-4631
-4257
-3764
-3179
-2549
-1903
-1291
-766
-342
-31
207
430
670
950
1257
1572
1921
2332
2837
3473
4207
4992
5749
6392
6899
7244
7398
7346
7029
6416
5561
4569
3621
2858
2265
1768
1236
578
-152
-891
-1574
-2178
-2763
-3360
-3947
-4488
-4900
-5141
-5223
-5162
-5046
-4963
-4948
-5013
-5096
-5113
-5034
-4840
-4559
-4223
-3796
-3234
-2554
-1797
-1091
-546
-177
35
210
447
747
1103
1440
1713
1959
2252
2703
3378
4217
5113
5915
6522
6957
7236
7350
7261
6888
6230
5390
4493
3658
2915
2214
1536
885
280
-257
-794
-1387
-2067
-2813
-3527
-4094
-4479
-4696
-4830
-4951
-5069
-5151
-5153
-5075
-4983
-4937
-4939
-4945
-4850
-4587
-4159
-3607
-3021
-2444
-1888
-1375
-901
-469
-69
309
657
941
1134
1261
1418
1719
2249
2991
3839
4677
5422
6053
6577
6989
7255
7321
7155
6743
6112
5331
4465
3597
2791
2071
1448
861
263
-358
-1026
-1689
-2307
-2894
-3422
-3901
-4326
-4624
-4808
-4889
-4887
-4912
-4982
-5079
-5205
-5261
-5221
-5100
-4843
-4505
-4102
-3603
-3076
-2515
-1920
-1373
-861
-405
-60
252
522
750
1019
1291
1610
2041
2541
3133
3805
4480
5191
5890
6505
7035
7363
7443
7287
6859
6215
5433
4532
3642
2837
2118
1553
1057
561
51
-587
-1324
-2109
-2935
-3660
-4241
-4667
-4877
-4974
-5008
-5002
-5042
-5080
-5087
-5106
-5091
-5085
-5105
-5039
-4855
-4485
-3885
-3188
-2459
-1779
-1245
-799
-400
-55
303
624
870
1116
1336
1592
1955
2378
2917
3574
4278
5075
5879
6604
7243
7646
7772
7608
7082
6277
5299
4242
3307
2569
1996
1570
1141
630
50
-657
-1429
-2208
-2973
-3633
-4154
-4557
-4821
-5027
-5216
-5322
-5358
-5298
-5165
-5064
-5017
-5011
-5010
-4898
-4636
-4246
-3706
-3078
-2400
-1697
-1092
-631
-327
-169
-16
210
515
915
1307
1661
2039
2479
3073
3840
4689
5564
6368
7007
7471
7679
7578
7180
6505
5702
4910
4194
3608
3096
2585
2050
1458
829
156
-612
-1463
-2367
-3221
-3889
-4340
-4584
-4703
-4803
-4917
-5040
-5157
-5218
-5243
-5266
-5286
-5303
-5265
-5115
-4844
-4428
-3884
-3258
-2568
-1893
-1293
-799
-452
-207
-4
206
467
785
1135
1516
1936
2444
3090
3869
4723
5551
6264
6816
7194
7389
7380
7139
6677
6065
5397
4743
4127
3503
2819
2074
1296
541
-167
-860
-1561
-2273
-2946
-3511
-3948
-4292
-4596
-4896
-5164
-5332
-5374
-5314
-5245
-5249
-5324
-5388
-5324
-5054
-4605
-4084
-3569
-3086
-2591
-2030
-1420
-837
-388
-119
24
151
343
634
983
1355
1770
2273
2923
3720
4599
5472
6247
6864
7305
7558
7609
7440
7023
6390
5620
4815
4059
3379
2731
2074
1381
676
4
-633
-1290
-2011
-2804
-3569
-4162
-4512
-4647
-4699
-4818
-5034
-5279
-5453
-5484
-5414
-5341
-5320
-5340
-5308
-5122
-4762
-4254
-3659
-3035
-2407
-1794
-1236
-754
-358
-21
306
633
950
1237
1509
1839
2299
2925
3688
4496
5263
5961
6591
7156
7615
7863
7807
7413
6730
5884
5011
4198
3488
2895
2369
1866
1309
650
-109
-942
-1761
-2508
-3175
-3773
-4330
-4832
-5211
-5423
-5464
-5396
-5337
-5369
-5498
-5664
-5782
-5771
-5605
-5282
-4848
-4346
-3794
-3217
-2600
-1949
-1308
-716
-229
131
400
620
833
1085
1377
1717
2137
2649
3277
4024
4847
5704
6527
7230
7744
7985
7915
7558
6970
6253
5487
4711
3947
3201
2466
1780
1150
555
-43
-701
-1434
-2205
-2973
-3681
-4287
-4780
-5146
-5377
-5487
-5501
-5476
-5468
-5501
-5567
-5626
-5618
-5504
-5262
-4902
-4472
-3994
-3478
-2920
-2298
-1641
-994
-420
12
302
510
720
997
1357
1752
2166
2629
3198
3941
4834
5756
6582
7210
7602
7790
7789
7599
7212
6625
5886
5069
4233
3435
2694
2005
1383
803
225
-426
-1216
-2126
-3072
-3909
-4526
-4896
-5082
-5206
-5358
-5568
-5788
-5937
-5972
-5906
-5794
-5687
-5598
-5484
-5281
-4936
-4439
-3797
-3060
-2291
-1557
-919
-406
-3
315
593
847
1083
1331
1617
1997
2503
3124
3845
4627
5429
6220
6962
7598
8049
8230
8098
7673
7023
6264
5480
4719
3972
3214
2453
1715
1021
366
-290
-995
-1764
-2576
-3380
-4112
-4704
-5127
-5388
-5549
-5675
-5805
-5940
-6035
-6064
-6015
-5900
-5752
-5594
-5409
-5144
-4735
-4153
-3439
-2672
-1923
-1254
-704
-285
35
309
601
913
1218
1515
1849
2288
2883
3628
4460
5299
6067
6728
7261
7656
7884
7890
7623
7096
6401
5651
4926
4206
3442
2624
1818
1120
547
25
-561
-1296
-2164
-3070
-3890
-4525
-4932
-5149
-5280
-5419
-5594
-5772
-5880
-5890
-5831
-5738
-5642
-5535
-5409
-5225
-4902
-4386
-3705
-2947
-2225
-1603
-1066
-595
-162
233
582
896
1187
1506
1907
2427
3070
3788
4509
5211
5888
6548
7144
7603
7868
7898
7707
7325
6775
6094
5318
4506
3699
2934
2210
1506
799
59
-708
-1488
-2252
-2986
-3679
-4313
-4861
-5296
-5591
-5753
-5821
-5859
-5929
-6058
-6214
-6325
-6318
-6149
-5838
-5435
-4990
-4496
-3922
-3234
-2444
-1630
-883
-290
137
439
696
979
1316
1705
2124
2561
3021
3529
4091
4721
5404
6101
6770
7348
7770
7980
7951
7676
7172
6482
5658
4765
3852
2991
2214
1521
881
241
-432
-1154
-1906
-2662
-3399
-4092
-4698
-5187
-5535
-5766
-5914
-6009
-6073
-6103
-6103
-6064
-5989
-5877
-5705
-5461
-5114
-4643
-4053
-3385
-2679
-1982
-1322
-714
-167
317
730
1082
1378
1646
1929
2279
2738
3308
3990
4727
5480
6203
6859
7412
7817
8037
8042
7815
7351
6688
5867
4952
4019
3129
2318
1591
926
274
-398
-1123
-1892
-2662
-3390
-4025
-4569
-5009
-5354
-5596
-5736
-5791
-5793
-5792
-5822
-5910
-6020
-6101
-6085
-5920
-5578
-5088
-4476
-3783
-3045
-2286
-1557
-884
-314
161
556
904
1267
1657
2093
2533
2950
3335
3726
4188
4776
5499
6288
7032
7606
7949
8044
7910
7578
7046
6330
5468
4528
3592
2727
1955
1265
618
-21
-665
-1341
-2048
-2772
-3481
-4135
-4707
-5180
-5555
-5844
-6054
-6170
-6203
-6169
-6110
-6058
-6001
-5906
-5721
-5414
-4986
-4460
-3877
-3261
-2615
-1937
-1240
-557
64
583
985
1300
1561
1807
2071
2371
2737
3195
3767
4449
5217
6005
6753
7393
7857
8081
8019
7676
7098
6372
5578
4777
3978
3160
2333
1530
811
192
-362
-934
-1602
-2392
-3254
-4075
-4758
-5240
-5538
-5704
-5815
-5905
-5976
-6015
-6008
-5963
-5894
-5814
-5706
-5544
-5292
-4935
-4450
-3836
-3104
-2270
-1410
-595
106
665
1103
1457
1761
2011
2225
2425
2692
3091
3646
4317
4998
5615
6141
6620
7095
7560
7909
7992
7715
7076
6206
5245
4298
3388
2504
1632
814
111
-463
-930
-1393
-1937
-2595
-3348
-4110
-4794
-5348
-5755
-6034
-6213
-6308
-6346
-6342
-6289
-6183
-5995
-5723
-5397
-5056
-4724
-4382
-3952
-3378
-2660
-1844
-1038
-312
302
803
1216
1557
1825
2060
2319
2650
3073
3544
4022
4507
5037
5664
6387
7109
7702
8045
8079
7829
7338
6657
5842
4923
3950
2997
2129
1375
717
106
-490
-1105
-1754
-2422
-3108
-3792
-4431
-4990
-5441
-5780
-6039
-6211
-6296
-6303
-6222
-6090
-5949
-5818
-5704
-5571
-5363
-5048
-4590
-3967
-3206
-2339
-1435
-607
70
560
893
1172
1487
1862
2269
2634
2927
3191
3509
3977
4609
5327
6050
6701
7235
7638
7884
7912
7688
7195
6484
5640
4731
3808
2905
2050
1278
610
12
-575
-1215
-1943
-2715
-3465
-4128
-4689
-5179
-5608
-5972
-6243
-6369
-6348
-6224
-6059
-5923
-5830
-5759
-5668
-5498
-5224
-4829
-4303
-3658
-2928
-2145
-1376
-655
5
594
1126
1597
1982
2279
2503
2698
2946
3297
3772
4356
4980
5605
6206
6753
7232
7597
7775
7713
7396
6849
6153
5368
4548
3704
2833
1955
1091
271
-492
-1197
-1863
-2502
-3120
-3727
-4322
-4883
-5375
-5760
-6019
-6163
-6234
-6287
-6339
-6370
-6332
-6177
-5908
-5574
-5222
-4864
-4458
-3933
-3249
-2434
-1573
-775
-92
468
938
1358
1739
2085
2399
2689
2975
3287
3639
4056
4556
5126
5729
6310
6820
7224
7505
7645
7617
7385
6907
6191
5281
4255
3201
2195
1300
550
-73
-622
-1186
-1841
-2593
-3379
-4102
-4685
-5124
-5489
-5848
-6216
-6523
-6669
-6610
-6381
-6115
-5938
-5890
-5896
-5807
-5492
-4928
-4198
-3426
-2724
-2105
-1497
-847
-127
602
1237
1707
1995
2167
2331
2573
2931
3400
3918
4437
4936
5421
5933
6483
7022
7483
7761
7783
7548
7081
6446
5690
4836
3922
2990
2091
1285
571
-85
-724
-1384
-2080
-2796
-3519
-4220
-4863
-5414
-5824
-6084
-6227
-6286
-6304
-6307
-6279
-6201
-6067
-5884
-5693
-5494
-5253
-4923
-4424
-3729
-2883
-1966
-1102
-382
184
616
1010
1448
1919
2386
2770
3029
3219
3433
3775
4300
4951
5628
6212
6629
6897
7091
7265
7410
7441
7228
6689
5840
4796
3733
2773
1967
1273
599
-109
-863
-1627
-2352
-3018
-3643
-4252
-4853
-5433
-5925
-6264
-6433
-6439
-6344
-6223
-6100
-5996
-5903
-5792
-5648
-5429
-5102
-4645
-4046
-3340
-2584
-1819
-1087
-407
240
831
1338
1737
2008
2214
2432
2724
3130
3598
4058
4483
4883
5309
5806
6336
6835
7211
7405
7410
7243
6908
6384
5676
4799
3821
2824
1866
1004
236
-449
-1075
-1673
-2279
-2899
-3545
-4193
-4786
-5296
-5693
-5997
-6238
-6428
-6551
-6571
-6457
-6235
-5971
-5710
-5485
-5265
-4961
-4511
-3894
-3151
-2360
-1585
-863
-200
422
995
1502
1923
2242
2478
2668
2864
3105
3409
3776
4194
4650
5154
5699
6254
6751
7121
7323
7334
7171
6841
6325
5625
4750
3750
2719
1755
919
232
-345
-889
-1467
-2129
-2862
-3623
-4347
-4972
-5472
-5836
-6076
-6220
-6291
-6331
-6356
-6348
-6288
-6141
-5888
-5554
-5155
-4721
-4250
-3741
-3180
-2566
-1901
-1197
-472
256
935
1533
1998
2304
2477
2584
2726
2982
3378
3877
4391
4853
5229
5547
5868
6247
6674
7079
7351
7390
7143
6620
5884
5021
4107
3184
2252
1326
423
-419
-1162
-1794
-2335
-2837
-3340
-3861
-4388
-4900
-5378
-5809
-6169
-6440
-6589
-6601
-6482
-6261
-5990
-5715
-5458
-5199
-4886
-4474
-3938
-3310
-2642
-1973
-1320
-684
-57
563
1137
1634
2017
2289
2505
2717
2981
3319
3706
4102
4486
4869
5302
5807
6364
6896
7281
7433
7312
6945
6402
5746
5006
4183
3274
2308
1350
480
-242
-811
-1290
-1778
-2363
-3064
-3828
-4554
-5157
-5587
-5873
-6079
-6273
-6455
-6571
-6558
-6384
-6064
-5675
-5311
-5016
-4752
-4428
-3952
-3291
-2505
-1701
-972
-363
151
625
1089
1532
1908
2172
2335
2459
2638
2943
3395
3956
4549
5104
5587
6010
6386
6741
7050
7260
7297
7082
6583
5829
4904
3915
2958
2086
1307
615
-18
-611
-1190
-1764
-2370
-3016
-3701
-4384
-5000
-5497
-5846
-6069
-6200
-6272
-6299
-6269
-6166
-5998
-5787
-5558
-5319
-5034
-4656
-4147
-3501
-2770
-2013
-1282
-605
33
628
1164
1623
1983
2239
2435
2621
2840
3125
3465
3855
4284
4743
5225
5701
6136
6505
6776
6938
6971
6842
6513
5974
5245
4374
3443
2522
1654
859
129
-546
-1178
-1776
-2358
-2947
-3552
-4158
-4718
-5197
-5572
-5847
-6057
-6227
-6350
-6396
-6326
-6135
-5846
-5515
-5188
-4854
-4480
-4007
-3418
-2735
-2016
-1311
-646
-25
557
1083
1519
1833
2032
2189
2383
2673
3063
3486
3905
4286
4666
5096
5591
6121
6593
6919
7039
6944
6657
6215
5638
4937
4141
3322
2545
1849
1224
601
-77
-834
-1631
-2380
-3023
-3561
-4052
-4562
-5114
-5655
-6094
-6361
-6443
-6398
-6305
-6208
-6112
-5969
-5721
-5339
-4855
-4318
-3799
-3320
-2856
-2345
-1717
-971
-159
603
1207
1620
1880
2090
2332
2640
2980
3308
3598
3867
4180
4570
5031
5510
5930
6248
6452
6564
6597
6532
6320
5909
5283
4476
3559
2614
1710
893
183
-420
-945
-1439
-1955
-2542
-3198
-3878
-4515
-5052
-5471
-5789
-6037
-6223
-6339
-6365
-6284
-6105
-5838
-5483
-5047
-4560
-4061
-3587
-3143
-2694
-2180
-1553
-827
-79
584
1086
1408
1609
1782
1998
2293
2648
3021
3366
3667
3938
4225
4586
5052
5590
6115
6505
6660
6561
6253
5822
5331
4805
4232
3592
2878
2113
1348
625
-34
-626
-1198
-1791
-2433
-3118
-3794
-4399
-4892
-5265
-5547
-5772
-5956
-6075
-6094
-5996
-5790
-5513
-5220
-4935
-4650
-4329
-3935
-3444
-2862
-2217
-1558
-925
-333
207
699
1150
1559
1929
2247
2513
2729
2917
3131
3407
3754
4145
4540
4909
5246
5566
5875
6140
6302
6295
6080
5662
5082
4396
3642
2847
2039
1252
538
-76
-593
-1060
-1538
-2084
-2706
-3370
-4002
-4543
-4980
-5345
-5676
-5984
-6228
-6322
-6200
-5872
-5423
-4969
-4591
-4297
-4035
-3722
-3311
-2797
-2209
-1584
-965
-384
141
618
1055
1470
1873
2233
2525
2725
2853
2987
3186
3499
3899
4315
4694
5016
5295
5556
5794
5984
6070
5991
5713
5221
4544
3741
2888
2051
1257
518
-165
-784
-1329
-1773
-2123
-2437
-2792
-3271
-3894
-4602
-5277
-5797
-6087
-6144
-6011
-5777
-5516
-5272
-5053
-4823
-4553
-4209
-3776
-3277
-2751
-2245
-1762
-1286
-774
-203
419
1037
1577
1997
2271
2430
2545
2672
2852
3096
3386
3698
4024
4371
4752
5157
5550
5862
6017
6002
5824
5517
5120
4628
4021
3284
2453
1601
822
182
-322
-743
-1173
-1676
-2266
-2911
-3554
-4135
-4631
-5033
-5344
-5583
-5746
-5827
-5813
-5691
-5460
-5148
-4801
-4473
-4182
-3901
-3575
-3146
-2589
-1939
-1259
-627
-89
354
734
1098
1460
1829
2168
2438
2621
2732
2842
3022
3327
3753
4232
4690
5076
5378
5623
5816
5919
5863
5587
5083
4416
3697
3032
2467
1974
1482
940
346
-259
-839
-1384
-1928
-2521
-3159
-3799
-4358
-4780
-5068
-5253
-5383
-5481
-5524
-5486
-5362
-5160
-4916
-4649
-4361
-4035
-3645
-3187
-2681
-2137
-1573
-999
-438
87
548
932
1245
1512
1763
2008
2247
2458
2660
2877
3156
3528
3973
4439
4866
5190
5395
5499
5527
5492
5369
5122
4719
4154
3481
2769
2093
1505
1020
605
192
-287
-883
-1576
-2305
-2967
-3491
-3880
-4206
-4553
-4955
-5346
-5617
-5685
-5535
-5253
-4951
-4720
-4551
-4380
-4139
-3793
-3370
-2903
-2414
-1894
-1339
-765
-201
318
783
1194
1550
1843
2062
2231
2405
2640
2956
3313
3645
3910
4128
4357
4635
4951
5227
5370
5341
5162
4892
4584
4243
3838
3334
2730
2054
1364
709
108
-433
-939
-1432
-1934
-2474
-3035
-3592
-4096
-4515
-4827
-5049
-5208
-5330
-5415
-5440
-5369
-5173
-4861
-4471
-4054
-3655
-3291
-2942
-2577
-2155
-1659
-1109
-538
8
504
936
1296
1592
1825
2018
2211
2430
2707
3040
3389
3709
3964
4161
4342
4551
4811
5097
5332
5448
5390
5137
4723
4195
3606
2993
2376
1763
1149
541
-47
-593
-1099
-1581
-2076
-2610
-3169
-3711
-4189
-4572
-4869
-5100
-5282
-5412
-5461
-5396
-5206
-4908
-4546
-4176
-3834
-3513
-3190
-2816
-2374
-1872
-1337
-811
-317
127
525
884
1231
1587
1953
2301
2579
2762
2882
3010
3215
3530
3908
4275
4570
4784
4948
5092
5195
5209
5074
4774
4349
3842
3292
2708
2075
1409
763
199
-251
-626
-1017
-1503
-2117
-2818
-3498
-4067
-4480
-4770
-4998
-5205
-5398
-5531
-5544
-5396
-5092
-4685
-4260
-3893
-3614
-3377
-3095
-2704
-2179
-1571
-987
-497
-102
249
614
1022
1449
1840
2146
2350
2479
2597
2764
3030
3392
3789
4148
4421
4620
4789
4972
5160
5279
5250
5019
4596
4057
3481
2919
2389
1874
1361
855
367
-104
-600
-1160
-1794
-2479
-3130
-3682
-4106
-4424
-4690
-4937
-5164
-5336
-5394
-5312
-5092
-4767
-4406
-4062
-3766
-3515
-3261
-2948
-2525
-1997
-1414
-858
-393
-26
284
609
983
1394
1774
2058
2248
2374
2530
2776
3118
3496
3825
4057
4215
4369
4581
4852
5090
5187
5057
4713
4231
3707
3214
2751
2283
1768
1218
657
103
-435
-976
-1517
-2065
-2612
-3146
-3664
-4150
-4574
-4896
-5086
-5139
-5084
-4979
-4854
-4712
-4539
-4312
-4021
-3674
-3291
-2895
-2488
-2074
-1671
-1269
-839
-362
160
675
1112
1422
1612
1761
1949
2196
2469
2721
2936
3174
3482
3862
4252
4548
4708
4769
4798
4842
4877
4807
4557
4104
3506
2864
2276
1797
1414
1075
693
208
-401
-1094
-1795
-2444
-2988
-3439
-3832
-4195
-4546
-4856
-5072
-5150
-5076
-4880
-4628
-4399
-4249
-4166
-4086
-3911
-3572
-3072
-2491
-1932
-1470
-1095
-732
-297
233
787
1256
1550
1673
1725
1825
2045
2373
2744
3083
3371
3636
3920
4231
4539
4785
4928
4946
4866
4714
4493
4187
3781
3307
2836
2415
2036
1619
1085
407
-341
-1033
-1574
-1960
-2284
-2644
-3096
-3625
-4144
-4565
-4830
-4922
-4894
-4807
-4718
-4642
-4544
-4393
-4177
-3919
-3638
-3334
-2968
-2496
-1945
-1376
-867
-451
-84
297
725
1151
1495
1717
1854
2007
2247
2563
2885
3138
3328
3510
3744
4028
4312
4553
4717
4808
4814
4707
4462
4076
3612
3148
2717
2301
1845
1307
707
109
-420
-888
-1336
-1825
-2375
-2952
-3489
-3932
-4268
-4515
-4701
-4836
-4907
-4896
-4806
-4646
-4435
-4191
-3921
-3620
-3281
-2898
-2489
-2063
-1642
-1244
-855
-464
-64
349
753
1126
1443
1692
1897
2092
2310
2572
2875
3194
3501
3765
3994
4198
4383
4550
4678
4733
4694
4553
4312
3969
3554
3088
2602
2129
1668
1198
676
75
-566
-1190
-1736
-2197
-2620
-3064
-3551
-4039
-4451
-4737
-4883
-4915
-4871
-4781
-4661
-4519
-4360
-4168
-3924
-3616
-3246
-2844
-2449
-2081
-1728
-1347
-909
-426
61
502
865
1169
1445
1728
2038
2362
2674
2963
3223
3457
3665
3846
4011
4176
4348
4520
4654
4702
4637
4452
4167
3819
3436
3031
2597
2108
1562
976
383
-176
-700
-1193
-1684
-2197
-2732
-3259
-3729
-4107
-4381
-4575
-4719
-4832
-4902
-4901
-4805
-4619
-4368
-4089
-3799
-3495
-3169
-2801
-2389
-1941
-1467
-994
-546
-134
253
635
1036
1447
1835
2148
2364
2498
2609
2757
2974
3243
3498
3715
3889
4057
4244
4429
4551
4575
4496
4340
4134
3846
3440
2925
2350
1791
1294
822
313
-274
-931
-1568
-2121
-2566
-2950
-3335
-3751
-4170
-4519
-4758
-4880
-4908
-4878
-4793
-4650
-4462
-4233
-3997
-3752
-3459
-3101
-2668
-2207
-1784
-1406
-1042
-642
-154
386
900
1337
1677
1955
2210
2454
2689
2915
3135
3362
3592
3788
3927
4024
4112
4256
4461
4664
4778
4721
4485
4115
3662
3168
2644
2086
1503
928
384
-129
-620
-1118
-1622
-2128
-2612
-3067
-3504
-3917
-4281
-4573
-4765
-4857
-4876
-4841
-4767
-4649
-4473
-4248
-3986
-3697
-3384
-3030
-2629
-2191
-1724
-1249
-761
-255
263
760
1197
1550
1807
1994
2139
2283
2459
2677
2920
3175
3426
3657
3877
4093
4295
4473
4600
4654
4626
4504
4284
3958
3528
3012
2453
1889
1350
851
377
-95
-588
-1113
-1672
-2245
-2794
-3295
-3728
-4090
-4373
-4588
-4742
-4831
-4856
-4817
-4711
-4553
-4354
-4133
-3898
-3634
-3312
-2919
-2452
-1931
-1394
-880
-408
11
384
735
1082
1423
1751
2055
2324
2561
2779
2991
3217
3460
3698
3923
4107
4256
4368
4437
4470
4450
4360
4178
3897
3528
3083
2610
2139
1687
1247
785
278
-281
-878
-1477
-2054
-2585
-3064
-3487
-3852
-4163
-4419
-4632
-4807
-4950
-5025
-4983
-4799
-4496
-4143
-3824
-3567
-3332
-3039
-2646
-2166
-1654
-1163
-700
-233
256
747
1181
1503
1710
1872
2073
2357
2681
2956
3118
3188
3259
3420
3697
4024
4289
4415
4402
4324
4258
4215
4140
3936
3543
2988
2371
1804
1354
991
631
185
-374
-1010
-1641
-2196
-2655
-3043
-3415
-3815
-4231
-4618
-4911
-5060
-5059
-4937
-4740
-4500
-4242
-3981
-3719
-3443
-3123
-2742
-2306
-1858
-1446
-1091
-765
-401
40
546
1059
1506
1853
2105
2310
2512
2727
2961
3175
3343
3458
3540
3629
3769
3985
4246
4478
4600
4550
4324
3980
3584
3188
2818
2445
2029
1538
971
362
-242
-803
-1303
-1748
-2171
-2617
-3114
-3658
-4193
-4636
-4903
-4975
-4901
-4774
-4676
-4615
-4533
-4353
-4025
-3580
-3127
-2766
-2518
-2330
-2089
-1710
-1200
-624
-70
412
831
1222
1598
1946
2230
2450
2637
2836
3057
3270
3435
3544
3648
3816
4065
4326
4494
4502
4374
4205
4065
3942
3750
3393
2834
2156
1493
938
504
117
-328
-883
-1504
-2107
-2623
-3049
-3441
-3845
-4253
-4598
-4819
-4902
-4874
-4786
-4665
-4493
-4265
-3981
-3682
-3399
-3137
-2877
-2583
-2231
-1811
-1329
-818
-313
162
598
1005
1406
1794
2141
2406
2582
2702
2834
3019
3253
3482
3646
3733
3776
3845
3994
4205
4392
4455
4327
4027
3628
3219
2838
2455
2009
1473
875
272
-292
-800
-1273
-1728
-2178
-2624
-3056
-3474
-3877
-4257
-4577
-4798
-4880
-4808
-4613
-4352
-4104
-3913
-3775
-3630
-3400
-3059
-2625
-2171
-1758
-1391
-1033
-627
-150
376
894
1337
1690
1953
2152
2327
2490
2651
2822
2996
3179
3364
3551
3739
3929
4111
4252
4310
4254
4083
3832
3558
3286
2995
2634
2162
1599
1007
463
4
-403
-845
-1387
-2018
-2657
-3185
-3536
-3742
-3892
-4081
-4342
-4611
-4780
-4759
-4534
-4196
-3883
-3676
-3580
-3501
-3318
-2973
-2490
-1957
-1472
-1059
-697
-323
113
603
1087
1496
1805
2035
2226
2429
2652
2873
3056
3186
3283
3386
3536
3738
3951
4121
4199
4175
4076
3922
3722
3469
3151
2767
2350
1928
1514
1075
576
-6
-642
-1255
-1772
-2191
-2550
-2926
-3363
-3820
-4207
-4446
-4523
-4498
-4455
-4437
-4430
-4392
-4280
-4085
-3809
-3458
-3042
-2585
-2141
-1754
-1422
-1088
-684
-191
330
776
1093
1306
1517
1802
2162
2532
2821
2998
3100
3214
3397
3633
3859
4005
4057
4051
4024
3999
3959
3865
3697
3449
3129
2736
2270
1743
1182
629
128
-330
-780
-1263
-1772
-2280
-2731
-3096
-3395
-3666
-3951
-4249
-4515
-4685
-4716
-4597
-4376
-4124
-3896
-3699
-3497
-3236
-2889
-2472
-2026
-1608
-1238
-891
-537
-145
277
707
1121
1502
1848
2151
2404
2606
2772
2943
3143
3370
3580
3732
3809
3833
3850
3897
3961
3994
3935
3755
3472
3128
2762
2390
2001
1563
1059
495
-87
-650
-1166
-1615
-2003
-2363
-2727
-3116
-3512
-3868
-4129
-4265
-4287
-4245
-4197
-4164
-4134
-4062
-3909
-3666
-3353
-2994
-2628
-2273
-1929
-1588
-1228
-836
-406
55
525
968
1374
1722
2009
2249
2449
2622
2781
2938
3099
3257
3402
3527
3617
3676
3706
3713
3695
3658
3601
3507
3352
3115
2770
2327
1811
1273
760
293
-131
-547
-991
-1476
-1982
-2463
-2878
-3222
-3513
-3776
-4029
-4247
-4402
-4462
-4407
-4261
-4062
-3844
-3632
-3420
-3181
-2898
-2571
-2204
-1822
-1432
-1034
-620
-189
247
675
1073
1438
1775
2079
2353
2582
2762
2899
3012
3136
3285
3468
3652
3800
3881
3887
3842
3782
3717
3614
3441
3164
2784
2350
1904
1480
1079
673
233
-254
-776
-1298
-1781
-2220
-2612
-2978
-3337
-3680
-3986
-4207
-4319
-4327
-4259
-4174
-4107
-4046
-3939
-3732
-3414
-3009
-2600
-2258
-1986
-1735
-1415
-967
-408
161
635
957
1160
1342
1588
1936
2335
2687
2925
3040
3083
3142
3270
3472
3685
3833
3860
3776
3646
3534
3478
3437
3329
3080
2695
2235
1786
1390
1025
621
110
-503
-1145
-1720
-2168
-2514
-2815
-3137
-3496
-3848
-4119
-4260
-4269
-4193
-4095
-4013
-3950
-3868
-3713
-3464
-3126
-2747
-2372
-2026
-1690
-1336
-941
-507
-60
370
762
1109
1410
1687
1954
2210
2452
2663
2843
2993
3128
3250
3357
3449
3527
3602
3672
3715
3702
3616
3451
3232
2987
2731
2452
2122
1712
1218
665
103
-424
-902
-1345
-1778
-2228
-2681
-3098
-3442
-3690
-3861
-3991
-4112
-4219
-4276
-4247
-4116
-3912
-3678
-3454
-3264
-3063
-2802
-2441
-1971
-1457
-976
-585
-282
-12
285
656
1090
1521
1889
2154
2325
2447
2575
2745
2960
3193
3390
3522
3581
3585
3567
3558
3556
3555
3526
3434
3268
3018
2690
2307
1899
1499
1103
683
209
-331
-898
-1446
-1921
-2315
-2656
-2978
-3308
-3633
-3913
-4104
-4183
-4177
-4135
-4088
-4032
-3935
-3763
-3506
-3190
-2850
-2506
-2165
-1811
-1424
-998
-550
-120
272
618
937
1244
1557
1871
2160
2397
2571
2696
2806
2926
3069
3220
3338
3408
3430
3430
3420
3407
3386
3337
3240
3080
2848
2529
2141
1706
1252
808
368
-87
-571
-1091
-1617
-2090
-2489
-2819
-3097
-3360
-3599
-3805
-3961
-4044
-4067
-4037
-3945
-3802
-3617
-3397
-3157
-2892
-2592
-2263
-1916
-1561
-1205
-849
-482
-106
274
645
1002
1338
1655
1960
2238
2478
2673
2827
2963
3091
3204
3284
3316
3300
3264
3241
3254
3278
3271
3188
3003
2731
2424
2126
1852
1567
1218
767
222
-361
-906
-1362
-1724
-2039
-2372
-2753
-3167
-3549
-3825
-3968
-3993
-3954
-3909
-3872
-3819
-3710
-3521
-3254
-2943
-2621
-2307
-1997
-1685
-1370
-1049
-715
-358
26
413
776
1098
1380
1649
1940
2250
2549
2797
2963
3050
3096
3153
3243
3353
3457
3508
3472
3358
3204
3057
2945
2851
2715
2489
2150
1712
1239
785
371
-18
-414
-842
-1314
-1817
-2315
-2765
-3127
-3380
-3541
-3649
-3757
-3890
-4014
-4066
-3993
-3783
-3495
-3210
-2990
-2846
-2709
-2499
-2165
-1723
-1248
-822
-485
-203
77
414
817
1240
1621
1921
2136
2298
2454
2619
2780
2905
2979
3018
3068
3154
3261
3350
3370
3302
3161
2994
2853
2756
2653
2475
2158
1690
1143
619
197
-132
-432
-789
-1252
-1792
-2316
-2737
-3017
-3181
-3299
-3421
-3567
-3701
-3773
-3763
-3669
-3525
-3359
-3180
-2976
-2729
-2438
-2120
-1802
-1501
-1214
-921
-608
-257
121
498
851
1166
1443
1702
1954
2199
2426
2618
2776
2901
3006
3102
3183
3231
3229
3183
3102
3009
2925
2846
2741
2582
2359
2081
1758
1399
1015
611
202
-196
-577
-949
-1346
-1792
-2273
-2730
-3085
-3287
-3355
-3373
-3434
-3578
-3750
-3842
-3763
-3501
-3150
-2830
-2632
-2544
-2466
-2291
-1966
-1521
-1056
-655
-343
-84
192
529
925
1329
1682
1947
2125
2268
2435
2647
2879
3058
3141
3117
3029
2948
2917
2939
2985
3011
2989
2905
2746
2499
2183
1841
1524
1277
1075
824
433
-123
-770
-1364
-1811
-2092
-2288
-2498
-2775
-3092
-3362
-3516
-3538
-3478
-3415
-3387
-3389
-3359
-3240
-3015
-2738
-2473
-2249
-2047
-1823
-1527
-1149
-721
-286
124
491
815
1096
1338
1561
1783
2022
2270
2494
2659
2747
2778
2792
2828
2904
2999
3069
3087
3047
2965
2858
2737
2593
2401
2158
1869
1550
1204
838
440
14
-437
-892
-1319
-1696
-2018
-2318
-2622
-2935
-3215
-3412
-3494
-3486
-3454
-3445
-3458
-3442
-3342
-3142
-2888
-2633
-2410
-2208
-1967
-1657
-1281
-882
-515
-199
94
402
768
1171
1565
1895
2136
2303
2433
2560
2697
2823
2911
2950
2947
2928
2926
2950
2989
3014
2988
2894
2726
2501
2262
2033
1815
1574
1254
817
286
-285
-813
-1246
-1591
-1881
-2168
-2481
-2816
-3142
-3403
-3557
-3593
-3547
-3465
-3386
-3319
-3253
-3164
-3028
-2825
-2561
-2262
-1962
-1682
-1412
-1128
-808
-441
-46
349
722
1059
1362
1640
1895
2125
2320
2470
2589
2680
2750
2810
2871
2932
2996
3057
3091
3080
3028
2938
2819
2675
2491
2255
1951
1577
1162
735
325
-72
-475
-899
-1349
-1792
-2186
-2495
-2715
-2882
-3037
-3200
-3374
-3521
-3600
-3585
-3479
-3325
-3161
-3020
-2905
-2783
-2615
-2365
-2021
-1620
-1206
-828
-507
-220
77
419
822
1261
1675
1999
2194
2270
2291
2346
2499
2744
3003
3171
3186
3066
2907
2827
2883
3017
3111
3040
2771
2380
1995
1720
1561
1415
1160
730
167
-406
-874
-1199
-1431
-1685
-2036
-2476
-2919
-3253
-3420
-3436
-3378
-3338
-3355
-3410
-3437
-3373
-3195
-2929
-2625
-2335
-2088
-1858
-1604
-1294
-920
-514
-121
227
537
832
1134
1445
1735
1981
2168
2311
2446
2591
2743
2877
2959
2977
2947
2904
2866
2846
2827
2770
2650
2450
2206
1955
1711
1471
1191
836
410
-47
-483
-874
-1229
-1579
-1926
-2256
-2544
-2785
-2979
-3133
-3244
-3303
-3301
-3258
-3209
-3181
-3149
-3060
-2873
-2605
-2326
-2087
-1885
-1650
-1306
-834
-310
145
460
660
850
1128
1511
1921
2237
2389
2405
2392
2464
2656
2913
3138
3233
3176
3013
2840
2740
2731
2761
2737
2579
2265
1872
1489
1178
930
687
380
-24
-483
-941
-1354
-1710
-2026
-2319
-2585
-2809
-2976
-3106
-3215
-3299
-3359
-3384
-3376
-3332
-3239
-3089
-2866
-2591
-2307
-2050
-1827
-1586
-1269
-847
-346
151
554
824
1004
1175
1433
1785
2177
2503
2689
2747
2756
2804
2924
3074
3187
3225
3187
3112
3022
2906
2742
2513
2247
1991
1769
1551
1282
909
432
-94
-577
-958
-1239
-1483
-1762
-2108
-2494
-2844
-3096
-3245
-3319
-3359
-3389
-3400
-3371
-3297
-3183
-3048
-2900
-2721
-2487
-2183
-1826
-1453
-1098
-780
-481
-171
167
534
905
1247
1545
1797
2020
2246
2485
2722
2925
3065
3134
3161
3185
3220
3259
3258
3176
3012
2783
2537
2303
2071
1811
1489
1115
716
327
-36
-396
-777
-1196
-1624
-2005
-2297
-2494
-2642
-2806
-3020
-3268
-3480
-3565
-3486
-3286
-3066
-2940
-2930
-2964
-2911
-2671
-2252
-1755
-1315
-1002
-795
-597
-320
60
501
931
1295
1575
1788
1967
2134
2317
2526
2747
2946
3089
3156
3158
3131
3126
3159
3192
3165
3017
2737
2374
2012
1699
1429
1143
778
316
-197
-671
-1045
-1316
-1535
-1776
-2069
-2385
-2667
-2863
-2952
-2978
-3005
-3073
-3182
-3277
-3289
-3185
-2985
-2752
-2531
-2336
-2135
-1864
-1506
-1082
-662
-320
-70
127
355
672
1062
1439
1709
1838
1889
1978
2199
2536
2882
3113
3166
3102
3039
3063
3159
3223
3152
2919
2586
2242
1947
1679
1369
978
526
86
-285
-587
-862
-1158
-1490
-1820
-2093
-2274
-2379
-2469
-2599
-2794
-3005
-3152
-3175
-3077
-2925
-2802
-2742
-2699
-2601
-2380
-2039
-1644
-1281
-1000
-787
-576
-307
26
392
724
991
1208
1415
1652
1915
2177
2400
2571
2705
2821
2922
2996
3031
3030
2988
2917
2808
2643
2420
2152
1867
1593
1330
1042
686
260
-198
-613
-937
-1185
-1411
-1666
-1946
-2196
-2374
-2478
-2553
-2652
-2758
-2819
-2797
-2704
-2613
-2582
-2602
-2587
-2444
-2158
-1803
-1483
-1252
-1069
-845
-540
-180
166
446
666
876
1114
1366
1613
1836
2038
2234
2405
2526
2592
2626
2678
2763
2840
2844
2739
2546
2325
2131
1955
1737
1435
1053
651
293
-12
-308
-660
-1073
-1466
-1747
-1879
-1918
-1968
-2107
-2331
-2555
-2679
-2659
-2517
-2334
-2197
-2147
-2169
-2190
-2126
-1934
-1627
-1276
-972
-755
-618
-498
-328
-79
241
582
888
1117
1259
1363
1469
1617
1798
1988
2157
2279
2356
2399
2415
2407
2384
2351
2304
2229
2099
1901
1633
1315
981
661
356
59
-248
-568
-895
-1203
-1455
-1634
-1739
-1809
-1877
-1965
-2069
-2162
-2210
-2199
-2141
-2051
-1964
-1888
-1822
-1759
-1671
-1533
-1339
-1097
-830
-575
-361
-194
-66
51
191
384
621
883
1117
1291
1403
1472
1527
1592
1682
1791
1909
2009
2061
2043
1956
1854
1783
1755
1740
1671
1506
1250
947
652
373
94
-202
-501
-763
-959
-1105
-1242
-1402
-1582
-1727
-1776
-1727
-1637
-1587
-1618
-1699
-1752
-1709
-1581
-1427
-1314
-1270
-1246
-1184
-1043
-843
-648
-484
-350
-202
-9
193
359
460
537
670
894
1163
1373
1458
1443
1426
1497
1662
1834
1913
1858
1721
1601
1551
1550
1513
1367
1108
799
535
369
284
213
75
-174
-508
-845
-1084
-1170
-1134
-1069
-1077
-1197
-1384
-1553
-1628
-1595
-1491
-1384
-1321
-1299
-1281
-1235
-1149
-1033
-917
-823
-741
-643
-504
-333
-159
-12
89
149
209
296
427
601
791
971
1109
1186
1201
1187
1188
1243
1354
1480
1568
1572
1494
1344
1159
990
872
818
797
730
549
247
-103
-383
-514
-510
-471
-509
-666
-897
-1088
-1161
-1114
-1018
-954
-961
-1016
-1060
-1056
-1009
-942
-885
-840
-792
-727
-645
-573
-523
-483
-420
-311
-166
-18
84
130
151
202
315
465
613
719
766
789
818
872
951
1027
1087
1115
1104
1059
978
875
774
708
679
662
594
436
207
-24
-181
-235
-210
-202
-285
-457
-656
-799
-838
-790
-726
-717
-783
-883
-942
-911
-797
-659
-573
-572
-620
-641
-587
-451
-298
-205
-212
-289
-352
-333
-213
-37
126
221
245
235
233
277
372
499
630
734
798
821
817
809
800
794
792
792
792
779
738
653
531
396
285
218
188
163
96
-30
-192
-343
-436
-457
-427
-392
-393
-445
-525
-606
-656
-659
-626
-565
-488
-416
-374
-384
-445
-525
-591
-595
-535
-429
-321
-250
-233
-261
-298
-312
-270
-165
-19
133
258
328
350
353
373
430
518
604
653
650
616
597
621
692
755
745
645
484
326
248
274
367
431
387
220
-4
-189
-260
-218
-137
-115
-202
-363
-513
-568
-515
-420
-364
-402
-508
-604
-616
-536
-416
-334
-343
-413
-483
-494
-425
-315
-214
-153
-129
-112
-82
-45
-5
27
66
132
222
316
381
400
381
362
381
444
536
616
650
636
579
506
444
407
403
431
464
467
398
249
62
-98
-168
-129
-37
18
-32
-189
-387
-533
-565
-493
-381
-304
-312
-395
-490
-546
-533
-473
-410
-376
-380
-395
-388
-352
-305
-269
-248
-230
-194
-128
-40
38
77
79
80
114
192
285
352
373
354
336
347
393
449
481
476
443
412
400
397
380
340
290
254
249
260
251
197
100
-10
-86
-112
-100
-85
-104
-163
-242
-311
-334
-309
-260
-223
-232
-292
-374
-440
-453
-396
-294
-202
-151
-164
-224
-284
-307
-271
-188
-94
-17
29
51
75
102
122
123
108
98
117
179
272
358
405
396
342
270
211
183
184
204
233
264
282
272
223
135
22
-72
-111
-88
-28
24
20
-54
-169
-262
-287
-238
-165
-121
-142
-214
-288
-311
-262
-172
-90
-67
-109
-180
-223
-197
-115
-25
24
11
-41
-70
-58
-11
46
72
68
58
66
109
163
198
201
168
120
88
84
114
168
223
250
234
175
83
-7
-67
-74
-18
73
153
174
112
-15
-148
-217
-187
-73
63
144
132
28
-109
-215
-248
-214
-151
-97
-77
-77
-76
-61
-39
-37
-62
-107
-144
-142
-95
-16
59
101
98
62
21
-2
15
65
132
174
158
83
-15
-80
-70
13
122
191
172
79
-40
-118
-102
-17
95
177
181
99
-33
-159
-221
-190
-72
74
167
163
72
-49
-134
-147
-111
-65
-47
-56
-59
-39
3
45
59
49
27
11
3
-15
-46
-77
-91
-78
-45
-2
32
48
49
30
9
-9
-9
5
25
33
9
-37
-72
-75
-41
9
28
11
-33
-73
-78
-54
-17
10
19
8
-22
-73
-118
-133
-98
-6
105
185
200
154
79
31
35
67
95
89
60
55
102
192
262
249
138
-18
-127
-124
-5
151
232
190
43
-126
-222
-212
-121
-10
52
40
-30
-127
-202
-221
-163
-70
9
22
-43
-139
-206
-208
-129
-23
45
40
-30
-118
-166
-150
-80
-7
29
24
-3
-15
6
53
99
116
104
71
38
20
23
55
106
171
211
197
125
26
-32
-20
53
139
176
138
59
-17
-54
-39
0
28
33
20
-3
-27
-55
-82
-103
-108
-92
-72
-64
-69
-81
-89
-92
-102
-119
-125
-112
-73
-19
27
36
3
-52
-91
-94
-49
25
88
110
84
34
-6
-15
6
35
58
65
66
71
83
97
92
68
44
39
60
93
111
94
52
18
16
35
52
41
-1
-46
-68
-50
-12
8
-5
-46
-84
-96
-79
-49
-37
-53
-78
-88
-78
-50
-28
-23
-32
-46
-57
-64
-62
-48
-23
6
27
35
28
13
1
0
12
35
59
66
57
35
17
26
50
74
85
72
49
34
30
28
23
15
16
26
43
46
28
-3
-34
-41
-31
-16
-14
-30
-51
-63
-62
-59
-66
-84
-103
-106
-90
-59
-31
-23
-32
-43
-43
-30
-14
0
10
20
34
47
53
47
35
29
36
56
76
82
67
40
16
15
37
65
79
66
36
14
12
28
49
57
42
17
1
-2
1
2
0
-4
-11
-15
-20
-24
-30
-29
-27
-26
-28
-37
-43
-47
-42
-35
-39
-49
-59
-55
-44
-29
-26
-37
-47
-52
-47
-37
-23
-11
-2
0
0
-2
-3
2
6
19
30
35
32
26
27
31
37
41
32
24
24
32
41
40
34
23
17
19
21
26
28
22
18
11
8
10
12
20
19
6
-13
-32
-45
-37
-16
6
13
-3
-40
-72
-71
-44
-7
15
4
-28
-50
-56
-40
-18
-4
2
1
-3
-12
-23
-28
-17
3
29
41
30
9
-7
-8
8
27
37
30
19
15
21
30
27
14
8
16
38
62
66
51
26
1
-6
5
20
33
35
23
-2
-30
-50
-54
-38
-14
1
-4
-28
-51
-65
-65
-54
-37
-20
-10
-7
-11
-19
-33
-35
-22
-7
1
-1
-7
-9
-3
6
12
10
6
5
9
15
16
15
12
13
23
34
42
44
37
25
16
13
19
30
34
32
22
10
2
3
9
6
-7
-21
-35
-30
-9
6
12
-1
-20
-31
-29
-25
-20
-21
-34
-40
-38
-24
-6
6
13
10
-7
-26
-37
-32
-13
-2
-2
-4
0
20
39
39
15
-23
-45
-33
7
51
68
57
29
1
-10
-1
23
44
52
48
27
5
1
17
45
61
57
31
-1
-24
-29
-19
0
8
4
-7
-19
-27
-33
-45
-55
-55
-50
-30
-16
-17
-31
-50
-59
-64
-58
-44
-22
-3
-1
-17
-45
-59
-50
-22
9
29
34
25
14
5
0
3
15
39
66
81
71
45
31
41
71
91
86
54
29
29
49
65
55
30
12
11
17
8
-16
-43
-45
-20
9
15
-14
-62
-96
-95
-66
-36
-31
-45
-67
-79
-71
-56
-37
-25
-25
-37
-67
-96
-106
-87
-33
22
57
64
40
-2
-40
-52
-33
16
75
114
122
96
64
51
58
82
105
121
133
135
129
114
89
70
59
59
65
61
46
30
23
19
2
-34
-83
-125
-137
-115
-77
-55
-70
-113
-167
-200
-189
-136
-72
-50
-79
-141
-195
-194
-143
-69
-13
3
-20
-56
-78
-69
-32
19
68
101
103
85
58
39
52
100
162
208
222
202
168
134
111
100
101
116
136
149
143
120
79
37
8
-3
-2
1
-1
-14
-42
-89
-137
-165
-163
-131
-86
-52
-48
-61
-88
-113
-135
-150
-146
-120
-83
-60
-63
-92
-112
-92
-32
36
72
50
-17
-75
-81
-24
57
108
107
62
23
26
67
131
182
203
197
160
111
65
42
51
78
95
88
55
29
30
54
72
60
10
-51
-89
-95
-78
-71
-99
-149
-179
-165
-107
-36
4
-15
-65
-112
-130
-121
-106
-100
-100
-93
-72
-36
-6
6
9
9
17
31
24
-2
-39
-51
-19
39
91
101
77
53
68
114
168
196
171
113
54
23
23
40
71
102
133
163
175
163
116
43
-30
-79
-100
-103
-93
-81
-70
-59
-49
-51
-78
-108
-128
-124
-102
-85
-92
-121
-160
-188
-177
-130
-58
12
55
57
23
-20
-48
-48
-21
12
33
40
38
45
60
82
100
103
98
94
91
88
75
54
31
24
27
43
58
67
66
52
39
26
11
-1
-10
-17
-27
-37
-50
-59
-50
-20
25
50
37
-12
-69
-101
-90
-45
-3
1
-40
-99
-131
-108
-41
26
54
24
-35
-77
-93
-76
-48
-33
-16
12
42
62
55
23
5
28
81
132
137
95
37
4
13
48
85
95
73
36
7
-1
10
24
24
5
-28
-59
-75
-74
-52
-21
-2
-5
-26
-53
-61
-53
-33
-14
-21
-48
-81
-95
-73
-27
10
19
1
-23
-31
-18
7
23
21
2
-21
-35
-27
1
31
53
55
44
33
33
47
71
85
81
64
40
29
32
47
51
36
12
1
13
30
37
21
-6
-27
-34
-36
-41
-54
-66
-62
-42
-23
-18
-35
-58
-69
-61
-38
-15
-11
-24
-42
-51
-36
-9
13
23
14
-6
-13
-4
21
45
51
36
7
-12
-17
0
22
35
38
33
28
26
30
26
17
13
11
14
25
30
19
8
-3
-10
-6
4
19
31
31
16
-4
-20
-25
-20
-7
5
12
10
-2
-25
-47
-56
-48
-31
-10
-2
-11
-32
-52
-60
-53
-30
-8
0
-3
-11
-17
-16
-6
5
17
22
19
16
14
18
26
25
19
15
18
21
24
24
20
14
9
7
12
26
33
29
18
5
2
8
14
20
17
9
-3
-10
-9
-4
-5
-12
-19
-30
-34
-28
-22
-20
-27
-38
-45
-43
-36
-28
-20
-13
-11
-11
-17
-21
-17
-15
-1
14
18
19
15
17
24
41
51
46
31
14
17
38
54
59
49
24
3
-8
-1
22
46
55
45
14
-23
-45
-39
-17
5
14
0
-32
-59
-54
-32
-10
-11
-43
-78
-93
-79
-37
4
17
-1
-38
-73
-84
-62
-19
25
51
47
10
-33
-64
-59
-11
55
103
108
69
12
-30
-39
-7
41
81
91
65
27
0
0
16
30
32
22
13
18
40
52
47
24
-17
-50
-62
-40
4
39
52
35
-2
-28
-38
-33
-25
-26
-26
-22
-17
-14
-24
-39
-49
-46
-26
-6
7
-3
-25
-35
-32
-16
4
14
9
-2
-11
-12
-6
7
25
39
43
34
20
10
2
-5
-13
-23
-22
-5
20
52
68
63
46
13
-12
-27
-27
-17
-1
17
27
28
13
-3
-15
-18
-7
4
9
3
-12
-27
-34
-31
-24
-19
-19
-21
-18
-15
-14
-15
-23
-30
-32
-17
4
25
27
14
-3
-16
-16
-4
13
21
26
22
7
-2
-4
2
15
26
28
25
19
11
8
6
5
3
-2
-1
6
19
34
39
30
17
3
0
8
9
6
-2
-11
-16
-18
-23
-22
-16
-5
12
21
16
-11
-39
-52
-46
-22
-2
1
-10
-23
-30
-24
-21
-18
-9
4
20
17
1
-24
-39
-27
1
29
43
30
7
-9
-13
-4
8
15
12
1
-7
-7
-5
1
4
12
21
23
20
16
16
12
11
10
1
-5
-10
-17
-18
-13
-2
22
45
54
43
13
-21
-39
-29
-4
13
1
-35
-67
-72
-42
10
52
67
51
27
16
22
33
15
-33
-89
-117
-90
-16
59
95
87
50
8
-7
-4
3
-1
-22
-48
-65
-57
-29
9
38
46
30
3
-15
-15
5
21
22
3
-22
-35
-32
-16
2
14
19
14
10
14
15
6
-14
-36
-45
-27
10
46
58
31
-13
-45
-43
1
50
66
34
-23
-68
-73
-43
-3
23
29
25
18
6
-9
-20
-26
-22
-14
-10
-11
-11
3
26
41
43
29
14
12
22
32
32
16
5
8
23
35
29
9
-6
-5
9
16
8
-16
-37
-36
-16
11
23
17
3
-14
-19
-21
-25
-34
-42
-40
-25
-8
-5
-15
-25
-31
-22
-7
-5
-13
-16
-2
17
30
20
-13
-44
-46
-21
13
32
26
8
-1
7
30
45
46
32
17
5
-7
-16
-23
-19
-6
13
26
30
23
11
2
-6
-8
-4
-3
-5
-13
-24
-28
-19
0
15
21
15
3
0
6
20
27
15
-9
-34
-52
-53
-34
-4
30
55
59
38
-1
-41
-59
-49
-15
24
45
42
15
-17
-34
-22
1
30
45
36
11
-16
-21
-9
5
8
-9
-27
-35
-24
-1
25
40
37
19
-11
-33
-36
-21
9
27
24
4
-27
-51
-51
-28
10
38
42
30
8
-7
-7
1
-3
-12
-19
-13
4
19
31
24
3
-19
-36
-36
-23
2
25
38
34
10
-15
-27
-26
-16
3
16
19
14
1
-3
-1
-1
0
-3
-3
5
10
17
12
5
0
-9
-13
-13
-6
7
16
19
11
-6
-19
-22
-11
7
18
23
10
-9
-21
-25
-18
-4
7
16
20
17
11
-1
-12
-22
-25
-24
-13
3
16
24
20
2
-16
-26
-26
-14
4
14
21
21
11
5
5
5
0
-8
-19
-22
-15
-2
14
23
20
11
3
-5
-6
-1
-1
-4
-7
-5
-3
0
5
7
2
0
1
0
0
-2
-6
-8
-11
-8
-2
9
12
8
0
-8
-10
-7
-3
-4
-5
-8
-6
-2
3
9
14
18
13
4
-2
0
2
3
0
-1
0
5
12
13
6
-6
-15
-12
-4
5
12
10
8
4
-1
-5
-9
-13
-12
-10
-4
6
10
8
3
-8
-21
-24
-15
-5
6
11
10
1
2
5
3
-1
-11
-15
-14
-8
-3
-3
-7
-8
1
13
18
17
7
-5
-10
-7
4
15
16
10
-2
-5
5
13
14
3
-11
-25
-28
-11
13
32
40
21
-12
-37
-40
-20
13
43
52
36
9
-20
-35
-30
-15
7
17
15
9
-3
-12
-15
-15
-14
-14
-14
-10
4
15
18
11
-3
-16
-23
-16
-2
8
9
5
4
11
20
18
1
-21
-24
-11
14
34
29
-1
-33
-42
-22
6
27
31
24
22
5
-14
-32
-42
-23
14
42
41
13
-19
-28
-23
-11
0
5
10
13
10
0
-12
-19
-11
3
9
-2
-11
-7
9
23
21
4
-21
-31
-17
5
25
35
33
11
-18
-39
-44
-22
10
34
38
18
-15
-39
-37
-20
-2
15
28
32
25
8
-10
-20
-16
2
20
29
26
9
-5
-18
-19
-7
3
8
4
-5
-11
-16
-12
-2
5
7
5
-1
-7
-12
-19
-22
-17
-6
12
24
24
8
-14
-34
-38
-24
-1
18
23
16
3
-5
-4
3
7
10
10
7
6
4
2
3
8
16
17
11
3
-2
1
14
21
13
-3
-17
-21
-8
11
18
9
-2
-2
6
15
6
-17
-42
-46
-26
7
29
26
3
-18
-25
-19
-2
10
12
9
4
-11
-25
-31
-20
10
35
46
28
-7
-34
-39
-19
14
38
31
0
-35
-49
-31
0
24
30
22
10
-3
-11
-10
1
20
38
31
2
-34
-53
-33
4
33
35
11
-17
-24
-2
30
44
26
-10
-42
-51
-41
-19
10
33
46
44
25
0
-23
-30
-25
-15
-6
-2
5
9
5
-4
-11
-11
0
18
36
36
14
-12
-27
-32
-17
5
17
17
8
0
0
4
10
14
11
2
-11
-26
-34
-34
-21
-2
15
23
19
12
13
12
15
11
-17
-51
-76
-74
-35
18
65
85
74
40
-1
-32
-46
-40
-22
-8
4
13
13
9
7
5
8
9
5
4
2
5
11
9
-1
-12
-20
-23
-22
-10
8
28
42
40
22
-3
-31
-53
-55
-39
-7
27
44
38
10
-20
-32
-14
19
42
34
-4
-51
-75
-58
-8
41
66
51
12
-15
-14
6
19
26
17
-3
-19
-30
-34
-26
-17
-3
13
28
36
26
0
-27
-34
-19
9
34
34
14
-14
-35
-38
-25
-1
25
42
42
20
-14
-45
-54
-40
-8
21
27
14
-5
-9
9
30
40
24
-11
-39
-48
-29
4
25
27
11
-3
-8
0
11
17
12
-2
-17
-29
-32
-21
-1
17
27
20
8
-3
1
13
21
17
-7
-37
-45
-21
16
43
44
22
-6
-26
-30
-18
-3
8
17
19
13
3
-10
-15
-10
-2
6
7
1
-2
-5
-8
-10
-11
-12
-11
-2
15
25
28
14
-7
-20
-24
-14
-1
3
0
-7
-5
3
8
5
-2
-14
-17
-8
6
17
20
11
0
-8
-9
-2
4
5
2
-5
-5
-5
3
18
27
29
20
0
-25
-44
-40
-15
14
34
37
20
1
-14
-23
-21
-18
-11
1
12
17
16
2
-15
-22
-10
13
25
18
-10
-37
-34
-8
24
42
30
-5
-31
-35
-16
18
37
32
7
-25
-42
-33
-5
27
45
36
12
-10
-22
-15
1
10
16
11
0
-9
-17
-14
-4
15
32
37
18
-15
-46
-57
-39
3
41
51
30
-10
-37
-40
-21
11
28
26
8
-17
-30
-21
1
19
19
-5
-26
-31
-21
2
26
37
28
10
-7
-24
-33
-31
