SAMPLES:	12567
BITSPERSAMPLE:	16
CHANNELS:	1
SAMPLERATE:	16000
NORMALIZED:	FALSE
-14
-15
-14
-7
0
0
0
2
0
0
1
-1
1
2
4
4
1
0
-1
-1
1
5
11
11
9
5
1
-3
-6
-6
-4
1
3
3
3
0
-3
-3
-1
2
4
5
2
-1
-4
-5
-1
1
4
3
-3
-3
-4
-4
-2
2
4
1
-3
-7
-13
-14
-9
-3
5
8
10
7
-1
-5
-7
-3
5
6
6
6
-1
-1
-2
-2
4
7
8
9
7
4
2
-1
-1
1
-1
1
6
7
8
6
0
-3
-8
-6
2
2
7
6
0
0
-2
-1
3
-1
-3
-3
-5
-4
-4
-6
-4
-6
-10
-9
-4
1
0
-4
-5
-6
-2
4
4
4
0
-5
-7
-9
-10
-7
-2
4
5
2
-1
-1
0
2
5
6
5
1
-2
-2
-4
-1
0
1
3
1
-2
-1
-2
-2
-1
1
0
1
2
1
0
-1
5
10
16
18
12
3
-5
-4
-2
6
9
9
8
6
3
-2
-2
-3
-1
4
5
4
1
-2
-8
-13
-12
-11
-5
1
1
0
-4
-4
-3
0
3
3
-1
-5
-7
-10
-11
-13
-11
-7
-1
0
0
-1
-6
-7
-4
5
10
10
4
-2
-5
-5
1
6
9
10
6
3
0
4
6
6
7
4
0
-1
-1
1
4
6
5
7
11
11
7
0
-7
-10
-6
0
3
5
2
-1
-4
-8
-9
-5
-2
-1
1
-2
-6
-8
-8
-8
-7
-2
0
-1
-2
-1
-5
-10
-6
0
1
6
6
3
1
-5
-5
-4
-1
4
8
9
5
0
-2
0
6
10
9
11
9
3
0
-6
-4
-2
-3
-1
2
4
4
4
5
2
-1
-5
-5
-3
-3
-3
-9
-13
-11
-7
0
6
6
3
4
3
0
-1
-4
-4
-1
4
4
1
-2
-3
-2
2
7
11
9
5
0
-4
-8
-10
-9
-2
3
5
4
0
0
-1
-3
1
4
6
5
1
-2
-6
-6
-2
-1
4
5
3
0
0
-3
-4
-4
-5
0
2
1
-2
-8
-7
-4
-4
0
4
7
11
8
3
-3
-3
3
5
6
3
-3
-4
-2
0
5
6
5
3
-5
-8
-7
-4
1
4
3
-2
-5
-6
-1
3
6
3
-2
-6
-10
-5
0
2
3
3
1
-1
-4
-5
1
3
3
-2
-5
-1
5
6
5
0
-5
-5
-2
6
8
9
3
-4
-5
-6
-5
-4
-2
0
2
3
1
0
-7
-8
-7
-4
0
5
8
4
2
1
4
4
3
2
3
2
3
0
-3
-5
-6
0
8
12
11
4
-1
-3
-6
-1
2
1
2
-1
-1
-2
-1
2
4
2
-1
-4
-6
-6
0
3
4
0
-7
-12
-10
-6
-2
3
3
-1
0
2
3
5
3
-1
-4
-3
-3
-4
-5
-6
-5
-3
-5
-6
-2
7
9
5
1
-5
-5
0
4
7
6
5
3
-1
0
1
5
6
7
5
4
3
4
5
6
7
6
6
5
8
5
0
-2
-7
-8
-5
1
5
0
-8
-18
-26
-24
-16
-4
3
6
6
0
-6
-10
-7
-4
2
5
0
-2
-4
-6
-3
-1
5
10
11
7
3
-2
-4
-2
0
1
2
3
2
2
1
3
10
13
16
17
13
6
2
-3
-6
1
6
6
8
4
-1
-3
-6
-5
-4
-2
0
-1
-4
-6
-12
-17
-16
-10
-3
1
3
-1
-5
-7
-8
-7
-7
-4
3
8
6
4
-3
-7
-5
0
5
9
9
5
0
-1
-3
3
5
6
4
1
1
0
2
2
4
5
2
0
-2
-1
-3
-2
-1
0
2
-2
-1
-1
-1
0
-4
-6
-5
-2
-5
-5
-2
-3
-2
-2
1
2
3
1
-1
-2
-2
-3
1
4
5
5
5
3
-2
-4
-1
5
13
16
19
16
12
8
5
2
1
-1
-1
-2
-4
-11
-19
-19
-18
-8
2
5
6
3
-5
-8
-9
-5
-1
1
-2
-3
-4
-7
-6
-3
1
4
6
6
3
1
-1
-4
-4
-3
-1
2
2
3
-1
-3
-4
-5
-5
0
4
5
4
0
-3
-6
-2
4
4
5
-3
-7
-10
-5
1
3
7
9
9
7
1
-3
-3
3
9
11
10
10
7
3
-1
-4
1
5
10
8
3
-1
-8
-11
-8
-3
0
-2
-3
-3
-5
-5
-5
-3
1
3
4
3
-3
-5
-10
-12
-6
1
10
10
5
-2
-7
-8
-7
-2
2
3
4
1
-5
-11
-15
-11
-4
4
9
8
3
-3
-8
-10
-8
-1
4
5
2
-1
-1
2
4
10
9
8
8
7
4
1
4
6
10
11
8
7
3
2
3
2
0
-2
-5
-2
0
-1
-2
-4
-2
0
0
2
-1
-8
-9
-8
-8
-8
-4
-7
-7
-5
-4
-7
-11
-11
-11
-7
-4
-2
1
-1
6
2
-4
-3
-1
8
11
10
10
10
10
11
10
10
12
12
5
-2
-4
-9
-5
2
7
9
5
3
-4
-7
-6
-5
-2
2
2
-2
-6
-9
-11
-14
-6
2
5
3
0
-4
-8
-8
-9
-3
3
6
2
-2
-5
-10
-9
-3
-1
-1
3
3
2
3
3
5
6
6
9
11
9
3
-2
-5
-3
0
5
13
14
7
0
-3
-3
1
6
10
10
6
3
-1
-2
1
0
1
1
-1
-2
-5
-7
-7
-7
-6
-3
-6
-8
-7
-10
-9
-7
-7
-5
0
0
-2
-4
-6
-6
-6
2
9
9
6
-3
-13
-14
-13
-8
-3
1
5
4
1
1
0
1
2
3
4
5
8
10
12
12
8
6
4
1
-1
-4
-5
-3
0
2
2
4
6
6
3
0
3
-1
-1
3
4
9
8
4
3
0
-3
-3
0
2
7
8
1
-5
-7
-8
-6
-2
-2
0
2
1
-4
-8
-10
-6
-1
2
3
0
-3
-5
-7
-6
-9
-7
-2
4
7
3
1
-4
-7
-6
-2
1
2
1
1
0
-3
-6
-7
-3
4
4
5
2
0
-6
-11
-7
-3
1
5
3
0
3
4
5
6
9
13
12
7
1
-4
-2
-1
2
4
3
1
-4
-4
-1
0
3
4
3
0
-1
0
3
1
1
0
-3
-3
1
1
2
5
4
2
-1
-2
-4
-3
0
5
4
4
1
-1
1
-1
-2
-7
-10
-9
-3
7
9
7
-3
-13
-14
-11
-2
6
6
8
1
-5
-6
-7
-3
2
6
8
4
1
-2
-4
-5
-6
-5
-4
0
1
-1
-2
-2
4
6
10
9
7
2
-2
-3
-3
-5
-3
2
3
4
4
7
5
5
0
-8
-9
-12
-6
-2
1
3
3
2
0
0
0
3
4
0
-2
-13
-19
-18
-13
-4
4
11
10
6
-2
-4
-3
2
7
8
6
4
1
-1
-1
-2
-3
-4
-2
1
2
2
-1
-2
-4
0
5
8
11
9
5
3
7
12
12
9
7
2
1
-1
2
5
3
6
2
2
2
2
-3
-6
-6
-5
-6
-5
-5
-5
-6
-8
-8
-6
-5
-6
-7
-11
-14
-16
-15
-8
-2
6
8
6
3
-1
-3
-1
-1
1
3
1
-2
-3
-8
-10
-7
-8
-2
2
3
4
4
6
4
4
4
1
2
6
5
6
6
4
2
-1
-2
-3
-1
1
7
16
19
15
8
4
-1
-3
0
1
3
3
4
3
0
-5
-9
-8
-5
-1
1
4
2
-2
-6
-7
-3
2
8
9
5
2
-1
-5
-6
-3
0
0
-1
-1
-2
1
0
0
-4
-7
-9
-10
-9
-7
-4
-1
3
4
2
2
0
-3
-2
-2
-4
-6
-6
-3
-1
3
1
-1
0
-3
-2
-2
4
9
8
2
-5
-13
-13
-10
-5
4
10
13
10
8
3
-4
-2
1
7
8
1
-5
-3
-3
-2
2
6
8
5
4
3
0
-3
-6
-5
-1
3
2
1
-1
-2
-4
-2
6
13
19
15
10
4
-6
-6
-4
-1
2
7
7
5
3
-3
-5
-5
-1
4
2
-1
-3
-10
-10
-9
-9
-5
-4
1
1
-4
-9
-10
-10
-7
1
5
3
0
-6
-12
-10
-2
4
8
7
2
-5
-6
-3
2
9
14
12
5
-1
-3
-8
-6
-3
-3
4
4
-1
-2
0
5
5
5
7
5
0
-2
-2
-1
2
9
9
5
-1
-6
-6
-5
-2
-1
3
4
2
-1
-10
-15
-11
-6
2
11
12
11
8
2
1
2
5
6
4
3
-2
-7
-12
-15
-11
-10
-4
0
5
7
2
1
0
-1
4
7
6
9
6
1
1
2
4
3
4
2
0
1
-1
-1
-4
-4
-4
-8
-7
-3
1
3
0
1
1
0
-1
-6
-3
-3
-3
-3
-5
-6
-8
-5
-2
1
3
5
6
5
2
1
5
5
8
7
1
-1
-6
-5
-1
1
4
4
-3
-5
-5
-7
-5
-8
-5
-2
0
3
7
5
0
-3
-4
2
8
11
7
-3
-8
-9
-7
-3
2
8
9
3
-3
-6
-4
3
8
10
7
1
-6
-10
-6
-1
2
4
3
-1
0
1
4
8
8
5
6
5
3
-1
-11
-16
-13
-6
2
9
11
0
-6
-9
-11
-4
4
7
7
7
3
-2
-3
1
3
4
7
7
5
0
-5
-4
-2
-2
-3
-6
-9
-8
-8
-3
0
-3
-5
-7
-8
-8
-6
-4
-3
0
5
9
10
6
4
-1
-1
2
3
6
7
3
1
0
3
2
2
2
0
5
6
6
1
-5
-10
-8
-1
5
10
9
5
-1
-2
-1
1
4
0
1
2
1
-2
-5
-4
-6
-5
1
2
0
-2
-9
-13
-8
-3
4
3
-2
-4
-8
-9
-6
-4
-2
0
4
7
6
1
-3
-2
2
6
10
11
4
-1
-6
-12
-8
2
7
9
3
-5
-10
-10
-8
-4
6
13
11
6
0
-4
-7
-4
1
1
0
1
3
1
2
4
2
4
6
10
12
9
5
5
3
6
11
12
10
8
5
0
1
-2
-3
-1
-4
-7
-6
-3
-3
-4
-7
-13
-10
-6
-6
-10
-11
-9
-13
-13
-10
-7
-6
-7
-9
-11
-12
-8
-4
-4
-3
0
0
-2
-9
-10
-8
-2
3
5
12
11
10
9
5
3
-1
0
5
12
4
-5
-1
3
4
3
9
15
18
16
14
11
8
5
9
18
12
6
1
2
5
6
2
-3
0
9
10
2
-8
-5
9
7
-7
-9
6
11
-9
-23
-18
-6
-1
-5
-11
-21
-16
-2
-2
-15
-21
-10
1
-2
-1
0
-1
7
15
23
16
5
14
18
9
-4
-6
6
13
12
6
-7
-5
9
12
-6
-16
11
26
3
-30
-35
-11
-9
-20
-25
-12
4
4
-8
-30
-33
-9
-6
-21
-24
-5
27
23
3
13
18
24
24
18
23
16
15
27
4
-5
10
31
29
-15
-22
-4
4
-27
-55
-36
-47
-39
-34
-37
-53
-98
-36
22
-10
-34
-59
1
48
47
57
-32
-37
97
182
119
-45
-25
165
224
124
10
39
155
220
193
55
-8
81
210
182
-30
-87
23
67
0
-144
-201
-186
-182
-143
-214
-376
-400
-275
-191
-317
-491
-407
-170
-118
-275
-355
-191
46
73
-52
-36
157
345
351
230
260
451
600
556
374
417
654
683
488
343
435
577
486
324
246
202
224
212
59
-125
-197
-147
-146
-321
-487
-517
-523
-530
-584
-698
-735
-696
-649
-638
-693
-686
-622
-576
-492
-466
-493
-457
-316
-195
-249
-331
-193
53
106
-14
-51
157
392
418
281
236
459
749
745
498
459
722
985
860
601
602
825
954
807
584
552
707
773
638
375
325
410
430
279
55
-45
-19
-4
-121
-330
-496
-451
-431
-552
-757
-859
-845
-832
-898
-976
-1038
-1092
-1002
-934
-938
-980
-924
-739
-611
-624
-532
-360
-250
-123
-8
181
308
333
483
654
726
834
905
967
991
993
1101
1077
912
858
900
860
660
475
445
391
212
61
12
-106
-246
-321
-363
-430
-558
-603
-583
-667
-696
-666
-669
-699
-728
-641
-582
-620
-610
-511
-445
-446
-397
-267
-189
-170
-131
31
166
149
210
304
403
475
479
561
614
628
667
694
693
688
718
721
672
603
549
567
540
398
282
157
282
263
-29
-189
-211
-21
-152
-465
-511
-425
-366
-430
-635
-616
-606
-501
-503
-687
-652
-480
-393
-602
-691
-423
-206
-454
-687
-412
-31
-139
-370
-452
-79
223
86
-51
-95
185
640
493
210
229
601
1005
685
413
594
949
1044
754
595
744
793
806
653
505
390
350
339
183
-65
-257
-242
-344
-542
-644
-751
-857
-913
-989
-889
-1002
-1191
-1094
-936
-864
-950
-1067
-916
-598
-477
-566
-640
-490
-162
69
14
-100
37
308
546
658
450
432
689
951
1069
860
777
941
1094
1179
1013
876
875
930
1062
894
689
578
621
669
510
275
157
184
185
55
-94
-253
-200
-12
-75
-255
-353
-191
61
16
-251
-273
-128
66
-32
-288
-367
-239
-176
-296
-470
-616
-601
-551
-746
-872
-833
-939
-1060
-1180
-1050
-1060
-1219
-1266
-1172
-1080
-1136
-1189
-1087
-1071
-985
-865
-979
-1050
-874
-555
-467
-564
-666
-362
-101
297
1007
471
-425
606
2217
2399
948
22
1701
3441
2906
1536
1140
2237
3750
3706
2246
1467
2334
3847
3740
1611
581
1732
2507
1673
42
-598
-109
-18
-282
-980
-1942
-2029
-1500
-1204
-1839
-2914
-2766
-2098
-2106
-2435
-2751
-2818
-2537
-2386
-2073
-1633
-2504
-2766
-1489
-665
-903
-1798
-1844
-415
392
57
-430
-794
-123
1409
1618
194
-483
428
2090
2013
349
16
941
1639
1515
1031
1104
723
563
1708
2073
1240
522
514
1701
2420
1628
979
857
1436
2522
2466
1124
536
1280
2362
2090
202
-613
575
936
91
-936
-1640
-1237
-872
-1012
-1460
-2232
-2393
-1862
-1305
-1606
-2484
-2486
-2181
-1825
-1568
-1903
-2229
-2294
-1865
-991
-925
-2005
-2265
-1076
-342
-636
-1472
-1795
-625
321
-77
-599
-898
-250
1783
1997
-180
-654
1698
3677
2822
437
560
3653
4841
3066
1726
1970
3614
4944
3745
2013
1945
3395
4468
3018
795
938
2346
1940
394
-445
-445
-303
-637
-1152
-1585
-2091
-2225
-1785
-1855
-2689
-3089
-2689
-2560
-2777
-2901
-3123
-3165
-2966
-2595
-2168
-2726
-3473
-2565
-1601
-1969
-2668
-2659
-1668
-852
-1402
-1866
-1171
-695
357
1232
-262
-980
1282
3294
2795
559
16
3124
5230
3583
1787
2210
3906
5352
4680
2768
2433
3942
5203
4281
1808
1169
2850
3082
1254
-143
-94
210
17
-364
-949
-1707
-2013
-1679
-1287
-1991
-3132
-2920
-2302
-2190
-2624
-3284
-3419
-2929
-2430
-2222
-2892
-3630
-2789
-1413
-1625
-2795
-3070
-2228
-1090
-1464
-2488
-2170
-1217
188
1182
-416
-1517
781
3261
2794
527
-17
2946
5422
3922
1774
2291
4160
5434
4855
2965
2837
4650
5733
4350
1954
1576
3139
3086
923
-459
53
529
-59
-779
-1428
-1659
-1458
-1376
-1866
-2836
-3112
-2347
-2285
-3387
-3909
-3318
-2877
-3073
-3375
-3125
-2808
-3122
-2862
-2222
-2376
-2813
-2650
-2096
-1689
-1809
-1896
-1379
-642
353
330
-692
7
2335
3005
1457
436
2214
4952
4841
2422
1995
3956
5601
5416
3474
2583
4111
5783
5069
2539
1204
2532
3626
1865
-508
-758
46
349
-401
-1631
-2288
-1958
-1347
-1637
-2826
-3761
-3215
-2355
-2752
-3764
-4208
-3778
-3065
-3019
-3165
-3362
-3762
-3421
-2168
-1983
-2906
-3212
-2663
-1455
-1020
-1691
-1773
-386
1064
644
-265
918
3311
3622
1735
1232
3434
5819
5290
2823
2647
5028
6831
6028
3545
2924
5319
7091
5106
1956
1440
3362
4162
1735
-865
-978
-157
-129
-810
-2265
-3519
-3109
-2228
-2349
-3719
-4821
-4305
-3525
-3804
-4425
-4931
-5042
-4567
-3601
-3108
-4004
-5006
-4207
-2199
-2145
-3446
-3871
-3003
-1670
-1167
-1593
-1439
256
1195
421
647
2642
4394
4132
1758
1642
5613
7941
5266
2271
3207
6835
8734
5801
2216
3393
7011
7767
4510
753
1275
4480
4417
757
-1943
-1366
545
709
-1297
-3477
-3865
-2739
-2041
-2783
-4657
-5587
-4390
-3379
-3936
-5232
-5924
-5058
-3906
-3746
-4083
-4795
-4970
-3222
-2008
-3027
-4199
-4125
-2470
-435
-1237
-2229
290
1277
152
1262
3290
4041
3180
1686
3355
6627
6289
3980
3586
4543
6235
7455
5564
3594
4706
7222
7461
4468
1560
2563
4677
3270
186
-1078
-616
-125
-7
-1018
-2999
-3972
-3090
-2053
-2995
-5446
-5665
-4087
-3977
-5067
-5811
-5828
-5264
-4507
-4032
-4200
-5381
-5335
-2951
-1781
-3418
-4681
-3943
-2217
-782
-1173
-1255
571
557
144
2350
4245
3608
2221
2125
4510
7050
6123
3686
3591
5381
7322
7570
4790
3058
5420
8270
7190
3719
1708
3278
5032
3297
168
-1066
-670
-226
-163
-1621
-3786
-4282
-3078
-2161
-3417
-5977
-6132
-4448
-3980
-5072
-6195
-6417
-5573
-4241
-3584
-4362
-5913
-5367
-2510
-1541
-3603
-4997
-3887
-1587
-273
-1210
-1189
933
1124
907
2986
4614
4031
2774
2647
5011
7265
6155
3845
3763
5512
7663
7765
4772
3204
5682
8265
6767
3014
1256
3517
5173
2672
-779
-1608
-371
370
-532
-3075
-4784
-3841
-2399
-2847
-5233
-7036
-5646
-4005
-4984
-6693
-6766
-5668
-5033
-5083
-5107
-4827
-5124
-4807
-3116
-2402
-3322
-3678
-2796
-1134
-90
-412
776
1565
246
1514
5259
5723
3182
1790
3602
7218
7952
4736
3210
4922
6918
8419
6781
3451
3972
7615
8102
4872
1779
2125
4390
3460
210
-1069
-898
-1278
-1181
-1138
-3073
-5045
-4723
-3392
-3288
-5479
-6932
-5832
-4843
-5137
-5478
-5965
-6511
-5766
-3884
-3222
-4887
-6184
-4089
-1436
-2038
-4027
-4170
-2524
-482
78
-389
1000
1501
973
3084
5615
4913
3057
2612
4592
7532
7412
4443
3428
5091
7267
8451
5925
2901
4515
8202
7908
4223
1388
2290
4761
3632
-336
-2135
-1541
-681
-355
-1939
-4647
-5343
-3775
-2818
-4041
-6662
-7164
-5249
-4643
-5624
-6398
-6608
-5984
-5051
-4156
-4261
-5661
-5681
-2896
-1261
-2927
-4443
-3704
-1703
-222
-602
-1065
1137
2350
1617
2553
4736
5421
4587
3406
4093
6893
7893
5702
3851
4721
7044
8826
6817
3485
4103
7546
8189
4943
1549
1804
4487
4149
368
-2146
-1812
-801
-276
-1776
-4765
-5857
-4062
-2407
-3935
-7548
-8396
-5543
-4012
-5809
-7620
-7557
-5956
-4490
-4428
-5213
-6107
-5529
-2913
-1461
-3293
-4684
-3268
-1303
-354
-643
-1109
992
3184
2529
2235
4117
5556
5341
4311
4044
6243
8106
6700
4680
4922
6469
8184
7501
4841
4383
6747
7902
5738
2624
1630
3580
3941
882
-1713
-1729
-748
-619
-2023
-4324
-5310
-4333
-3370
-4193
-6653
-7770
-6073
-4976
-6015
-7376
-7635
-6497
-5248
-4882
-5286
-6054
-6158
-4040
-2015
-3313
-5029
-4155
-1756
-190
-395
-1323
-228
2823
3486
2539
3030
4749
6059
5581
4369
5108
7437
8132
6315
5182
6021
7787
8376
6366
4861
6075
8380
7254
3502
2240
3996
4832
1885
-1711
-1807
8
-75
-2466
-4649
-5198
-4333
-3415
-4685
-7257
-7927
-5826
-4868
-6833
-8338
-7970
-6418
-5651
-6172
-6177
-5876
-5709
-4491
-2935
-3635
-4862
-3939
-2239
-1189
-887
-889
-185
1974
3312
2891
2967
4362
5965
6392
4958
4479
6783
8691
7316
5093
5496
7420
8559
7277
5277
5497
7369
7410
5225
3181
2822
3724
3308
453
-1688
-1278
-639
-1468
-3501
-4902
-4991
-4251
-4327
-5853
-7161
-7022
-5981
-6043
-7298
-7969
-7297
-5943
-5710
-6122
-5918
-5703
-4998
-3622
-3246
-4121
-4281
-3061
-1426
-591
-865
-781
1369
3436
3058
2337
3707
5917
6524
5209
4335
5872
8042
7885
5839
5249
6516
8133
8008
5966
4998
6691
7941
6376
3873
2665
3506
3607
1398
-1026
-1389
-958
-1391
-2550
-4026
-5037
-4763
-4221
-5063
-6916
-7614
-6279
-5687
-6812
-8021
-7683
-6473
-5892
-6179
-6221
-5805
-5354
-4274
-3588
-4179
-4315
-3071
-1672
-1166
-1013
-462
836
2864
3265
2435
2923
5298
7030
5968
4319
5063
7677
8900
6751
4946
6064
7883
8404
6869
5302
5690
7359
7079
4848
2984
2837
3631
2539
-298
-1726
-1233
-1213
-2470
-3767
-4623
-5050
-4964
-5111
-5885
-7214
-7324
-6365
-6378
-7304
-7809
-6977
-6129
-6277
-6252
-5567
-5172
-5038
-3976
-3182
-3763
-3809
-2525
-1201
-810
-557
343
2385
3659
2763
2835
4878
6412
6212
4877
4828
6800
8510
7693
5602
5490
6977
8640
8028
5770
5144
6587
7496
5907
3383
2285
2903
2866
832
-1342
-1799
-1640
-2080
-3233
-4322
-5070
-5121
-4997
-5715
-6994
-7426
-6565
-6458
-7356
-7706
-7010
-6310
-6406
-6544
-5628
-4833
-4944
-4636
-3673
-3172
-3057
-2608
-2168
-1413
-21
1008
2131
3179
3029
3421
5287
6442
5891
4927
4968
6820
8633
7830
5708
5441
6961
8172
7446
5524
4941
6407
7234
5889
3602
2417
2820
2623
1027
-943
-1753
-1730
-1992
-2915
-3969
-5055
-5591
-5373
-5572
-6748
-7466
-7050
-6842
-7389
-7679
-7172
-6741
-6663
-6724
-5633
-4841
-5262
-4977
-3525
-2690
-3030
-2917
-2135
-1102
273
1087
1786
2718
3071
3787
5226
6289
5946
5326
5501
6763
8232
7964
6093
5529
6910
8329
7966
6031
5139
6380
7539
6373
4267
2840
2675
2775
1692
-269
-1881
-2317
-2288
-2699
-3915
-5410
-5783
-5488
-5616
-6379
-7314
-7354
-7065
-7285
-7295
-7302
-7367
-7164
-6623
-5763
-5228
-5438
-5395
-4073
-2946
-2806
-2871
-2646
-1562
300
1453
1842
2457
2930
3813
5579
6575
6057
5144
5302
7065
8536
7808
5767
5336
7089
8492
7869
5832
4937
6303
7565
6321
3879
2535
2392
2511
1752
-182
-2107
-2725
-2257
-2107
-3562
-5804
-6421
-5344
-5112
-6200
-7555
-7794
-6916
-6669
-7203
-7939
-7768
-6478
-5472
-5390
-5737
-5343
-4183
-3297
-3057
-3220
-2967
-2253
-939
742
1397
1699
2632
3596
4320
5138
6202
6396
5667
5377
6681
8297
7606
5658
5339
6990
8225
7310
5670
5188
6148
6973
5797
3753
2663
2539
2370
1339
-416
-1961
-2508
-2524
-2714
-3461
-5031
-6072
-5627
-5400
-6086
-7231
-7803
-7246
-6725
-6857
-7611
-7709
-6791
-5821
-5379
-5645
-5553
-4532
-3322
-2735
-2996
-3027
-2315
-891
650
1199
1761
2738
3438
4185
5338
6224
6051
5362
5585
7082
8376
7501
5727
5614
7074
8361
7606
5794
5173
6415
7557
6082
3627
2375
2499
2603
1244
-720
-2291
-2713
-2540
-2661
-3711
-5606
-6268
-5465
-5266
-6348
-7859
-8098
-7230
-6654
-7127
-8061
-7776
-6630
-5435
-5475
-6248
-5971
-4423
-2956
-2867
-3359
-3103
-1903
-261
907
1287
2002
2961
3784
4848
6258
6608
5846
5579
6444
8042
8434
6844
5743
6444
7740
8139
6889
5505
5568
6921
7056
5355
3403
2431
2766
2337
574
-1306
-2298
-2459
-2788
-3481
-4714
-5776
-5859
-5574
-5583
-6831
-8063
-7815
-7184
-7097
-7918
-8300
-7698
-6510
-5633
-5878
-6129
-5764
-4198
-2665
-2769
-3209
-2782
-1272
501
1209
1520
2227
3137
3868
5341
6825
6283
5150
5484
7228
8552
7765
5971
5910
7295
8274
7963
6416
5328
6304
7741
6717
4315
2806
2652
3029
1809
-487
-1872
-2246
-2257
-2278
-3251
-5269
-6262
-5569
-5106
-5942
-7876
-8658
-7411
-6511
-7118
-8325
-8453
-7370
-5764
-5208
-6162
-6792
-5647
-3466
-2573
-3575
-4111
-2773
-506
992
1246
1410
2118
3580
5095
6174
6164
5363
5561
6857
8037
7994
6724
5979
6818
8102
8170
7020
6090
6198
7457
7491
5526
3957
3177
2907
2503
990
-1043
-2170
-2168
-2180
-2853
-4392
-5878
-5777
-5318
-5703
-6804
-8108
-8194
-7306
-6783
-7581
-8491
-8136
-6874
-5652
-5676
-6326
-6172
-4946
-3327
-2784
-3403
-3673
-2334
125
1448
1705
1842
2398
3823
5782
7018
6233
4987
5542
7637
9090
7880
5633
5680
7654
8909
7928
6089
5364
6593
8168
7109
4368
2514
2799
3780
2868
-57
-2659
-2712
-1505
-1599
-3765
-6588
-6910
-4836
-4098
-6223
-8974
-8991
-6920
-5809
-7586
-9748
-8926
-6758
-5324
-5671
-6988
-6905
-4934
-3026
-3063
-4049
-3920
-2229
-240
489
1137
2151
2529
3106
4629
6544
6640
5225
5106
6886
8776
8569
6746
5783
6890
8726
8733
6804
5122
6127
8469
7863
5087
3232
3099
3589
2831
761
-1428
-2434
-2163
-1658
-2485
-5238
-6907
-5941
-4970
-5711
-7595
-8593
-7933
-6843
-6818
-8129
-8769
-8120
-6558
-5501
-6200
-6891
-6052
-4352
-3400
-3502
-3799
-3500
-1683
352
1325
1709
1715
2564
4561
6391
6464
5214
5037
6631
8550
8564
6725
5846
6948
8680
8735
7092
5981
6517
7968
7747
5833
4146
3411
3562
3151
1568
-403
-1714
-1838
-1840
-2349
-3933
-5693
-6016
-5620
-5424
-6445
-7975
-8430
-7655
-6759
-7462
-8422
-8279
-7291
-6229
-6208
-6508
-6253
-5198
-3970
-3754
-3869
-3722
-2503
-475
748
1309
1410
2185
3973
5857
6405
5350
4969
6064
7838
8508
6925
5758
6614
8269
8815
7476
6198
6426
7784
7691
5992
4454
3555
3630
3219
1768
141
-1169
-1808
-1990
-2339
-3704
-5034
-5433
-5483
-5319
-6036
-7389
-8027
-7707
-6976
-7235
-8115
-8259
-7004
-5715
-6024
-6555
-6170
-4969
-3864
-3816
-4093
-3655
-2133
-416
726
1220
1129
2178
4319
5653
5630
4916
5114
6546
7774
7766
6704
6146
6728
7900
8211
7066
6299
6682
7546
7255
5794
4627
3860
3390
2803
1619
42
-1313
-1867
-1862
-2256
-3741
-5214
-5520
-5309
-5437
-6282
-7382
-7841
-7412
-6928
-7332
-8023
-7978
-6817
-5740
-6038
-6834
-6292
-4587
-3733
-4034
-4251
-3441
-1718
-270
468
949
1270
2288
4215
5554
5423
4906
5358
6671
7600
7240
6383
6304
6964
7761
7829
6971
6414
6762
7447
7070
5934
4832
3883
3365
2834
1958
207
-1661
-2026
-1421
-1779
-3812
-5506
-5306
-4703
-5068
-6682
-7809
-7473
-6611
-6407
-7571
-8411
-7802
-6262
-5548
-6399
-6813
-5808
-4294
-3688
-4238
-4376
-3540
-1981
-559
366
794
870
2178
4390
5617
5151
4311
5043
6924
8039
7309
5899
5863
7109
8383
7951
6314
6018
7368
8248
7068
5361
4483
4207
3856
2833
1469
-277
-1458
-1300
-1102
-2261
-4503
-5332
-4625
-4372
-5390
-7130
-7765
-7307
-6700
-6931
-8084
-8432
-7481
-5988
-5828
-6813
-6704
-5342
-3953
-3985
-4628
-4279
-3161
-1658
-423
292
395
816
2594
4534
5227
4416
4158
5535
7076
7634
6734
5709
6085
7461
8316
7434
6064
6033
7555
8334
6934
5335
4374
4022
3874
3031
1411
-479
-1330
-998
-877
-2280
-4533
-4988
-4312
-4416
-5272
-6592
-7106
-6875
-6585
-6961
-7788
-7794
-7037
-5844
-5857
-6815
-6356
-5098
-4100
-4192
-4594
-4139
-3081
-1522
-450
315
412
610
2551
4587
5185
4447
4032
5168
6684
7393
6341
5172
5679
7292
8414
7115
5570
6090
7564
7752
6259
5002
4320
3948
3703
2828
1363
-721
-1494
-718
-947
-2727
-4702
-4787
-4016
-4245
-5634
-6984
-6800
-6173
-6039
-6875
-8056
-7561
-6151
-5464
-6277
-7017
-5952
-4321
-3681
-4427
-4663
-3706
-2524
-1261
-377
66
228
1169
3194
4569
4670
4133
4400
5642
6684
6989
6149
5313
5723
7095
7760
6590
5595
6374
7606
7204
5708
4940
4552
3992
3262
2352
1091
-463
-1101
-909
-1373
-2993
-4320
-4230
-4068
-4691
-5679
-6496
-6706
-6423
-6281
-6915
-7639
-7422
-6210
-5376
-6201
-6907
-5914
-4331
-3593
-3993
-4405
-3801
-2360
-953
-23
164
-4
1170
3455
4688
4346
3797
4381
5817
6731
6467
5772
5561
6212
7337
7455
6195
5619
6621
7482
6871
5415
4595
4382
4115
3297
2148
810
-564
-826
-763
-1728
-3403
-4368
-4066
-3988
-4683
-5835
-6612
-6430
-6157
-6118
-6974
-7762
-7300
-6016
-5337
-6300
-6712
-5699
-4332
-3681
-4060
-4092
-3371
-2138
-873
-85
209
230
1477
3487
4439
4291
3928
4674
5977
6608
6247
5441
5499
6356
7301
7183
6023
5807
6794
7335
6523
5321
4593
4048
3736
3103
1920
362
-881
-737
-548
-1735
-3583
-4401
-4143
-4075
-4530
-5702
-6715
-6730
-6145
-5802
-6531
-7395
-7014
-5757
-5216
-5890
-6099
-5324
-4338
-3762
-3964
-4051
-3566
-2279
-610
313
106
28
1721
3997
4641
3927
3494
4486
6098
6755
6020
4945
5152
6590
7627
6836
5384
5764
7281
7430
6038
4835
4418
4099
3631
2831
1815
147
-1177
-919
-515
-1712
-3777
-4626
-4158
-3830
-4490
-6221
-7123
-6667
-5880
-5922
-7249
-7768
-6528
-4853
-5090
-6426
-6264
-4776
-3491
-3574
-4282
-3861
-2733
-1414
-392
144
236
677
2560
4247
4482
3917
3884
5118
6200
6448
5960
5303
5535
6538
7451
6799
5383
5580
6831
7286
6086
4562
3977
3704
3572
2559
935
-497
-978
-549
-979
-2580
-4093
-4445
-4081
-4439
-5217
-6142
-6668
-6517
-6366
-6406
-7080
-7258
-6534
-5610
-5431
-5874
-5493
-4629
-3995
-3657
-3589
-3303
-2827
-1560
102
769
443
623
2528
4599
4842
4038
3913
5285
6669
6672
5690
4943
5621
7073
7419
6271
5366
6111
7198
6745
5448
4324
3856
3502
3026
2272
668
-918
-1218
-635
-1054
-2917
-4164
-4270
-3950
-4160
-5351
-6425
-6790
-6179
-5725
-6265
-7253
-7412
-5944
-5008
-5569
-6117
-5665
-4324
-3588
-3687
-3931
-3556
-2285
-832
447
568
268
1522
3744
4774
4114
3586
4418
5870
6686
6044
5184
5135
5953
7008
6828
5819
5538
6509
7028
6150
5146
4326
3705
3261
2666
1964
247
-1053
-1083
-781
-1548
-3593
-4443
-4147
-3802
-4281
-5751
-6519
-6563
-5928
-5865
-6860
-7257
-6771
-5424
-5252
-5984
-5915
-4998
-3864
-3830
-3957
-3630
-2909
-1617
-510
428
411
564
2235
4045
4709
3996
3845
4919
6039
6542
5869
5277
5472
6317
7245
6549
5428
5627
6722
6859
5590
4696
4164
3831
3212
2312
1379
-293
-1282
-1134
-922
-2093
-3873
-4237
-4202
-4221
-4846
-5991
-6562
-6689
-6023
-6146
-6965
-7361
-6533
-5031
-5299
-6092
-5828
-4597
-3515
-3545
-3701
-3551
-2658
-1145
120
828
436
874
2777
4408
4693
3965
4031
5111
6266
6594
5829
5212
5451
6654
7378
6369
5372
5687
6723
6634
5539
4521
3841
3588
3001
2142
805
-702
-1171
-1016
-1370
-2843
-4119
-4265
-4143
-4362
-5327
-6192
-6491
-6312
-5978
-6385
-7017
-7116
-6180
-5370
-5664
-6005
-5546
-4319
-3589
-3667
-3775
-3409
-2401
-1041
278
703
478
1374
3359
4753
4423
3677
4209
5621
6559
6200
5515
5497
6095
6882
6881
5944
5515
6352
7163
6473
5363
4587
3914
3315
2705
2095
802
-763
-1375
-995
-1250
-2997
-4434
-4566
-4205
-4300
-5383
-6546
-6981
-6485
-6054
-6680
-7547
-7416
-5812
-4772
-5424
-6232
-5592
-3999
-3215
-3490
-3879
-3513
-2128
-487
585
486
1
1306
3765
5026
4294
3692
4561
5898
6641
6209
5375
5308
5983
6997
6974
5818
5366
6234
7063
6194
5125
4382
3707
3430
3019
2114
233
-1385
-1235
-550
-1290
-3553
-4659
-4067
-3709
-4302
-5718
-6562
-6376
-5809
-5847
-6984
-7568
-6797
-5423
-5229
-6201
-6241
-5115
-3839
-3481
-3801
-3823
-3295
-2047
-639
350
504
500
1912
3636
4498
4397
4189
4737
5613
6236
6133
5709
5584
5932
6798
6779
5948
5784
6303
6571
5961
5377
4532
3394
2806
2586
2100
373
-1434
-1614
-1119
-1574
-3356
-4547
-4675
-4456
-4320
-5248
-6418
-6832
-6022
-5411
-6283
-7186
-6963
-5610
-4980
-5645
-5737
-4972
-4118
-3757
-3497
-3261
-3127
-2215
-801
515
825
655
1777
3606
4639
4494
4231
4718
5777
6735
6561
5716
5389
5907
6908
6723
5677
5524
6376
6707
5843
5068
4488
3789
2959
2232
1674
473
-984
-1487
-1327
-1823
-3248
-4251
-4575
-4603
-4798
-5514
-6376
-6970
-6755
-6232
-6443
-7125
-7075
-5933
-5129
-5467
-5778
-5182
-4142
-3638
-3595
-3412
-2955
-2132
-841
365
800
810
1778
3608
4743
4625
4304
4884
5907
6357
6177
5783
5771
6313
6992
6946
6263
5979
6356
6601
5964
5362
4753
3719
2819
2321
1931
596
-1172
-1647
-1313
-1567
-3131
-4353
-4475
-4507
-4761
-5654
-6436
-6628
-6309
-5998
-6556
-7238
-7018
-5906
-5266
-5848
-5914
-4981
-3989
-3668
-3760
-3501
-2866
-1999
-996
199
992
1005
1683
3186
4376
4589
4329
4628
5446
6425
6567
5785
5415
5764
6658
6962
6160
5748
6068
6452
5937
5334
4711
3620
2976
2521
2043
789
-923
-1470
-1491
-1773
-3087
-4292
-4511
-4793
-4717
-5178
-6072
-6822
-6876
-6090
-6233
-6830
-7086
-6354
-5271
-5524
-5699
-5346
-4537
-3698
-3378
-3202
-3206
-2344
-924
291
1010
880
1531
3031
4544
5140
4604
4517
5189
6552
7112
6090
5412
5751
6808
7255
6424
5639
5762
6594
6496
5926
4897
3654
3424
3200
2489
785
-1078
-1477
-1218
-1519
-3348
-4721
-4543
-4278
-4428
-5713
-6643
-6751
-6518
-6350
-6882
-7341
-7347
-6512
-5682
-5967
-6076
-5613
-4596
-3978
-3885
-3454
-3005
-2237
-1393
-141
1041
1268
1571
2580
4334
5391
4932
4473
4789
6280
7231
6518
5613
5589
6742
7470
6777
5698
5560
6552
6811
5890
4823
4008
3644
3088
2275
1093
-468
-1406
-1443
-1430
-2667
-4386
-4872
-4496
-4582
-5511
-6534
-6907
-6718
-6355
-6566
-7208
-7561
-6881
-5627
-5545
-6240
-5980
-4549
-3551
-3724
-3806
-3135
-2016
-1228
-658
369
1191
1553
2336
3754
4857
5134
5073
5146
5821
6867
7041
6295
5709
6176
7295
7422
6266
5572
6243
6875
6406
5211
4033
3721
3599
2660
1336
-136
-1109
-1330
-1607
-2647
-3977
-4409
-4516
-4864
-5523
-6251
-6484
-6741
-6950
-6849
-6908
-7153
-7193
-6507
-5924
-5867
-5849
-5551
-4660
-3891
-3558
-3424
-3035
-2085
-970
318
1223
1332
1736
3188
4931
5390
4858
4695
5609
7026
7156
6263
5750
6113
7229
7624
6567
5604
6063
7000
6639
5515
4531
3987
3702
2889
2004
902
-772
-1669
-1457
-1639
-3203
-4703
-4871
-4609
-4757
-5801
-6814
-7037
-6753
-6412
-6816
-7607
-7607
-6415
-5421
-5932
-6445
-5671
-4334
-3792
-3928
-3621
-3037
-2162
-1232
-286
672
1212
1730
2675
3874
4802
5174
5194
5137
5986
7168
7096
6128
5645
6480
7456
7134
6066
5773
6521
7003
6525
5246
3930
3595
3483
2712
1123
-555
-1105
-992
-1542
-3052
-4290
-4551
-4515
-4788
-5709
-6496
-6591
-6468
-6584
-7147
-7527
-7315
-6717
-6398
-6493
-6197
-5569
-5020
-4589
-4195
-3680
-3134
-2536
-1995
-1272
-59
1260
1865
1766
2539
4481
5865
5570
4660
5147
6835
7692
6933
5778
5809
6883
7718
7070
5748
5699
6752
7260
6093
4408
3790
3944
3640
2199
538
-686
-1216
-1097
-1737
-3359
-4916
-5026
-4351
-4835
-6193
-7122
-6788
-6377
-6751
-7380
-7744
-7422
-6810
-6334
-6314
-6547
-5924
-4679
-3924
-4067
-4052
-3099
-1995
-1341
-915
144
1529
2094
2272
3349
4802
5653
5507
5139
5690
7156
7813
6934
5981
6184
7367
7821
6675
5611
6121
6987
6687
5358
4257
3892
3928
3095
1450
91
-788
-1053
-1368
-2502
-4003
-4776
-4568
-4733
-5661
-6647
-6877
-6404
-6723
-7302
-7434
-7231
-6989
-6875
-6495
-6341
-6142
-5525
-4707
-4043
-3961
-3544
-2669
-1930
-1425
-725
829
1986
1917
1984
3468
5458
5885
5026
4714
5981
7603
7482
6187
5546
6493
7831
7685
6316
5615
6527
7402
6694
5202
4016
3719
3721
2868
1350
-268
-1253
-1437
-1483
-2502
-4339
-5147
-4668
-4520
-5511
-6763
-7018
-6681
-6688
-7142
-7520
-7511
-7222
-6509
-6109
-6293
-6213
-5441
-4369
-3937
-3972
-3468
-2429
-1644
-1281
-349
1135
2035
2085
2430
4122
5827
5887
4904
4764
6374
7864
7384
5787
5414
6859
8112
7575
5998
5546
6697
7397
6626
5041
3819
3715
3749
2770
859
-787
-1516
-1266
-1334
-2901
-4684
-5209
-4674
-4546
-5628
-7053
-7533
-6927
-6604
-7006
-7609
-8013
-7376
-6346
-6004
-6399
-6429
-5341
-4085
-3632
-3833
-3479
-2364
-1449
-868
-8
1172
1982
2164
2939
4622
5875
5622
4833
5288
6794
7715
7001
5887
5930
7066
7958
7327
5882
5609
6566
7325
6360
4476
3461
3682
3964
2521
344
-1173
-1467
-900
-1451
-3456
-5212
-5263
-4267
-4598
-6259
-7650
-7245
-6168
-6379
-7313
-8077
-7732
-6685
-5984
-6148
-6647
-6190
-4932
-3815
-3628
-4023
-3435
-2200
-1092
-507
-21
1284
2363
2794
3212
4357
5640
5724
5257
5370
6452
7514
7083
6151
5992
6761
7600
7140
5906
5457
6434
7080
6086
4397
3529
3858
3781
2134
80
-1052
-1053
-894
-1683
-3549
-5111
-4936
-4253
-4895
-6728
-7786
-7004
-6034
-6552
-7768
-8120
-7435
-6592
-6151
-6430
-6760
-6099
-4714
-3602
-3517
-3869
-3347
-2037
-969
-613
-54
1246
2386
2808
3220
4437
5537
5752
5481
5583
6542
7423
7110
6297
6147
6824
7419
7060
5901
5691
6692
7043
6043
4415
3617
3664
3328
1768
115
-683
-1199
-1550
-2170
-3591
-4797
-5001
-4601
-5047
-6335
-7232
-6935
-6267
-6774
-7569
-7847
-7555
-6783
-6011
-5807
-6224
-6060
-4727
-3354
-3215
-3944
-3561
-2081
-846
-434
-95
916
2191
2942
3302
4143
5273
5829
5671
5517
6142
7144
7348
6511
5799
6360
7281
7232
6076
5600
6320
6853
6140
4622
3565
3382
3324
2222
355
-1030
-1523
-1517
-1977
-3396
-4758
-5109
-4700
-4954
-6153
-7193
-7102
-6564
-6806
-7442
-7821
-7518
-6666
-6107
-6137
-6354
-5885
-4696
-3694
-3532
-3713
-3008
-1806
-858
-353
93
1246
2408
2958
3366
4343
5473
5788
5630
5627
6346
7294
7211
6537
6143
6679
7554
7390
6307
5614
6229
6836
6098
4453
3171
3013
2855
1778
261
-1143
-1859
-1851
-1912
-3126
-4798
-5365
-4994
-5055
-6233
-7295
-7175
-6653
-6729
-7253
-7557
-7409
-6839
-6137
-6005
-6256
-5910
-4744
-3670
-3478
-3601
-3001
-1798
-758
-298
403
1563
2431
2909
3636
4818
5565
5614
5327
5448
6472
7278
6946
6084
5878
6895
7788
7279
5785
5487
6458
6841
5917
4173
3220
3312
3087
1646
-270
-1474
-1757
-1584
-2163
-3829
-5038
-5092
-4721
-5307
-6643
-7384
-7001
-6523
-6814
-7201
-7368
-7159
-6572
-5943
-5820
-6063
-5603
-4349
-3327
-3284
-3504
-2841
-1596
-616
-118
685
1997
2769
3012
3699
5040
5865
5546
5111
5632
7021
7525
6682
5738
5919
7098
7597
6522
5218
5553
6732
6650
5145
3505
3006
3338
2799
1222
-496
-1619
-1846
-1654
-2354
-4321
-5515
-5187
-4709
-5347
-6824
-7517
-7138
-6678
-6731
-7217
-7674
-7623
-6550
-5480
-5676
-6245
-5776
-4028
-2759
-2807
-3202
-2816
-1415
-186
406
837
1641
2743
3536
4414
5240
5658
5651
5585
6230
7128
7301
6636
6073
6543
7250
7173
6168
5410
5868
6583
6490
5042
3310
2827
3201
2671
752
-1205
-1938
-1725
-1598
-2839
-4801
-5765
-5291
-4696
-5606
-7237
-7714
-6816
-6094
-6651
-7640
-7869
-7157
-6051
-5634
-5980
-6250
-5194
-3306
-2594
-3180
-3365
-2154
-615
-83
53
1021
2476
3086
3197
4137
5358
5779
5413
5279
6097
7122
7177
6433
5925
6181
6950
7098
6024
5221
5843
6702
6256
4695
3213
2863
3149
2287
454
-1160
-1838
-1626
-1673
-3032
-4988
-5486
-4861
-4841
-5898
-7281
-7446
-6699
-6431
-6910
-7493
-7525
-6935
-5731
-5245
-5852
-6027
-4985
-3349
-2820
-3266
-3260
-2138
-616
34
459
1220
2169
2919
3422
4544
5575
5765
5414
5486
6575
7288
6973
6135
5886
6722
7402
6931
5598
5168
6075
6495
5681
4308
3244
3052
3054
2098
165
-1554
-2097
-1761
-1893
-3492
-5323
-5474
-4826
-4911
-6028
-7269
-7363
-6659
-6198
-6693
-7487
-7708
-6894
-5545
-5439
-6078
-5832
-4575
-3214
-2963
-3266
-3139
-2056
-635
105
617
1288
2328
3160
3697
4746
5635
5570
5166
5647
7006
7425
6614
5860
6159
7024
7280
6670
5728
5590
6231
6491
5657
3914
2804
3116
3243
1791
-492
-1800
-1885
-1582
-2141
-4125
-5616
-5388
-4458
-4727
-6597
-7773
-7137
-6042
-6309
-7543
-7799
-7151
-6126
-5542
-5872
-6047
-5484
-4065
-3043
-3135
-3288
-2645
-1311
-536
-228
724
2012
2728
2801
3775
5440
6026
5433
4904
5840
7284
7415
6278
5446
6109
7177
7339
6236
4960
5487
6658
6586
5072
3304
2848
3283
2922
1119
-870
-1952
-2027
-1636
-2431
-4633
-5926
-5256
-4285
-4985
-6877
-7790
-6832
-5913
-6414
-7398
-7740
-7135
-5887
-5172
-5653
-6159
-5392
-3712
-2758
-3082
-3446
-2552
-1023
-263
123
1081
2103
2645
3158
4407
5687
5775
5129
5178
6383
7408
6979
5911
5690
6576
7504
7044
5633
5038
6006
6872
5894
4237
3262
3123
3114
2158
605
-963
-1924
-1833
-1630
-2642
-4865
-5848
-4898
-4354
-5392
-7097
-7593
-6746
-6117
-6483
-7342
-7715
-7121
-5696
-4937
-5714
-6167
-5081
-3391
-2647
-3144
-3397
-2403
-829
-38
265
1064
1930
2624
3492
4668
5522
5525
5191
5412
6538
7238
6528
5605
5654
6675
7390
6705
5429
5285
6391
6774
5758
4213
3189
3193
3225
2123
198
-1362
-1908
-1755
-1901
-3384
-5152
-5444
-4822
-4818
-5926
-7114
-7159
-6436
-6392
-7044
-7385
-7308
-6734
-5683
-5313
-5653
-5610
-4687
-3313
-2580
-2834
-3000
-2041
-677
137
861
1522
1901
2503
3712
5168
5643
5161
4921
5818
7124
7123
6057
5452
5871
6851
7142
6179
5071
5420
6629
6571
5178
3726
3183
3325
2958
1572
-253
-1634
-1898
-1583
-2043
-3897
-5432
-5143
-4375
-4865
-6314
-7170
-6739
-6172
-6355
-6984
-7361
-7102
-6167
-5230
-5400
-5983
-5519
-4123
-3079
-3016
-3291
-2765
-1517
-473
80
942
1733
2176
2748
3818
5026
5577
5062
4624
5606
7105
7074
5727
5122
6052
7306
7140
5748
4849
5651
6598
6295
4752
3342
3208
3601
2911
1038
-725
-1431
-1522
-1679
-2799
-4515
-5304
-4886
-4438
-5250
-6544
-7026
-6493
-6158
-6556
-6938
-6945
-6740
-6197
-5438
-5168
-5448
-5213
-4121
-3046
-2842
-3025
-2481
-1250
-300
273
1213
1987
2132
2776
4379
5726
5502
4551
4645
6168
7427
6839
5419
4997
6159
7476
7227
5590
4791
5846
6824
6095
4154
2963
3183
3412
2340
425
-1068
-1609
-1397
-1433
-2973
-4866
-5390
-4580
-4386
-5754
-7137
-7082
-6209
-6284
-6964
-7190
-6982
-6437
-5710
-5376
-5616
-5747
-4890
-3574
-2962
-3290
-3122
-1970
-862
-234
586
1681
2146
2161
3035
4782
5788
5194
4427
5022
6538
7268
6405
5326
5403
6560
7460
6675
5102
4926
6215
6654
5413
3914
3128
3180
3079
1883
202
-1296
-1948
-1641
-1669
-3232
-5051
-5068
-4272
-4472
-5759
-6916
-6819
-6291
-6302
-6645
-6936
-6878
-6324
-5238
-4966
-5543
-5465
-4412
-3273
-3053
-3301
-2875
-1733
-659
-115
764
1688
2050
2403
3406
4776
5334
4818
4347
5149
6649
7018
6049
5116
5466
6804
7302
6202
4786
5062
6201
6399
4956
3273
2932
3341
3023
1399
-490
-1503
-1508
-1184
-2166
-4135
-5152
-4556
-3868
-4936
-6399
-6733
-5969
-5803
-6646
-7039
-6780
-6305
-5928
-5507
-5366
-5497
-4883
-3900
-3185
-3094
-2978
-2220
-1494
-996
-174
1301
2122
1840
2170
3724
5390
5647
4547
4157
5406
7058
6931
5432
4698
5703
7295
7216
5507
4634
5564
6736
6266
4386
2993
2915
3439
2675
751
-957
-1530
-1030
-1125
-2783
-4728
-5039
-3974
-3993
-5598
-7019
-6821
-5678
-5739
-6819
-7384
-6837
-5894
-5495
-5588
-5860
-5514
-4446
-3589
-3360
-3498
-2994
-1949
-1111
-723
-20
1530
2439
2270
2504
4103
5810
5595
4382
4343
5860
7261
6673
5264
4888
6077
7334
6894
5220
4574
5783
6905
6025
3926
2883
3153
3372
2173
181
-1241
-1559
-1172
-1528
-3347
-4991
-4969
-3955
-4463
-6232
-7017
-6297
-5575
-6328
-7201
-7187
-6579
-6054
-5710
-5442
-5440
-5127
-4251
-3441
-3140
-3164
-2698
-1885
-1045
-346
721
1893
2120
2168
3093
4758
5600
4986
4291
4817
6461
7133
6112
5043
5255
6697
7282
6281
4966
5063
6186
6393
5233
3651
3108
3354
2919
1490
-143
-1144
-1455
-1435
-2040
-3470
-4536
-4732
-4535
-5048
-6105
-6762
-6548
-6100
-6306
-6576
-6694
-6793
-6481
-5657
-5024
-5317
-5348
-4317
-3049
-2626
-3014
-2783
-1747
-838
-222
835
1979
2086
2070
3348
5044
5456
4668
4407
5400
6850
7207
6134
5103
5370
6682
7301
6095
4614
4924
6379
6461
4772
3145
2788
3378
3019
1327
-511
-1510
-1274
-1018
-2210
-4382
-5197
-4255
-3980
-5205
-6734
-6808
-5786
-5728
-6619
-7105
-6847
-6429
-5906
-5524
-5631
-5449
-4669
-3768
-3256
-3216
-2973
-2194
-1416
-977
-49
1492
2167
1873
2142
3784
5487
5512
4330
4066
5773
7466
7032
5373
4649
5731
7349
7172
5273
4360
5640
6953
6184
4022
2654
3027
3586
2403
280
-1144
-1417
-1143
-1518
-3047
-4723
-4863
-4138
-4387
-5676
-6685
-6383
-5903
-6198
-6620
-6617
-6343
-6288
-5870
-5211
-4997
-4988
-4617
-3552
-2858
-2824
-2615
-2107
-1328
-587
545
1666
1738
1622
2794
4919
5746
4678
3858
4743
6561
7223
6095
4938
5073
6387
7316
6402
4753
4726
6231
6842
5388
3592
3043
3512
3160
1483
-147
-1189
-1433
-1327
-1973
-3708
-5015
-4555
-3989
-4761
-6119
-6579
-5914
-5896
-6524
-6934
-6726
-6432
-6242
-5600
-5239
-5263
-4966
-4159
-3377
-3261
-2955
-2288
-1741
-1243
-564
1016
2012
1701
1828
3474
5439
5706
4741
4350
5378
6933
6816
5436
4617
5335
6964
7092
5508
4335
5363
6789
6190
4401
3139
3319
3610
2532
812
-583
-1051
-1095
-1524
-2791
-4229
-4365
-4006
-4451
-5578
-6326
-6005
-5804
-6291
-6789
-6632
-6184
-6232
-6086
-5530
-5101
-4859
-4603
-3994
-3413
-3023
-2550
-2068
-1421
-887
253
1806
2132
1613
2226
4371
5793
5126
4021
4451
6400
7350
6257
4947
4903
6253
7255
6459
4692
4441
5974
6657
5245
3355
2787
3424
3200
1607
8
-897
-1148
-1196
-1780
-3308
-4617
-4472
-4085
-4821
-6117
-6555
-5898
-5776
-6457
-6890
-6547
-6191
-6219
-5838
-5297
-5078
-4855
-4219
-3405
-3126
-2896
-2358
-1727
-1183
-498
1038
2177
1917
1815
3198
5097
5398
4270
3782
5027
6887
6984
5565
4564
5083
6752
7193
5659
4337
5164
6733
6378
4601
3253
3206
3511
2483
877
-312
-843
-950
-1319
-2471
-4118
-4547
-3965
-4227
-5329
-6184
-5953
-5619
-6055
-6574
-6628
-6311
-6321
-6104
-5526
-5245
-4947
-4452
-3886
-3450
-3070
-2451
-2032
-1568
-1043
41
1580
1984
1578
2153
4168
5643
5061
3958
4191
6037
7247
6180
4688
4564
6058
7152
6249
4645
4429
6020
6771
5421
3699
3022
3591
3263
1628
63
-707
-806
-1127
-1792
-3116
-4298
-4119
-4069
-4807
-5886
-6254
-5801
-5866
-6255
-6645
-6563
-6470
-6419
-5698
-5178
-5189
-5011
-4254
-3375
-3167
-2882
-2508
-1958
-1169
-447
882
1738
1564
1702
3089
4919
5347
4375
3744
4940
6938
7046
5528
4463
5230
6944
7138
5638
4417
5177
6510
6139
4414
3173
3328
3641
2612
872
-255
-662
-867
-1390
-2580
-3883
-4326
-4070
-4262
-5188
-5946
-5941
-5687
-5927
-6246
-6300
-6186
-6148
-5963
-5334
-5023
-4980
-4528
-3828
-3243
-2999
-2773
-2321
-1603
-1023
-211
1368
1989
1641
2056
3691
5317
5184
3905
3724
5604
7276
6437
4662
4218
5650
7137
6429
4554
4016
5695
6879
5587
3545
2767
3520
3613
1976
140
-772
-647
-593
-1485
-3025
-4258
-4060
-3740
-4611
-5929
-6339
-5705
-5593
-6208
-6628
-6403
-5970
-5996
-5759
-5245
-5116
-4762
-4140
-3520
-3172
-2971
-2517
-1900
-1260
-737
401
1673
1763
1746
2757
4367
5188
4533
3843
4517
6365
6930
5628
4518
4865
6488
7043
5664
4331
4873
6432
6329
4700
3350
3182
3636
2894
1327
-109
-801
-769
-1020
-1957
-3511
-4245
-3849
-3934
-4962
-6056
-6031
-5687
-5911
-6214
-6445
-6268
-6098
-5835
-5330
-5229
-5090
-4525
-3787
-3382
-3211
-2738
-2354
-1790
-1079
-288
992
1761
1767
2071
3350
4932
5202
4230
3676
4988
6822
6537
4897
4219
5408
6829
6410
4915
4403
5474
6453
5663
3928
3030
3458
3554
2217
426
-603
-607
-687
-1582
-2939
-3854
-3858
-3769
-4405
-5432
-5860
-5576
-5580
-6038
-6503
-6428
-6041
-6028
-5789
-5250
-4926
-4822
-4404
-3559
-3058
-2790
-2609
-2221
-1308
-732
66
1303
1846
1754
2291
4025
5173
4825
4021
4195
5867
6822
5900
4667
4585
5890
6776
6006
4539
4392
5825
6415
5013
3202
2812
3491
3153
1462
-37
-610
-607
-812
-1689
-3058
-4000
-3829
-3599
-4558
-5855
-6120
-5598
-5592
-6186
-6479
-6189
-5870
-5811
-5493
-5064
-4971
-4720
-4013
-3321
-2979
-2745
-2268
-1610
-1031
-502
643
1713
1699
1655
2820
4542
5126
4365
3735
4581
6306
6650
5322
4232
4773
6364
6730
5340
4122
4938
6380
6048
4349
2945
3010
3457
2643
959
-444
-908
-777
-1039
-2224
-3760
-4136
-3621
-3787
-4953
-6014
-5991
-5649
-5809
-6316
-6611
-6347
-5861
-5299
-4992
-5126
-4993
-4306
-3482
-3185
-3102
-2800
-2303
-1438
-795
-146
1007
1826
1948
2172
3501
5001
5148
4316
3850
5157
6707
6269
4905
4366
5402
6579
6185
4750
4168
5346
6261
5437
3826
2893
3240
3348
2060
391
-544
-770
-958
-1575
-2735
-3810
-4058
-3911
-4321
-5202
-5772
-5745
-5657
-5885
-6207
-6323
-6221
-5958
-5295
-4836
-4908
-4704
-4008
-3200
-2886
-2797
-2468
-1966
-1222
-678
338
1499
1719
1771
2448
4099
5256
4752
3738
4011
5946
6773
5568
4254
4406
6089
6796
5544
4056
4312
5852
6092
4598
2968
2814
3539
2977
1159
-395
-747
-496
-915
-2139
-3553
-4021
-3662
-3863
-4908
-5925
-5839
-5392
-5580
-6106
-6388
-6006
-5775
-5756
-5385
-5009
-4648
-4227
-3568
-3038
-2779
-2381
-1987
-1403
-890
-284
1001
1891
1843
1869
3164
4982
5256
4167
3585
4865
6693
6599
5035
3986
4801
6410
6370
4812
3755
4723
6037
5598
3982
2822
3011
3268
2286
647
-674
-1075
-942
-1176
-2368
-3937
-4409
-3864
-3883
-4969
-5927
-5877
-5480
-5503
-5822
-6198
-6214
-5816
-5147
-4793
-5079
-4979
-3962
-2954
-2784
-3020
-2670
-1895
-1119
-775
-211
1115
1865
1924
2291
3596
4886
4931
4093
3835
5356
6790
6105
4591
4115
5462
6741
6018
4340
4111
5552
6105
5004
3414
2719
3153
3063
1626
3
-713
-709
-903
-1781
-3110
-3893
-3727
-3660
-4382
-5313
-5689
-5472
-5463
-5897
-6232
-6172
-5843
-5611
-5231
-4912
-4863
-4516
-3851
-3196
-2902
-2641
-2167
-1661
-1029
-655
227
1503
1928
1841
2429
4142
5312
4852
3826
4012
5833
6784
5748
4299
4158
5693
6683
5667
3933
3903
5386
5865
4524
2823
2513
3155
2773
1128
-290
-777
-798
-976
-1905
-3302
-3970
-3716
-3666
-4433
-5326
-5650
-5350
-5345
-5749
-6002
-5959
-5739
-5521
-4910
-4564
-4714
-4392
-3648
-2919
-2702
-2599
-2102
-1436
-740
-281
665
1549
1533
1727
2764
4321
4942
4244
3700
4493
6148
6295
5036
4117
4435
5944
6350
5050
3905
4425
5728
5564
4074
2711
2701
3182
2421
999
-328
-874
-754
-1000
-2075
-3588
-3989
-3605
-3759
-4697
-5675
-5590
-5207
-5268
-5788
-6178
-5920
-5603
-5158
-4843
-4862
-4625
-3938
-3127
-2813
-2707
-2388
-1835
-1073
-693
-188
1004
1794
1808
1901
3068
4582
4878
3969
3531
4881
6385
6049
4737
4091
4902
6092
5944
4591
3796
4550
5353
4940
3611
2572
2691
2870
1868
443
-480
-898
-985
-1261
-2328
-3618
-3923
-3592
-3852
-4819
-5774
-5744
-5265
-5387
-5832
-6024
-5770
-5481
-4989
-4568
-4634
-4428
-3717
-2879
-2466
-2439
-2228
-1664
-907
-487
128
1336
1795
1670
2168
3751
4992
4641
3663
3729
5306
6405
5619
4314
3982
5018
6082
5643
4260
3739
4860
5640
4711
3029
2286
2793
2818
1618
250
-676
-1018
-1026
-1287
-2531
-3909
-4000
-3518
-3782
-5004
-5835
-5495
-5110
-5453
-5928
-5924
-5665
-5229
-4526
-4324
-4603
-4398
-3440
-2578
-2566
-2735
-2120
-1180
-755
-644
69
1318
1800
1694
2219
3680
4791
4555
3875
4010
5311
6284
5467
4096
3909
5248
6304
5377
3736
3612
5041
5613
4437
2774
2194
2905
2870
1421
-142
-954
-872
-741
-1533
-3198
-4080
-3513
-3232
-4119
-5483
-5759
-4977
-4837
-5579
-6101
-5799
-5344
-5022
-4700
-4701
-4544
-3948
-3247
-2799
-2734
-2431
-1787
-1147
-770
-448
564
1639
1849
1777
2552
4083
4785
4210
3547
4073
5551
6035
5036
3942
4051
5278
5882
4955
3584
3720
5022
5334
4227
2710
2332
2890
2562
1234
-125
-829
-917
-858
-1549
-3210
-4055
-3611
-3333
-4202
-5511
-5575
-4747
-4673
-5459
-5853
-5548
-5285
-4888
-4415
-4395
-4386
-3834
-2855
-2290
-2410
-2370
-1677
-949
-657
-243
709
1546
1693
1808
2712
3994
4468
3958
3633
4317
5461
5656
4555
3667
4068
5275
5630
4481
3334
3744
5000
4995
3629
2266
2080
2693
2232
798
-427
-1058
-999
-936
-1800
-3360
-3807
-3180
-3215
-4269
-5479
-5376
-4591
-4845
-5618
-5674
-5191
-4949
-4569
-4076
-4106
-4139
-3575
-2543
-2060
-2334
-2229
-1526
-840
-488
-103
739
1404
1560
1946
3031
4123
4311
3852
3620
4302
5489
5582
4494
3669
4087
5293
5498
4332
3353
3879
4849
4587
3370
2295
2266
2598
1907
579
-560
-1066
-1022
-1076
-2010
-3416
-3627
-3088
-3204
-4216
-5205
-5011
-4619
-5084
-5568
-5413
-5159
-5090
-4603
-4142
-4121
-3924
-3253
-2371
-2004
-2143
-1936
-1305
-782
-401
38
693
1252
1495
2023
3080
4052
4206
3850
3708
4334
5526
5513
4318
3609
4167
5266
5181
3949
3125
3736
4628
4328
3133
1907
1947
2563
1942
424
-817
-1164
-902
-966
-2246
-3686
-3759
-3291
-3395
-4383
-5314
-5010
-4436
-4641
-5110
-5079
-4804
-4526
-4117
-4010
-4173
-4024
-3216
-2602
-2622
-2496
-2079
-1472
-999
-615
-80
734
1491
1754
2351
3441
4382
4533
4140
4143
4782
5668
5536
4671
4334
4846
5803
5722
4508
3662
4208
5004
4449
2985
1658
1651
2107
1326
-242
-1603
-1924
-1632
-1759
-2944
-4400
-4497
-4013
-4154
-5196
-6115
-5646
-5004
-5141
-5491
-5456
-5048
-4466
-3787
-3598
-3697
-3446
-2577
-1527
-1412
-1572
-986
-225
294
595
1240
2090
2195
1988
2750
4195
4560
3854
3480
4052
5178
5520
4646
3696
3726
4837
5491
4470
2965
3047
4251
4409
3106
1657
1395
1867
1505
219
-997
-1741
-1882
-1680
-2297
-3746
-4392
-3928
-3673
-4425
-5388
-5318
-4724
-4738
-5025
-4894
-4766
-4713
-4144
-3397
-3173
-3357
-2945
-1877
-1139
-1096
-1058
-608
-172
336
1079
1801
1945
1761
2386
3576
4272
3962
3422
3668
4568
5348
4880
3910
3675
4383
5204
4770
3602
3197
3970
4432
3627
2384
1656
1754
1650
631
-580
-1438
-1826
-1893
-2228
-3288
-4218
-4188
-3832
-4057
-4884
-5323
-5000
-4693
-4963
-5170
-4903
-4609
-4311
-3810
-3296
-3206
-3045
-2267
-1398
-1099
-1140
-755
-75
369
662
1396
2164
2067
1990
2919
4050
4224
3628
3383
3904
4828
5099
4347
3516
3643
4752
5085
4022
2970
3304
4173
3878
2740
1855
1662
1465
854
114
-749
-1538
-1946
-2056
-2586
-3546
-3951
-3880
-4048
-4628
-4849
-4672
-4832
-5121
-5001
-4533
-4363
-4430
-4140
-3393
-2860
-2784
-2491
-1824
-1244
-876
-649
-417
41
688
1387
1928
1924
1796
2460
3691
4294
3761
3104
3517
4606
5029
4288
3471
3564
4494
4991
4176
3120
3149
4016
4053
2813
1643
1542
1698
1015
-87
-804
-1345
-1780
-2097
-2514
-3137
-3578
-3663
-3830
-4321
-4749
-4600
-4376
-4730
-5110
-4837
-4270
-4082
-4073
-3605
-2999
-2718
-2436
-1969
-1563
-1161
-741
-405
-131
199
712
1691
2276
2081
2223
3086
4030
4240
3715
3321
3829
4702
4706
3897
3240
3560
4556
4654
3680
2905
3300
3975
3518
2293
1529
1470
1197
443
-369
-1196
-1820
-1969
-2051
-2722
-3598
-3729
-3565
-3798
-4341
-4682
-4543
-4499
-4671
-4648
-4479
-4307
-4061
-3589
-3183
-2986
-2618
-2045
-1560
-1321
-931
-460
-203
190
542
1015
1761
2064
2052
2409
3239
3970
3915
3330
3303
4253
4829
4182
3367
3294
4066
4627
4103
3163
2969
3665
3878
2973
1847
1444
1610
1159
61
-788
-1227
-1491
-1891
-2449
-3071
-3429
-3452
-3641
-4104
-4565
-4600
-4329
-4464
-4775
-4675
-4277
-3954
-3791
-3482
-3117
-2817
-2431
-1943
-1510
-1269
-953
-469
-30
322
674
1344
2020
2132
2159
2689
3551
3982
3618
3184
3566
4464
4637
3919
3334
3556
4336
4530
3688
2853
2960
3535
3289
2187
1353
1253
1292
625
-396
-986
-1242
-1481
-1951
-2646
-3195
-3297
-3318
-3712
-4232
-4510
-4379
-4203
-4426
-4606
-4369
-3932
-3655
-3489
-3144
-2788
-2435
-1953
-1539
-1306
-1061
-675
-246
218
507
826
1529
1958
1994
2312
2985
3621
3666
3221
3215
3938
4450
4058
3440
3304
3826
4323
3965
3212
2919
3284
3477
2743
1755
1361
1399
1017
73
-741
-1203
-1432
-1743
-2206
-2815
-3334
-3335
-3325
-3782
-4323
-4407
-4158
-4213
-4400
-4395
-4179
-3868
-3593
-3162
-2889
-2846
-2405
-1655
-1175
-1094
-929
-416
105
467
631
1054
1679
1925
2012
2313
3000
3624
3515
3100
3261
4101
4529
3915
3191
3315
4118
4240
3414
2721
2820
3317
3106
2134
1369
1290
1331
690
-333
-985
-1072
-1235
-1968
-2711
-2973
-2916
-3033
-3472
-3942
-4076
-3871
-3775
-4013
-4190
-3940
-3557
-3508
-3461
-3014
-2528
-2349
-2227
-1839
-1269
-803
-634
-465
-46
477
927
1406
1738
1811
2051
2670
3283
3384
3011
2945
3511
4111
3965
3242
2997
3501
3994
3615
2807
2498
2849
3108
2571
1608
1159
1276
1175
358
-561
-958
-1055
-1334
-1975
-2655
-3010
-2953
-2976
-3424
-3931
-4007
-3786
-3657
-3885
-4073
-3902
-3576
-3341
-3078
-2748
-2540
-2272
-1812
-1394
-1029
-760
-547
-170
246
633
986
1523
1925
2079
2282
2721
3320
3457
3053
2900
3380
3883
3598
3012
2921
3398
3742
3371
2836
2677
2920
2892
2343
1602
1105
1035
727
-46
-794
-1111
-1203
-1568
-2069
-2564
-2847
-2944
-3062
-3304
-3745
-3934
-3737
-3508
-3586
-3758
-3598
-3341
-3063
-2699
-2414
-2320
-2221
-1751
-1207
-918
-856
-701
-162
336
616
887
1351
1769
1889
2132
2613
3109
3207
2900
2921
3377
3760
3535
3082
3029
3269
3483
3161
2632
2484
2649
2643
2044
1368
1082
1068
786
-88
-769
-1043
-1161
-1427
-2000
-2507
-2783
-2722
-2764
-3188
-3583
-3709
-3449
-3343
-3590
-3706
-3518
-3125
-2880
-2666
-2439
-2261
-1931
-1519
-1097
-851
-744
-495
-80
374
680
953
1328
1700
1951
2168
2538
2923
3012
2853
2857
3166
3390
3244
2939
2838
2942
3083
3061
2733
2362
2264
2290
2019
1436
931
770
524
-137
-747
-1007
-1187
-1607
-2114
-2460
-2657
-2677
-2747
-3033
-3371
-3492
-3194
-2996
-3251
-3413
-3166
-2802
-2642
-2536
-2275
-2000
-1773
-1499
-1115
-805
-598
-279
110
360
641
1101
1441
1672
1819
2050
2459
2656
2720
2770
2810
2913
3070
3141
2984
2899
2925
2933
2882
2634
2367
2258
2162
1801
1323
917
703
556
-87
-755
-984
-1073
-1357
-2003
-2499
-2653
-2580
-2711
-3239
-3583
-3550
-3101
-2976
-3533
-3711
-3117
-2447
-2464
-2777
-2615
-1931
-1353
-1338
-1319
-1040
-543
33
277
268
466
1140
1620
1667
1729
1968
2487
2697
2614
2677
2777
2953
3086
3154
2982
2784
2846
2928
2960
2626
2208
2023
1955
1887
1465
867
410
293
159
-390
-954
-1347
-1474
-1673
-2140
-2502
-2654
-2639
-2783
-3104
-3280
-3073
-2796
-2989
-3230
-3062
-2624
-2302
-2348
-2406
-2126
-1633
-1247
-1073
-976
-746
-264
144
300
567
966
1258
1398
1592
2014
2312
2294
2303
2578
2839
2788
2678
2734
2865
2846
2647
2524
2486
2450
2311
1997
1672
1494
1437
1151
609
157
-18
-116
-567
-1131
-1443
-1606
-1811
-2104
-2350
-2628
-2819
-2803
-2777
-2868
-3054
-3020
-2809
-2682
-2639
-2531
-2341
-2169
-1864
-1559
-1399
-1211
-886
-484
-249
-89
221
628
936
1073
1248
1498
1816
2121
2172
2104
2247
2601
2781
2607
2404
2488
2714
2722
2505
2268
2161
2195
2137
1814
1393
1198
1154
895
367
-69
-200
-381
-788
-1229
-1578
-1761
-1856
-2022
-2366
-2711
-2730
-2510
-2532
-2915
-3033
-2667
-2400
-2444
-2524
-2364
-1998
-1692
-1477
-1340
-1203
-861
-329
-24
-54
112
587
982
1114
1154
1396
1684
1830
1961
2080
2119
2215
2437
2497
2338
2274
2362
2476
2402
2145
1987
1942
1924
1796
1424
955
754
825
639
74
-466
-641
-579
-841
-1441
-1841
-1862
-1834
-2080
-2454
-2645
-2537
-2432
-2608
-2796
-2741
-2459
-2227
-2258
-2322
-2120
-1684
-1371
-1296
-1249
-984
-478
-118
-33
78
393
796
1057
1176
1323
1561
1766
1906
2056
2149
2203
2283
2341
2387
2419
2407
2370
2299
2198
2121
2002
1785
1619
1494
1229
867
604
470
269
-125
-523
-710
-863
-1147
-1444
-1695
-1915
-2068
-2168
-2300
-2489
-2639
-2598
-2444
-2434
-2527
-2459
-2221
-1972
-1804
-1706
-1554
-1279
-978
-726
-519
-341
-81
280
532
693
931
1220
1463
1597
1676
1849
2089
2178
2125
2090
2127
2261
2323
2159
1978
1966
1996
1914
1698
1455
1338
1240
955
593
352
200
-39
-426
-784
-967
-1125
-1390
-1660
-1881
-2084
-2216
-2228
-2263
-2447
-2591
-2474
-2241
-2182
-2227
-2120
-1856
-1589
-1368
-1188
-1047
-859
-507
-120
53
90
303
694
967
1057
1144
1325
1529
1699
1830
1890
1929
2026
2150
2158
2064
2046
2101
2077
1956
1836
1723
1556
1416
1334
1152
799
464
346
285
-21
-509
-848
-926
-993
-1252
-1628
-1910
-2001
-1993
-2041
-2228
-2435
-2460
-2296
-2159
-2184
-2224
-2090
-1826
-1617
-1506
-1359
-1122
-867
-640
-421
-185
40
250
478
718
910
1055
1233
1427
1568
1659
1749
1846
1906
1941
1981
1979
1916
1879
1893
1843
1686
1535
1470
1395
1224
1014
838
658
453
271
91
-146
-414
-635
-814
-995
-1179
-1344
-1523
-1717
-1821
-1811
-1822
-1959
-2081
-2013
-1849
-1774
-1784
-1725
-1550
-1347
-1179
-1045
-920
-751
-516
-278
-110
4
173
430
651
744
814
989
1213
1336
1371
1425
1525
1607
1648
1669
1662
1622
1593
1576
1521
1423
1326
1218
1088
985
894
713
449
253
166
31
-231
-467
-604
-755
-956
-1114
-1210
-1338
-1493
-1573
-1580
-1593
-1634
-1653
-1646
-1607
-1508
-1397
-1331
-1287
-1132
-919
-783
-711
-590
-356
-172
-81
17
184
388
517
600
688
833
1012
1119
1147
1162
1293
1445
1481
1429
1388
1436
1465
1434
1349
1251
1174
1074
971
835
686
541
373
216
47
-96
-263
-464
-632
-741
-790
-899
-1073
-1224
-1248
-1187
-1219
-1335
-1424
-1352
-1218
-1194
-1243
-1235
-1118
-1003
-916
-839
-731
-603
-494
-355
-232
-117
25
189
337
428
525
655
819
932
957
984
1060
1161
1209
1190
1176
1178
1154
1119
1120
1068
947
858
816
761
640
500
392
287
146
20
-70
-194
-357
-510
-617
-668
-741
-897
-1035
-1055
-1017
-1036
-1133
-1194
-1121
-1020
-1023
-1052
-1009
-895
-762
-716
-725
-645
-466
-300
-223
-215
-149
53
249
314
307
364
550
752
792
719
744
883
997
1007
945
919
949
971
962
907
797
740
777
761
621
454
376
383
332
168
20
-55
-101
-159
-286
-436
-505
-522
-596
-708
-769
-768
-788
-862
-900
-862
-836
-834
-811
-786
-753
-699
-648
-601
-540
-474
-407
-335
-263
-192
-123
-35
55
95
137
266
417
453
421
487
647
729
707
716
774
800
824
864
853
773
735
770
747
627
545
554
498
346
255
231
146
17
-66
-146
-253
-307
-317
-407
-566
-620
-567
-592
-701
-743
-719
-739
-772
-738
-696
-723
-742
-663
-563
-545
-549
-485
-393
-324
-258
-173
-81
-19
30
106
206
301
360
378
404
485
578
611
574
551
596
672
703
645
562
549
601
593
487
396
406
424
344
225
166
157
116
37
-28
-72
-121
-184
-241
-281
-315
-344
-390
-454
-484
-459
-454
-506
-547
-517
-466
-464
-492
-476
-429
-395
-355
-321
-310
-269
-176
-101
-103
-109
-24
95
124
102
164
269
320
325
349
395
417
419
452
490
467
430
441
463
429
350
301
305
292
220
142
101
89
51
-31
-107
-122
-119
-153
-219
-263
-258
-265
-293
-316
-320
-317
-317
-314
-313
-314
-313
-297
-281
-271
-253
-213
-190
-202
-190
-117
-47
-49
-73
-37
61
115
98
83
123
193
223
220
222
248
272
295
313
315
293
295
336
350
304
241
243
271
242
162
109
120
119
57
-28
-65
-68
-87
-130
-166
-173
-179
-198
-221
-236
-240
-232
-219
-223
-245
-253
-217
-180
-188
-223
-208
-147
-120
-154
-176
-127
-67
-69
-105
-77
6
42
10
-3
57
122
132
111
119
172
224
233
200
181
211
253
240
178
143
176
205
156
73
50
89
89
18
-37
-20
1
-40
-103
-114
-76
-67
-111
-165
-169
-124
-105
-149
-183
-138
-68
-66
-125
-133
-63
3
-1
-41
-33
28
78
70
27
19
68
120
105
49
40
90
129
101
40
19
57
97
84
25
-5
27
62
42
-22
-56
-22
27
33
-16
-70
-70
-20
-3
-46
-96
-87
-27
-4
-53
-110
-112
-59
-30
-63
-102
-92
-40
-18
-38
-59
-47
-18
-7
-13
-14
1
27
37
25
13
27
56
66
50
40
56
75
75
66
67
73
67
57
48
50
53
41
26
23
27
23
5
-17
-26
-24
-24
-33
-42
-40
-36
-37
-44
-48
-48
-47
-40
-31
-32
-39
-37
-24
-16
-24
-39
-35
-9
10
11
-2
-9
1
19
38
36
17
18
35
47
37
12
12
42
69
64
35
18
37
55
36
-5
-20
8
28
11
-22
-36
-14
6
-9
-37
-44
-23
-9
-20
-33
-28
-14
-13
-27
-37
-31
-19
-18
-25
-20
-1
8
-6
-26
-23
-10
-9
-20
-27
-13
11
19
9
-2
2
11
10
-5
-13
5
25
27
6
-11
-6
8
9
0
-5
5
17
19
17
10
5
12
14
10
16
24
25
25
23
24
27
28
28
20
13
9
1
-5
4
15
14
7
3
2
4
0
-14
-23
-16
-3
-2
-13
-20
-10
0
-9
-25
-25
-7
13
12
-6
-16
-11
-2
-8
-22
-24
-16
-3
-4
-19
-29
-27
-16
-12
-16
-15
-18
-14
-13
-12
-11
-8
1
5
0
-3
-5
-1
5
9
14
14
13
7
2
-3
-3
6
13
17
18
16
12
3
-6
3
18
26
21
16
23
24
14
-3
-9
6
28
33
12
-8
-10
-1
3
-2
-12
-9
2
-2
-13
-22
-13
-1
-2
-6
-13
-11
-4
-5
-7
-12
-11
3
9
5
-7
-11
-2
4
8
7
2
0
-2
3
2
-4
4
7
8
6
3
7
8
3
9
11
7
2
2
4
-1
-7
-8
-3
-2
-8
-7
4
9
3
-1
-7
-11
-14
-14
-12
-13
-20
-20
-15
-14
-17
-20
-16
-6
-4
-7
-11
-12
-11
-14
-15
-7
1
7
14
14
17
21
17
13
15
21
22
18
15
14
19
21
19
13
15
25
29
23
10
3
8
13
11
9
7
7
7
0
-5
-7
-4
3
2
-4
-14
-12
-8
-11
-17
-24
-23
-19
-19
-23
-31
-35
-21
-11
-14
-19
-21
-14
-8
-13
-16
-12
-5
4
8
7
2
1
9
14
9
1
7
19
26
27
21
15
16
23
31
36
34
35
34
32
22
4
5
10
13
15
10
-4
-13
-17
-21
-22
-25
-26
-23
-26
-32
-40
-47
-42
-34
-33
-31
-37
-43
-41
-38
-34
-26
-27
-18
-9
-11
-12
-17
-17
-4
6
16
23
22
28
36
34
37
43
48
58
61
60
59
55
52
52
49
49
55
54
46
39
28
33
33
25
17
7
2
-3
-13
-22
-28
-34
-36
-44
-51
-52
-49
-48
-47
-49
-53
-54
-55
-56
-59
-56
-48
-39
-34
-32
-32
-33
-27
-22
-14
-8
-4
3
6
12
18
21
24
28
30
40
45
46
43
43
45
43
42
40
36
35
36
34
26
19
18
18
13
5
2
3
0
-4
-12
-19
-25
-29
-27
-29
-26
-21
-20
-30
-40
-42
-40
-37
-32
-26
-26
-28
-30
-25
-19
-11
-2
4
5
2
2
5
9
13
18
25
29
32
34
37
28
19
16
21
30
37
41
32
19
11
12
21
24
32
35
29
17
7
5
-1
-3
2
0
-1
-1
-7
-14
-27
-33
-28
-25
-26
-25
-22
-21
-28
-32
-33
-29
-25
-23
-23
-24
-26
-24
-26
-33
-32
-28
-25
-23
-27
-28
-22
-12
1
6
9
9
11
12
11
16
24
34
38
43
43
42
48
49
43
41
47
53
50
34
20
17
17
18
14
12
15
17
9
-7
-18
-21
-18
-12
-14
-21
-21
-25
-35
-47
-52
-48
-42
-35
-37
-40
-40
-37
-34
-34
-32
-23
-12
-10
-8
-10
-5
2
2
2
6
13
22
27
28
30
37
41
45
47
49
50
49
40
35
39
45
44
39
33
24
19
13
2
-5
-4
-3
-8
-13
-20
-22
-27
-35
-39
-42
-44
-46
-45
-48
-56
-53
-51
-48
-44
-41
-37
-34
-32
-27
-17
-8
-6
-3
-1
-2
5
12
17
23
27
24
30
28
32
39
44
48
41
38
43
47
42
36
34
36
32
26
25
21
19
21
15
7
2
-4
-8
-17
-24
-26
-23
-24
-31
-31
-34
-38
-33
-30
-28
-27
-34
-36
-36
-34
-26
-24
-14
-26
-30
3
-13
-19
-1
-7
5
13
6
19
15
5
3
11
27
15
17
24
17
7
9
24
34
34
39
45
38
29
17
29
21
13
23
17
13
1
2
3
2
-7
-4
-9
-15
-21
-29
-26
-38
-30
-31
-28
-25
-32
-33
-30
-31
-38
-30
-29
-26
-20
-9
-9
-16
-13
-11
2
12
21
29
27
15
11
12
8
15
23
23
25
29
21
22
29
34
41
46
44
44
34
20
14
9
8
5
4
2
-1
-2
-13
-17
-12
-16
-20
-14
-19
-28
-38
-41
-48
-52
-48
-48
-46
-49
-47
-42
-38
-35
-31
-22
-11
1
7
10
11
7
7
14
24
31
35
37
34
33
37
36
37
42
49
46
38
31
21
10
5
9
16
21
24
22
15
8
6
5
3
3
3
0
-4
-11
-18
-23
-24
-23
-24
-25
-26
-32
-34
-35
-38
-36
-36
-38
-39
-39
-37
-37
-31
-28
-25
-16
-11
-10
-7
-1
2
4
15
17
24
30
30
34
38
42
40
38
33
30
33
35
32
30
29
25
20
16
15
21
22
17
8
-2
-10
-10
-13
-11
-9
-8
-9
-14
-24
-29
-24
-21
-17
-16
-21
-27
-34
-40
-39
-32
-29
-26
-28
-30
-27
-22
-18
-13
-4
6
6
3
0
0
8
14
16
23
33
40
37
30
29
36
40
40
40
40
36
30
24
22
26
31
26
11
-5
-12
-12
-11
-14
-17
-18
-16
-17
-25
-28
-26
-24
-26
-28
-28
-27
-22
-22
-22
-20
-20
-20
-21
-26
-24
-22
-15
-9
-15
-15
-12
-6
5
13
12
13
19
20
19
19
22
25
30
34
33
30
24
23
22
24
31
35
32
22
13
12
11
13
8
4
0
-2
-8
-20
-26
-28
-25
-21
-21
-20
-19
-21
-28
-33
-26
-21
-21
-19
-21
-23
-20
-17
-13
-14
-9
-7
-8
-9
-10
-9
-3
5
8
15
19
19
19
15
12
11
16
21
26
27
21
16
14
14
20
21
18
17
14
9
5
2
-1
-1
-3
0
1
-2
-7
-15
-19
-17
-12
-6
-3
-3
-11
-21
-19
-13
-12
-11
-13
-16
-13
-8
-4
-4
-8
-6
1
9
10
11
6
5
6
5
11
7
11
14
11
14
10
11
5
4
-1
-5
5
6
2
-9
-12
-8
-3
2
0
-6
-13
-10
-2
1
0
-7
-3
1
1
3
-2
-12
-9
-4
0
0
-3
-5
-5
-2
-2
2
-4
-11
-9
-10
-11
-10
-10
-8
-9
-7
2
15
19
12
4
-3
-5
2
6
13
14
10
14
11
12
14
13
18
23
23
17
17
7
6
9
14
14
11
14
10
3
0
0
-8
-13
-12
-10
-8
-9
-8
-19
-25
-26
-23
-20
-18
-24
-32
-26
-23
-15
-14
-12
-8
-9
-5
4
1
-6
0
2
1
2
1
3
12
11
9
13
14
12
13
11
19
22
14
12
8
9
20
29
28
18
3
-5
-1
4
4
4
1
-5
-7
-12
-13
-15
-19
-14
-5
3
-1
-9
-21
-23
-20
-11
3
6
4
-3
-10
-18
-13
-9
-2
8
9
15
13
2
-6
-8
-11
-1
13
18
22
10
3
1
1
3
7
11
10
9
2
-3
-1
-2
-1
1
5
6
5
5
7
4
-2
-6
-8
-7
-4
-1
-6
-14
-17
-16
-7
-2
-3
-9
-15
-12
-4
7
8
8
0
-9
-11
-10
-7
-8
-6
-2
3
4
3
4
2
6
3
6
15
16
21
20
14
8
3
0
7
11
9
10
4
-4
-7
-6
-7
-7
-4
1
6
8
10
11
5
-3
-4
-3
-3
1
0
-8
-10
-15
-16
-10
-10
-12
-11
-6
-6
-3
1
2
-2
-11
-11
-9
-4
2
3
-1
-4
0
2
5
2
-5
-3
3
5
9
6
1
0
0
2
7
7
9
9
6
6
13
14
11
8
-1
1
6
2
2
2
-5
-2
3
5
4
-1
-2
-5
-3
-4
-10
-10
-11
-10
-3
1
1
-5
-5
-3
-3
0
-1
-2
-3
-5
-5
-7
-4
-1
3
6
2
-4
-7
-6
-5
2
7
8
7
4
2
-2
-1
9
15
23
21
10
-4
-8
-5
3
6
7
5
3
-3
-11
-10
-8
-5
-2
1
4
3
-2
-1
-1
-4
-4
-4
-6
-5
-3
-1
-2
-6
-10
-15
-16
-11
-2
5
2
-1
-1
-2
-2
0
-1
4
7
10
8
1
0
0
3
7
10
12
9
6
1
-3
-5
-5
-1
1
0
1
5
4
3
2
4
10
9
4
-1
-9
-13
-10
-5
5
11
11
0
-7
-9
-9
-1
4
10
10
1
-8
-16
-12
-5
-2
0
1
0
-3
-2
-2
-3
1
3
3
5
9
8
4
3
-1
-4
-5
-3
1
1
-2
-2
-2
-2
3
5
2
-2
-5
-4
-5
-4
-5
-2
3
2
0
-2
-2
1
1
2
1
-2
-1
-3
0
0
2
3
2
-1
-1
-2
-1
2
2
0
-3
-4
-3
-2
0
1
0
0
2
4
3
-1
-1
1
