SAMPLES:	14344
BITSPERSAMPLE:	16
CHANNELS:	1
SAMPLERATE:	16000
NORMALIZED:	FALSE
518
614
211
-260
-357
-106
125
118
-6
-64
-45
-48
-71
-47
12
8
-87
-147
-26
220
370
299
79
-141
-283
-360
-348
-193
85
337
406
281
101
20
44
48
-81
-308
-467
-396
-93
265
462
392
158
-19
-16
75
51
-132
-309
-311
-130
98
219
183
31
-157
-278
-241
-51
207
406
426
232
-65
-249
-217
-84
-73
-243
-389
-263
109
420
434
218
38
25
59
-28
-216
-327
-266
-93
83
208
250
157
-49
-207
-148
98
278
192
-67
-231
-152
51
139
40
-129
-204
-128
47
232
327
264
48
-224
-405
-404
-237
24
279
404
307
19
-278
-370
-182
129
342
353
211
32
-116
-208
-222
-169
-92
-43
-26
-3
44
60
-3
-77
-29
160
307
218
-39
-181
-40
194
174
-172
-508
-440
25
487
546
223
-129
-236
-164
-145
-263
-352
-207
128
391
376
118
-136
-182
-17
183
261
188
57
-41
-108
-190
-306
-386
-319
-56
288
512
473
188
-149
-330
-278
-84
100
161
120
62
17
-34
-125
-202
-164
-5
143
169
120
95
115
90
-47
-227
-326
-273
-106
99
283
378
305
55
-243
-397
-278
20
272
302
98
-186
-340
-250
29
309
426
311
44
-215
-325
-248
-61
97
137
70
-15
-44
-57
-111
-192
-201
-69
155
303
251
41
-165
-233
-171
-77
-34
-21
16
84
136
107
-3
-105
-107
0
97
56
-116
-224
-109
176
407
381
135
-111
-197
-108
65
205
278
270
174
50
-27
-31
-17
-51
-93
-70
35
124
90
-41
-175
-222
-166
-78
-39
-96
-227
-323
-275
-86
126
190
47
-184
-320
-242
-33
103
33
-155
-233
-90
153
265
154
-36
-101
5
148
169
79
14
45
134
187
155
61
-45
-95
-57
63
172
140
-37
-193
-142
99
274
161
-158
-352
-205
134
306
148
-139
-245
-123
45
96
54
57
110
75
-72
-172
-94
116
232
102
-140
-223
-72
140
193
36
-148
-153
1
117
69
-78
-178
-137
12
113
73
-46
-140
-111
94
333
387
173
-185
-425
-375
-120
82
95
27
43
149
172
-10
-252
-282
-11
323
362
38
-328
-421
-211
106
302
345
323
232
16
-231
-311
-155
107
219
43
-263
-423
-358
-197
-39
138
336
463
386
93
-180
-205
-52
68
36
-114
-240
-196
14
302
543
550
245
-204
-479
-427
-195
-55
-102
-184
-147
0
141
204
200
165
76
-77
-201
-210
-65
179
367
349
147
-78
-158
-82
20
31
-9
11
41
-31
-225
-375
-292
-48
61
-102
-332
-348
-113
123
152
90
166
360
427
228
-107
-298
-189
84
283
275
85
-121
-155
-7
163
196
65
-116
-219
-216
-130
46
236
265
71
-175
-217
-47
50
-98
-292
-179
231
513
373
-30
-250
-109
95
8
-345
-606
-505
-104
319
543
539
360
58
-250
-390
-300
-100
27
26
17
120
277
331
200
-51
-250
-280
-152
34
167
179
68
-110
-257
-272
-137
54
186
195
138
74
13
-42
-92
-98
-41
50
128
153
90
-43
-133
-86
52
138
67
-109
-245
-248
-117
69
170
101
-75
-176
-80
137
274
255
159
58
-44
-144
-167
-54
110
154
31
-115
-122
-18
15
-84
-190
-144
60
237
225
58
-137
-276
-334
-288
-108
149
309
234
11
-104
22
253
340
186
-74
-227
-217
-133
-57
6
89
136
78
-49
-144
-129
-28
72
108
81
21
-46
-85
-69
-16
45
97
139
172
194
215
224
151
-72
-385
-556
-392
4
282
181
-172
-422
-347
-49
217
340
354
313
212
22
-228
-415
-405
-171
161
374
324
82
-130
-156
-41
85
131
114
67
-12
-119
-225
-294
-317
-247
-30
280
495
424
111
-159
-144
122
325
200
-187
-512
-535
-304
-44
117
219
327
391
318
120
-88
-227
-277
-234
-80
130
220
65
-207
-327
-163
123
270
210
91
62
79
1
-190
-316
-217
65
292
273
39
-213
-298
-191
-20
96
147
168
167
121
16
-103
-173
-187
-164
-88
95
353
497
363
1
-317
-366
-161
88
189
111
-48
-140
-104
15
92
38
-86
-132
-20
171
269
181
-57
-307
-438
-394
-183
141
423
490
273
-97
-370
-377
-154
73
146
61
-80
-188
-230
-204
-107
50
197
233
149
54
62
166
218
80
-183
-322
-161
229
568
585
231
-280
-593
-490
-37
430
548
250
-176
-371
-228
58
196
84
-130
-229
-156
-18
83
105
72
-4
-120
-205
-167
-26
53
-33
-198
-263
-153
9
55
6
14
123
210
152
-24
-169
-147
4
161
237
183
45
-49
26
240
381
272
-47
-347
-394
-171
145
342
286
27
-218
-257
-110
31
33
-42
-34
68
105
5
-141
-199
-146
-68
6
87
118
16
-166
-197
53
380
433
119
-273
-412
-256
-35
37
-29
-103
-65
103
288
307
87
-197
-306
-156
109
264
235
102
-63
-207
-240
-112
95
189
93
-53
-54
89
173
69
-106
-172
-93
9
31
8
-3
-5
-37
-55
59
273
386
222
-162
-484
-503
-227
119
309
297
190
75
-28
-113
-133
-53
59
60
-94
-248
-190
102
378
358
37
-302
-389
-211
35
154
105
-9
-51
28
150
181
65
-146
-326
-350
-184
99
333
349
147
-85
-162
-54
83
108
32
-55
-102
-122
-123
-56
102
286
352
212
-68
-308
-334
-164
9
35
-40
-53
67
220
244
114
-57
-165
-198
-189
-128
13
192
312
249
7
-257
-340
-177
88
239
168
-12
-108
-44
93
154
95
-17
-79
-66
-41
-53
-87
-97
-46
34
86
107
102
73
15
-76
-142
-95
74
234
221
-11
-304
-412
-238
89
344
370
192
-42
-202
-260
-233
-153
-38
70
110
92
77
108
152
118
-19
-150
-125
63
221
142
-173
-462
-427
-43
379
476
215
-90
-130
75
207
36
-304
-485
-336
19
308
382
274
105
-50
-153
-188
-157
-79
42
187
272
167
-148
-487
-561
-258
190
424
316
73
-21
78
155
45
-154
-190
41
340
405
165
-143
-227
-61
136
194
154
155
180
97
-118
-291
-226
-9
61
-139
-371
-324
-12
221
106
-196
-293
-66
180
82
-318
-612
-499
-59
343
431
244
-13
-175
-209
-156
-63
51
154
195
143
-2
-164
-203
-36
290
552
511
174
-197
-293
-26
378
574
421
61
-250
-353
-268
-79
134
265
196
-91
-371
-356
-37
267
196
-216
-564
-534
-208
83
164
123
57
-27
-125
-153
-34
115
90
-135
-330
-280
-30
193
217
74
-84
-145
-70
133
377
482
316
-42
-322
-269
95
500
676
559
275
-13
-213
-319
-331
-216
17
264
354
220
-19
-214
-321
-399
-417
-239
137
434
345
-67
-405
-355
-31
201
178
38
-44
-94
-185
-253
-178
-28
5
-100
-133
42
242
175
-153
-402
-302
42
287
251
50
-92
-71
55
165
153
33
-83
-79
45
149
127
62
85
152
82
-150
-332
-230
120
398
378
137
-86
-147
-126
-153
-210
-196
-83
70
186
229
208
148
69
11
4
26
41
55
53
-4
-100
-139
-55
72
56
-181
-453
-464
-166
153
204
4
-195
-186
-37
40
0
10
178
383
424
271
99
78
157
134
-50
-267
-370
-337
-249
-165
-96
-38
2
62
178
291
278
91
-115
-151
-16
138
159
71
-4
-8
2
-43
-150
-271
-296
-149
109
294
209
-108
-385
-382
-137
75
76
-42
-90
-7
113
197
266
334
303
109
-159
-349
-358
-206
1
183
277
243
148
68
36
32
51
91
80
-53
-243
-275
-46
234
267
26
-212
-229
-106
-45
-60
11
178
275
190
7
-114
-140
-123
-75
-10
2
-98
-221
-167
101
391
450
228
-92
-323
-380
-249
-1
201
201
-13
-227
-201
24
217
186
-18
-180
-170
-59
6
-33
-93
-55
71
168
109
-99
-332
-398
-210
123
403
474
347
138
-73
-270
-434
-509
-430
-168
203
500
548
320
-22
-223
-216
-142
-132
-130
30
363
627
616
353
49
-80
-11
154
307
331
205
38
-58
-64
-22
14
31
54
-1
-180
-327
-328
-237
-141
-110
-106
-49
-25
-77
-94
-35
0
-97
-279
-333
-101
283
511
409
61
-267
-378
-287
-160
-126
-157
-138
-21
99
101
-18
-116
-48
139
239
112
-155
-291
-123
232
487
412
29
-363
-460
-162
327
602
444
2
-375
-422
-181
62
76
-98
-243
-228
-82
98
288
472
471
120
-391
-602
-260
339
599
289
-258
-533
-364
27
334
410
269
-41
-376
-503
-273
177
475
375
39
-158
-74
84
40
-172
-239
-13
326
480
339
51
-160
-213
-134
-23
4
-74
-163
-137
57
282
304
53
-295
-449
-253
117
324
215
-84
-306
-303
-159
-11
112
187
153
-12
-219
-287
-168
-30
-22
-99
-121
-24
95
112
23
-82
-136
-113
-19
100
169
124
7
-48
21
116
109
11
-35
61
216
254
115
-76
-147
-36
158
275
226
43
-143
-197
-99
62
195
235
173
47
-78
-130
-109
-81
-77
-50
51
148
120
-42
-228
-319
-291
-217
-132
-17
124
215
182
34
-161
-327
-398
-323
-92
193
379
381
261
135
35
-72
-173
-181
-53
134
241
224
152
92
37
-25
-35
67
219
268
132
-108
-258
-188
19
183
194
72
-90
-214
-269
-258
-196
-107
-25
28
55
43
-68
-304
-559
-594
-264
273
608
453
-51
-454
-397
26
383
364
53
-193
-138
99
259
207
34
-55
47
254
352
195
-132
-346
-244
75
303
273
117
16
-24
-93
-193
-186
-18
170
191
62
-56
-58
41
114
66
-81
-254
-343
-259
-53
137
192
102
-27
-67
-22
-15
-120
-229
-183
-3
138
116
18
24
145
201
59
-131
-95
198
426
281
-128
-376
-204
176
362
219
-33
-127
-62
-18
-87
-167
-111
62
173
87
-122
-246
-203
-98
-73
-136
-194
-172
-85
50
238
395
366
73
-342
-583
-483
-141
210
412
452
359
160
-55
-190
-225
-220
-194
-72
174
411
418
132
-248
-429
-286
44
327
410
261
-24
-254
-303
-153
52
132
72
-14
-32
-31
-107
-257
-289
-32
416
726
599
92
-411
-576
-411
-203
-170
-205
-39
363
676
538
-26
-557
-596
-137
365
467
165
-188
-298
-160
22
103
112
87
17
-65
-68
51
180
140
-38
-132
-62
-5
-162
-404
-380
10
464
569
272
-96
-220
-93
66
99
28
-71
-147
-165
-129
-72
-56
-79
-38
139
367
415
171
-171
-312
-169
27
2
-219
-319
-96
298
482
259
-154
-362
-198
123
296
220
11
-155
-214
-210
-158
-50
84
190
227
217
194
163
104
17
-50
-69
-67
-84
-149
-215
-176
10
245
323
139
-157
-275
-103
172
245
3
-340
-479
-304
42
288
265
17
-256
-323
-112
171
268
113
-120
-181
-53
31
-75
-265
-321
-160
94
266
332
359
337
210
-22
-213
-181
46
235
199
-31
-223
-153
141
411
428
143
-239
-411
-236
146
411
327
-29
-363
-458
-334
-123
74
258
373
280
-51
-422
-540
-301
82
270
151
-98
-265
-273
-180
-38
174
382
378
74
-350
-545
-306
163
449
331
-58
-339
-212
228
602
591
185
-271
-402
-146
264
519
459
167
-169
-410
-435
-196
167
378
251
-111
-349
-246
12
98
-80
-296
-290
-121
-46
-139
-263
-249
-30
257
427
354
36
-335
-476
-269
88
251
94
-192
-294
-116
141
269
240
200
222
197
28
-167
-152
129
411
319
-167
-609
-540
24
575
634
248
-134
-184
19
181
124
-83
-271
-311
-165
88
286
267
21
-237
-275
-62
234
413
384
169
-133
-356
-354
-142
57
-7
-324
-569
-427
11
347
318
47
-148
-103
49
130
133
100
40
-79
-195
-182
8
276
405
306
99
-43
-55
-18
-88
-292
-475
-470
-237
95
367
486
419
210
-42
-203
-187
-63
31
23
-41
-69
-3
124
238
246
106
-113
-274
-273
-140
-6
70
114
153
145
24
-165
-265
-191
-61
-26
-64
-23
179
401
417
165
-214
-494
-550
-365
-4
359
521
384
65
-159
-131
43
129
10
-204
-306
-216
-22
141
201
173
84
-19
-66
-31
41
67
10
-57
-57
16
87
89
20
-91
-191
-218
-112
134
365
389
166
-146
-303
-234
-98
-71
-195
-309
-228
60
392
551
453
179
-107
-276
-308
-225
-80
66
181
254
260
136
-159
-497
-626
-382
124
556
642
407
99
-69
-116
-205
-359
-418
-224
134
340
191
-146
-297
-79
329
554
415
58
-257
-393
-400
-374
-296
-86
206
380
286
20
-148
-54
190
327
258
95
-55
-191
-310
-324
-168
66
191
152
59
1
-62
-182
-271
-150
195
491
445
78
-288
-370
-180
48
151
137
58
-40
-90
-48
41
100
97
32
-89
-230
-279
-147
73
184
119
23
63
186
199
29
-222
-396
-362
-124
188
385
359
176
13
-17
26
12
-101
-221
-232
-70
213
431
384
26
-435
-658
-475
-40
296
367
283
181
77
-83
-263
-329
-222
-59
32
82
139
175
155
75
-17
-74
-87
-30
94
190
120
-121
-354
-377
-197
25
176
221
190
125
33
-53
-105
-128
-99
43
254
376
267
-11
-227
-220
-60
51
18
-84
-98
36
178
134
-117
-336
-257
81
326
224
-96
-284
-184
35
169
183
139
49
-102
-248
-284
-176
-6
120
169
171
131
32
-100
-180
-104
105
297
293
82
-131
-156
11
153
67
-182
-356
-281
-13
248
357
268
28
-240
-344
-193
50
110
-94
-302
-216
135
438
425
149
-137
-245
-173
-28
95
132
86
29
22
59
75
33
-39
-87
-79
-13
85
149
99
-51
-190
-218
-134
-24
37
38
15
7
20
37
22
-49
-119
-106
-38
-25
-118
-215
-171
34
271
374
287
84
-124
-244
-222
-65
133
211
95
-87
-121
57
285
338
149
-123
-258
-153
124
344
282
-45
-367
-417
-189
69
132
34
-37
-60
-154
-306
-353
-159
171
362
280
61
-85
-146
-227
-335
-309
2
454
704
580
257
-3
-119
-154
-150
-79
17
-3
-130
-133
147
529
641
315
-188
-473
-398
-133
82
167
184
175
88
-85
-230
-263
-218
-160
-109
-32
58
75
-45
-240
-362
-313
-111
113
191
73
-145
-288
-202
88
357
375
115
-232
-397
-258
61
333
408
242
-16
-91
82
286
290
62
-172
-194
-72
1
46
163
296
300
92
-223
-362
-234
-35
71
82
63
86
112
24
-107
-140
-129
-180
-249
-238
-72
219
430
406
162
-200
-459
-401
-87
184
213
40
-112
-104
-59
-49
54
257
329
99
-279
-435
-183
222
366
171
-109
-236
-158
-7
39
-31
-82
-22
131
281
308
165
-36
-200
-313
-326
-197
55
326
414
175
-198
-345
-144
204
348
139
-217
-368
-186
126
278
120
-182
-285
-57
284
431
290
-19
-273
-353
-289
-89
224
470
434
118
-283
-516
-433
-144
166
405
457
229
-168
-490
-507
-206
131
237
134
15
-12
12
-23
-67
42
236
291
109
-143
-218
-100
-30
-115
-134
58
283
249
-82
-368
-269
110
358
247
-85
-321
-268
-29
151
189
129
36
-13
10
46
40
-39
-176
-240
-105
170
372
290
-74
-430
-456
-136
270
462
327
0
-247
-247
-74
75
63
-54
-110
-35
44
15
-46
-6
163
329
279
-7
-281
-332
-181
29
140
123
85
52
-46
-184
-237
-116
132
317
267
60
-94
-118
-69
-65
-175
-283
-204
87
379
440
215
-103
-238
-127
47
106
29
-102
-180
-165
-116
-68
7
129
250
282
164
-38
-171
-185
-171
-197
-214
-124
97
323
353
134
-183
-376
-272
59
353
389
166
-131
-298
-277
-166
-62
21
80
88
29
-24
27
187
346
343
152
-90
-229
-236
-170
-88
-13
82
192
268
277
216
87
-70
-165
-125
-2
67
-1
-152
-256
-225
-70
134
314
382
248
-66
-379
-468
-275
28
164
-6
-327
-478
-259
186
484
363
-64
-410
-384
-42
280
310
108
-66
-72
-8
-1
-23
51
213
288
168
-60
-215
-210
-77
111
291
376
297
69
-198
-361
-348
-161
116
373
465
268
-179
-627
-742
-393
157
470
306
-150
-480
-431
-98
233
355
234
-35
-299
-409
-322
-133
9
107
266
473
523
260
-147
-344
-183
66
80
-74
-20
389
779
675
70
-541
-675
-340
73
268
261
175
50
-99
-179
-58
225
392
211
-232
-618
-670
-386
1
261
329
266
139
2
-75
-29
98
141
-22
-294
-422
-291
-75
10
7
109
323
382
103
-318
-490
-251
171
450
434
189
-151
-432
-489
-251
160
446
379
42
-232
-175
152
396
259
-219
-670
-703
-243
378
694
512
47
-277
-216
99
338
261
-63
-376
-472
-328
-74
172
354
416
323
137
-10
-54
-74
-192
-375
-426
-209
159
384
305
41
-177
-230
-159
-32
120
249
259
85
-162
-280
-186
19
132
66
-118
-260
-228
-13
246
373
301
133
33
18
-35
-221
-398
-352
-56
322
499
392
103
-195
-318
-221
18
153
69
-97
-153
-22
87
62
-10
20
164
176
-5
-252
-312
-155
-21
-19
-143
-182
-29
224
473
537
341
-56
-436
-534
-363
-121
-41
-125
-142
-44
113
210
227
287
333
332
264
173
170
136
25
-223
-479
-556
-485
-191
152
461
629
490
187
-243
-508
-496
-324
-99
-125
-219
-260
-144
87
162
208
219
294
294
75
-118
-203
-56
-4
-134
-194
-5
424
498
117
-363
-428
11
313
241
-77
-146
95
205
56
-259
-274
-27
213
235
45
-51
-65
-22
-65
-160
-115
53
263
285
217
190
208
72
-333
-767
-882
-614
-175
232
564
752
613
163
-362
-556
-361
-59
71
-43
-96
17
328
578
567
241
-141
-245
-57
239
394
403
319
203
39
-153
-255
-289
-374
-496
-554
-502
-401
-444
-446
-484
-281
-53
98
208
-107
-157
-235
218
404
12
-527
-1048
-419
249
699
363
-377
-490
-434
301
734
1019
801
53
-507
-874
-520
153
1187
2260
3018
3406
3621
3788
3423
1945
-445
-2556
-3786
-4229
-4578
-4699
-4067
-2604
-673
856
1925
2500
2947
3350
3409
2744
1091
-889
-2574
-3660
-4339
-4599
-4029
-2565
-646
1043
2291
2941
2907
2043
569
-1048
-2430
-3232
-3500
-3149
-2316
-1010
679
2206
3130
3163
2822
2353
1487
-47
-1766
-2070
-342
2508
4751
5689
6155
6507
6076
3740
-148
-3921
-6361
-7375
-7505
-6846
-5305
-3164
-965
950
2628
4118
5248
5886
5726
4492
2310
-364
-2816
-4846
-6353
-6906
-6053
-3671
-679
2029
3924
4827
4752
3426
1137
-1613
-4108
-5710
-6366
-5912
-4524
-2144
935
3809
5691
5963
5068
3455
1431
-726
-2811
-4204
-4699
-4121
-2488
-172
2284
4061
4859
4731
3692
1939
-284
-2218
-3093
-2832
-1674
-436
658
1668
2651
3607
3729
2915
1329
-155
-836
-873
-317
238
786
1102
1070
893
332
-307
-1126
-1858
-2290
-2539
-2477
-2382
-2009
-1376
-600
281
862
1122
882
196
-656
-1444
-1747
-1658
-1486
-1428
-1559
-1526
-1133
-445
371
854
865
507
120
129
135
-156
-778
-1209
-347
1579
3764
5114
5565
6019
6034
4940
1866
-2015
-4615
-5714
-5812
-5946
-5573
-4289
-2547
-701
782
2525
4117
5084
5404
4880
3562
1183
-1560
-3884
-5373
-5859
-5420
-3679
-899
2102
4604
6069
6297
5199
3029
268
-2661
-5298
-7211
-7849
-6868
-4479
-1154
2326
5185
6898
7221
6221
4084
1257
-1649
-3858
-4860
-4704
-3870
-2768
-1474
-103
1257
2003
1897
1102
119
-351
-5
1587
3740
5668
6805
7172
7185
5982
2987
-1666
-5971
-8196
-8487
-7641
-6575
-4741
-2149
686
3095
4644
5561
5450
4406
2714
845
-998
-3016
-4956
-6416
-6906
-6340
-4787
-2382
452
3194
5178
5976
5387
3493
765
-2235
-4951
-6993
-8101
-8081
-6919
-4545
-1104
2827
6314
8333
8610
7433
5295
2660
-232
-2728
-4386
-5093
-4967
-4205
-2625
-590
1462
2991
3630
3866
4033
4651
5433
5668
5243
4362
3723
2969
1425
-1029
-3645
-5121
-5522
-5217
-4385
-2936
-917
889
2051
2566
3017
3409
3254
2347
651
-1284
-2987
-4051
-4577
-4699
-4142
-2596
-47
2271
3361
3272
2675
1979
772
-1201
-3764
-5980
-7244
-7488
-6661
-4961
-2520
333
3103
5050
5981
6050
5272
3712
1287
-1467
-3779
-5058
-5282
-4122
-867
3618
7741
10069
10707
10494
9064
5590
-68
-5528
-8643
-9601
-9387
-8714
-7083
-4480
-1529
1174
3467
5654
7225
7960
7996
6933
4395
493
-3869
-7440
-9588
-10121
-8750
-5489
-1253
2757
6223
8700
9400
7715
3742
-1232
-6005
-9620
-11516
-11404
-9334
-5791
-1064
4130
8696
11425
11673
9663
5933
1211
-3431
-6797
-8288
-8018
-6449
-3701
-119
3357
5616
6045
5042
3128
987
-964
-2256
-2441
-1552
400
2914
5532
7393
8002
7397
5298
2008
-1935
-5093
-6528
-6524
-5609
-4413
-2673
-731
737
1493
1572
1709
1856
1816
1370
195
-1371
-3030
-4100
-4402
-4225
-3403
-1982
-18
1742
2823
3510
3812
3464
1839
-789
-3580
-5935
-7587
-8463
-7997
-6071
-2972
634
3959
6457
7806
8201
7528
5790
2937
-760
-4266
-6867
-7961
-7677
-6237
-3846
-470
4373
9735
13967
15524
14398
11779
7981
2851
-3556
-9285
-12362
-12785
-11577
-9685
-6709
-2718
1412
4763
7003
8534
9269
9146
7962
5505
1679
-3119
-7577
-10541
-11441
-10584
-7968
-3800
1065
5675
8892
10402
9638
6653
2047
-3219
-7718
-11175
-12902
-12653
-10228
-5702
-291
5088
8878
10675
10419
8204
4725
200
-4078
-7307
-8685
-7841
-5387
-1771
1761
4671
6449
6582
4994
1799
-1620
-4287
-5668
-5713
-4351
-1282
3281
8424
12290
13875
13039
10600
6982
2338
-2713
-7327
-9891
-10248
-8813
-6645
-4533
-2279
-149
2003
3502
4176
4228
3847
3313
2113
382
-1568
-3344
-4605
-5415
-5569
-4728
-2943
-583
1576
3107
3779
3422
2338
480
-1931
-4702
-7404
-9012
-9006
-7191
-3988
-36
3973
6963
8496
8361
6685
4058
868
-2100
-4356
-5528
-5536
-4511
-2701
-670
1161
2273
2631
2247
2126
2297
2867
4179
5357
6930
7918
8527
8161
5901
2488
-2279
-5736
-7612
-8217
-7680
-6822
-4573
-1950
950
3454
5226
6694
6787
5730
3452
464
-2601
-5547
-7667
-8487
-7545
-5095
-2009
1125
3735
5372
5962
5012
2672
-641
-4208
-6897
-8558
-8862
-8313
-6801
-4122
-870
2798
5785
7725
8118
6869
4614
1737
-859
-2938
-4172
-4532
-4257
-3488
-2397
-1049
195
1128
1477
1332
737
48
-85
388
1522
2763
4299
6473
8533
9782
9321
7823
5849
2999
-681
-4903
-7613
-8097
-7163
-5756
-4793
-3498
-2016
-476
1051
2388
3918
4931
5287
4567
2666
59
-2774
-4886
-6433
-7209
-7068
-5494
-2481
770
3739
5568
6398
5594
2867
-941
-5135
-8163
-9953
-10109
-8760
-6146
-2072
2561
7157
10157
10927
9468
6314
2470
-1711
-5246
-7646
-8396
-7571
-5666
-2844
161
2719
4090
4031
3274
2154
1219
675
1017
2976
5534
7759
8685
8798
8550
6895
3531
-1249
-5147
-7055
-7366
-6897
-6231
-4612
-2401
-31
1706
2792
3664
4228
4594
3989
2425
-10
-2621
-4591
-5984
-6403
-6031
-4376
-1650
1188
3551
4671
4905
3968
1722
-1481
-5117
-8097
-10180
-10953
-10285
-7865
-3646
1457
6298
9667
11359
11283
9373
5707
893
-3772
-7328
-9329
-9797
-8693
-5997
-2304
1456
4172
5375
5292
4438
3512
2168
579
-640
-71
2921
6442
8962
9388
9105
8525
6429
2442
-3052
-6941
-8496
-8297
-7356
-6417
-4342
-1894
706
2828
4194
5215
5504
5393
4436
2308
-675
-3799
-6052
-7304
-7807
-7029
-4583
-842
2810
5041
6109
5992
4649
1826
-2071
-5835
-9085
-11236
-12216
-11404
-8433
-3699
2065
7231
10783
12063
11352
9004
5184
386
-4449
-8061
-9926
-9956
-8492
-5837
-2554
868
3841
5919
6509
5605
3819
1677
313
-78
1596
4498
7352
9322
9592
9573
7952
4753
-90
-5112
-7627
-8397
-7291
-6100
-4668
-2789
-1161
972
2747
4546
5414
5056
4144
2554
601
-2184
-5021
-6859
-7526
-6943
-5387
-2723
649
3537
5550
6242
5610
3362
-486
-4638
-8313
-10662
-11730
-11322
-9116
-5411
-534
4442
8715
11357
11887
10304
6811
2031
-3173
-7505
-10148
-10770
-9581
-6906
-3201
655
3925
6029
6841
6546
5328
3522
1651
404
825
2988
5675
7489
7894
7952
7656
5942
2209
-2489
-5445
-6099
-5434
-4689
-4080
-2649
-882
770
1805
2348
2877
3133
3268
2784
1430
-792
-3323
-5227
-6393
-6745
-6111
-4099
-1040
1981
4220
5480
5725
4489
1606
-2373
-6523
-10018
-12412
-13161
-12056
-9105
-4629
851
6549
10914
12849
11923
8944
4944
529
-3654
-7311
-9641
-10221
-8922
-6075
-2640
812
3608
5541
6349
6037
5034
3559
2286
1758
2912
5519
8058
9306
8788
7727
6039
3228
-581
-4279
-5902
-5918
-4947
-3693
-2333
-801
-74
323
727
1509
2317
2496
2341
1615
312
-1546
-3416
-4773
-5744
-6161
-5475
-3318
-322
2335
4039
4798
4380
2472
-838
-4706
-8206
-10971
-12602
-12662
-10649
-6472
-747
5379
10321
12939
13046
11154
7711
2970
-2384
-7130
-10232
-11359
-10578
-8063
-4233
-32
3564
5974
7133
7072
6102
4539
2831
1695
1699
3523
6031
7960
8460
7858
7160
5219
1979
-2282
-5478
-6330
-6039
-4892
-3867
-2153
-328
817
1619
1747
2134
2184
2206
2134
1307
-138
-2290
-3908
-4961
-5555
-5526
-4507
-2105
510
2516
3535
3801
3212
1176
-2154
-6121
-9639
-12038
-12800
-11595
-8421
-3755
1515
6639
10769
13152
13086
10499
5905
319
-4847
-8620
-10429
-10458
-9099
-6532
-3060
928
4385
6544
7261
6717
5651
4173
2654
1569
1646
3481
5870
7960
8797
8792
8182
5764
1781
-3082
-6059
-6533
-5837
-4796
-4305
-3093
-1646
-312
786
1499
2425
2818
3119
2983
2181
533
-1904
-4009
-5764
-6716
-6842
-5526
-2796
22
2392
3876
4852
4556
2233
-1616
-5999
-9361
-11567
-12321
-11497
-8923
-4393
1261
7300
11780
13697
12916
9908
5624
76
-5459
-9824
-11925
-11425
-9186
-5554
-1550
2143
5003
6681
7367
6915
5474
3663
2236
2177
3770
6014
7996
8670
8536
7927
5944
2483
-2322
-5785
-6887
-6386
-5218
-4480
-2921
-1140
573
1758
2313
3005
3109
3101
2548
1476
-325
-2727
-4744
-6204
-6714
-6495
-4965
-2357
461
2648
3815
4327
3702
1672
-1775
-5789
-9417
-12025
-12905
-11680
-8369
-3734
1317
6113
10131
12661
13049
10936
6700
1217
-4307
-8732
-11330
-11714
-10111
-6898
-2931
1150
4638
6952
7779
7162
5789
4100
2806
2138
2918
4841
6822
8101
8225
8255
7301
4769
506
-4010
-6314
-6893
-6168
-5446
-4390
-2580
-873
939
2132
3288
4021
4000
3656
2434
586
-2068
-4744
-6520
-7286
-6759
-5159
-2409
735
3212
4649
4992
4163
1791
-1870
-6048
-9777
-12334
-13346
-12535
-9837
-5540
-421
4924
9698
12925
13956
12397
8620
3219
-2527
-7300
-10449
-11599
-10994
-8782
-5108
-657
3521
6455
7716
7510
6298
4611
3081
2093
2421
4037
6060
7776
8585
9004
8518
6176
1959
-2895
-5869
-6577
-5982
-5094
-4386
-3121
-1649
-36
1431
2550
3384
3552
3438
2789
1420
-839
-3345
-5199
-6240
-6454
-5938
-4134
-1588
820
2362
3162
3510
2528
-31
-3911
-7548
-10211
-11711
-11873
-10541
-7149
-2439
2957
7842
11267
12633
11631
8851
4564
-391
-5052
-8553
-10306
-10276
-8620
-5544
-1549
2426
5351
6982
7465
6876
5322
3275
1592
1606
3870
6715
8875
9465
9326
8744
6469
2266
-3295
-6766
-7476
-6639
-5349
-4478
-2617
-568
1230
2139
2385
2849
2896
2863
2260
928
-1125
-3429
-5219
-6312
-6590
-5899
-3909
-1103
1450
2834
3458
3507
2545
92
-3622
-7283
-10206
-11778
-12006
-10737
-7685
-3276
2080
7134
10926
12832
12487
10206
5902
427
-4966
-8987
-10796
-10811
-9134
-6224
-2369
1760
5110
7152
7482
6578
4905
3371
2543
3060
5115
7414
8996
9190
9044
8518
6470
2416
-3220
-7261
-8598
-7759
-6104
-4582
-2288
-124
1660
2632
2974
3330
3038
2597
1695
373
-1519
-4014
-5663
-6420
-6143
-5260
-3634
-1033
1197
2719
3119
3136
2540
358
-2952
-6923
-9994
-11950
-12490
-11186
-8158
-3285
2266
7591
11397
13068
12608
10115
6024
710
-4537
-8580
-10635
-10801
-9268
-6022
-1760
2330
5155
6378
6403
5822
4606
3109
1595
1256
3031
5966
8951
10212
10296
9746
7656
3800
-1862
-6394
-8213
-8061
-6796
-5681
-3756
-1338
836
2576
3372
3899
3734
3202
2524
1332
-352
-2765
-4781
-5963
-6212
-5654
-4378
-1987
469
2404
3486
3871
3502
1323
-2472
-6872
-10281
-11981
-12186
-11046
-8607
-4639
461
5799
10023
12357
12529
10690
7055
1879
-3488
-7880
-10314
-10859
-9744
-6925
-3085
1018
4145
5954
6555
6242
5144
3482
2056
1882
3960
6983
9641
10581
10087
9188
6756
2897
-2435
-6723
-8223
-7981
-6487
-5110
-2988
-533
1220
2349
2714
3314
3582
3290
2423
777
-1205
-3454
-5067
-5796
-5862
-5210
-3813
-1313
1354
3083
3639
3165
2102
106
-2876
-6303
-9497
-11685
-12411
-11255
-8155
-3657
1510
6422
10060
11924
11801
9982
6630
1946
-3060
-7378
-9850
-10394
-9250
-6564
-3028
725
3616
5265
5806
5376
4362
2979
1841
2170
4391
7523
10038
10830
10590
9631
7143
2628
-3273
-7765
-9408
-8807
-7000
-5039
-2482
188
2315
3851
4583
4870
4172
2690
888
-906
-2457
-3909
-4826
-5226
-4980
-4255
-2745
-438
1791
3306
3490
2905
1473
-961
-4169
-7744
-10523
-12093
-12032
-10313
-7050
-2668
2107
6566
9842
11588
11379
9457
5840
1065
-3750
-7711
-9860
-10365
-9230
-6603
-2876
1149
4310
5796
5832
4969
3695
2575
1637
2673
5285
8558
10905
11169
11185
9802
7086
2075
-3978
-7845
-9737
-9198
-8030
-6067
-3041
-40
2684
4150
4993
5191
4801
3733
1876
-344
-2693
-4563
-5872
-6404
-6051
-4761
-2270
830
3492
4848
4612
3337
1073
-2179
-6014
-9769
-12459
-13545
-12751
-10086
-5772
-371
5120
9388
11780
12191
10710
7649
3157
-1854
-6230
-8897
-9650
-9120
-7472
-4669
-1181
2159
4543
5540
5524
4550
3307
1898
961
2389
5523
9347
11452
11512
10937
9125
6429
1560
-3889
-7551
-9379
-9155
-8145
-5781
-2512
482
2707
3921
4832
5188
4992
3823
1804
-735
-3276
-5100
-6195
-6319
-5737
-4346
-1982
752
2885
3935
3886
2869
714
-2544
-6053
-9216
-11364
-12160
-11431
-9075
-5300
-423
4586
8505
10777
11204
9976
7299
3178
-1420
-5525
-8137
-9067
-8666
-6856
-4068
-763
2174
3961
4589
4251
3425
2774
2250
3176
5660
8472
10648
10898
10918
10168
7798
3468
-2597
-7101
-9774
-10281
-9383
-7436
-3856
-424
2519
4320
5629
6474
6244
5040
2552
-338
-3532
-6086
-7559
-7816
-6695
-4807
-1756
1647
4589
6145
5823
4205
1236
-2333
-6044
-9359
-11849
-13256
-12757
-10281
-6027
-1028
3811
7701
10050
10928
10204
8166
4573
82
-4012
-6797
-7864
-8119
-7504
-5716
-2903
312
2795
4270
4688
4151
3077
1886
1294
2649
5548
8669
10719
11258
11638
10838
7974
2635
-3676
-7657
-9579
-9821
-9188
-7449
-4054
-578
2440
4342
5469
6162
6070
5182
3192
298
-2885
-5765
-7753
-8473
-7730
-5279
-1554
2371
4997
5887
5569
4366
1994
-1949
-6455
-10361
-12643
-13172
-12170
-9617
-5697
-682
4196
8065
10306
10887
9968
7366
3279
-1490
-5340
-7609
-8280
-7857
-6552
-3984
-728
2369
3938
3973
3472
2601
1996
1022
994
3278
6634
10145
11440
11660
11330
9296
5754
-62
-5131
-8257
-9730
-9476
-8509
-6055
-2949
128
2943
5188
6984
7680
7059
5013
1823
-2006
-5492
-7789
-8725
-8215
-6514
-3510
358
3849
6011
6443
5564
3484
329
-3710
-8086
-11537
-13448
-13386
-11760
-8455
-3628
1873
7032
10300
11588
10893
8711
5247
859
-3371
-6679
-8197
-8194
-7128
-5254
-2703
139
2626
3878
4129
3601
2467
1440
453
1820
4900
8310
10958
11327
11549
10324
7605
3282
-2045
-5383
-7743
-8719
-8902
-7989
-5259
-2024
1272
3686
5489
6375
6424
5595
3669
895
-2665
-5700
-7838
-8666
-8098
-6336
-3040
900
4433
6562
6977
5777
3016
-792
-5179
-9213
-12327
-13913
-13707
-11730
-7674
-2310
3469
8256
11021
11734
10664
8194
4200
-462
-4692
-7584
-8614
-8173
-6479
-3825
-774
1822
3039
3127
2919
2450
2165
1646
1881
4134
7094
10081
11305
11728
11601
9537
5473
-743
-5737
-8218
-8922
-8586
-7956
-5957
-3239
-115
2735
5134
6962
7447
6872
5064
2342
-1323
-5009
-7543
-8723
-8609
-7203
-4408
-584
3174
5784
7045
6550
4449
828
-3550
-7734
-11427
-13676
-14121
-12514
-9096
-4282
1514
6803
10318
11392
10359
8023
4617
455
-3616
-6575
-7731
-7305
-5901
-3949
-1804
287
2074
2997
3208
2617
1708
1115
1297
3808
7022
10290
11890
12033
11734
9564
5861
165
-4769
-7457
-8769
-8662
-8177
-5989
-3168
-427
1833
3712
5943
6990
6964
5334
2832
-384
-3856
-6678
-8614
-9127
-8287
-5564
-1582
2525
5394
6815
7074
5596
2438
-2324
-7286
-11301
-13815
-14240
-12854
-9431
-4663
734
5850
9452
11180
10899
9044
5793
1492
-2883
-6290
-7863
-7584
-6328
-4493
-2267
-30
1894
2653
2769
2557
2119
1752
1312
3123
6298
9849
11902
11977
11915
10296
6990
1351
-4366
-7637
-9297
-9185
-8707
-6823
-3818
-865
1961
3948
5951
6991
6904
5656
3329
442
-2713
-5547
-7613
-8911
-8844
-6943
-3239
1008
4137
6019
6581
5886
3438
-715
-5332
-9487
-12263
-13569
-13096
-10540
-6322
-864
4482
8519
10496
10662
9218
6457
2468
-1843
-5301
-7132
-7137
-6181
-4233
-2097
-22
1517
1945
1873
1010
552
481
1626
4783
8202
11720
13220
13581
12798
9926
5329
-1151
-6288
-9391
-10788
-10634
-9733
-6910
-3289
431
3424
5649
7477
8150
7793
5948
2837
-1016
-4726
-7515
-8907
-9089
-7748
-5012
-1142
2652
5264
6838
6851
5420
2125
-2474
-6971
-10627
-12601
-13265
-12354
-9599
-5119
564
5751
9191
10566
10243
8433
5171
710
-3505
-6435
-7376
-6823
-5488
-3348
-1250
752
1717
1735
1209
213
-209
-200
1859
5407
9230
12426
13713
14517
13343
9944
4027
-2862
-7447
-10115
-10664
-10378
-8936
-5754
-2143
1639
4485
6889
8546
8712
7443
4620
1002
-2541
-5552
-7584
-8680
-8606
-6837
-3753
45
2963
4703
5601
5365
3923
638
-3662
-7839
-10963
-12410
-12605
-11063
-7887
-3366
1867
6249
8983
9865
8954
6788
3460
-347
-3799
-5910
-6323
-5619
-4285
-2504
-618
923
1583
1224
256
-351
-624
686
4056
7864
11557
13032
13704
13563
11501
7289
313
-5708
-9534
-11184
-10674
-9628
-6852
-3325
417
3610
5781
7364
7818
7473
5886
3071
-606
-4237
-7067
-8607
-8841
-7507
-4712
-934
2606
4934
6241
6180
4874
1915
-2338
-6679
-10356
-12229
-12476
-10915
-7979
-4071
562
4877
8188
9748
9236
6938
3403
-662
-4002
-6175
-6619
-5751
-4272
-2159
-443
1299
2115
1922
992
-709
-1743
-1882
537
4583
8871
12096
13218
13743
12716
10032
4909
-1358
-6197
-9314
-10257
-10078
-8673
-6025
-2762
744
3603
6110
7540
7803
7005
5167
2542
-820
-4310
-7187
-8672
-8386
-6355
-3230
279
3118
4936
5744
5053
2886
-454
-4286
-7624
-10280
-11567
-11244
-9166
-5673
-1710
2380
5664
7869
8609
7646
5205
1639
-1771
-4355
-5677
-5869
-5225
-3599
-1491
615
1863
2107
1660
656
-393
-1101
-1091
945
4567
8464
11480
12673
13292
12316
9444
4248
-2003
-6298
-8785
-9419
-9156
-8039
-5643
-2770
244
2636
4813
6573
7406
7032
5166
2154
-1175
-4113
-6248
-7587
-7743
-6324
-3675
-241
2223
3922
5017
5147
3918
472
-3701
-7496
-9926
-10932
-10797
-8959
-5704
-1543
2467
5656
7515
8037
7187
4954
1919
-1376
-4092
-5709
-6002
-5301
-3778
-1717
166
1472
1623
1233
375
-386
-615
-188
2513
6111
9921
12163
12504
12551
10909
7912
2354
-3742
-7597
-9463
-9034
-8243
-6602
-4128
-1275
1625
3761
5446
6335
6811
6354
4702
1761
-1815
-4973
-7162
-8290
-8046
-6167
-2897
684
3236
4840
5369
4777
2545
-1219
-5338
-8848
-10804
-11328
-10263
-7807
-4301
-34
4083
7114
8334
7760
5852
3428
602
-2145
-4389
-5661
-5597
-4741
-3105
-1146
756
2042
2207
1878
1171
650
187
643
3126
6551
9974
11327
11166
10388
8435
5207
233
-4195
-6806
-7867
-7797
-7309
-5556
-3104
-639
1160
2668
4420
5725
6130
5094
3074
583
-1918
-4185
-5961
-7075
-6815
-5086
-2197
759
2680
3936
4206
3568
1658
-1439
-4698
-7598
-9244
-9545
-8544
-6406
-3464
284
4041
6726
7747
7005
5184
2641
-250
-2831
-4682
-5387
-5085
-4077
-2592
-938
507
1556
1863
1804
1396
749
310
389
2503
5777
8957
10563
10436
10151
8774
5994
1366
-3265
-5792
-7045
-7346
-7419
-6284
-3655
-963
1205
2389
3522
4740
5572
5626
4172
1836
-1066
-3531
-5258
-6510
-6743
-6075
-3801
-1036
1312
2839
3425
3586
2358
-40
-3346
-6325
-8222
-9011
-8517
-7088
-4353
-895
2743
5425
6651
6619
5561
3779
1041
-1783
-3960
-4864
-4798
-4181
-2986
-1511
-23
820
1104
1121
982
838
810
1762
4300
7357
9839
10565
10451
10206
8608
5309
-41
-4716
-7198
-8049
-7616
-7175
-5553
-2983
-243
2282
3643
4709
5427
5870
5582
3866
1185
-1929
-4529
-6498
-7586
-7305
-5433
-2253
781
2844
3836
4014
3514
1710
-1340
-4844
-7739
-9191
-9331
-8410
-6457
-3566
106
3646
5993
6733
6044
4519
2422
-67
-2426
-4095
-4737
-4531
-3737
-2500
-1024
239
748
575
54
-251
-30
795
2810
5809
9009
11264
11739
11277
9875
7280
3261
-1797
-5714
-7806
-8175
-7423
-6316
-4391
-2119
276
2597
4567
6173
6841
6335
4668
2060
-956
-3857
-6041
-7276
-7458
-6405
-4109
-1080
1565
3334
4307
4510
3714
1305
-2195
-5934
-8954
-10423
-10348
-8688
-5979
-2357
1739
5434
7726
7961
6592
4130
1298
-1553
-3728
-4950
-5293
-4720
-3456
-1380
405
1179
840
177
99
257
607
1259
3189
6248
9307
11409
11863
11267
9244
5735
1149
-3630
-6893
-8488
-8492
-7426
-5729
-3225
-614
1780
3655
4974
5915
5959
5015
3165
747
-1804
-4272
-6072
-6888
-6466
-4886
-2619
-137
1950
3531
4526
4467
2987
-37
-3767
-7210
-9648
-10510
-9702
-7506
-4463
-1102
2368
5458
7370
7653
6271
3763
750
-2225
-4433
-5544
-5422
-4260
-2497
-759
280
623
575
580
510
241
213
970
3315
6623
9699
11510
11575
10787
8821
5442
876
-3794
-6578
-7605
-7343
-6531
-5209
-2836
-292
2010
3378
4145
4789
4994
4657
3133
894
-1579
-3792
-5345
-6446
-6502
-5479
-3309
-566
1748
3505
4282
4047
2539
-284
-3554
-6685
-8942
-9882
-9446
-7584
-4802
-1476
2071
5160
7131
7496
6258
4047
1377
-1313
-3425
-4655
-4699
-3754
-2454
-1242
-588
-486
-544
-474
-289
-53
447
2062
5399
9267
12176
12998
12063
10528
7783
3650
-1643
-6583
-9153
-9630
-8421
-6483
-4218
-1432
1092
3293
4811
5592
5682
4983
3613
1595
-757
-3187
-5049
-6295
-6690
-6046
-4440
-1816
835
2994
4300
4477
3600
1400
-1675
-5051
-8054
-9969
-10417
-9201
-6667
-3261
472
3952
6557
7749
7500
5944
3485
571
-2179
-4143
-5096
-4970
-4093
-2656
-1120
-32
487
382
228
342
678
1512
2735
4836
7646
10073
11720
11726
10543
8023
3897
-707
-4984
-7315
-7926
-7534
-6420
-4842
-2433
102
2292
3738
4543
4748
4410
3468
1927
5
-2274
-4173
-5696
-6266
-5935
-4661
-2561
-461
1556
2889
3778
3608
2043
-688
-4030
-6701
-8507
-9095
-8741
-7239
-4438
-752
3092
5815
7035
6812
5672
3828
1380
-1318
-3433
-4483
-4386
-3543
-2670
-1788
-1463
-1207
-974
-539
277
939
2281
4129
6884
9632
11305
12060
11391
9881
6561
1906
-2709
-6256
-7723
-8338
-8124
-7114
-4961
-1772
1158
3520
4930
5784
5957
5291
3754
1584
-693
-2944
-4916
-6615
-7296
-6591
-4311
-1279
1418
3469
4671
5166
4148
1572
-2136
-5819
-8444
-9911
-10036
-9122
-6918
-3624
316
4049
6550
7514
7079
5575
3202
390
-2175
-3673
-4202
-3994
-3461
-2704
-1774
-1138
-619
-354
-38
291
722
1679
3287
5879
8747
11042
11860
11119
9412
6772
3146
-1394
-5481
-7882
-8458
-7787
-6403
-4138
-1279
1350
3131
4126
4760
5013
4473
3065
1082
-1032
-2924
-4549
-5656
-6185
-5824
-4445
-2329
63
1980
3352
3994
3640
1933
-1059
-4313
-7022
-8571
-9041
-8496
-6770
-3944
-236
3439
6062
7033
6397
4819
2907
819
-1199
-2858
-3757
-3738
-3318
-2780
-2365
-1990
-1504
-1079
-392
483
1462
2710
4269
6738
9501
11474
12025
10918
9054
6132
2133
-2232
-5997
-7840
-8332
-7884
-6666
-4635
-1731
1031
3148
4472
5346
5949
5825
4468
1944
-1127
-3868
-5822
-7019
-7103
-6134
-4036
-1455
936
3061
4483
5128
4158
1529
-2106
-5847
-8481
-9805
-9651
-8411
-6284
-3152
578
4174
6386
6861
6129
4706
2936
751
-1351
-2873
-3774
-3940
-3747
-3093
-2341
-1787
-1287
-1061
-595
-109
838
2476
4837
8074
10900
12693
12587
11189
9108
5969
1854
-3221
-7270
-9410
-9556
-8261
-6380
-3714
-1095
1405
3512
5217
6467
6539
5584
3694
1288
-1365
-3941
-5987
-7283
-7696
-6866
-4624
-1578
1384
3455
4735
5107
4115
1569
-2253
-6089
-8987
-10284
-9903
-8393
-5998
-2885
802
4326
6589
7335
6812
5266
2805
-223
-2704
-4009
-4270
-3851
-3137
-2135
-1288
-939
-831
-790
-556
-242
350
1819
4346
7815
11060
13076
13519
12456
10157
6251
1090
-4043
-7759
-9431
-9557
-8529
-6546
-3857
-894
1918
4384
6209
7076
6883
5628
3416
644
-2244
-4761
-6908
-8341
-8336
-6486
-3165
115
2557
3937
4563
4441
2944
227
-3328
-6622
-8987
-10203
-10037
-8484
-5367
-1368
2498
5237
6524
6708
6033
4572
2381
-81
-2160
-3434
-3955
-3829
-3268
-2331
-1502
-1162
-1256
-1454
-1117
-355
941
2776
5399
8529
11079
12404
12238
11201
9018
5340
460
-4321
-7504
-9051
-9162
-8274
-6248
-3486
-676
1819
3755
5330
6124
6028
4881
3006
839
-1541
-3855
-6071
-7483
-7615
-6128
-3313
-125
2635
4249
4796
4223
2596
57
-3095
-6133
-8563
-9684
-9296
-7514
-4649
-1139
2583
5568
7102
6942
5560
3520
1270
-774
-2332
-3225
-3627
-3457
-2875
-2027
-1330
-1057
-1142
-1494
-1535
-1115
179
2251
5031
8223
10868
12464
12552
11627
9475
5806
909
-4106
-7512
-9098
-9126
-8300
-6646
-4146
-1336
1465
3720
5427
6297
6276
5428
3797
1558
-1080
-3712
-6120
-7816
-8320
-7024
-4317
-1092
1821
3941
5308
5278
3703
640
-3009
-6240
-8606
-9711
-9746
-8438
-5845
-2128
1893
4960
6544
6649
5949
4504
2446
72
-1963
-3139
-3558
-3273
-2719
-1924
-1347
-1138
-1267
-1588
-1524
-1044
375
2653
5872
9406
12008
13049
12207
10428
7730
4161
-193
-4538
-7454
-8861
-8741
-7849
-6063
-3458
-525
2295
4097
5223
5665
5771
5205
3540
1079
-1898
-4463
-6517
-7518
-7263
-5674
-2976
-177
2399
4096
4884
4474
2706
-54
-3438
-6535
-8819
-9832
-9471
-7652
-4558
-645
3058
5562
6596
6248
5163
3341
1185
-981
-2608
-3235
-3119
-2455
-1965
-1673
-1773
-2015
-2298
-2359
-1746
-727
854
2788
5753
9303
12255
13578
12855
11075
8047
3869
-1154
-5611
-8096
-8897
-8424
-7373
-5466
-2889
-183
2288
4239
5814
6504
6221
4873
2803
335
-2374
-4874
-7020
-8132
-7818
-5823
-2699
463
3105
4817
5558
4783
2347
-1191
-4951
-7944
-9763
-10107
-9064
-6762
-3405
496
3982
5998
6420
5848
4849
3231
928
-1424
-2942
-3318
-3017
-2386
-1670
-1021
-822
-1131
-1616
-1888
-1624
-892
519
2753
5985
9601
12385
13482
12688
10599
7260
2878
-1912
-5908
-8206
-9005
-8533
-7143
-4791
-2028
607
2812
4392
5614
6165
6029
4743
2434
-487
-3427
-5660
-7162
-7434
-6625
-4633
-1937
831
3240
4555
4829
3717
1473
-1704
-5116
-7772
-9327
-9452
-8521
-6406
-3214
636
4190
6339
6825
5889
4176
2044
-165
-2214
-3566
-4013
-3535
-2429
-1226
-304
-184
-442
-920
-1140
-1020
-605
565
2579
5744
8972
11192
11934
11558
10532
8193
4269
-701
-4951
-7475
-8409
-8247
-7165
-4990
-2266
432
2513
4031
5012
5402
5103
3891
2160
13
-2134
-4213
-5909
-6684
-6371
-4795
-2748
-650
1200
2766
3866
3642
1913
-1084
-4290
-6888
-8525
-9022
-8453
-6601
-3638
72
3646
6035
6737
5956
4395
2428
337
-1564
-2840
-3322
-3159
-2546
-1681
-744
-158
-148
-607
-1009
-958
-416
553
2001
4281
7242
10066
11744
11961
11114
9250
5950
1203
-3750
-7288
-8740
-8659
-7690
-5966
-3532
-804
1575
3420
4701
5439
5414
4572
3125
1177
-996
-3417
-5655
-7248
-7671
-6495
-4140
-1128
1524
3411
4409
4338
3229
829
-2346
-5631
-8169
-9332
-9215
-7830
-5360
-1912
1860
4802
6214
6100
5063
3514
1517
-616
-2395
-3305
-3195
-2566
-1834
-1266
-937
-785
-965
-1195
-1096
-528
608
2091
4383
7328
10051
11824
11942
11006
8799
5255
905
-3373
-6056
-7377
-7528
-6879
-5583
-3515
-1327
930
3029
4795
5868
5767
4512
2544
253
-1916
-4001
-5898
-7010
-7185
-5942
-3911
-1359
1277
3442
4946
4795
3245
402
-2893
-5864
-8191
-9241
-9196
-7771
-5139
-1515
2313
5145
6380
6085
4949
3361
1501
-482
-2052
-2957
-3002
-2493
-1767
-1122
-880
-849
-985
-913
-701
-486
15
1290
3953
7424
10411
11800
11495
10236
8239
5288
1306
-2911
-6155
-7774
-7916
-7079
-5573
-3438
-938
1448
3291
4480
5192
5348
4658
2987
552
-2052
-4442
-6176
-6887
-6428
-4874
-2879
-820
1008
2633
3950
4377
3431
782
-2798
-6212
-8521
-9354
-8967
-7356
-4737
-1373
2001
4550
5871
5870
4841
3001
816
-1178
-2474
-2882
-2597
-1865
-1087
-488
-355
-621
-1086
-1559
-1678
-1396
-474
1239
3807
6994
9806
11588
12087
11511
9994
7105
3076
-1394
-5156
-7388
-8207
-7802
-6698
-4863
-2318
387
2799
4365
5416
5840
5398
4081
1871
-737
-3823
-6778
-8623
-8606
-6662
-3915
-1057
1471
3526
4941
5129
3865
1206
-2234
-5444
-7909
-9351
-9769
-8909
-6375
-2650
1404
4504
6085
6308
5429
4047
2229
292
-1477
-2809
-3254
-3007
-2301
-1626
-1198
-962
-1038
-1158
-1173
-800
33
1195
3055
5752
8875
11207
11870
11174
9589
7238
3637
-794
-4574
-6708
-7240
-7057
-6362
-4838
-2488
202
2527
4313
5418
5658
4987
3423
1348
-944
-3226
-5207
-6621
-7062
-6314
-4467
-2003
531
2738
4237
4639
3567
1272
-1668
-4572
-6993
-8676
-9198
-8496
-6592
-3735
-305
3074
5361
6091
5435
4020
2305
423
-1251
-2347
-2666
-2409
-2000
-1590
-1297
-1129
-1087
-1227
-1308
-1145
-460
1041
3366
6383
9230
11166
11971
11761
10621
7884
3560
-1271
-5114
-7109
-7842
-7813
-6986
-5151
-2369
522
3025
4944
6062
6199
5023
2944
613
-1632
-3617
-5498
-6789
-7025
-6111
-4192
-1907
526
2719
4244
4670
3555
1191
-1914
-4903
-7158
-8510
-8824
-8189
-6454
-3624
-166
3115
5246
5824
5172
3916
2500
920
-730
-2051
-2779
-2769
-2344
-1784
-1150
-790
-754
-1006
-1101
-698
6
1178
2881
5388
8125
10020
10860
10716
10004
8207
4878
593
-3579
-6377
-7742
-7812
-6714
-4717
-1987
621
2668
4081
4925
5268
4781
3469
1369
-1119
-3517
-5508
-6535
-6639
-5800
-4159
-2083
266
2366
3853
4199
3193
1083
-1737
-4457
-6837
-8445
-8925
-8336
-6512
-3716
-360
2795
4894
5638
5226
4176
2660
911
-693
-1869
-2384
-2439
-2259
-1853
-1309
-822
-664
-870
-1033
-774
-124
734
1987
4144
7119
9915
11353
11187
10120
8350
5492
1396
-2857
-5742
-6968
-7133
-6792
-5713
-3606
-924
1571
3384
4611
5275
5169
4184
2271
-184
-2671
-4742
-6057
-6609
-6363
-5252
-3191
-579
1862
3711
4617
4268
2504
-340
-3414
-5929
-7633
-8468
-8305
-6953
-4541
-1480
1758
4182
5458
5511
4658
3308
1401
-425
-1862
-2421
-2432
-2431
-2319
-2230
-1732
-1239
-891
-650
-617
-495
-119
1454
4539
8173
10843
11676
11480
10876
9281
5872
726
-4163
-7158
-8147
-7747
-6819
-5208
-3054
-659
1623
3406
4897
5556
5350
4172
2234
134
-2141
-4174
-6007
-7174
-7226
-5950
-3440
-675
1899
3810
4836
4613
2718
-373
-3797
-6571
-8297
-9006
-8738
-7364
-4748
-1310
2056
4519
5779
6030
5468
3978
1845
-326
-1828
-2475
-2793
-2935
-2905
-2364
-1481
-771
-263
-76
152
495
1352
3354
6195
9098
10734
10831
9932
8309
5943
2480
-1423
-4707
-6759
-7350
-6880
-5549
-3631
-1554
647
2794
4730
5908
5752
4516
2531
378
-1758
-3853
-5477
-6530
-6579
-5584
-3684
-1140
1301
3232
4100
3763
2341
62
-2495
-5026
-7053
-8264
-8425
-7374
-5214
-2206
935
3448
4766
4950
4392
3412
2118
559
-866
-1917
-2411
-2400
-2046
-1622
-1469
-1586
-1712
-1488
-929
-229
375
1367
3398
6515
9564
11006
10888
9833
8387
5859
1952
-2062
-5041
-6266
-6543
-6270
-5356
-3801
-1381
1125
3302
4660
5061
4859
4010
2869
1365
-780
-3343
-5878
-7335
-7324
-6051
-3616
-911
1524
3145
3994
4290
3293
945
-2475
-5808
-7999
-8785
-8090
-6523
-4370
-1884
702
2997
4390
4859
4595
3761
2376
607
-957
-1894
-2246
-2317
-2299
-2180
-1988
-1864
-1836
-1628
-1040
62
1487
3307
5700
8054
9615
9796
9171
8249
6681
4062
350
-3139
-5345
-6139
-5893
-5056
-3687
-1880
83
1878
3329
4313
4831
4431
3221
1349
-1017
-3205
-5207
-6457
-6922
-6370
-4698
-2278
801
3352
4949
5212
4190
2278
-527
-3667
-6776
-8924
-9632
-8825
-6554
-3468
-267
2299
3970
4789
5054
4778
3701
1784
-390
-2173
-3230
-3445
-3387
-3059
-2613
-2066
-1378
-686
284
1200
2522
4294
6347
8256
9054
8985
8342
7495
5885
3047
-491
-3740
-5617
-6033
-5249
-3816
-2152
-645
674
2027
3297
4240
4427
3873
2652
947
-1057
-3247
-5276
-6800
-7359
-6559
-4583
-2085
488
2697
4410
5189
4580
2605
-569
-3973
-6940
-8794
-9313
-8658
-6592
-3487
24
2944
4689
5475
5704
5369
4154
2164
-190
-2159
-3480
-4115
-4066
-3532
-2693
-1871
-1043
-26
1114
2110
2838
3697
5181
7026
8444
8758
8045
6829
4895
2151
-979
-3593
-4814
-4976
-4551
-3632
-2282
-536
1093
2399
3413
3905
3829
3074
1935
621
-1080
-3104
-5310
-7000
-7405
-6371
-4213
-1712
689
2969
4928
5887
5088
2634
-633
-3758
-6422
-8608
-9874
-9710
-7712
-4302
-386
3148
5561
6822
6981
6225
4597
2134
-558
-2897
-4482
-5182
-5150
-4479
-3244
-1899
-504
820
1988
3049
3671
4483
5639
6841
7507
7003
6146
5211
3930
1850
-1025
-3269
-4215
-4025
-3149
-2056
-519
1017
2036
2544
2638
2861
2781
2021
656
-976
-2003
-2788
-3645
-4759
-5619
-5223
-3845
-1895
-149
1424
3047
4128
4241
2798
230
-2718
-5417
-7222
-8099
-7962
-6864
-4761
-1664
1795
4777
6559
6988
6261
4524
2140
-424
-2604
-4125
-4966
-5042
-4466
-3390
-2206
-1042
280
1566
2681
3427
4130
5320
6788
8083
8324
7392
5804
3683
1278
-1525
-4112
-5534
-5660
-4486
-2801
-970
889
2227
3046
3227
3166
3046
2489
1521
79
-1441
-2910
-4418
-5600
-6160
-5635
-4129
-2000
368
2435
4039
4845
4606
3138
543
-2526
-5514
-7874
-9310
-9429
-7863
-4798
-930
2744
5604
7392
8022
7341
5306
2343
-776
-3336
-5097
-5984
-5951
-5007
-3430
-1614
172
1713
2734
3038
3139
3835
5407
6998
7609
7282
6520
5563
3690
656
-2595
-4800
-5318
-4791
-3729
-2263
-497
1246
2454
3215
3726
3987
3571
2153
152
-1742
-3021
-3893
-4620
-5192
-5288
-4570
-3223
-1477
300
2033
3551
4318
3920
2068
-634
-3465
-5870
-7555
-8461
-8159
-6520
-3651
-171
3093
5676
7328
7947
7118
4774
1580
-1353
-3389
-4728
-5576
-5840
-5118
-3588
-1724
195
1954
3424
4174
4459
4928
5777
6599
6691
6235
5560
4542
2741
4
-2739
-4684
-5453
-5188
-4101
-2207
-92
1755
3005
3737
4035
3580
2408
807
-595
-1539
-2339
-3311
-4569
-5516
-5427
-4060
-1900
119
1653
2832
3672
3785
2718
685
-1782
-4240
-6347
-7821
-8264
-7495
-5404
-2110
1640
4800
6597
7174
6921
5761
3527
609
-2099
-4139
-5617
-6570
-6568
-5282
-3042
-548
1557
3021
3818
4315
4974
5849
6557
6641
6269
5734
4931
3460
1197
-1296
-3459
-4924
-5452
-4789
-2966
-728
1209
2518
3426
4093
4246
3648
2235
393
-1463
-3063
-4251
-5103
-5446
-5099
-3923
-2056
28
1933
3305
3977
3758
2494
315
-2378
-4961
-6948
-8047
-8122
-7161
-5221
-2489
688
3775
6140
7409
7511
6483
4434
1579
-1496
-4196
-6079
-6858
-6537
-5189
-3262
-1040
1220
3085
4337
4932
5499
6233
6706
6457
5471
4582
3774
2558
608
-1599
-3015
-3684
-3794
-3503
-2564
-913
722
2098
2964
3435
3420
2660
1448
-90
-1540
-2872
-4074
-4815
-4950
-4230
-2914
-1209
701
2350
3473
3761
3231
1916
-135
-2491
-4788
-6683
-7987
-8468
-7699
-5526
-2260
1353
4463
6558
7492
7296
6131
4110
1500
-1222
-3683
-5459
-6380
-6229
-5000
-3149
-1078
747
2394
3798
4862
5679
6151
6373
6113
5483
4639
3535
2060
110
-1735
-2988
-3395
-3135
-2402
-1229
88
1223
1844
2100
2161
2113
1802
983
-283
-1808
-3121
-4093
-4610
-4716
-4339
-3314
-1717
405
2479
4082
4725
4337
2997
681
-2274
-5490
-7993
-9297
-9241
-7952
-5679
-2438
1166
4551
7012
8251
8283
7059
4848
1888
-1334
-4250
-6249
-6863
-6212
-4783
-3017
-992
1223
3312
4797
5595
6059
6458
6606
6014
4707
3127
1818
693
-639
-2030
-3033
-3104
-2493
-1623
-618
380
1362
1940
2139
2121
1846
1354
398
-805
-2109
-3445
-4441
-4983
-4780
-3859
-2418
-496
1377
2958
3962
4337
4097
2746
395
-2705
-5686
-7776
-8844
-8668
-7554
-5396
-2344
1137
4408
6539
7539
7513
6689
4997
2363
-535
-3235
-5183
-6223
-6402
-5631
-4173
-2090
418
2912
4879
5959
6443
6629
6552
5921
4631
3224
2015
904
-534
-2135
-3180
-3229
-2404
-1403
-295
883
2017
2889
3086
2858
2097
847
-760
-2490
-3624
-4219
-4346
-4384
-4471
-4046
-2981
-982
1304
3040
3980
4039
3746
2744
803
-1871
-4643
-6678
-8081
-8686
-8306
-6424
-3168
521
3864
6208
7686
8138
7415
5421
2424
-652
-3251
-4975
-5910
-6083
-5252
-3493
-1227
996
2784
4229
5279
5985
6489
6448
6026
4948
3645
2503
1123
-357
-2228
-3583
-4165
-4060
-3027
-1571
555
2458
3556
3774
3115
2332
1261
86
-1262
-2837
-4094
-5048
-5419
-5258
-4662
-3343
-1513
743
2865
4328
5105
4892
3814
1655
-1351
-4436
-7044
-8501
-8926
-8160
-6273
-3524
-96
3207
5976
7618
8046
7382
5592
2994
-168
-3043
-5149
-6288
-6352
-5460
-3650
-1401
940
3078
4744
5634
5715
5537
5440
5283
4668
3728
2881
2118
1036
-536
-2045
-3025
-3410
-3230
-2391
-902
684
1833
2392
2582
2526
2032
1084
-258
-1733
-3107
-4214
-4971
-5446
-5418
-4630
-2933
-700
1411
3074
4194
4669
4113
2392
-167
-2838
-5099
-6846
-7960
-8214
-7177
-4827
-1571
1763
4483
6423
7484
7656
6603
4397
1615
-1099
-3263
-4923
-5872
-5904
-4895
-2942
-532
1994
4117
5609
6535
6937
6879
6198
5118
3929
2675
1277
-393
-1930
-3066
-3765
-4057
-3769
-2588
-788
1048
2269
2848
3080
3092
2755
1702
63
-1932
-3768
-5056
-5680
-5600
-5124
-4186
-2681
-479
2165
4403
5627
5390
3841
1430
-1266
-3631
-5584
-7063
-7956
-7887
-6435
-3820
-633
2375
4759
6402
7071
6647
5170
2972
531
-1972
-4128
-5463
-5734
-5012
-3804
-2142
-99
2067
4035
5402
6407
6939
6934
6401
5390
4288
2735
892
-882
-2113
-2609
-3092
-3438
-3260
-1946
87
1600
2288
2294
2423
2548
2163
1167
-387
-1982
-3585
-4888
-5625
-5698
-5032
-3828
-2047
76
2171
3771
4473
4075
2512
148
-2408
-4533
-5965
-6764
-7025
-6582
-5130
-2669
372
3215
5327
6445
6537
5750
4209
2232
-16
-2211
-3947
-4904
-4844
-4077
-2670
-836
1120
2885
4105
5211
6267
7097
7115
6156
4950
3697
2364
382
-1876
-3421
-3918
-3484
-2860
-1910
-655
419
970
1022
1491
2297
2668
1991
381
-1195
-2541
-3648
-4597
-5344
-5495
-4946
-3343
-980
1461
3414
4481
4771
3923
1887
-865
-3615
-5734
-7180
-7688
-7110
-5483
-3125
-522
2055
4274
5948
6770
6415
4800
2321
-159
-2118
-3491
-4449
-4825
-4361
-3221
-1552
347
2348
4042
5119
5821
6137
6234
5794
5040
4178
2905
1282
-803
-2456
-3464
-3739
-3127
-1893
-35
1258
1664
1430
1323
1862
2149
1738
386
-1262
-2607
-3610
-4270
-4774
-4853
-4194
-2775
-887
1008
2611
3769
4004
3011
982
-1300
-3148
-4757
-6307
-7545
-7522
-5802
-3016
-217
1866
3426
4729
5678
5697
4553
2611
548
-1151
-2451
-3197
-3463
-3192
-2550
-1602
-179
1372
2903
3917
4477
4917
5200
5540
5484
5125
4336
2880
1070
-942
-2250
-2758
-2691
-2296
-1989
-1464
-836
19
1002
1704
2032
1704
1043
229
-748
-1823
-3099
-4269
-5110
-5388
-4758
-3290
-1183
1023
2911
4354
4884
4222
2216
-579
-3318
-5650
-7282
-8217
-8083
-6689
-4224
-925
2485
5385
7086
7334
6403
4670
2684
571
-1553
-3516
-4987
-5371
-4623
-3110
-1310
510
2334
3777
4711
5271
5630
5856
5514
4710
3664
2571
1466
19
-1174
-1867
-2036
-1878
-1788
-1266
-401
781
1738
2059
2248
1959
1322
254
-998
-1949
-2977
-3866
-4839
-5366
-4834
-3578
-1702
76
1710
3135
4085
4392
3194
828
-2018
-4621
-6367
-7458
-7723
-7128
-5416
-2784
-62
2569
4774
6400
7074
6406
4688
2298
-114
-2379
-4251
-5127
-4871
-3609
-2063
-660
703
2196
3901
5132
5478
5193
4755
4424
3857
3118
2521
2096
1565
408
-987
-1802
-1769
-1143
-583
-190
52
174
418
596
722
466
-230
-1003
-1774
-2203
-2612
-3051
-3458
-3866
-3746
-2965
-1329
600
2191
3263
3396
2648
970
-1149
-3081
-4664
-5842
-6748
-6911
-5988
-4006
-1228
1740
4383
6151
6744
6213
4758
2761
656
-1152
-2451
-3362
-3898
-3871
-3071
-1550
193
1785
2978
3808
4554
5260
5752
5573
4729
3767
3082
2405
1053
-747
-2205
-2818
-2675
-2126
-1228
-126
861
1395
1502
1431
1218
787
4
-1046
-2128
-2965
-3538
-3997
-4240
-4021
-3145
-1805
-343
1005
2191
3180
3587
2988
1368
-841
-3111
-5137
-6794
-7706
-7316
-5555
-2979
-359
2042
4111
5682
6471
6157
4942
3001
727
-1534
-3404
-4401
-4567
-3896
-2742
-1230
559
2221
3484
4001
4154
4438
4785
4848
4368
3706
3207
2501
1307
-282
-1603
-2081
-2152
-1855
-1406
-618
491
1293
1876
1806
1399
681
-234
-905
-1707
-2380
-3177
-3757
-3864
-3649
-2928
-2053
-778
596
1793
2650
2868
2555
1516
-80
-2059
-4190
-6097
-7397
-7525
-6272
-3958
-1195
1464
3723
5426
6285
6169
5072
3321
1283
-819
-2659
-4006
-4484
-4106
-3061
-1703
-285
1138
2321
3268
3889
4445
4928
5134
5019
4431
3730
2761
1473
34
-1320
-2041
-2316
-2074
-1363
-393
637
1175
1401
1598
1773
1643
746
-597
-1805
-2660
-3204
-3748
-4107
-4028
-3554
-2574
-1285
314
1918
3094
3740
3521
2531
662
-1861
-4481
-6727
-7805
-7581
-6212
-4244
-2112
302
2782
5033
6368
6338
5200
3427
1702
67
-1640
-3352
-4696
-4954
-4155
-2640
-872
815
2344
3371
3998
4434
4914
5304
5126
4435
3426
2446
1467
382
-605
-1508
-2213
-2593
-2232
-1011
433
1531
1966
2168
2294
1945
1051
-304
-1482
-2339
-3109
-3804
-4357
-4215
-3429
-2175
-657
771
2086
2904
3187
2957
2082
582
-1560
-3861
-5791
-6830
-6824
-6005
-4488
-2563
-306
2020
3991
5366
5816
5209
3684
1748
-104
-1634
-2731
-3486
-3842
-3725
-3147
-1917
-142
1577
2775
3354
3714
4274
4889
5074
4529
3560
2656
2021
1431
457
-693
-1563
-1971
-1888
-1444
-569
598
1530
1834
1610
1268
867
273
-506
-1304
-1962
-2647
-3454
-4132
-4243
-3573
-2228
-502
1150
2433
3178
3299
2732
1370
-644
-2907
-4851
-6098
-6528
-6177
-5203
-3627
-1539
835
3113
4793
5613
5446
4406
2804
1057
-443
-1690
-2826
-3808
-4234
-3672
-2240
-498
1029
2196
3124
3829
4263
4493
4582
4544
4257
3683
2871
1757
377
-1012
-1890
-2043
-1774
-1390
-941
-244
582
1231
1581
1664
1529
1053
231
-755
-1727
-2592
-3326
-3762
-3741
-3232
-2361
-1301
-110
1116
2187
2910
3059
2364
750
-1445
-3567
-5145
-6164
-6646
-6383
-5067
-2733
31
2521
4176
4902
4909
4375
3423
2043
407
-1281
-2822
-3916
-4273
-3666
-2370
-924
342
1373
2344
3197
3796
4173
4348
4373
4165
3707
3115
2271
1143
-151
-1209
-1640
-1561
-1147
-598
174
1067
1699
1949
1813
1556
1167
474
-494
-1595
-2496
-3081
-3341
-3318
-3112
-2626
-1830
-815
317
1437
2383
2707
2019
499
-1204
-2547
-3720
-4941
-5870
-5913
-4877
-3191
-1243
742
2528
3836
4495
4600
4121
2955
1247
-571
-2068
-3204
-3943
-4040
-3293
-1847
-270
1074
2076
2830
3467
3993
4498
4785
4638
3969
2932
1920
902
-77
-956
-1518
-1501
-1145
-557
52
672
1189
1312
1233
962
656
183
-503
-1018
-1463
-1908
-2550
-3104
-3094
-2536
-1496
-363
661
1369
1628
1672
1421
715
-502
-1916
-3088
-4005
-4761
-5148
-4744
-3500
-1867
-243
1355
2907
4075
4409
3828
2695
1377
83
-1118
-2205
-3053
-3415
-3069
-2134
-1053
-96
840
1965
3157
4091
4638
4740
4420
3795
3111
2486
1599
196
-1415
-2407
-2275
-1319
-153
747
1358
1690
1762
1673
1455
1171
633
-226
-1300
-2362
-3073
-3369
-3188
-2667
-1935
-999
19
1009
1644
1795
1595
1098
260
-1071
-2621
-3882
-4576
-4753
-4638
-4168
-3204
-1773
-85
1580
3008
3918
4135
3677
2688
1366
-119
-1459
-2334
-2632
-2472
-2072
-1489
-704
233
1207
2063
2751
3267
3654
3904
3853
3374
2515
1540
661
-96
-686
-968
-863
-508
-184
30
272
617
997
1204
1120
794
371
-52
-555
-1234
-1984
-2493
-2531
-2209
-1768
-1284
-670
107
877
1424
1580
1285
586
-362
-1374
-2400
-3357
-4061
-4272
-3879
-2993
-1783
-490
685
1683
2551
3245
3446
2900
1765
470
-659
-1576
-2276
-2653
-2648
-2299
-1636
-660
531
1670
2552
3177
3621
3921
3936
3577
2823
1764
705
-108
-534
-689
-735
-671
-486
-116
312
670
970
1265
1604
1710
1273
295
-846
-1620
-1967
-2173
-2444
-2615
-2297
-1410
-248
732
1265
1388
1206
868
364
-411
-1504
-2829
-4031
-4703
-4555
-3683
-2521
-1385
-312
867
2112
3069
3430
3101
2286
1205
76
-888
-1581
-1973
-2148
-2115
-1857
-1368
-598
431
1595
2619
3290
3621
3720
3625
3302
2762
2057
1188
167
-814
-1430
-1500
-1174
-704
-209
310
861
1334
1632
1727
1537
986
108
-867
-1661
-2196
-2561
-2803
-2773
-2254
-1238
-40
911
1409
1545
1478
1207
642
-222
-1298
-2424
-3407
-4004
-4005
-3428
-2479
-1400
-258
945
2093
2939
3198
2733
1658
348
-726
-1306
-1462
-1483
-1565
-1600
-1332
-628
317
1112
1545
1809
2216
2790
3196
3086
2488
1746
1152
720
298
-178
-572
-696
-512
-160
190
476
755
1118
1499
1630
1283
493
-427
-1160
-1598
-1816
-1915
-1906
-1767
-1476
-1064
-611
-173
260
698
1044
1083
636
-245
-1311
-2328
-3169
-3743
-3900
-3490
-2542
-1287
-42
942
1582
1929
2090
2072
1759
1073
150
-669
-1130
-1249
-1214
-1126
-935
-529
192
1141
2022
2494
2498
2336
2332
2516
2604
2389
1871
1189
509
-33
-322
-406
-440
-478
-350
145
821
1240
1155
776
477
287
-42
-664
-1343
-1747
-1826
-1755
-1716
-1621
-1366
-1008
-637
-261
244
765
984
656
-137
-1030
-1812
-2399
-2759
-2856
-2701
-2417
-1983
-1283
-266
853
1725
2171
2216
1956
1373
476
-487
-1147
-1249
-927
-520
-260
-114
200
806
1611
2347
2767
2913
2876
2698
2230
1413
543
-38
-204
-264
-503
-819
-888
-538
-43
324
541
779
1108
1340
1293
882
163
-705
-1491
-1910
-1927
-1769
-1664
-1567
-1211
-563
130
606
817
795
460
-232
-1100
-1810
-2210
-2378
-2387
-2265
-2051
-1790
-1388
-626
505
1642
2280
2220
1691
1044
479
-7
-474
-868
-1023
-807
-285
267
607
772
1007
1465
1994
2305
2278
2091
2018
2093
2041
1565
718
-77
-452
-428
-333
-388
-555
-644
-524
-214
217
629
798
564
-12
-645
-1096
-1358
-1536
-1627
-1508
-1185
-900
-886
-1049
-1034
-589
110
573
454
-176
-919
-1420
-1601
-1625
-1671
-1747
-1685
-1288
-509
428
1167
1465
1353
1112
1014
1088
1084
725
16
-660
-895
-653
-250
32
282
750
1444
2013
2067
1653
1209
1103
1275
1345
1080
654
413
486
665
636
300
-136
-373
-330
-175
-83
-45
6
77
136
164
113
-136
-665
-1349
-1888
-2026
-1705
-1087
-449
-73
-127
-499
-831
-818
-557
-389
-494
-756
-977
-1117
-1275
-1453
-1550
-1492
-1248
-796
-125
655
1347
1793
1908
1704
1268
761
350
86
-62
-113
-90
15
279
798
1544
2228
2494
2292
1905
1578
1274
866
404
61
-114
-207
-310
-426
-500
-485
-336
-79
110
-10
-442
-820
-816
-503
-292
-506
-1062
-1559
-1682
-1440
-1096
-878
-739
-480
-141
-23
-278
-620
-626
-317
-173
-527
-1161
-1587
-1541
-1153
-689
-293
23
305
595
872
1087
1268
1459
1561
1366
866
370
225
443
700
796
899
1202
1551
1615
1334
1026
967
1044
928
506
-41
-465
-591
-370
100
559
714
495
100
-234
-444
-619
-858
-1146
-1367
-1418
-1322
-1205
-1094
-864
-437
0
77
-319
-843
-1023
-762
-440
-449
-824
-1263
-1432
-1219
-719
-154
210
267
158
63
9
-99
-272
-390
-377
-241
32
496
1095
1627
1922
1957
1830
1656
1471
1231
915
598
429
445
470
309
14
-148
15
433
845
991
772
297
-158
-353
-255
-38
47
-137
-524
-851
-911
-761
-653
-727
-839
-827
-765
-809
-932
-967
-900
-897
-1031
-1128
-999
-675
-346
-166
-107
-82
-79
-174
-407
-631
-582
-175
377
695
591
231
-53
-71
120
374
582
712
800
998
1412
1905
2205
2234
2145
2006
1594
712
-395
-1218
-1479
-1303
-917
-427
71
388
415
343
453
714
805
563
179
-132
-375
-634
-871
-985
-947
-801
-621
-513
-516
-459
-122
402
642
228
-709
-1707
-2357
-2466
-2026
-1256
-514
-38
216
400
560
677
749
752
564
88
-524
-930
-913
-564
-169
1
-79
-164
9
443
854
1009
1022
1123
1321
1391
1202
871
580
383
248
172
174
226
280
342
458
626
786
869
838
704
503
243
-61
-352
-584
-761
-888
-904
-724
-423
-229
-293
-468
-475
-266
-109
-219
-486
-623
-551
-490
-641
-957
-1220
-1252
-988
-487
48
374
405
282
216
259
312
300
176
-88
-436
-711
-772
-645
-449
-213
117
499
793
948
1039
1110
1120
1028
881
719
477
96
-300
-514
-501
-369
-208
-7
249
502
664
698
643
590
558
417
27
-502
-800
-614
-127
224
252
135
67
25
-59
-134
-107
-6
21
-123
-351
-497
-539
-595
-732
-845
-801
-660
-582
-562
-400
28
530
766
592
199
-88
-123
-29
-35
-221
-452
-578
-612
-607
-528
-316
-26
224
425
686
1032
1294
1320
1110
737
239
-307
-723
-882
-820
-605
-224
294
728
865
758
627
553
416
136
-200
-462
-563
-455
-174
116
276
320
318
253
108
-28
-26
70
40
-200
-484
-618
-578
-459
-320
-186
-126
-174
-207
-19
414
796
779
347
-160
-404
-344
-198
-190
-329
-461
-472
-367
-248
-214
-249
-244
-159
-15
164
383
600
690
596
426
286
157
9
-144
-248
-252
-172
-65
-6
-67
-246
-372
-274
-41
85
30
-90
-130
-70
-5
30
142
392
648
719
579
334
141
53
-15
-132
-199
-112
35
101
96
112
130
26
-213
-418
-367
-69
256
476
566
439
99
-217
-282
-166
-82
-120
-205
-238
-285
-457
-677
-761
-679
-500
-219
152
433
451
271
144
178
237
129
-215
-655
-948
-985
-800
-449
-33
274
389
400
398
430
531
597
472
229
75
39
88
239
334
201
-66
-251
-190
163
578
680
443
197
107
67
7
-67
-97
-3
114
66
-81
-49
259
703
1099
1249
970
328
-319
-639
-582
-411
-507
-906
-1162
-954
-532
-306
-370
-455
-246
238
618
631
394
92
-224
-507
-638
-567
-447
-500
-733
-869
-678
-277
24
67
-24
-50
-6
-49
-260
-484
-458
-162
132
242
263
408
715
947
888
616
390
331
400
512
567
440
115
-201
-221
103
433
415
156
97
409
788
905
770
607
510
377
97
-255
-475
-432
-255
-235
-492
-773
-737
-412
-141
-134
-260
-295
-180
-21
54
-2
-138
-245
-307
-426
-638
-786
-687
-368
-31
156
129
-93
-384
-533
-460
-330
-372
-558
-606
-346
34
197
52
-121
25
510
958
1028
787
552
512
535
460
359
375
435
318
-6
-285
-296
-110
77
231
453
749
868
549
-31
-306
28
644
891
435
-334
-736
-546
-94
150
5
-282
-394
-314
-201
-121
-39
66
83
-125
-453
-673
-729
-689
-693
-792
-845
-770
-597
-297
127
462
500
200
-216
-363
-198
-85
-269
-561
-626
-347
60
330
521
787
1054
1097
805
368
108
119
198
172
66
20
134
271
299
297
353
417
431
448
557
745
813
607
227
-89
-272
-405
-493
-458
-264
-77
-134
-431
-691
-671
-405
-88
110
143
28
-217
-515
-704
-668
-489
-359
-410
-559
-580
-412
-207
-105
-60
108
389
512
268
-211
-504
-344
63
273
96
-164
-58
458
952
967
480
-94
-319
-110
253
456
433
306
152
-31
-216
-254
-64
200
307
227
139
169
231
191
89
104
306
505
462
183
-80
-155
-95
-38
-26
-14
9
-45
-237
-414
-356
-38
308
422
231
-119
-410
-568
-632
-632
-582
-518
-474
-403
-269
-85
74
138
91
-26
-164
-320
-475
-550
-472
-289
-109
-2
55
172
411
677
808
754
564
288
11
-166
-179
-21
274
574
697
569
267
-37
-136
53
339
442
289
27
-144
-102
74
133
-66
-387
-624
-679
-552
-312
-48
180
289
187
-43
-173
-112
36
164
282
391
393
149
-315
-708
-748
-507
-336
-385
-485
-393
-71
271
420
405
410
484
472
272
-39
-301
-407
-369
-222
63
403
553
356
9
-137
14
250
299
115
-129
-281
-341
-334
-226
-67
-5
-130
-339
-350
36
663
1088
985
462
-65
-249
-132
-39
-167
-364
-395
-303
-293
-387
-352
-30
387
547
349
40
-90
-17
68
29
-150
-404
-601
-582
-292
121
355
231
-74
-199
-13
267
311
48
-259
-324
-173
-62
-133
-248
-185
68
325
418
371
307
281
291
314
308
237
115
34
53
110
96
-9
-105
-96
-20
-2
-72
-158
-159
-65
82
202
196
62
-93
-171
-211
-292
-429
-546
-488
-217
130
368
380
210
23
-42
8
100
182
181
30
-232
-432
-449
-346
-277
-310
-330
-192
65
273
377
453
530
546
441
199
-100
-316
-367
-278
-139
-33
21
90
217
305
248
107
37
106
210
193
31
-171
-333
-474
-595
-583
-337
69
425
555
454
260
129
120
183
219
163
34
-85
-161
-248
-380
-453
-328
-10
272
278
18
-220
-163
131
368
370
219
95
14
-108
-251
-270
-109
37
-20
-192
-254
-148
-107
-311
-574
-560
-210
174
289
160
22
-21
-49
-122
-144
21
301
440
274
-13
-82
200
602
743
498
53
-319
-446
-316
-43
182
213
80
-14
55
201
293
327
405
519
512
276
-103
-410
-517
-455
-326
-218
-176
-215
-287
-298
-183
6
128
100
-28
-116
-114
-111
-184
-262
-191
22
165
62
-181
-301
-191
-26
-36
-216
-349
-292
-120
25
125
222
306
305
201
101
106
198
265
239
150
47
-29
-41
74
306
480
391
11
-444
-714
-661
-310
175
554
619
364
71
54
313
518
390
35
-194
-145
-34
-145
-430
-559
-342
62
316
294
128
-42
-199
-330
-315
-87
194
240
-50
-413
-462
-126
234
209
-226
-661
-672
-278
116
153
-109
-359
-371
-171
49
144
105
7
-26
125
431
661
572
192
-111
-13
390
679
544
95
-282
-305
-22
314
464
356
114
-49
-4
176
273
110
-217
-391
-207
214
518
428
4
-424
-588
-480
-281
-181
-208
-260
-241
-152
-60
-26
-62
-160
-305
-442
-479
-354
-127
84
175
119
-33
-232
-396
-409
-214
127
438
553
448
213
-12
-115
-47
184
459
609
510
221
-38
-85
42
130
28
-164
-171
126
524
638
318
-161
-390
-239
39
131
21
-70
-24
46
14
-72
-40
127
195
-7
-344
-503
-332
-51
18
-182
-392
-348
-82
136
120
-7
-13
153
288
182
-124
-366
-367
-214
-114
-124
-113
22
190
211
45
-140
-136
66
267
244
-28
-342
-442
-259
61
278
239
39
-75
40
321
561
564
346
82
-93
-133
-72
34
154
264
302
251
149
46
4
27
57
66
58
31
-13
-72
-156
-225
-232
-203
-185
-221
-318
-351
-211
8
113
-36
-364
-573
-466
-160
88
158
146
204
291
213
-68
-368
-468
-349
-187
-101
-17
134
298
371
293
155
94
125
189
207
119
-33
-116
-26
215
438
443
246
48
-4
45
47
-31
-53
71
185
67
-264
-515
-440
-122
90
-21
-249
-265
2
299
365
198
-42
-236
-378
-428
-304
-43
141
66
-152
-239
-77
212
414
455
394
265
56
-140
-173
-39
91
39
-150
-233
-96
110
163
10
-196
-222
9
341
518
380
-3
-340
-383
-168
50
50
-146
-285
-158
230
633
744
486
75
-225
-331
-318
-270
-159
50
205
134
-129
-361
-347
-112
129
212
133
0
-93
-147
-231
-346
-366
-194
58
123
-126
-430
-430
-132
121
117
-6
-9
64
-36
-300
-427
-218
149
359
327
206
117
13
-126
-153
79
446
641
486
166
36
195
411
404
183
10
65
255
361
281
93
-58
-79
3
86
68
-89
-287
-370
-280
-70
130
172
8
-294
-545
-592
-441
-198
41
195
155
-92
-385
-398
25
568
693
190
-554
-889
-561
31
312
83
-331
-452
-151
312
618
617
354
9
-237
-256
-46
222
346
258
62
-81
-70
29
66
-19
-155
-197
-80
105
173
36
-235
-432
-385
-164
19
31
-46
-18
163
366
433
309
92
-83
-135
-47
151
338
338
96
-212
-323
-194
-63
-109
-224
-140
223
588
655
418
84
-166
-302
-359
-306
-156
-35
-43
-103
-61
118
293
282
70
-184
-299
-242
-131
-112
-191
-241
-147
55
200
193
103
40
19
-38
-159
-220
-100
120
218
84
-123
-146
23
151
59
-175
-280
-119
163
332
282
93
-76
-130
-88
-31
-20
-37
24
198
388
426
219
-120
-389
-485
-408
-183
143
455
557
342
-52
-371
-447
-301
-61
170
334
359
195
-99
-352
-381
-145
194
407
359
118
-122
-227
-221
-183
-152
-80
75
220
213
9
-250
-354
-236
-39
22
-81
-137
33
337
465
205
-317
-704
-653
-178
439
820
731
251
-277
-460
-180
275
484
286
-82
-277
-200
-48
-7
-49
-44
51
159
206
194
143
36
-98
-174
-122
11
95
18
-163
-273
-196
0
132
75
-92
-157
-16
188
165
-189
-631
-799
-549
-72
299
376
191
-73
-236
-216
-53
101
155
160
185
209
149
6
-72
9
155
187
56
-68
-19
151
285
298
234
190
204
254
319
340
214
-68
-328
-348
-127
126
198
132
105
147
111
-81
-320
-433
-379
-240
-96
49
191
261
192
-16
-315
-582
-670
-488
-97
262
350
145
-130
-241
-160
-48
-41
-106
-117
-37
56
110
162
224
222
41
-288
-521
-457
-146
146
218
120
80
212
339
234
-74
-318
-288
-51
143
166
105
86
137
213
254
223
128
19
-30
3
29
-54
-214
-326
-265
-11
320
566
615
460
200
-2
-60
-42
-45
-72
-80
-78
-105
-175
-216
-171
-98
-74
-75
-27
69
144
97
-98
-314
-417
-359
-187
-8
103
165
214
233
195
94
-35
-149
-248
-345
-376
-255
-7
216
228
13
-178
-128
108
283
206
-15
-102
66
315
405
286
96
-3
5
6
-67
-167
-229
-240
-186
-51
156
320
269
-38
-399
-520
-309
38
259
249
96
-62
-158
-170
-85
66
178
155
27
-91
-109
-46
40
102
145
162
113
1
-121
-182
-160
-94
15
180
360
392
162
-200
-384
-214
144
355
272
67
-7
62
45
-170
-400
-378
-92
153
109
-125
-201
41
392
511
282
-78
-259
-182
-64
-132
-379
-535
-339
142
542
526
138
-226
-238
21
215
160
-32
-123
-67
-35
-114
-198
-157
-55
-58
-142
-100
146
434
516
334
47
-186
-360
-481
-461
-239
90
322
364
319
288
233
101
-28
-20
84
57
-229
-582
-675
-391
64
401
522
485
332
71
-221
-336
-175
89
208
135
35
19
5
-119
-307
-361
-171
134
333
269
14
-180
-154
-26
-45
-225
-277
-28
310
376
148
-37
59
263
254
9
-210
-232
-167
-177
-243
-211
-41
133
184
92
-69
-173
-115
104
348
404
198
-100
-245
-187
-53
71
215
347
317
13
-412
-618
-434
-31
242
210
-24
-234
-278
-180
-10
183
342
429
396
248
72
-53
-105
-141
-225
-291
-207
2
141
66
-91
-85
97
186
24
-198
-202
23
221
242
200
191
120
-132
-426
-493
-259
60
250
309
309
231
33
-176
-206
-31
158
164
-21
-262
-452
-541
-437
-63
449
764
630
157
-251
-297
-86
48
-74
-303
-367
-186
90
251
200
21
-134
-158
-17
196
343
338
188
-46
-293
-423
-296
51
342
346
115
-83
-95
-50
-105
-203
-171
40
285
370
236
-9
-194
-202
-30
217
372
306
20
-341
-530
-397
-7
371
439
180
-166
-338
-251
-6
207
233
47
-201
-285
-117
119
123
-148
-387
-296
45
281
242
96
71
147
114
-89
-257
-192
6
75
-39
-149
-97
32
80
69
136
284
343
210
-33
-221
-264
-187
-68
-29
-98
-148
-28
229
358
194
-91
-168
18
199
138
-79
-175
-51
110
84
-133
-376
-484
-363
-6
451
748
638
100
-552
-843
-542
89
512
423
0
-312
-268
-8
198
232
153
59
19
52
112
99
-61
-299
-426
-320
-49
202
309
276
160
29
-31
38
184
264
167
-88
-338
-411
-248
48
244
143
-195
-436
-294
142
487
427
43
-324
-417
-239
42
268
346
262
118
52
66
34
-83
-152
-36
170
181
-124
-486
-537
-212
203
421
371
164
-48
-164
-168
-115
-92
-159
-205
-94
109
181
21
-198
-233
-39
201
264
133
-48
-185
-252
-194
20
236
215
-70
-360
-362
-51
334
562
582
443
161
-199
-432
-377
-118
125
187
94
-9
-45
-50
4
175
390
474
317
-22
-383
-594
-551
-260
134
354
215
-134
-332
-202
58
156
69
-5
55
126
11
-267
-457
-368
-44
285
367
157
-134
-209
25
315
330
65
-154
-73
167
179
-167
-509
-418
115
681
818
433
-106
-386
-315
-77
91
92
2
-44
-5
69
114
80
-41
-168
-176
-25
178
224
21
-280
-423
-302
-66
76
39
-101
-167
-96
29
112
106
40
-43
-130
-205
-214
-126
1
122
221
275
251
122
-74
-187
-114
50
146
120
27
-25
-4
23
29
31
-19
-141
-212
-85
207
404
279
-76
-326
-276
-39
182
280
221
8
-285
-460
-292
133
471
470
196
-80
-216
-238
-173
2
228
327
173
-139
-337
-281
-75
133
271
304
177
-106
-377
-381
-95
200
218
-66
-362
-376
-117
188
320
191
-37
-124
-9
148
104
-184
-479
-511
-278
11
164
178
176
229
277
249
120
-51
-128
-57
111
273
330
262
125
-20
-148
-202
-177
-117
-47
47
219
427
480
214
-285
-695
-709
-298
238
550
510
214
-99
-261
-292
-304
-384
-485
-438
-159
209
421
350
106
-106
-212
-242
-154
106
439
575
312
-203
-547
-470
-120
193
272
189
88
-9
-80
-65
29
113
82
-59
-151
-39
208
353
237
-48
-257
-252
-111
32
113
143
140
83
-32
-149
-226
-266
-295
-284
-155
125
438
558
375
12
-239
-185
65
233
163
-21
-101
-62
-94
-256
-314
-40
412
638
436
32
-223
-243
-160
-73
34
135
102
-72
-212
-191
-97
-103
-212
-218
14
323
387
115
-237
-411
-390
-288
-155
45
290
457
376
41
-273
-295
-75
107
57
-135
-213
-37
234
324
162
-49
-86
61
221
217
22
-201
-265
-152
19
159
167
9
-145
-136
-13
91
128
75
-28
-58
15
53
1
-103
-257
-384
-320
-64
183
290
272
169
64
16
-27
-81
-70
-40
-93
-126
18
254
368
295
120
20
113
201
-13
-381
-411
42
580
689
242
-418
-754
-553
-72
308
416
252
-72
-341
-426
-349
-194
-51
1
-32
-98
-188
-236
-144
57
218
279
281
209
62
-117
-271
-282
-66
250
388
209
-113
-243
-9
398
579
362
26
-95
24
160
102
-82
-131
48
245
188
-126
-451
-508
-248
118
330
263
-35
-381
-595
-576
-382
-172
-62
-87
-195
-287
-249
-5
361
590
441
-71
-588
-679
-272
267
487
262
-124
-241
69
568
826
625
174
-106
10
307
424
247
-38
-185
-185
-164
-158
-81
83
199
152
1
-71
2
81
0
-189
-310
-294
-224
-182
-136
5
241
415
357
120
-91
-163
-125
-58
-24
-41
-100
-157
-133
30
271
404
298
27
-240
-416
-485
-419
-157
253
562
477
3
-476
-587
-319
17
149
75
20
152
345
308
-7
-380
-561
-458
-170
123
262
245
167
89
44
25
-10
-35
48
258
415
325
-3
-362
-453
-154
320
614
513
97
-330
-472
-270
50
220
199
118
60
-8
-124
-223
-187
-16
109
61
-38
-4
128
127
-147
-490
-548
-229
152
231
33
-107
-4
147
103
-78
-87
185
416
232
-277
-629
-506
-81
258
324
218
81
-55
-162
-128
108
390
472
307
94
11
18
-15
-91
-90
23
137
167
155
175
172
24
-228
-398
-404
-359
-402
-462
-368
-96
170
258
193
96
15
-73
-128
-77
27
29
-139
-319
-280
23
351
415
174
-128
-199
41
397
555
353
-66
-362
-274
136
516
537
179
-239
-377
-171
176
360
248
-33
-235
-207
-44
5
-187
-443
-429
-67
337
437
197
-94
-189
-99
6
40
27
-18
-104
-160
-81
93
177
30
-237
-366
-219
84
300
298
140
-17
-94
-85
-61
-88
-113
-24
159
275
171
-128
-387
-382
-137
108
184
116
-4
-98
-140
-120
-38
90
189
201
164
100
-21
-182
-249
-112
136
274
176
-15
-20
213
421
316
-76
-443
-454
-59
430
619
365
-96
-384
-345
-129
-16
-50
-66
9
77
38
-53
-97
-83
-75
-65
27
110
-22
-356
-559
-344
171
541
482
147
-127
-205
-183
-146
-37
159
281
161
-112
-257
-115
154
254
95
-105
-126
-4
121
207
301
351
198
-161
-440
-356
-16
213
133
-96
-188
-73
113
217
168
-11
-244
-391
-363
-216
-84
-11
106
324
473
321
-99
-448
-403
-10
352
361
62
-233
-273
-86
73
52
-69
-73
115
313
302
50
-236
-310
-108
201
348
179
-214
-532
-486
-59
440
646
436
8
-313
-345
-154
48
69
-98
-265
-213
69
335
352
136
-77
-125
-80
-76
-84
-5
111
88
-132
-330
-220
174
467
349
-53
-345
-277
17
219
205
74
-48
-119
-154
-147
-95
-36
1
41
134
242
279
184
7
-108
-100
-77
-175
-356
-381
-116
256
376
135
-152
-135
176
461
433
122
-235
-453
-460
-277
-1
198
193
55
-25
37
134
103
-41
-108
2
170
190
6
-222
-285
-156
-16
-6
-78
-80
71
271
316
141
-119
-271
-210
-5
164
181
58
-111
-181
-87
77
162
82
-99
-194
-85
122
238
168
-12
-132
-98
4
28
-62
-168
-141
77
311
314
60
-219
-272
-79
114
89
-74
-136
-24
123
140
45
0
44
75
25
-26
-28
-99
-326
-564
-487
63
776
1103
742
-95
-826
-947
-435
258
606
445
24
-282
-333
-254
-151
0
225
397
319
2
-271
-258
9
257
241
-19
-279
