SAMPLES:	18680
BITSPERSAMPLE:	16
CHANNELS:	1
SAMPLERATE:	16000
NORMALIZED:	FALSE
6
7
5
9
7
0
11
3
7
17
10
3
-4
-7
-13
-9
5
12
12
9
2
-1
-3
-11
-8
-5
-14
-17
-24
-10
-2
-13
-8
-14
-10
-6
-15
-13
-15
-16
-16
-22
-22
-19
-25
-18
1
8
6
7
4
-8
-8
1
0
-3
-9
-14
-9
-4
4
11
10
14
11
10
15
22
28
20
22
11
-2
9
9
3
9
3
-1
10
12
11
7
6
5
-2
4
10
11
10
-1
2
13
4
1
-7
-8
1
0
-1
4
8
8
4
-2
-1
-4
0
6
-6
-7
-17
-31
-26
-16
-9
-9
-15
-19
-21
-21
-17
-14
-4
12
3
-7
-15
-23
-19
-26
-22
-7
-5
-1
1
6
14
16
19
13
15
4
-4
7
4
7
4
7
21
13
22
8
-4
9
12
13
17
28
21
8
3
-2
-3
0
11
20
24
15
12
3
-10
-11
-15
-8
-7
-11
-5
-3
-11
-12
-5
1
7
-1
-7
-14
-18
-19
-18
-6
3
5
3
-3
-12
-16
-10
-15
-9
1
-6
-4
-4
-12
-11
-11
0
11
6
7
1
1
5
-1
0
0
-2
1
5
11
13
8
10
12
8
3
7
11
8
12
15
10
11
16
3
-7
-6
5
2
-2
4
-6
-5
-2
-8
-2
7
2
4
-2
-2
7
5
4
-1
0
-3
-12
-14
-16
-18
-10
-4
-3
-2
4
16
11
0
-5
-11
-9
-15
-16
-5
3
1
-1
0
-9
-15
-15
-12
-7
6
7
3
0
-6
-8
-7
-8
0
9
7
7
2
4
6
0
4
-2
-5
-3
-4
-2
-3
-4
3
9
10
13
17
19
12
3
0
4
14
16
20
17
8
6
4
4
15
19
4
-6
-9
-11
-9
0
11
18
16
-2
-1
5
5
2
1
2
-2
-9
-15
-15
-15
-16
-13
-8
-3
-3
-10
-21
-27
-28
-19
-10
-3
7
-6
-15
-15
-17
-19
-18
-7
4
8
0
-14
-5
10
13
18
11
11
13
7
6
-5
-6
1
0
5
12
19
22
17
11
11
5
10
7
6
10
3
5
3
2
5
4
7
6
-5
-4
-11
-6
-3
-9
-12
-16
-5
-1
-6
1
-7
-8
-4
-4
-3
-8
1
9
6
10
8
4
3
-6
-8
-7
2
3
-9
-1
2
0
-18
-26
-5
1
7
6
3
8
8
4
0
4
5
4
8
12
5
-5
-13
-14
-7
-5
-9
-15
-21
-10
0
2
6
0
11
11
7
15
17
15
16
17
13
19
22
12
3
11
9
9
12
11
23
14
0
1
-5
-12
-11
-4
-2
-2
-8
-17
-18
-12
-6
-16
-18
-20
-22
-17
-26
-21
-7
-4
5
-8
-17
-15
-21
-18
-19
-13
-3
-5
-8
-17
-25
-10
-8
-11
4
13
17
5
1
4
-7
-10
1
14
26
24
15
5
-5
1
8
26
42
39
37
28
20
16
6
15
13
15
20
15
16
18
14
8
7
-2
-1
4
-5
5
6
10
9
-16
-14
-9
-7
-8
-17
-5
-11
-22
-14
-22
-20
-14
-8
1
0
-1
-8
-11
-1
-3
-2
7
1
-9
-21
-31
-32
-32
-24
-18
-12
3
6
-2
-8
-15
-12
-13
-19
-10
1
20
21
11
4
-4
-5
-7
0
14
16
12
1
-4
-5
-3
-6
-9
-2
1
5
9
8
16
20
22
21
17
19
13
12
16
23
24
24
14
11
20
14
11
15
28
16
4
12
6
2
-9
-18
-15
-18
-19
-12
-14
-8
-5
-12
-15
-19
-16
-10
-7
-4
-6
-13
-12
-8
-14
-20
-11
-3
-2
-1
-4
-8
-8
-11
-16
-7
-1
1
-4
-4
6
2
2
5
6
5
-4
2
3
-1
1
0
0
3
8
-3
-12
-4
0
4
6
11
23
17
12
3
1
8
0
-6
-5
-11
-16
-11
-5
0
2
4
12
14
15
11
9
9
5
2
7
8
2
-7
-13
-4
3
19
21
11
14
17
15
6
0
-2
1
3
-7
-12
-13
-17
-13
-14
-6
-1
-7
-6
-2
-1
-7
-4
-8
-9
-5
-4
-3
-1
-2
0
3
0
-9
-14
-10
-7
-6
-8
-9
-4
-3
-5
-9
-6
4
5
-2
-12
-15
-9
2
7
4
13
13
11
12
2
3
11
9
11
10
3
9
8
3
0
-7
2
5
-2
4
12
4
3
-8
-11
-3
-7
-7
-12
-3
6
-1
2
4
10
22
8
3
13
15
12
0
-5
-3
-6
-2
1
-5
-8
-15
-13
-6
-1
10
15
19
14
1
-1
-7
-10
0
4
7
9
1
-8
-24
-20
-10
-8
3
-7
-2
6
-3
3
-4
2
11
-2
-6
-1
-2
-2
-13
-16
1
-5
-7
0
5
4
-6
-3
-5
-5
-7
-11
-15
-16
-10
-5
2
3
3
1
-4
7
9
9
11
3
4
5
1
4
6
3
-4
-4
-3
-3
-1
-2
4
6
9
5
-2
2
4
2
-3
6
13
10
17
17
13
14
12
5
6
12
17
11
3
-3
-11
-5
2
4
0
-1
7
15
7
-4
-6
-6
-5
-11
-7
-3
3
5
-4
-8
-6
-4
-5
-5
3
5
-4
-8
-10
5
7
-5
-13
-21
-32
-39
-27
-19
-11
-7
-9
-15
-19
-20
-18
-12
-10
-12
-12
-7
-5
-7
-13
0
6
4
8
17
19
10
6
9
20
14
11
18
23
28
21
21
19
20
16
16
20
16
16
9
2
3
-1
0
14
19
26
18
11
14
11
16
15
16
8
-3
-2
-7
-11
-7
-8
-12
-13
-18
-21
-17
-18
-17
-18
-21
-15
-25
-28
-26
-39
-26
-21
-14
-4
-15
-9
-11
-11
-5
-10
0
-2
-14
-9
-6
-3
-4
4
11
9
5
-5
2
6
1
-5
2
17
13
8
11
21
26
25
29
30
20
14
9
9
10
5
0
-1
-6
-10
-10
-1
9
10
13
12
17
13
-2
-16
-25
-9
3
6
10
9
-1
-11
-13
0
5
15
22
13
4
-13
-23
-9
1
11
14
1
6
-1
-11
-9
-19
-14
-2
-9
-7
-11
-17
-15
-21
-5
3
-1
2
-10
-10
-6
-11
-1
-6
-17
-10
-21
-28
-18
-15
-7
-8
-2
15
16
6
-2
5
11
9
8
7
3
6
11
16
18
13
13
15
8
4
10
15
23
22
12
13
14
15
19
16
19
18
11
6
2
9
10
-2
-20
-28
-16
-10
-8
-1
5
6
-5
-12
-14
-7
-7
-12
-12
-10
-9
-23
-34
-23
-20
-18
-13
-19
-8
-5
-11
2
-4
4
3
-11
-9
-13
-8
-6
-10
2
8
6
7
-4
-8
-10
-2
0
-4
4
6
18
20
14
23
20
10
6
3
15
20
21
20
11
13
13
13
7
-1
-4
-1
3
12
13
19
16
2
9
9
3
10
6
6
10
-5
-6
-4
-5
-11
-23
-17
-17
-21
-9
-5
-2
-5
-11
-14
-14
-6
-3
-6
-14
-12
-15
-14
-17
-21
-9
-11
-1
-2
-15
-14
-12
2
13
8
14
11
-2
-5
-14
2
16
16
17
9
7
1
-2
5
4
16
26
15
9
5
-1
-6
-8
-4
2
2
2
9
7
8
-3
-14
-11
-5
7
5
7
15
9
1
-8
-18
-11
0
-3
-6
-13
-14
-11
-10
0
11
23
15
2
5
3
5
6
-4
-6
-4
-13
-13
-8
1
5
0
0
-5
2
7
0
3
-3
0
-8
-18
-8
-2
2
0
-14
-9
1
1
11
6
14
18
10
21
13
6
7
0
4
7
10
3
-6
-2
13
17
15
13
1
4
5
0
3
-3
-1
-2
-7
-4
-11
-8
-1
3
12
12
6
-3
-10
-9
-9
-23
-31
-26
-32
-21
-9
-12
-6
-3
-7
-18
-24
-16
-14
-17
-16
-17
-15
-9
-13
-7
3
10
11
9
8
10
5
10
15
19
20
7
10
11
6
4
-1
13
18
8
8
11
15
12
3
9
34
39
26
28
28
28
13
6
9
4
1
-15
-13
-7
-11
-5
-8
-1
-1
-8
-8
-9
-11
-11
-15
-22
-15
-14
-17
-16
-14
-13
-7
-15
-12
-1
0
1
-5
-6
-10
-14
-7
-4
2
9
0
-8
-1
-3
3
6
3
14
22
18
6
-3
-8
-16
-17
-10
-4
6
6
-6
-9
0
0
-3
-4
-17
-15
-6
-5
-3
-8
-5
-1
-6
1
8
16
21
22
25
15
15
16
6
7
6
9
14
14
25
25
11
8
0
-3
-7
-11
0
5
16
17
3
5
1
-9
-11
-9
3
7
-6
-13
-19
-23
-13
-9
-5
-5
-11
0
1
1
-5
-16
-5
-6
-18
-22
-20
-16
-13
-6
2
9
5
1
2
0
-1
-2
5
1
6
11
0
7
8
0
-2
-5
-4
5
2
7
1
-3
-1
3
14
6
2
3
6
19
14
11
6
-6
-7
-6
-7
0
0
6
7
3
9
18
20
8
-2
-3
5
0
-10
-15
-10
-4
-17
-20
-16
-12
-1
-5
-2
7
7
4
-6
-5
6
3
1
-10
-12
-9
-10
-2
-9
-2
7
-1
-5
-5
-6
-2
8
14
11
12
11
12
14
9
9
-1
-10
-7
-11
-14
-21
-20
-4
2
16
19
15
9
-1
-7
-12
-10
6
14
13
5
-2
-2
0
13
18
22
25
21
10
-5
-2
3
5
7
6
6
11
21
7
-6
-2
-1
0
-8
-12
-13
-11
-5
-4
-6
-8
-12
-24
-27
-23
-30
-24
-13
-13
-12
-19
-28
-25
-16
-3
-4
-7
4
7
1
-1
-5
-6
2
0
4
9
4
9
14
18
19
19
14
10
9
8
12
15
11
2
11
16
8
15
8
2
15
23
34
33
17
9
1
-6
-13
-15
-10
4
4
0
0
-15
-11
-11
-7
4
-2
3
-7
-12
-12
-18
-10
-3
-2
0
-8
-4
-4
-14
-16
-20
-21
-14
-9
-4
-9
-12
-4
0
11
7
0
-1
-6
3
5
4
6
4
6
-3
-8
1
3
11
20
18
22
8
-4
-9
-18
-18
-15
-6
-4
-5
-9
-1
7
11
12
3
9
4
4
12
14
20
15
1
-2
9
8
5
2
7
8
8
6
0
8
1
-4
-5
3
5
10
11
4
2
-8
-7
-12
-10
-5
-7
-5
-5
-2
1
6
3
4
-7
-7
-11
-20
-18
-25
-24
-24
-25
-23
-31
-25
-8
-2
1
-2
5
5
-6
0
3
8
7
-3
-4
0
4
5
7
16
18
17
13
15
14
18
23
16
11
5
10
14
13
22
21
23
25
17
15
11
7
2
-6
-5
0
1
-5
-6
4
7
6
-3
-10
-17
-28
-31
-20
-5
-5
-11
-15
-18
-16
-19
-14
-8
-6
-14
-24
-14
-11
-3
-6
-3
10
4
-6
-13
-16
-9
-9
-5
-4
-7
-13
-19
-10
-10
-8
2
2
9
1
-3
4
21
32
20
16
11
9
-4
-6
11
11
12
21
20
20
33
28
26
31
29
33
31
26
19
1
1
2
4
10
5
16
13
8
6
-9
-11
-4
-5
-7
-16
-19
-10
-17
-35
-38
-32
-22
-29
-38
-40
-36
-34
-46
-41
-30
-18
-14
-23
-19
-6
-5
-16
-10
-8
-7
-5
-10
-8
1
26
32
18
25
21
17
12
8
18
27
26
24
12
10
14
11
22
22
25
30
19
16
9
10
13
11
14
16
13
7
9
9
12
13
14
16
10
4
-3
-4
-8
-16
-19
-18
-14
-12
-28
-26
-19
-26
-19
-16
-3
1
-10
-11
-7
4
4
-1
-5
-6
-7
-9
-13
-22
-21
-22
-19
-15
-14
-9
-10
0
5
3
6
4
1
-2
-5
-7
-9
-16
-15
-12
-5
-1
-2
-1
1
2
22
24
17
25
20
23
15
16
26
17
17
17
10
11
15
18
16
12
13
18
18
15
2
2
8
2
4
4
-2
-3
-5
1
-1
1
6
1
3
4
-4
-8
-11
-17
-13
-9
-12
-14
-17
-19
-24
-30
-28
-30
-19
-4
-3
-5
-13
-24
-24
-19
-18
-21
-11
-2
2
-1
-9
-4
-7
-3
0
3
14
11
4
10
21
20
13
4
3
6
13
10
10
16
19
17
19
27
36
30
5
1
8
2
3
9
18
17
2
-1
-6
2
3
-6
2
3
6
2
-10
-10
-13
-7
2
1
7
4
-3
-15
-25
-12
-9
-16
-14
-8
-8
-9
1
9
9
2
-7
-13
-11
-18
-17
-15
-17
-10
-14
-12
-7
-2
2
-2
-7
-4
-9
-4
-5
-12
-8
-7
-5
-4
-1
17
20
18
14
2
6
6
8
22
26
29
19
9
3
2
14
12
-1
2
9
15
20
14
17
21
19
16
8
3
5
-1
-10
-11
-10
-6
-15
-21
-18
-16
-14
-20
-17
-15
-13
-9
-7
0
4
-5
-11
-10
-7
-3
-11
-4
1
-10
-9
-14
-18
-12
-12
-6
6
10
11
3
-5
2
6
12
11
6
9
-1
-3
7
5
9
7
8
15
2
-3
-1
5
13
12
10
16
16
16
1
-4
9
7
11
5
-5
-1
-6
-6
-20
-21
-8
-2
0
-3
-5
0
0
5
5
4
7
8
0
-3
7
8
9
6
5
3
-15
-21
-24
-25
-12
-17
-15
-6
-7
0
-2
-1
4
-8
-9
-9
-8
-4
-9
-5
-8
-4
2
1
13
21
22
19
20
12
0
2
0
-2
-7
-9
-8
-6
-4
-2
6
15
17
11
5
9
7
4
-2
-8
-4
-3
-5
-5
-5
3
8
7
12
20
17
9
3
6
9
1
-2
0
1
-2
-1
7
2
9
5
-6
-14
-16
-12
-15
-9
-11
-11
-8
-10
-3
1
6
9
10
0
-10
-11
-10
-7
-4
-2
-5
-13
-22
-25
-10
3
6
11
-2
-7
-6
-6
-6
-2
13
11
8
10
3
4
0
-4
8
18
14
19
20
13
7
2
4
10
14
11
2
-9
-2
6
-6
-11
-5
-2
0
-6
-5
4
5
2
7
8
8
11
2
2
-2
-10
-7
-9
-7
-9
-11
-5
5
9
5
-2
-9
-4
-13
-15
-9
-3
5
-7
-11
-11
-8
4
-4
-2
3
-1
-5
-4
3
9
11
8
2
6
14
11
12
16
6
7
-2
-16
-7
-11
-16
-15
-7
3
0
7
9
3
11
5
0
7
-4
-5
-14
-14
-9
-11
-3
-2
-2
1
-9
-1
16
24
22
6
1
-4
-9
-19
-12
4
12
16
12
18
17
13
6
-5
8
11
7
1
-5
10
6
-5
-8
-9
3
0
-1
11
5
-1
-2
-8
-5
-4
-9
-12
-19
-22
-13
-4
1
-6
-5
-11
-17
-22
-18
-11
-14
-11
-10
3
4
2
-2
-1
9
1
10
22
20
15
17
16
12
11
15
18
15
9
-6
-8
-6
-13
-2
1
-1
0
-8
-2
-1
-12
-4
2
12
16
0
-5
-8
-11
-12
-5
1
3
6
1
1
4
9
9
6
4
-3
-4
-10
-9
3
5
5
5
8
1
-7
-1
-3
-13
-16
-20
-8
2
-2
-10
-8
-1
2
4
3
4
4
4
3
4
-3
0
-7
-11
3
13
14
14
23
23
18
15
5
4
-1
-5
-4
-10
-6
-8
-5
1
-10
-5
0
0
3
-4
6
6
-3
-1
-7
-2
0
-10
-12
-7
1
3
-1
-6
-9
-11
-9
-9
-7
2
1
-9
-10
-10
-11
-8
5
18
9
9
9
-9
-12
-13
-1
10
22
13
2
8
11
12
3
2
9
11
4
-3
-3
-8
-9
-6
-2
8
8
4
8
-1
-2
2
-5
3
0
-7
-6
-6
0
-4
3
11
15
15
5
-2
-8
-6
0
5
7
11
1
-9
-7
-11
-8
-7
-4
9
6
7
5
-12
-4
-2
-13
-11
-11
-11
-15
-22
-20
-16
-4
6
1
9
18
6
1
1
0
7
13
13
5
2
-4
-6
-6
-10
4
10
4
11
7
1
3
1
-3
-6
-12
-11
-3
-4
-6
-1
3
6
6
14
16
11
16
1
-10
-12
-19
-8
-3
-6
-4
-7
4
10
15
24
25
28
15
4
7
2
10
6
1
16
13
10
2
-7
0
0
-1
4
5
2
-2
-12
-17
-22
-21
-7
-4
-1
-3
-7
-5
-11
-12
-16
-25
-20
-20
-21
-20
-23
-15
-14
-14
-9
-12
-10
-9
-5
-5
1
1
-11
-14
-3
8
5
13
22
27
26
23
22
14
14
17
10
10
18
24
24
23
23
31
32
22
15
5
-1
0
4
-3
-13
-17
-17
-11
-13
-3
2
4
1
-8
-11
-7
-7
-14
-13
0
12
8
-2
-15
-19
-13
-6
-5
-13
-13
-12
-9
-5
0
9
12
5
-12
-20
-23
-20
-14
-6
-3
-3
-2
-13
-7
-3
-9
7
3
3
8
1
4
8
19
20
11
9
5
3
-2
-9
-4
-2
0
-3
-4
10
9
4
10
9
14
20
17
15
9
4
5
13
21
21
21
12
3
1
-7
-2
13
9
3
0
6
11
2
-8
-8
-4
-13
-14
-20
-27
-22
-22
-12
4
-7
-16
-18
-19
-28
-37
-27
-14
-4
0
-3
1
1
-13
-16
-18
-22
-16
-5
2
-5
-12
-4
-16
-14
-9
-5
8
7
6
11
10
12
22
25
28
26
24
27
25
23
29
28
31
27
22
26
18
21
20
23
24
20
20
3
0
0
-3
1
-6
-7
-4
-5
-7
-8
-4
-3
-17
-14
-14
-12
-2
-6
-5
-10
-20
-22
-24
-18
-8
-11
-28
-34
-31
-28
-16
-14
-9
-11
-15
-17
-20
-21
-18
-12
-3
-2
-13
-20
-21
-6
-5
-7
3
6
7
3
-1
9
19
15
15
12
14
8
-8
-8
3
22
27
21
19
19
17
15
8
6
20
29
29
25
22
21
17
11
13
17
17
18
14
14
12
10
3
5
15
14
12
10
3
-5
-14
-12
-6
-4
-9
-18
-22
-23
-23
-25
-15
-5
-14
-23
-29
-28
-15
-10
-13
-18
-11
-9
-21
-24
-20
-17
-7
-7
-11
-11
-15
-11
-16
-17
-9
-4
-3
-12
-3
2
-1
4
0
11
16
6
6
3
10
21
21
23
21
19
27
28
26
25
24
19
15
15
8
2
2
3
-2
-1
-3
-1
9
1
3
7
3
3
-5
-8
-9
-4
6
-1
-2
6
-3
-3
-4
-13
-10
-15
-7
-6
-7
6
0
-1
-8
-15
-3
-2
-3
-1
1
10
7
-5
-5
-8
-5
-4
-12
-12
-16
-22
-14
-7
3
14
11
12
10
5
0
-10
-3
-5
-5
6
1
1
-2
-4
4
2
7
5
-7
-4
-5
-1
-2
-3
1
1
2
2
6
2
7
15
13
16
9
1
-3
-10
-11
-9
5
14
7
4
-6
-9
-7
-7
4
0
6
10
-3
-6
-6
-4
-1
-5
2
12
9
6
1
4
20
19
11
1
-1
0
-10
-13
-9
-3
1
-4
-10
0
-4
-6
-2
3
10
-1
-7
-15
-10
-3
-6
-1
2
-5
-15
-20
-17
-11
-12
-5
9
15
16
16
3
4
12
11
14
10
5
8
-6
-14
-9
-6
-1
-11
-10
-4
0
1
-10
0
9
21
15
-3
0
8
5
4
6
3
9
4
0
-2
7
17
13
8
6
10
11
12
13
9
11
3
-10
-12
-15
-19
-14
-11
-2
7
-1
-2
-15
-10
-5
-10
-6
-13
-15
-7
-5
-5
1
-1
-5
-1
-6
-4
7
0
-4
-6
-12
-11
-23
-16
-10
-9
0
0
1
-1
1
2
3
3
9
12
2
1
3
5
6
8
16
12
18
20
13
15
15
16
15
13
11
5
-3
-8
-15
-18
-5
-4
-4
-2
-5
0
5
8
11
8
-1
-4
-8
-3
0
-2
2
1
2
-3
-11
-6
4
9
2
6
14
4
1
-2
0
-2
-10
-9
-6
-11
-20
-23
-14
-4
-10
-7
7
2
-3
-3
9
22
10
5
0
1
9
-13
-15
-2
0
3
0
5
16
6
5
4
0
-1
-10
-4
4
-6
-11
-11
-7
6
5
11
17
20
17
-6
-8
-5
-4
-11
-15
4
16
13
-1
-12
-5
-1
-10
-18
-19
-11
-9
-8
-1
1
1
-3
-8
-16
-15
-20
-14
-2
2
11
9
7
14
13
12
10
9
9
5
2
1
-5
-3
1
-3
-2
-1
1
7
10
10
11
14
11
11
17
11
15
14
7
10
10
21
26
20
15
7
5
13
8
3
-1
-2
-8
-13
-10
-8
0
-10
-18
-18
-10
-9
-22
-19
-16
-16
-20
-22
-13
-17
-9
-8
-7
1
-2
-11
-18
-20
-23
-22
-28
-27
-20
-16
-13
-10
-3
7
16
18
20
17
13
14
15
12
9
12
7
-4
-11
-7
1
15
27
28
32
32
18
12
12
11
14
15
16
17
3
-3
-4
-9
-10
0
9
4
-4
-10
-2
-1
-8
-3
1
-2
-2
1
1
2
6
-5
-15
-10
-7
-4
-4
-8
-10
-6
-8
-6
-3
3
3
-7
-8
-8
0
1
-8
-2
-1
-13
-16
-19
-11
3
0
2
4
3
-4
-12
-9
-8
-8
0
0
-2
6
-8
-13
1
8
19
15
17
23
18
10
-1
-10
-4
-4
-5
14
19
18
18
21
22
12
3
5
1
1
3
4
14
10
9
16
14
18
14
8
7
-2
-7
-10
-12
-8
-23
-31
-29
-27
-26
-36
-23
-18
-26
-24
-23
-18
-13
-10
-4
-11
-16
-23
-22
-5
2
3
9
10
16
12
0
7
8
15
19
13
16
12
12
7
4
16
21
21
6
2
12
10
0
-3
3
10
14
0
-4
5
13
14
5
12
20
20
7
-10
1
14
5
1
1
3
7
-6
-7
1
0
0
-14
-17
-1
-1
-12
-18
-14
-11
-11
-9
-16
-11
-2
-5
-5
-5
-2
-5
-6
-9
-11
-12
-16
-11
-6
-1
-10
-13
-2
7
18
14
-1
-11
-11
-6
-6
-8
-10
-4
-5
-10
-1
11
16
16
21
32
30
16
6
1
6
2
4
8
-4
3
-2
-2
3
-6
3
7
5
10
7
8
-1
-5
-9
-10
3
2
2
2
3
5
13
10
5
11
3
-12
-20
-12
2
2
-1
0
2
0
-14
-27
-19
-6
-4
-9
-9
-5
-10
-23
-26
-25
-17
-9
0
16
18
10
10
-2
-11
-9
2
4
1
12
10
11
11
11
18
15
13
13
17
17
10
8
14
8
1
0
-2
13
18
16
25
22
20
17
5
8
0
-4
-1
-10
-9
-8
-8
0
-4
-16
-17
-17
-25
-31
-30
-10
-3
-9
-16
-27
-15
-9
-18
-16
-13
-6
-14
-30
-21
-12
-6
-3
-13
-6
-14
-25
-22
-3
9
14
13
8
10
1
-7
-6
5
6
-1
9
19
26
20
10
9
11
8
8
17
20
23
28
31
34
27
28
30
27
30
20
13
12
16
13
7
12
12
6
1
-7
-6
1
1
16
10
-4
-10
-20
-19
-34
-35
-24
-20
-16
-18
-16
-15
-11
-9
-16
-20
-19
-27
-26
-22
-22
-19
-25
-24
-19
-15
-9
-13
-17
-18
-19
-20
-8
-3
-2
5
-3
-4
-4
-6
8
15
14
15
12
15
14
13
15
14
17
15
15
22
28
24
15
17
24
27
21
13
14
15
14
19
20
13
15
13
11
9
5
11
16
10
3
-2
-5
-3
-15
-15
-8
-5
-7
-20
-22
-19
-20
-16
-9
-7
1
1
-4
-13
-19
-17
-13
-7
-11
-8
-8
-13
-13
-11
-12
-9
-8
-2
4
-1
-2
0
-5
-19
-22
-10
-13
-16
-9
-7
0
2
-5
-10
-15
-10
-18
-21
-3
8
14
16
17
22
12
3
8
21
31
19
18
25
25
14
2
10
18
20
19
16
16
10
8
9
20
25
21
16
11
8
0
-9
-10
0
7
-5
-7
-7
-11
-17
-20
-12
-6
-5
-3
-7
-10
-20
-26
-29
-28
-14
-16
-14
-1
0
-5
-13
-20
-7
-2
-7
-3
-8
-4
-3
-6
-2
7
10
10
12
11
12
3
-2
-5
-8
-6
-5
4
15
17
14
9
18
12
-4
8
1
-5
4
-1
6
9
4
6
3
2
2
-8
-4
-3
-2
5
0
0
-5
-12
-12
-15
-17
-9
-4
0
-1
-8
-10
-7
-2
-5
-5
9
14
13
12
6
10
12
23
27
23
23
12
-6
-15
-16
-10
3
10
21
18
5
-5
-18
-11
0
4
5
4
3
-13
-15
-14
-14
-8
-5
-9
-9
-4
-3
4
4
1
-7
-13
-17
-12
0
3
1
0
0
3
-1
-1
7
3
-4
-3
-7
-9
0
2
11
18
9
4
-2
2
10
6
7
6
1
-4
-7
-5
-8
-6
-4
-4
0
4
0
5
8
4
2
-4
-9
-6
0
1
2
0
-10
-11
-1
1
2
3
1
-9
-19
-15
-11
-6
2
6
5
8
7
11
20
20
19
18
13
9
13
7
3
1
-5
-9
-1
8
12
5
3
5
4
1
-4
-2
1
-6
-20
-20
-8
7
11
-3
-13
-10
-7
-9
-15
-4
6
5
9
9
7
8
-3
-7
-7
-12
-8
-11
-12
-11
-11
-3
-1
-1
-9
-10
-4
0
13
3
-6
-1
-10
-21
-21
-9
-7
-13
-4
2
1
2
2
6
9
3
-5
-9
-13
-6
-2
-1
8
12
14
16
12
10
2
8
18
19
19
9
16
18
16
20
25
30
34
29
27
24
16
15
5
5
5
2
-1
1
4
2
2
6
5
0
5
5
1
-8
-16
-21
-33
-39
-36
-26
-18
-19
-28
-33
-27
-32
-31
-31
-24
-10
-31
-30
-31
-34
-27
-30
-26
-12
-7
-2
2
-1
5
6
7
2
5
14
18
13
12
24
35
31
23
16
17
17
7
15
22
21
24
10
4
12
13
21
31
25
31
27
19
15
4
8
7
7
11
1
7
-3
-8
4
6
6
2
4
-4
-13
-15
-17
-14
-19
-19
-7
-3
-10
-11
-12
-17
-11
-16
-28
-16
-15
-11
-11
-10
-4
-2
-2
5
-5
-5
-15
-13
-18
-18
-8
-32
6
-2
19
-7
-6
8
-16
26
-5
17
18
-3
30
-5
18
-29
-4
4
-8
6
-21
-1
-27
0
7
25
18
15
17
4
10
-17
-9
-4
5
20
20
19
11
15
13
11
3
16
11
10
9
-2
14
8
9
12
-3
-3
-4
7
4
8
15
7
-8
-20
-8
0
-2
-1
2
8
6
-4
-9
-8
-7
-11
-17
-20
-19
-23
-26
-20
-18
-16
-23
-23
-25
-17
-7
-14
-9
-15
-19
-8
-9
-3
5
6
4
-3
0
8
10
9
14
22
19
8
0
9
19
22
25
25
25
24
19
7
10
14
4
7
12
18
16
9
12
8
-5
-9
-6
5
12
8
7
6
2
4
-1
6
8
-11
-14
-11
-15
-22
-30
-24
-21
-24
-21
-25
-18
-17
-22
-13
-10
-14
-18
-13
-8
-3
-2
-7
-2
6
15
12
5
1
-4
0
-5
-9
2
3
1
-3
-1
16
17
21
18
9
15
17
15
6
4
4
8
16
16
17
23
27
14
12
16
18
14
0
-9
-9
-16
-24
-27
-18
-5
-5
1
2
4
4
-1
-2
-3
-6
-6
-6
-10
-17
-12
-6
0
-3
-14
-4
6
3
0
1
-1
-3
-4
-11
2
4
6
10
4
-7
-15
-5
-14
-10
2
-3
-12
-20
-10
-4
-18
-22
-1
17
-10
-7
13
10
-9
-16
27
47
48
29
17
24
23
-1
-9
12
3
-1
-4
3
18
-14
-35
-22
-6
-18
-12
23
7
-16
-21
-1
12
4
8
-7
-26
-33
-36
-8
23
25
25
36
52
29
17
30
35
16
-1
-6
-26
-27
-23
-13
-26
-47
-26
-16
-17
-11
13
-21
-47
-12
55
51
48
65
21
-15
-77
-95
-115
-98
-107
-69
25
30
-62
-47
67
88
118
122
147
142
38
-80
-135
-138
-172
-103
-39
0
-37
56
-47
751
2490
2754
1203
-1436
-2078
-1576
-754
-289
-936
-1010
-1223
-484
-299
-1393
-1936
-583
2829
3951
3090
1170
-364
-980
-346
767
137
-1853
-3917
-2760
-511
1588
1963
1532
1409
224
6
-993
-1859
-2128
-1110
1369
1748
1044
-1096
-1858
-585
1611
3653
2734
499
-1680
-957
1079
1987
1405
-362
-796
-743
353
-51
-771
-1384
-1072
227
10
-151
-1043
-369
56
287
658
-242
-423
-611
1114
1956
1434
-266
-1728
-1072
604
2492
1744
-129
-1898
-1551
-399
134
121
-703
-642
-917
-790
-1220
-1731
-1416
9
1702
1338
-166
-1941
-1701
-649
1112
1572
123
-1972
-3384
-2179
-1340
-730
-1071
-1192
-2054
-2780
-1615
285
1762
2367
4015
3155
312
-2718
-2375
-1137
-1046
-1636
-3621
-1386
5498
13811
15162
10251
5752
4609
7289
6807
4438
1841
1484
1186
-1801
-7976
-16435
-17980
-11243
-887
6131
7627
4881
1469
2408
6016
8099
4538
-2977
-8348
-8234
-5365
-3369
-2005
-930
-108
121
-927
-5087
-9599
-10174
-5285
853
2390
-1831
-8058
-9616
-5219
1721
4948
2444
-2126
-4681
-3713
-1005
2133
4323
4897
4516
3356
1480
-277
-1050
212
2461
8477
17672
21154
14697
3926
369
1555
3670
3916
2033
1403
568
109
-4716
-12193
-17603
-13330
-1166
6707
8266
5838
3599
1654
3378
7147
6519
40
-8435
-11590
-9839
-6953
-5256
-2633
1037
1985
-650
-5852
-11112
-13467
-9053
-771
3760
1333
-4933
-8874
-7245
-300
5992
7125
3365
-1743
-3587
-1674
1836
4301
6087
6303
3930
1016
-1108
-1040
1004
4889
7845
7380
3459
-1270
-3077
-2649
-742
1423
3072
3236
3582
6622
10026
11415
9827
8317
7557
5736
2421
-1190
-2878
-3755
-4399
-6048
-9440
-12394
-12148
-7195
-1730
888
365
-403
3
606
1383
621
-2064
-5398
-6437
-5074
-3446
-2019
-560
1077
1554
222
-2338
-4759
-5934
-5211
-3508
-2754
-4569
-7353
-8477
-7323
-4136
-834
1650
1839
1621
2461
4250
5586
4863
4816
6841
11659
17079
20094
18421
13661
10383
8516
6451
3214
17
-1677
-2429
-4689
-9781
-15499
-18343
-14909
-6032
2456
6051
6041
5319
5493
6472
6610
4308
-487
-5235
-8230
-8547
-7561
-6548
-4984
-3128
-1714
-2885
-6088
-9888
-11227
-8213
-3488
-1052
-3296
-6709
-7846
-4658
984
5612
6904
4460
1916
1040
2492
4447
5910
6688
5969
4194
2082
1100
1071
1509
2906
3844
3817
3585
2980
2108
1359
4866
10525
14106
12394
7834
5634
5038
5221
3421
-134
-3822
-6140
-5859
-7138
-9503
-11335
-9255
-4858
-1759
507
483
-403
-2352
-2350
-1870
-3251
-6147
-8595
-7865
-6629
-6281
-6337
-5320
-3276
-1058
1338
1719
222
-1561
-1693
-985
-657
-1655
-3225
-4530
-5526
-4979
-3573
-2135
-2270
-2351
-1113
-112
1032
1812
5186
7595
12489
24066
32128
28139
14812
8045
6963
7788
7010
2387
-1583
-4683
-5899
-10740
-19119
-27088
-23848
-6670
7076
10603
7797
5463
2736
3746
8130
7684
-353
-11759
-15374
-11742
-6523
-5485
-4599
-2154
-822
-1130
-4025
-8429
-12810
-9385
-873
4240
1373
-6239
-11724
-12321
-5057
3970
8550
5422
-448
-1565
2450
8334
11731
13887
13115
10060
6639
3896
1577
363
2377
4716
5304
1655
-2851
-3932
-916
4251
8832
11139
9394
7190
6444
5877
4521
2114
-178
-2032
-3623
-6361
-9357
-10948
-10702
-8436
-5889
-4732
-5138
-5061
-3756
-2638
-2640
-3866
-5471
-6520
-6293
-4767
-3703
-3953
-4628
-4143
-2519
-1158
48
604
947
1053
1450
1335
-346
-2236
-3195
-2297
-1490
-1654
-2451
-2689
-1788
-409
2414
5361
9009
16290
25418
29014
24204
17757
13433
11250
9544
7047
3641
-302
-4427
-9691
-15794
-21470
-22121
-14377
-3899
2614
4683
4520
2788
1072
1563
1933
-763
-6353
-10727
-10808
-8354
-6131
-4128
-1988
-1238
-2889
-5430
-7839
-9109
-7434
-3375
-763
-2576
-6326
-9275
-9639
-6708
-1596
2673
3432
1987
1226
3465
7659
11882
14927
15063
12279
8370
6144
5492
5384
5389
5311
5029
3464
2098
3145
5466
6593
6627
7579
7996
6826
4737
2675
1262
8
-1288
-3811
-7771
-11379
-11386
-7479
-3985
-3194
-4398
-5969
-6839
-6365
-5038
-5194
-7054
-9197
-9683
-8513
-6948
-5621
-4253
-2775
-1896
-1933
-2510
-2888
-2927
-1895
-563
-77
-1189
-2697
-2729
-1544
643
2293
2919
3038
2596
3152
4049
5636
6466
6691
6619
5510
9877
18251
24164
21002
13896
9561
7058
7492
7301
6442
3950
473
-3143
-9434
-15886
-20408
-14926
-4449
2304
3228
1033
-1337
-4134
-2290
516
308
-5476
-12617
-14694
-11324
-6399
-3735
-1513
-610
-1793
-3928
-6134
-8614
-9166
-5648
-1516
-779
-4725
-9917
-12578
-8934
-1105
5550
7458
4452
1912
2755
7003
10071
11610
11548
9821
7907
5922
4416
3424
4645
7259
11857
15552
14675
9628
5418
4443
5158
6013
4152
1347
-534
-525
-1584
-6007
-11711
-14512
-9551
-2280
2264
1929
-160
-1891
-2719
-2118
-3405
-6829
-11279
-13393
-12709
-11413
-10726
-10532
-8810
-5440
-2721
-2189
-3900
-5774
-4827
-1547
2153
2595
388
-3037
-4904
-2988
118
3117
3430
3007
2784
3624
5414
6680
8549
8807
8545
7456
6161
4555
4575
10923
20331
25261
19531
9809
3975
4045
6682
6973
4191
214
-2021
-4151
-8787
-15715
-19906
-15050
-4382
3676
4183
889
-2498
-3637
-1920
-432
-3288
-11190
-17408
-16746
-10582
-5765
-4681
-4378
-2820
-1068
-1352
-4018
-7825
-9015
-5659
-266
1588
-2202
-7758
-9485
-5228
1852
7152
6908
3136
398
2209
6730
9998
10977
9781
8647
7392
6382
4967
3903
4639
6589
10779
15064
15990
11742
6606
5328
6216
6711
4757
2193
716
-401
-2423
-6560
-11016
-13722
-10449
-3661
360
-50
-1421
-1996
-2138
-1658
-2874
-6635
-11588
-14039
-13516
-11464
-10883
-11190
-9208
-5485
-2187
-1901
-2993
-4475
-4284
-1407
1576
2696
386
-2019
-3347
-2275
496
2318
3091
2072
1739
1930
3334
4856
5672
6395
6402
5990
4450
3254
3727
6019
10669
17382
22250
20900
15605
11612
9916
9613
8852
6268
2032
-2131
-6106
-10132
-14887
-19019
-18275
-11468
-4646
-2089
-2048
-2227
-1684
463
2930
2184
-2503
-8099
-10686
-9438
-7884
-8240
-8831
-8248
-7129
-6414
-5828
-6580
-7303
-5417
-1643
457
-950
-3279
-3912
-2104
579
2331
2899
2537
2276
3056
4909
6546
7591
8894
9291
8518
6603
4628
3398
3530
4734
5531
9233
14009
15767
12758
9257
9367
9972
9782
6414
3215
1490
11
-2037
-7636
-13597
-17296
-12769
-5831
-2734
-3158
-4095
-3887
-4722
-3687
-2825
-3469
-6931
-10657
-11543
-10545
-9473
-8834
-6412
-3616
-2546
-3240
-4627
-6236
-5696
-1845
2158
2609
-937
-3932
-3969
-1027
1937
3597
3445
1915
1181
2216
4515
5495
5709
5860
6160
5473
3509
2725
3544
6705
9707
13713
18841
20594
18320
14025
12866
11003
8579
5784
2128
-485
-3355
-5292
-9488
-14680
-18611
-16874
-9514
-4740
-2527
-1465
-420
-1231
-1937
-1104
-2430
-5818
-10317
-12323
-12142
-11237
-10409
-8168
-4607
-2357
-2251
-3526
-5062
-5672
-2742
1314
2994
825
-3189
-5754
-5243
-1758
699
1632
972
251
916
3482
6663
8264
9288
9179
8570
7297
5177
3960
4455
6689
7331
8961
13108
16443
16077
11980
9822
8666
9133
8596
6495
3572
-662
-3948
-8464
-13299
-17564
-17146
-11732
-7073
-4293
-3651
-2817
-2662
-1941
-908
-1490
-4046
-8446
-10949
-10613
-8684
-7826
-7002
-5361
-3704
-3251
-3911
-5330
-5908
-3597
98
2401
1052
-1786
-3893
-3366
-521
2029
3096
2032
891
576
1745
3482
4690
6055
6401
6357
5869
5635
5680
6069
8065
9702
13310
17774
20317
17731
12143
9468
8777
9376
7523
4250
357
-4041
-7660
-12053
-15782
-19381
-17677
-11309
-5322
-2315
-1911
-1179
-1395
74
615
-1501
-6581
-11473
-12741
-10701
-7158
-6122
-5504
-4843
-3588
-3043
-3226
-4096
-5306
-3891
-1770
-485
-2540
-6002
-7916
-6419
-1657
1912
3414
2557
2204
3241
5869
9046
10115
10328
8978
7660
6051
4524
3512
3309
5204
6859
10122
14763
17403
15832
11930
10340
10764
11529
9738
5289
1024
-2997
-6483
-11106
-16368
-20019
-17948
-10870
-4939
-1766
-920
-842
-1192
-560
398
-1238
-5290
-10474
-13277
-11955
-8771
-6817
-6374
-5570
-4422
-3137
-2509
-2963
-3527
-1900
803
2342
1098
-2949
-6303
-5853
-1803
1752
2048
-200
-2498
-2108
1171
5662
8837
9690
8613
7568
7017
6719
6945
7908
9536
9709
11611
15492
17437
14389
9306
7750
7818
7924
5234
1399
-1923
-4839
-7218
-11303
-16109
-19837
-17064
-9339
-2897
-281
-190
-275
-656
375
1535
678
-3431
-9149
-12213
-11337
-8651
-7423
-6389
-4805
-3897
-3767
-4797
-6095
-6668
-4401
-269
2198
1049
-3108
-5337
-3152
1755
5660
5945
4057
2131
2328
4295
6095
6829
6773
6504
5177
2631
614
871
3729
7164
8884
11753
15998
18451
16591
12635
10976
9802
8750
5421
1152
-2843
-6490
-8454
-11992
-15948
-18888
-16512
-10278
-4818
-1243
44
937
454
590
892
-563
-4293
-9061
-11194
-10652
-8737
-7399
-6395
-4882
-3460
-2715
-2874
-3966
-4444
-2844
97
1805
678
-2292
-4903
-4734
-1722
1683
3387
3176
2778
3118
4359
5736
7087
8223
8232
6985
4918
3260
3047
4693
7209
8571
9866
13541
16864
15609
10700
8048
8456
8413
6244
2087
-2289
-5607
-7419
-9175
-12763
-17046
-18010
-12654
-5826
-1979
-556
359
414
-201
715
425
-2942
-8036
-10961
-10164
-8422
-7225
-6900
-5709
-4434
-4065
-4261
-5131
-6004
-5175
-1181
2557
3150
414
-2690
-3245
-127
4398
6382
5438
2728
838
1077
2533
3824
4410
4646
3236
1630
1049
2251
4982
8560
11150
12464
15341
17797
17187
12807
9352
7975
7877
6318
1473
-3164
-6554
-7679
-9103
-11873
-16074
-18393
-13786
-6821
-865
1792
2861
2302
1127
1298
307
-1947
-6705
-10207
-10512
-8378
-6800
-6801
-5839
-4943
-4124
-3469
-3182
-3781
-4023
-1859
680
1475
-317
-2483
-2393
247
3298
4633
4036
2192
968
1382
2598
3308
3448
3379
2787
2676
2874
3787
5025
6555
8054
9591
13826
17685
18376
14147
9928
8038
6766
5310
2276
-281
-3320
-6115
-9381
-14071
-17999
-19201
-13475
-6012
-849
1132
1553
1513
536
1841
2065
-34
-4923
-9180
-10182
-9541
-8301
-7398
-5386
-4327
-4576
-4969
-5496
-5723
-4655
-694
3483
5095
2874
-1091
-3424
-2334
1374
4182
3607
-139
-3287
-3435
-1484
1231
3553
5155
4795
4017
3772
4169
5483
7439
9974
10755
11866
14308
16008
14129
9703
7932
7667
7051
3749
-156
-2587
-4168
-5471
-8591
-12245
-15497
-14190
-8291
-2367
579
957
1642
1476
1239
1146
651
-2160
-7068
-10028
-9857
-8227
-7509
-6504
-4812
-4335
-5296
-6062
-5817
-4981
-2798
1166
4261
3480
-105
-2999
-2607
112
2672
3027
572
-2783
-4587
-3215
-124
2233
3439
3919
3640
2925
3042
5241
8052
10443
11528
13475
17160
18334
15380
10605
8664
7636
5774
3172
-699
-3467
-5587
-6669
-8940
-12757
-15775
-14613
-8045
-2334
770
2342
2741
1685
1122
2141
1167
-2633
-7754
-10619
-10463
-9370
-8685
-7219
-5003
-4498
-4812
-4467
-4312
-4293
-2306
1416
3828
2597
-1253
-4894
-5209
-2653
340
1937
352
-2102
-2689
-518
2520
4808
6555
6332
5253
4229
3775
4843
6481
9105
10436
10884
12062
13930
14843
12144
9294
7551
6851
6223
4318
1098
-2833
-5136
-6647
-9135
-12852
-15040
-12214
-6341
-1495
1091
2025
1160
-637
-826
149
-814
-4458
-8945
-11015
-10701
-9132
-7309
-6194
-6097
-6442
-5029
-3729
-3952
-4338
-2393
1430
3275
2291
-1214
-4039
-4118
-1167
2580
3111
555
-2847
-3324
-864
2767
5492
6130
5175
3741
3833
5418
7817
9555
10890
11470
12564
14143
14162
11820
8639
7951
8244
7656
4425
5
-2581
-3853
-4554
-7244
-10966
-14062
-13006
-7576
-2480
769
1578
1686
737
-30
-220
-1545
-4388
-8204
-10261
-10182
-9712
-9027
-7347
-5354
-4613
-5094
-4944
-4724
-4028
-2132
365
1865
337
-2137
-3956
-3795
-2230
-9
1751
634
-1544
-2977
-1467
1526
4499
6402
6275
5135
3819
4584
6887
8754
9906
9783
9300
10410
13055
14840
13109
10433
8094
6403
5427
3281
707
-1507
-2965
-4433
-7558
-11480
-14776
-12153
-5692
-355
2010
1746
101
-1656
-831
334
-957
-4943
-9625
-11578
-10380
-8392
-7276
-6608
-5995
-5389
-4124
-3149
-3883
-4168
-1862
1623
3279
1276
-2510
-5208
-4385
-1261
1658
2105
-376
-2937
-2976
-152
3506
5808
6276
5050
4267
4282
5249
6520
7215
8006
8028
9252
11887
14365
13860
10495
8403
7278
7023
5566
2918
382
-1644
-2913
-6670
-11134
-15083
-14083
-8529
-3051
177
575
809
-450
-312
618
112
-2849
-7319
-9605
-9927
-7895
-6276
-5393
-5133
-5185
-4556
-4201
-4540
-5563
-4193
-703
2265
2271
-417
-3674
-4964
-2429
1317
3235
1466
-1591
-3232
-2187
699
3515
5483
5436
4477
3832
4436
5650
6835
7968
8615
8615
9495
12082
14265
13410
10749
8622
6969
5280
3154
1033
-839
-2262
-3955
-7441
-11954
-15327
-13773
-8159
-2523
691
1816
1726
659
539
1023
-319
-4257
-8598
-10532
-9973
-8727
-7753
-6706
-5193
-3722
-2756
-2646
-4000
-4636
-2806
1117
3441
2225
-1136
-4192
-4128
-1770
1099
1565
-507
-2633
-2646
56
2820
4762
5366
5290
5100
4979
5402
5991
6756
7529
8110
8285
9590
12172
14209
13270
10817
8016
5818
4659
3448
1987
-278
-2899
-6122
-9861
-13319
-15286
-12280
-6985
-2010
856
1783
1305
370
1332
1345
-457
-4971
-9448
-11192
-10148
-8038
-7123
-6555
-6405
-5848
-4948
-4816
-5206
-4288
-745
3028
4034
1657
-1896
-4009
-3537
-1159
1125
947
-1361
-3392
-3250
-880
1986
4317
4973
4708
4505
5311
7349
8882
9205
9083
9052
10406
13220
16233
15511
10855
7279
5499
5139
3320
974
-1139
-2708
-3469
-6159
-9389
-12880
-12673
-7650
-1646
1648
943
509
132
872
1306
-330
-4651
-9699
-11456
-10216
-7833
-7540
-8032
-7337
-5196
-3831
-3730
-4270
-5101
-3922
-487
2757
2042
-1407
-4629
-4923
-2072
636
969
-1255
-3110
-3119
-690
2061
3268
3541
4229
5574
6565
7214
7537
8009
8542
9159
9422
10736
13502
15678
14715
10726
7051
4571
3885
3411
2597
866
-1665
-4174
-7383
-10010
-11868
-10216
-5879
-1579
1069
1485
1384
417
251
-390
-2376
-5992
-10359
-12333
-12008
-10206
-8663
-7100
-6137
-5636
-4620
-3835
-3511
-3120
-1441
749
1756
220
-2738
-5102
-5656
-4036
-1553
-486
-2057
-3870
-3579
-749
2932
5580
6713
6635
6328
6708
7946
9405
9697
8607
7693
7617
9785
13498
15218
12210
6981
4944
5057
5887
5064
2888
1244
-238
-2193
-6507
-10495
-13021
-10668
-3851
1384
2413
492
-605
-1410
-743
-473
-2857
-7136
-11107
-11707
-10202
-8167
-7814
-7042
-5447
-4247
-3524
-3453
-3943
-4328
-1909
1742
3356
770
-3989
-7264
-6469
-2783
21
210
-2503
-4781
-3964
78
3674
4959
5470
5909
6653
7163
7736
8253
8476
8866
9215
10113
12101
13865
13732
10816
7905
5994
4852
4022
2702
1727
335
-1369
-4333
-8505
-11363
-11744
-8013
-3372
31
1303
976
287
-1270
-1693
-2650
-4694
-7765
-10288
-10766
-10172
-8523
-7238
-5900
-4843
-4099
-3295
-3277
-3711
-3551
-1318
1127
1330
-1166
-4462
-5864
-4469
-1512
442
17
-1752
-2520
-947
1806
4316
5960
6916
7080
6760
6706
6841
7010
7082
7536
7582
8373
10772
13025
12835
9819
7483
6124
6198
5862
4689
3023
200
-2512
-5650
-8061
-10747
-10991
-7767
-4084
-1684
-939
-283
-1108
-1952
-2311
-3038
-4995
-8098
-9867
-9753
-8106
-6885
-5856
-4958
-4307
-3921
-3487
-3503
-4345
-3692
-1233
1254
815
-1854
-4757
-5811
-4074
-1491
180
-424
-1766
-2045
-28
2730
4331
5104
6186
7501
8070
8026
7856
7773
7601
7997
8762
10379
12053
12786
11738
9327
7164
5750
5739
5127
3613
1346
-1050
-3392
-6256
-8685
-11034
-10476
-7616
-3826
-1257
-439
-272
-1162
-1469
-2597
-3820
-6228
-8895
-10349
-10142
-8694
-7861
-6563
-5707
-4669
-3792
-3276
-3589
-4282
-3100
-218
2225
1050
-2487
-5437
-5552
-3353
-721
298
-1123
-2549
-2339
346
3132
5030
5858
6456
7124
7419
7692
7499
7652
8038
8893
8960
9481
11308
12905
12513
10299
8458
6466
5688
5077
3885
1894
-900
-3366
-6642
-9294
-11672
-10737
-7180
-4106
-1450
64
623
-1155
-1987
-1935
-2501
-4114
-7122
-9342
-10300
-9511
-8212
-6402
-4736
-4286
-4366
-4825
-5458
-4986
-2447
444
1117
-522
-3155
-5202
-5248
-3599
-1457
-475
-1149
-2100
-1788
186
2281
4648
6838
8013
7919
7131
6714
6657
7600
8357
8512
7809
7504
9940
12891
13456
10404
7133
5560
5570
6344
4997
2415
-972
-3343
-4986
-7342
-10294
-11856
-9013
-4355
-599
977
-1
-1996
-3622
-3230
-2818
-3927
-6876
-9875
-10447
-9183
-7061
-5655
-4853
-4451
-3944
-3375
-3786
-4201
-3198
-753
795
269
-2221
-5163
-6268
-4561
-1279
501
-37
-1770
-2231
-524
2324
5451
7326
7646
7012
6738
7142
7231
7410
7334
7438
7913
8197
9464
10799
11387
10133
8572
7392
5675
5064
3658
1686
-422
-1969
-3687
-6709
-9207
-11071
-9333
-5506
-1772
867
919
-537
-2612
-2599
-2719
-3877
-5887
-8448
-10085
-10362
-8630
-6564
-4881
-4183
-3977
-3738
-3846
-3670
-2582
-562
399
-285
-1942
-3866
-5051
-4771
-2864
-1146
-534
-965
-1376
-606
1351
4074
6318
7483
7378
6888
7019
6881
6463
6437
7041
7475
7223
7705
9665
11793
11824
9475
7697
6784
6330
5335
2870
64
-2152
-2774
-4512
-7537
-10743
-11669
-8182
-3459
83
455
-534
-2049
-2727
-1889
-2524
-4728
-8243
-9924
-9595
-7539
-5778
-5450
-5278
-4986
-3857
-3398
-3347
-3781
-3157
-1573
-444
-741
-2909
-4991
-5816
-4081
-1618
-457
-1028
-1727
-931
963
3753
5757
6860
7020
7332
7816
7611
6735
5408
5481
6449
7698
7999
8870
10625
11386
10970
9726
8903
7346
6228
4680
2563
840
-1288
-3358
-6493
-9475
-11711
-9883
-4970
-1405
156
-321
-1253
-2847
-2843
-2529
-3569
-6157
-9570
-10534
-9066
-6486
-5436
-5338
-5205
-4789
-3532
-2802
-3176
-4298
-3710
-1754
-441
-1378
-4012
-6065
-6344
-4223
-1900
-700
-1033
-1607
-604
1965
4903
6381
6958
7206
7624
8095
7692
6304
5355
5864
7330
8404
8808
9991
11438
11760
10153
8574
7719
6712
5319
3212
1814
287
-1989
-4903
-7894
-10145
-10314
-6799
-2581
-195
-242
-1263
-2291
-2937
-2919
-3225
-4622
-7857
-10357
-9983
-7606
-5877
-5525
-4973
-4387
-3811
-3611
-3537
-3993
-4399
-3227
-1566
-1135
-3082
-5855
-7095
-5775
-2715
-169
607
-529
-1436
298
3604
6379
7447
7157
6612
6165
6303
6382
6640
6844
7104
8131
8256
8487
9610
11595
12208
11048
9850
7637
5631
3675
3005
2602
645
-2489
-6290
-8767
-10465
-9123
-5397
-1894
-341
-650
-1141
-2486
-3224
-3216
-3353
-5474
-8872
-10535
-9762
-7565
-5807
-4780
-4385
-4216
-4265
-4519
-5054
-5302
-4136
-1930
-858
-2499
-5452
-7480
-7033
-4319
-1106
367
-136
-987
-489
1772
4419
6334
7143
7076
6607
6262
6381
6466
6706
7258
7902
8091
7083
7332
9802
12599
12636
10481
8360
6213
5834
5729
5123
2860
-368
-3145
-6121
-8258
-10404
-9169
-5412
-1958
-287
-754
-1765
-3519
-3145
-2359
-2998
-5819
-9337
-10562
-9840
-7505
-5722
-4551
-4316
-4678
-4579
-4582
-4981
-5619
-4582
-2210
-851
-2193
-5068
-7138
-6557
-3462
-145
1188
18
-1397
-1093
1584
4539
6567
7305
6787
6137
5991
6449
6260
6330
6996
8074
8351
7121
7023
9381
12627
12998
10845
8424
6578
5934
5620
4966
2469
-1130
-4279
-6472
-7878
-9356
-8669
-5518
-2015
-463
-865
-2019
-3890
-4779
-4005
-2951
-4120
-7400
-9877
-9674
-7219
-5073
-4138
-4408
-5075
-5406
-4883
-4170
-4402
-4036
-2994
-2137
-2937
-4914
-6437
-6089
-3359
-495
1148
527
-1290
-1528
971
5057
7275
7586
6634
6304
6588
6998
7445
7614
8106
7947
7688
7082
8137
10739
12810
12380
9905
8106
6560
5694
4564
3201
1349
-1433
-4042
-7429
-9840
-10812
-8163
-3729
-968
-371
-1707
-3192
-4980
-4868
-3682
-4001
-6447
-9790
-10753
-9601
-7490
-6051
-5159
-4509
-4871
-5077
-5367
-5619
-5296
-3354
-1439
-1767
-3807
-5849
-6278
-4524
-1346
1048
1295
52
-575
828
3525
6028
7240
7649
7684
7976
8001
7724
7188
7317
8222
9222
9101
8208
9717
12664
14281
12338
9515
7551
6450
6223
4991
3000
-199
-3258
-5519
-7835
-9923
-11031
-8019
-4071
-1479
-1205
-2401
-4204
-5466
-4228
-3467
-4798
-8735
-11676
-11556
-8992
-6333
-5401
-5653
-6558
-6469
-5526
-4722
-4915
-5059
-3901
-2658
-2578
-4236
-5979
-6245
-4035
-432
1844
1533
-298
-507
1668
4925
7323
8138
7867
7265
7539
8068
8291
7659
7327
7980
9003
9186
9258
10962
12935
13521
11942
9716
7441
6048
5579
4506
2508
-650
-3539
-6251
-8808
-10586
-10161
-6732
-3487
-1893
-2418
-3430
-4466
-4727
-4198
-4888
-7210
-10736
-12409
-11379
-8601
-6328
-5549
-5327
-5576
-5443
-5248
-5001
-4839
-4229
-3072
-2605
-2988
-4428
-5555
-5238
-3124
-476
942
788
-125
448
3063
6408
8694
9250
8435
7619
7920
8536
8704
8444
8647
8847
8798
8349
8804
11106
13035
13161
11309
9415
7652
6719
6407
4732
2293
-1317
-4462
-7350
-9365
-9896
-8611
-5352
-3738
-3366
-3876
-4572
-5150
-5491
-4988
-5906
-7752
-10329
-11541
-10428
-8473
-6413
-5505
-5138
-5723
-6227
-6094
-5699
-4816
-3668
-2657
-2853
-3885
-4697
-4762
-3893
-2360
-629
470
400
0
868
3255
5853
7682
8814
8881
8578
8394
8721
9008
9004
8968
8557
7581
6174
6993
10380
13241
12984
10313
7969
6495
6197
6452
5630
2575
-1807
-4592
-6141
-8364
-10816
-10612
-7369
-4229
-2865
-2978
-4094
-5581
-5875
-4518
-4169
-6704
-10302
-11698
-10107
-7638
-5611
-4803
-4838
-5355
-5358
-4567
-4361
-4645
-4413
-2843
-1834
-2512
-4014
-5253
-4839
-2905
45
1853
1682
759
984
3676
6949
9262
9594
8699
7979
7946
8322
8383
8470
8615
8632
8333
7477
8079
11169
13666
12478
9471
7912
7179
6572
5607
3489
677
-2079
-4362
-7025
-9571
-11606
-10623
-6610
-3917
-4105
-4983
-5023
-5967
-6133
-5245
-5703
-8284
-11056
-11135
-9061
-6475
-5779
-5872
-5514
-5487
-5411
-5024
-4672
-5157
-4227
-2251
-1603
-2847
-4559
-5128
-4180
-1656
631
1679
1361
1079
2508
5352
7697
8523
8970
9125
9099
9123
8915
8393
7924
8308
8551
8336
6911
6186
8501
12037
13104
10465
8003
6388
6130
6112
4863
1600
-2546
-4869
-6057
-7060
-9361
-10969
-9436
-6423
-4389
-4196
-4251
-5541
-6485
-5711
-4874
-6311
-9597
-11036
-10055
-7136
-5236
-4922
-5561
-5887
-5419
-4648
-3747
-4095
-4093
-3236
-2201
-2432
-3572
-4346
-4309
-2509
-162
1437
1450
998
1812
4388
7494
9186
9670
9565
9507
9464
9174
8757
8081
7923
7898
7809
6886
6633
9100
12232
13031
10436
7949
6578
6076
5826
4347
2007
-1640
-4655
-6902
-8735
-10621
-11762
-9420
-6315
-4437
-4226
-4846
-6214
-7414
-6324
-5469
-6610
-9397
-11032
-9969
-7504
-5540
-4793
-4347
-4518
-5104
-4900
-4272
-4427
-4573
-3510
-2183
-2146
-3214
-4307
-4469
-2746
22
2269
2946
2738
3201
5052
7469
8962
9747
9954
9671
9236
8849
8546
7806
7178
6644
6513
6099
5801
8062
11500
12608
10213
8014
7131
6779
6412
4834
2093
-1267
-4033
-5973
-7580
-10078
-12334
-11029
-7910
-5982
-5757
-5553
-6137
-6771
-5772
-4574
-5207
-8411
-10597
-10017
-6928
-4839
-4647
-4606
-4627
-4494
-4322
-3613
-3972
-4555
-3708
-2478
-1790
-2321
-3138
-3699
-2633
-137
1889
2910
2718
2701
4030
6741
9137
10216
10182
9404
8947
8817
8189
6944
6329
6380
6577
6461
6375
7536
9893
11568
10982
9228
7658
7091
6671
5127
2109
-1238
-3886
-6002
-7972
-10350
-12158
-11891
-9321
-6368
-4834
-4818
-5731
-6465
-6111
-5074
-5229
-7290
-9311
-9367
-7291
-5026
-4210
-4710
-5151
-4835
-4311
-3965
-4482
-5328
-5041
-3390
-1822
-1650
-2750
-3905
-3248
-445
2632
4033
3646
3029
3919
6461
8890
9867
9475
8527
8175
8256
8004
7160
6515
6478
6572
6494
6236
7112
9645
11747
11615
9654
7435
6015
5316
4554
2626
-36
-2950
-5574
-7860
-10778
-13206
-12987
-9778
-6101
-4094
-4124
-5922
-7348
-6937
-5016
-3965
-5327
-7591
-8655
-7735
-6146
-4614
-3537
-3432
-3946
-4326
-4366
-4915
-5551
-4782
-2613
-571
-435
-1991
-3744
-3575
-675
3230
5539
5194
3987
3821
5371
7880
9962
10483
9488
8206
7292
6586
5839
5499
5661
6116
6176
5478
5687
7761
10546
11426
10450
8868
7254
5884
3947
1964
-349
-2769
-5532
-8300
-10837
-13571
-13864
-11287
-7430
-5081
-4469
-4938
-6216
-6125
-4911
-3686
-4737
-7223
-8778
-8226
-6188
-4880
-3959
-3858
-4201
-4523
-4381
-4073
-4274
-3725
-2320
-794
-553
-1498
-2547
-2549
-751
2113
4476
4998
4104
3397
4405
6840
9317
10362
9660
8011
6826
6622
6570
6511
6222
5983
5604
5098
5122
7048
10276
11668
10520
8217
6471
5259
4535
3189
615
-2023
-4786
-7025
-9717
-12521
-14008
-12020
-7603
-5117
-4640
-5612
-6592
-6680
-4804
-2576
-2890
-5236
-7928
-8160
-6172
-3854
-3117
-3720
-4611
-5263
-4819
-4412
-4582
-4576
-2933
-730
193
-523
-2244
-2798
-888
2754
5275
5338
3553
2001
2887
5830
8680
9310
8505
7324
6687
6702
6509
6225
5652
5545
5646
5466
4804
4856
7617
10954
12189
10257
7060
4723
3746
3535
2016
-561
-3974
-6929
-8917
-10959
-13052
-13528
-10471
-6683
-4177
-3895
-5068
-5951
-5551
-3781
-2421
-2580
-5469
-8259
-8258
-6134
-4076
-3255
-3382
-4541
-4822
-4538
-4279
-4004
-3196
-1410
35
357
-1187
-2262
-1399
923
3632
5028
4709
3132
2898
4383
6331
7835
8330
8195
7080
5987
5376
5469
5833
5674
5596
5307
4629
3939
5488
9173
11629
11137
8597
6267
4545
3596
2651
850
-1566
-4343
-6571
-9111
-11869
-13602
-12400
-8828
-5792
-4075
-3508
-3579
-4390
-4340
-2995
-2370
-3438
-5773
-7099
-6865
-5363
-3869
-3467
-4051
-5477
-5779
-4926
-3744
-3131
-2409
-1075
-242
185
-83
-301
-367
604
2460
3941
4529
3791
3334
3889
5703
7457
7908
6966
5332
4886
5426
5896
5591
4978
4375
4059
4313
5111
6915
9192
10590
9761
7698
5413
3678
2655
1323
-251
-2256
-4361
-7060
-9581
-10998
-11577
-10090
-7502
-5118
-4161
-4072
-3796
-3513
-2505
-2025
-2386
-3631
-5661
-6834
-6319
-4350
-3312
-3479
-4244
-5395
-5710
-4850
-3063
-1641
-860
-419
-33
618
683
196
237
1581
3421
4339
3851
2641
2038
2970
5180
7239
7519
5882
4136
3868
4645
5082
4762
3927
3113
2966
3847
5057
6506
8637
10144
9517
6938
4596
3133
2107
1192
-132
-1871
-4632
-7797
-10125
-11054
-10705
-9261
-6403
-3957
-2952
-2508
-2297
-2289
-2122
-1323
-1303
-3130
-5859
-7440
-6487
-4340
-3169
-3264
-3995
-4693
-4652
-3284
-1884
-1388
-847
171
1249
1508
672
-621
-820
876
2994
3966
3128
1444
793
2095
4388
5930
5936
4811
3859
3973
4628
4862
4750
4593
4391
4279
4658
5370
6384
7993
8844
7812
5542
3468
2168
1415
811
-691
-2605
-4495
-6512
-8128
-9284
-9707
-8595
-5621
-3054
-2522
-2777
-3065
-2794
-1446
-269
-1119
-3742
-6034
-6767
-5799
-4474
-4439
-4999
-5029
-4623
-4002
-2850
-1715
-1209
-145
1616
2723
2330
781
-760
-806
1318
3469
3811
2560
1150
1067
2669
4720
5420
5043
4419
4073
4328
4773
4620
3781
3179
3179
3750
4357
4374
4848
6687
8401
8042
5554
2861
1296
1058
1179
305
-1655
-4300
-6147
-7003
-7741
-8506
-8214
-6075
-3840
-2513
-2254
-2345
-2286
-1947
-1301
-1547
-3202
-5611
-6889
-6257
-4614
-3475
-3426
-3776
-3716
-2920
-1837
-1065
-998
-554
905
2401
2621
1284
-281
-756
677
2542
2940
1715
249
134
1390
3413
4743
4751
4023
3267
3587
4295
4608
4209
3785
4054
4117
4156
3771
4500
6702
8274
7517
4534
2416
1288
1575
1978
1049
-1216
-4213
-5614
-6545
-7305
-8414
-7880
-5068
-2457
-1041
-1422
-1963
-2551
-1630
24
-39
-2747
-6692
-8191
-7048
-4599
-3569
-3864
-4492
-4451
-3087
-1548
-766
-1193
-572
1459
3339
2839
350
-1570
-1405
1052
3316
3559
1067
-1554
-1860
401
3453
4797
4361
2889
2507
3256
4424
4910
4271
3728
3911
4652
4094
3062
3616
5825
7646
7369
5622
3186
1144
582
1574
2285
911
-1907
-4236
-5839
-7329
-7973
-6754
-4395
-2707
-1673
-999
-1059
-1736
-1863
-1107
-1225
-2905
-5255
-6699
-6637
-5562
-3761
-2279
-1886
-2728
-3289
-2743
-2139
-1375
76
1964
2548
1596
232
-822
-712
405
1647
1631
261
-960
-1032
123
1414
2366
3184
3307
2854
2734
3349
4108
4309
4637
4412
3672
2844
2984
4910
6847
7196
5399
3563
2243
1501
1767
2013
1438
-223
-2020
-3772
-5633
-7003
-7194
-5097
-2662
-1450
-1183
-969
-1052
-1319
-733
-522
-1637
-3863
-5443
-5810
-5261
-4315
-3251
-2445
-2814
-3535
-3240
-2039
-1052
-152
1310
2260
1723
359
-603
-728
-226
889
1780
1446
-144
-1349
-854
592
1923
2652
2857
2391
1857
2011
2632
3381
3883
4027
3712
3092
2723
3170
5135
7363
7719
5472
2548
1462
2368
3490
2772
571
-1617
-2944
-3484
-4172
-5619
-6598
-5004
-1792
-131
-822
-2066
-2422
-1779
-621
-251
-1612
-4485
-6812
-6727
-4807
-3051
-2692
-2706
-2985
-3089
-2654
-1930
-1499
-1357
-188
1396
2034
976
-648
-1310
-778
742
2077
1772
53
-1035
-390
1107
2094
2390
2300
2370
2377
2325
2940
3558
3692
3208
2838
2434
2459
3335
4174
5402
6276
5941
4059
2399
2016
2059
2787
2255
368
-2074
-3396
-3628
-4413
-5169
-5370
-3335
-1161
-579
-958
-1352
-1091
-1098
-665
-1159
-3006
-5438
-6612
-5237
-3352
-2112
-2406
-2871
-2986
-2415
-1261
-443
142
249
865
1288
920
-273
-1192
-1099
-666
185
372
-127
-1221
-1503
-434
1199
2378
2169
1865
1687
2080
2647
3228
3359
2630
2229
2026
2340
2446
2796
3971
5525
6087
4565
3047
2157
1925
2125
2561
2266
545
-1023
-2209
-3133
-4455
-5062
-3807
-1750
-298
-213
-249
-821
-1560
-1629
-1475
-2145
-3947
-4946
-4984
-4053
-3012
-2456
-2368
-2606
-2162
-1506
-769
-755
-666
404
1547
1725
415
-940
-2026
-2114
-1087
-234
-289
-1320
-1773
-1224
95
1114
1403
1586
1641
1970
2582
2993
2468
1795
1961
2510
2976
2965
2939
3773
5320
6058
5247
4092
3384
3274
3319
2907
1837
519
-574
-1472
-2163
-3044
-3823
-3488
-1983
-552
-15
12
-408
-1115
-1640
-1967
-2600
-3847
-4964
-5192
-4217
-3005
-2556
-2733
-2983
-2842
-2254
-1342
-894
-798
-396
264
421
-274
-1261
-1869
-1704
-1105
-680
-672
-1062
-1500
-1307
-369
856
1584
1691
1683
1857
2190
2215
2090
2165
2506
3015
3009
2805
2637
3215
4602
5771
5838
4560
3797
3795
4086
3726
2626
1742
836
202
-846
-1901
-2840
-3357
-2239
-698
347
-138
-889
-1408
-1749
-1610
-1984
-2637
-4156
-5114
-4848
-3706
-2975
-3323
-3358
-3045
-2433
-2010
-1741
-1750
-1394
-316
537
329
-969
-2192
-2546
-1665
-944
-1106
-1989
-2995
-3162
-2413
-938
17
792
1502
1926
2158
2079
2315
2548
3204
3782
4020
3889
3213
3453
4806
6443
6394
4846
3638
3416
4136
4276
3609
2256
1092
433
-323
-1097
-2279
-2651
-1841
-336
612
219
-422
-1327
-1797
-2050
-2252
-2814
-4047
-4709
-4488
-3341
-2818
-2941
-2937
-2726
-2323
-2268
-2070
-1834
-1150
-104
417
-25
-1264
-2211
-2453
-1959
-1486
-1366
-1539
-1900
-2119
-1903
-1146
-275
656
1167
1292
1256
1323
1573
1892
2570
3023
3462
3744
3662
3583
3994
5106
5801
5639
4631
3756
3645
3791
3680
2865
1780
659
-90
-434
-930
-1619
-1877
-1166
-29
563
44
-1218
-2449
-2863
-2620
-2607
-3356
-4513
-4981
-4402
-3344
-2909
-2934
-2864
-2641
-2384
-2245
-1947
-1592
-1126
-878
-847
-987
-1397
-1989
-2386
-2086
-1651
-1370
-1503
-1911
-2017
-1414
-332
444
880
993
1218
1668
2071
2528
3256
4207
4470
4251
4205
4359
4946
5931
6727
6396
5219
3949
3180
3261
3263
2762
1929
981
63
-557
-944
-1630
-1793
-988
-56
74
-686
-1752
-2502
-2458
-2158
-2319
-3294
-4726
-5430
-4804
-3568
-2971
-3026
-3260
-3371
-3032
-2464
-1982
-1862
-1624
-1007
-530
-796
-1871
-2626
-2593
-1883
-1166
-1018
-1475
-2283
-2405
-1646
-346
638
1003
1187
1434
2078
2594
2905
3149
3407
3850
4220
4336
4066
4190
5177
6204
6341
5329
4200
3953
4280
4268
3428
2320
1268
557
350
-198
-1204
-1926
-1637
-772
-395
-678
-1403
-1859
-2072
-2350
-2639
-3297
-4180
-4646
-4243
-3782
-3933
-4209
-4191
-3653
-2968
-2671
-2666
-2546
-2084
-1479
-930
-998
-1862
-2587
-2569
-2050
-1809
-2073
-2538
-2718
-2316
-1569
-597
212
692
1158
1933
2629
2643
2582
3096
3991
4576
4555
4437
4345
4437
5034
5950
6452
5755
4783
4504
4647
4737
4277
3557
2474
1572
1455
1276
380
-1271
-1689
-606
222
-189
-1691
-2727
-3248
-2849
-2174
-2638
-3826
-4896
-4592
-4099
-4271
-4740
-4969
-4295
-3643
-3034
-2838
-3207
-3526
-3192
-1910
-1364
-1982
-3064
-3718
-3445
-2772
-1848
-1643
-2114
-2529
-2107
-801
105
513
808
1564
2455
2949
3098
3021
3453
4490
5937
6823
6272
5163
4968
6126
7096
6939
5947
4693
4079
3967
3866
3218
2312
1863
1948
2060
1083
-468
-1251
-1049
-483
-355
-958
-2398
-3715
-3910
-3451
-3146
-3583
-4421
-5011
-5094
-4994
-5000
-4845
-4478
-3987
-3438
-3297
-3874
-4463
-4086
-2940
-1929
-1851
-2724
-3633
-3674
-2837
-1850
-1359
-1542
-1907
-1624
-590
578
1331
1714
2138
2621
2934
2929
2920
3495
4633
5813
6482
6357
5679
5249
6006
7223
7306
6186
5044
4670
4773
4832
4297
3050
1892
1480
1571
1223
22
-1135
-1224
-541
-330
-1016
-2270
-3534
-4073
-3763
-3580
-4426
-5661
-6052
-5551
-4873
-4542
-4531
-4480
-4235
-3693
-3250
-3401
-3886
-3929
-3278
-2813
-3063
-3593
-3794
-3433
-2737
-2003
-1786
-2080
-2144
-1351
17
993
1298
1311
1602
2221
2827
3247
3531
4028
4871
5796
6314
6168
5753
5849
6576
7076
6520
5384
4722
4724
4786
4307
3450
2590
2049
1927
1882
1316
136
-605
-309
241
-54
-1149
-2341
-3353
-4010
-4094
-3915
-4242
-5062
-5567
-5368
-5153
-5318
-5311
-4703
-3819
-3405
-3460
-3721
-3920
-3709
-3130
-2617
-2679
-3135
-3392
-3270
-2863
-2310
-1734
-1257
-1052
-800
-133
704
1247
1453
1831
2498
3074
3327
3433
3926
4880
5988
6596
6260
5576
5692
6899
7734
6936
5303
4298
4260
4384
4111
3367
2158
1348
1433
1857
1429
-7
-1079
-1083
-487
-337
-1169
-2730
-4310
-4682
-3880
-3325
-4021
-5262
-5716
-5471
-5043
-4896
-4909
-4689
-4114
-3478
-3489
-3987
-4430
-4341
-3713
-3039
-2667
-2752
-3096
-3099
-2349
-1300
-769
-754
-758
-591
-154
628
1351
1669
1788
2134
2851
3553
4023
4364
5013
5836
6303
6302
6051
5914
6066
6325
6336
5861
5149
4359
3902
3760
3389
2802
2433
2420
1886
906
19
-513
-736
-951
-1060
-1436
-2358
-3586
-4439
-4339
-4294
-4542
-4850
-5209
-5786
-6317
-5851
-5054
-4596
-4704
-4792
-4385
-4205
-4202
-3961
-3309
-2824
-2740
-2527
-2523
-2673
-2625
-1887
-757
-200
-218
-227
296
872
1304
1960
2686
3276
3633
4049
4592
5201
5880
6443
6861
6884
6720
6612
6567
6365
5894
5317
4596
4056
3737
3565
3237
2525
1655
820
326
35
-112
-217
-626
-1235
-2044
-2804
-3478
-3967
-4284
-4670
-5120
-5577
-5920
-6275
-6477
-6275
-5664
-5079
-4910
-5067
-5228
-5069
-4523
-3747
-3237
-3212
-3211
-2784
-2088
-1672
-1518
-1290
-769
-131
300
654
1064
1534
1930
2316
2677
2842
3084
3842
5065
6086
6561
6550
6245
5983
6197
6913
7355
6887
5789
4949
4571
4075
3273
2619
2442
2473
2335
1676
500
-504
-640
-234
-333
-1284
-2456
-3113
-3260
-3286
-3460
-4053
-5077
-6014
-6228
-5951
-5878
-6020
-5800
-5218
-4937
-5085
-5214
-5047
-4662
-4027
-3287
-2991
-3186
-3255
-2670
-1747
-1104
-792
-535
-309
-70
507
1346
1893
2112
2518
3077
3299
3279
3669
4613
5506
5852
5824
5641
5442
5607
6361
7010
6767
5905
5139
4613
4128
3798
3630
3275
2450
1437
772
369
43
-156
-197
-515
-1378
-2302
-2958
-3330
-3477
-3357
-3358
-3974
-5130
-6204
-6548
-6247
-5700
-5347
-5432
-5834
-6070
-5676
-4925
-4229
-3760
-3421
-3231
-3180
-3058
-2749
-2065
-1160
-287
147
-6
-299
-90
741
1634
2422
3076
3397
3266
3150
3705
4640
5600
6702
7757
7658
6051
4749
5284
6690
6786
5351
3800
2942
2730
2806
2537
1427
500
1164
2573
2435
358
-1277
-935
273
518
-609
-2415
-4111
-4747
-4066
-3247
-3716
-4960
-5384
-4787
-4374
-4989
-6001
-6343
-5791
-4936
-4490
-4855
-5656
-5747
-4589
-2872
-1717
-1539
-1739
-1486
-573
379
797
770
825
1306
1860
2070
1926
1777
1991
2607
3288
3581
3582
3731
4173
4671
4956
5027
5036
5130
5309
5422
5233
4699
4133
3713
3349
2929
2353
1657
1091
958
1059
874
244
-516
-951
-1003
-960
-1276
-2028
-2801
-3172
-3211
-3508
-4293
-5153
-5542
-5334
-4925
-4744
-5009
-5363
-5246
-4667
-4126
-4011
-4065
-3934
-3543
-3133
-2875
-2658
-2285
-1594
-775
-160
31
94
528
1370
2284
2881
3195
3404
3564
3684
3754
3788
3804
4036
4672
5422
5655
5231
4725
4668
5029
5289
5144
4635
4006
3497
3060
2502
1710
966
538
347
106
-333
-841
-1264
-1472
-1492
-1550
-1921
-2634
-3393
-3886
-3986
-3970
-4244
-4905
-5615
-5996
-6082
-6078
-5961
-5587
-5034
-4592
-4339
-4108
-3844
-3471
-2795
-1813
-941
-628
-783
-864
-490
258
1065
1624
1899
2094
2476
3111
3711
4074
4335
4725
5143
5279
5180
5172
5365
5523
5370
4896
4410
4227
4448
4694
4373
3440
2511
2202
2327
2199
1533
651
41
-258
-581
-1246
-2118
-2630
-2524
-2251
-2577
-3595
-4609
-4928
-4546
-4109
-4219
-4886
-5612
-5901
-5715
-5429
-5363
-5482
-5469
-5185
-4791
-4498
-4211
-3652
-2727
-1578
-599
-181
-316
-416
184
1433
2525
2845
2633
2519
2800
3380
4033
4539
4889
5275
5680
5793
5476
5064
5061
5457
5641
5272
4628
4119
3822
3647
3440
3039
2562
2210
1871
1255
414
-262
-510
-632
-1141
-1942
-2529
-2792
-2978
-3225
-3539
-3890
-4036
-3936
-3984
-4445
-5043
-5278
-5088
-4887
-4970
-5094
-4997
-4863
-4735
-4404
-3883
-3327
-2737
-2128
-1690
-1446
-1127
-522
267
937
1370
1705
1993
2196
2521
3093
3659
3954
4150
4457
4777
4930
4907
4969
5191
5305
5061
4561
3987
3488
3190
3083
2893
2506
2194
2113
1998
1513
778
180
-206
-538
-762
-882
-1244
-2082
-2938
-3318
-3414
-3676
-4041
-4098
-3745
-3233
-2854
-2934
-3604
-4338
-4424
-3945
-3782
-4247
-4603
-4305
-3790
-3506
-3216
-2712
-2192
-1785
-1227
-485
33
313
795
1557
2046
1973
1794
1974
2384
2754
3192
3744
4112
4177
4323
4777
5110
4933
4545
4355
4176
3680
3123
2871
2691
2257
1778
1608
1651
1556
1188
629
84
-119
65
145
-351
-1246
-1965
-2425
-2933
-3507
-3830
-3703
-3296
-2929
-2885
-3198
-3427
-3149
-2593
-2386
-2739
-3179
-3255
-3059
-2901
-2953
-3142
-3239
-3009
-2414
-1708
-1131
-631
-45
572
1007
1123
1085
1232
1686
2170
2351
2281
2296
2523
2785
2922
2959
3024
3199
3510
3745
3591
3127
2784
2705
2458
1748
1007
780
1036
1384
1524
1362
865
319
100
15
-377
-956
-1120
-816
-756
-1400
-2300
-2773
-2697
-2389
-2195
-2260
-2477
-2429
-1863
-1199
-1059
-1514
-2059
-2301
-2283
-2161
-1971
-1734
-1541
-1455
-1394
-1261
-1076
-883
-661
-315
105
354
355
331
506
875
1276
1542
1585
1462
1434
1730
2219
2504
2466
2474
2654
2545
1955
1377
1285
1519
1661
1588
1383
1146
1020
1063
1040
627
79
-25
319
524
200
-438
-1108
-1611
-1672
-1292
-1002
-1212
-1575
-1499
-1004
-716
-905
-1302
-1565
-1543
-1259
-1065
-1324
-1726
-1653
-1103
-711
-856
-1265
-1531
-1504
-1123
-541
-199
-262
-391
-286
-105
-44
51
279
468
612
899
1263
1441
1469
1639
1876
1845
1557
1297
1221
1279
1460
1715
1756
1393
888
644
674
784
835
785
619
340
83
-86
-197
-202
-83
13
-172
-664
-1044
-997
-688
-537
-719
-1044
-1291
-1331
-1225
-1103
-1050
-1001
-801
-545
-504
-775
-1033
-919
-570
-372
-534
-926
-1232
-1296
-1143
-950
-842
-752
-626
-409
-168
35
204
339
489
614
679
712
728
727
724
831
1108
1354
1325
1129
1091
1255
1360
1282
1192
1244
1359
1374
1140
695
409
613
1101
1281
881
283
-90
-197
-201
-228
-251
-265
-283
-326
-441
-567
-564
-417
-304
-381
-566
-765
-976
-1122
-1128
-1003
-899
-892
-877
-884
-932
-919
-768
-550
-522
-707
-964
-1186
-1219
-1048
-771
-539
-374
-146
107
276
332
364
473
582
581
446
240
89
97
261
418
449
436
547
827
1089
1274
1412
1428
1246
876
573
487
511
477
263
-16
-164
-66
202
339
220
55
44
127
43
-230
-460
-470
-276
-128
-217
-469
-614
-438
-74
136
19
-249
-353
-221
-83
-159
-424
-657
-681
-547
-428
-421
-450
-361
-111
135
192
54
-108
-122
0
126
108
-67
-266
-334
-214
-42
11
-31
-18
97
216
294
349
362
356
365
392
322
76
-162
-199
-39
104
70
-47
-136
-149
-74
76
185
166
125
155
192
133
52
98
301
485
471
265
31
-38
99
312
350
129
-94
-88
51
57
-155
-345
-253
58
286
230
20
-85
39
280
360
149
-171
-323
-251
-101
-82
-221
-398
-517
-512
-430
-356
-303
-226
-104
-1
-28
-176
-296
-263
-73
105
90
-128
-374
-447
-340
-213
-197
-262
-291
-231
-126
-90
-114
-127
-41
124
250
277
183
20
-96
-73
91
317
466
473
396
329
336
384
419
450
478
489
447
304
167
136
207
308
327
289
262
281
313
257
134
26
14
49
-20
-184
-335
-354
-250
-164
-164
-224
-249
-172
-100
-126
-220
-313
-310
-247
-251
-364
-484
-473
-338
-203
-205
-325
-397
-312
-154
-54
-34
-68
-96
-107
-135
-123
-46
44
82
93
143
216
259
222
151
193
310
355
269
152
150
228
276
251
211
254
319
281
183
158
265
369
295
77
-84
-72
-8
-55
-177
-224
-152
-54
-56
-138
-182
-134
-41
-13
-104
-210
-238
-189
-117
-134
-232
-318
-316
-233
-135
-75
-79
-100
-103
-94
-85
-91
-110
-111
-72
-27
-18
-43
-67
-36
53
140
171
129
85
92
136
183
196
172
119
73
59
78
119
135
140
146
133
83
39
72
173
279
304
211
90
20
18
33
12
-27
-77
-106
-97
-67
-28
-14
-20
-27
-27
-21
-29
-69
-92
-63
-28
-41
-128
-221
-234
-171
-91
-51
-41
-23
-2
-9
-45
-48
-8
21
-5
-80
-128
-117
-50
25
37
-2
-63
-80
-23
46
72
48
21
18
25
22
-14
-34
-9
25
30
-12
-33
14
62
74
55
29
27
36
50
64
67
41
17
14
25
37
35
26
16
-7
2
46
98
123
80
23
-22
-22
16
27
7
-14
-8
20
1
-55
-89
-85
-30
9
2
-34
-88
-106
-92
-72
-47
-31
-29
-35
-50
-39
2
37
50
19
-27
-37
-17
15
36
33
34
51
53
27
12
39
84
116
82
12
-26
-14
25
45
29
11
10
15
14
-12
-27
-18
-7
0
-14
-33
-39
-50
-52
-54
-51
-41
-26
-20
-32
-35
-42
-47
-39
-24
-33
-60
-74
-68
-36
-9
7
1
-6
-7
-12
5
38
70
77
65
41
27
35
55
84
102
86
64
57
60
65
57
57
64
65
56
53
58
51
23
-10
-12
2
11
2
-8
-18
-21
-41
-69
-74
-82
-74
-51
-55
-72
-91
-93
-76
-81
-91
-92
-90
-71
-56
-62
-77
-94
-86
-57
-37
-26
-37
-42
-34
-26
1
18
28
24
14
17
26
38
54
78
91
92
85
71
81
82
82
97
107
116
112
97
84
85
89
87
88
86
67
54
45
39
29
30
30
9
-11
-43
-51
-52
-50
-47
-58
-85
-107
-110
-100
-78
-62
-69
-99
-115
-115
-105
-88
-78
-81
-78
-67
-79
-85
-67
-40
-19
-5
-8
-15
-17
-11
5
21
39
47
44
35
28
23
40
60
76
101
109
98
81
59
71
92
94
106
92
73
60
37
42
48
43
37
23
16
16
4
-9
-29
-31
-29
-26
-33
-49
-64
-83
-96
-102
-90
-74
-80
-91
-98
-105
-99
-89
-69
-52
-56
-53
-46
-26
-6
-7
-2
-3
-6
0
11
30
59
75
64
47
36
49
83
107
115
106
102
107
97
92
93
100
115
117
96
90
89
87
88
80
65
37
15
-10
-30
-24
-22
-28
-47
-78
-107
-134
-141
-134
-136
-141
-161
-174
-163
-170
-170
-169
-175
-154
-143
-140
-133
-123
-92
-78
-78
-61
-44
-25
-1
17
40
46
50
64
74
91
95
106
138
155
158
157
158
172
187
191
170
156
177
204
199
173
160
170
169
153
130
108
83
66
63
46
9
-22
-33
-40
-66
-100
-111
-119
-144
-166
-183
-187
-206
-229
-242
-253
-257
-259
-254
-247
-245
-241
-215
-182
-176
-166
-151
-122
-89
-77
-56
-38
-11
22
46
77
99
111
139
161
184
214
228
238
244
246
248
243
243
252
254
263
260
242
238
228
227
211
185
165
133
107
76
39
16
-13
-43
-59
-92
-119
-142
-168
-184
-209
-223
-230
-249
-265
-276
-268
-276
-295
-306
-308
-318
-327
-316
-300
-294
-288
-268
-240
-215
-200
-181
-145
-111
-76
-37
8
51
81
115
153
192
236
268
297
313
319
345
366
379
381
378
380
381
392
405
420
420
403
373
333
307
285
255
210
146
84
34
-3
-30
-67
-107
-151
-195
-219
-221
-213
-226
-252
-288
-324
-344
-360
-379
-408
-445
-485
-508
-498
-472
-448
-421
-399
-394
-390
-363
-308
-236
-170
-129
-102
-86
-64
-12
53
114
164
189
210
231
259
299
329
353
363
371
386
397
412
431
439
431
417
400
390
389
379
354
313
276
241
218
205
172
141
101
57
31
9
-24
-60
-94
-136
-182
-224
-249
-276
-306
-337
-378
-408
-430
-452
-463
-481
-484
-468
-458
-445
-427
-402
-367
-331
-298
-265
-225
-184
-150
-116
-72
-37
6
57
97
142
177
215
253
283
319
344
364
390
416
434
442
441
441
431
426
412
393
387
371
346
316
278
246
207
175
139
80
39
-4
-48
-89
-146
-194
-226
-266
-299
-330
-357
-366
-390
-415
-428
-430
-415
-404
-395
-382
-374
-361
-341
-327
-296
-256
-216
-176
-147
-120
-84
-49
-11
26
60
102
142
180
198
211
240
264
291
322
349
370
381
383
390
390
384
376
360
357
354
342
308
276
250
221
200
169
138
111
69
26
-10
-53
-96
-146
-191
-233
-271
-294
-322
-343
-362
-381
-395
-418
-431
-433
-434
-433
-425
-409
-399
-398
-386
-362
-333
-298
-273
-240
-188
-140
-109
-80
-36
18
65
103
146
205
264
298
334
368
406
437
447
459
487
511
510
497
481
474
468
450
418
393
370
346
309
260
224
187
139
79
15
-34
-68
-103
-160
-222
-260
-290
-331
-376
-415
-428
-442
-464
-484
-492
-474
-456
-449
-448
-429
-390
-358
-343
-324
-288
-245
-199
-163
-128
-71
-20
4
25
53
110
147
176
211
238
277
295
295
305
329
357
367
374
381
384
381
371
366
367
365
342
307
285
262
225
178
128
94
70
43
1
-54
-100
-142
-179
-212
-250
-274
-303
-330
-347
-372
-393
-413
-415
-402
-387
-374
-371
-364
-343
-317
-293
-267
-254
-245
-238
-209
-142
-89
-61
-40
-20
13
57
106
155
198
220
243
280
327
370
382
384
390
402
421
433
444
434
422
408
396
390
373
342
300
257
217
187
165
132
87
50
12
-33
-75
-125
-170
-200
-242
-273
-309
-342
-365
-398
-419
-429
-439
-437
-437
-429
-417
-407
-379
-356
-335
-317
-298
-269
-239
-208
-176
-143
-110
-76
-45
-9
26
52
84
112
152
187
209
228
245
262
275
277
290
310
333
346
342
334
336
334
330
321
310
304
284
270
259
237
218
189
158
141
112
84
46
7
-25
-64
-86
-111
-154
-199
-236
-267
-288
-302
-314
-329
-336
-337
-336
-335
-338
-341
-338
-334
-319
-294
-277
-256
-245
-233
-210
-188
-158
-119
-85
-61
-35
-6
22
50
77
110
153
188
225
251
269
304
314
329
345
357
376
368
352
340
322
311
299
286
284
264
238
208
173
141
109
74
40
14
-10
-49
-89
-120
-150
-173
-191
-208
-225
-238
-250
-264
-276
-282
-287
-293
-295
-300
-307
-305
-297
-290
-270
-250
-231
-216
-201
-171
-138
-111
-81
-47
-12
22
45
67
105
142
175
200
209
239
265
283
303
309
328
333
328
317
306
300
287
277
262
236
207
177
147
109
80
53
25
-3
-42
-74
-110
-132
-160
-192
-217
-246
-260
-282
-309
-317
-322
-325
-325
-329
-322
-310
-295
-277
-252
-229
-195
-161
-154
-134
-111
-82
-52
-31
3
37
72
101
120
154
182
206
233
257
292
320
332
352
355
378
391
386
395
382
382
376
357
348
325
301
275
239
207
166
130
99
47
8
-38
-88
-129
-181
-226
-271
-308
-339
-387
-431
-459
-481
-497
-519
-540
-535
-541
-537
-519
-507
-475
-449
-422
-385
-356
-315
-263
-205
-150
-100
-49
-3
41
93
148
200
251
293
340
385
419
449
475
509
529
534
546
558
562
562
544
526
510
469
438
405
366
339
295
248
211
157
107
57
-2
-47
-103
-161
-212
-259
-301
-351
-390
-419
-451
-472
-486
-483
-466
-464
-467
-468
-453
-426
-418
-396
-366
-327
-288
-262
-226
-189
-158
-132
-105
-73
-28
14
45
74
98
122
141
160
188
226
264
294
313
331
347
365
381
387
397
396
401
404
393
381
357
342
329
300
273
236
209
173
131
94
56
23
-18
-64
-112
-155
-192
-223
-254
-280
-302
-308
-321
-341
-354
-365
-366
-355
-347
-330
-305
-293
-281
-274
-263
-241
-220
-185
-146
-116
-98
-83
-63
-39
-13
17
46
80
102
113
126
131
151
171
179
198
208
213
216
209
214
221
230
231
225
228
227
226
216
194
171
158
134
120
92
67
49
18
-14
-51
-69
-78
-91
-99
-110
-128
-142
-151
-160
-163
-169
-162
-159
-171
-172
-170
-166
-159
-158
-148
-129
-110
-95
-91
-72
-52
-39
-24
-26
-12
3
7
20
20
31
39
48
61
66
80
102
109
116
124
130
135
130
135
140
140
137
136
137
130
110
91
84
71
74
61
46
42
17
0
-16
-35
-44
-62
-78
-84
-104
-106
-115
-123
-114
-120
-122
-123
-127
-124
-113
-102
-103
-101
-90
-83
-79
-65
-51
-42
-29
-26
-16
-5
1
15
15
23
33
37
39
29
39
55
63
72
79
90
100
101
100
110
121
126
118
106
99
104
106
93
86
81
68
54
37
22
13
4
-8
-29
-46
-50
-57
-68
-77
-95
-110
-125
-135
-133
-145
-150
-149
-158
-164
-167
-161
-149
-141
-132
-118
-107
-95
-82
-78
-64
-50
-43
-35
-18
-3
18
38
45
64
88
101
119
131
145
167
183
194
200
213
230
240
241
239
245
246
233
227
228
209
187
165
155
131
90
65
49
28
-9
-49
-69
-93
-130
-160
-179
-194
-213
-243
-259
-266
-272
-287
-301
-301
-295
-290
-286
-285
-275
-250
-232
-221
-205
-178
-156
-130
-100
-71
-41
-25
-13
11
46
88
125
155
177
190
197
209
228
243
256
267
266
271
273
266
257
248
236
231
221
193
182
173
151
124
93
75
54
30
11
-13
-32
-49
-77
-86
-100
-120
-130
-153
-157
-159
-165
-167
-183
-183
-181
-186
-181
-181
-170
-161
-162
-162
-156
-150
-142
-136
-126
-104
-96
-81
-67
-56
-31
-17
12
30
35
49
52
67
79
90
105
112
116
121
133
138
140
148
150
140
131
128
126
128
120
112
112
98
80
66
48
37
25
12
1
-15
-25
-32
-41
-43
-53
-61
-68
-78
-80
-82
-83
-88
-93
-94
-90
-97
-102
-96
-91
-78
-68
-56
-43
-36
-29
-30
-30
-22
-14
-1
9
11
13
8
12
19
20
36
39
46
46
43
48
43
42
42
36
44
54
49
50
50
43
49
50
41
29
26
25
14
8
11
15
15
8
0
-4
-12
-23
-30
-41
-42
-33
-31
-30
-40
-41
-45
-47
-50
-48
-34
-28
-30
-32
-31
-33
-34
-29
-20
-13
-10
-8
-8
-3
10
8
13
14
19
18
11
19
23
28
27
28
33
34
31
23
23
30
32
26
22
29
27
20
8
6
12
6
-2
0
0
1
4
-5
-8
-10
-13
-11
-20
-16
-13
-19
-21
-24
-25
-28
-31
-20
-18
-22
-25
-21
-12
-10
-9
-12
-2
-1
-3
-1
-4
-2
-5
-3
-5
-8
-6
3
10
13
25
28
31
25
14
21
23
16
15
16
24
28
20
23
21
13
4
2
11
13
14
20
16
3
-11
-22
-14
-8
-7
0
-8
-4
-6
-25
-29
-31
-26
-23
-22
-23
-25
-30
-38
-30
-30
-19
-16
-10
-2
-5
-1
-4
-8
-10
-11
-3
1
-1
2
0
5
6
-1
9
13
18
17
10
23
22
15
19
21
32
31
19
21
28
28
21
15
17
25
24
18
15
18
21
11
9
5
9
12
3
-1
-11
-16
-21
-19
-15
-18
-24
-23
-21
-19
-21
-24
-21
-21
-17
-12
-14
-14
-20
-28
-29
-35
-33
-21
-17
-13
-15
-9
-7
-13
-8
-4
-3
3
-5
-13
-7
-1
7
10
18
19
14
16
21
22
25
25
27
29
22
23
24
26
24
21
25
27
19
13
12
16
14
8
-1
1
8
8
1
0
5
2
3
4
-7
-13
-18
-23
-25
-23
-17
-17
-17
-13
-12
-12
-15
-14
-16
-19
-10
-3
-2
-4
-10
-7
-6
-14
-14
-17
-16
-13
-6
-2
1
11
5
3
3
-1
0
6
14
20
12
13
14
6
1
-10
-11
4
5
6
10
11
12
4
-1
2
7
11
9
6
6
0
-9
-14
-13
-9
-7
-6
2
5
-2
-7
-19
-19
-20
-16
-6
-10
-5
-6
-13
-5
-6
0
12
12
19
16
9
10
11
15
15
11
8
12
11
16
15
14
20
14
13
14
6
16
14
7
7
0
-5
-10
-11
-9
-3
-12
-9
-4
-9
-17
-20
-7
-6
-13
-11
-5
-6
-12
-22
-19
-12
-8
-12
-24
-16
-17
-28
-15
-5
1
4
0
0
5
5
3
9
10
9
4
6
0
4
5
-1
12
16
20
19
13
13
14
17
19
19
19
18
7
6
1
-3
-1
0
3
6
5
5
8
5
-3
-20
-18
-10
-12
-10
-14
-9
-19
-19
-12
-16
-10
-11
-7
-8
-21
-26
-19
-16
-8
-1
1
5
-3
2
6
0
5
3
7
11
7
11
5
-1
-5
1
11
16
9
11
10
3
3
-6
-3
2
7
16
10
9
9
0
2
5
5
14
6
6
5
-3
12
11
5
9
9
16
13
4
-2
-2
-7
-22
-30
-23
-8
2
12
6
2
6
-2
-5
-6
-2
1
-15
-10
-1
-6
-7
-10
-7
-15
-21
-17
-9
-6
-9
-9
-4
1
-4
-8
-4
-5
3
-3
-6
3
10
10
4
7
4
-4
-10
-11
-8
0
7
12
15
20
17
17
13
7
2
-2
1
7
10
1
-1
4
2
-3
-2
6
17
21
18
17
9
2
-3
1
2
-1
4
-6
-14
-15
-9
-8
-8
-11
-15
-15
-14
-15
-17
-17
-11
-4
-8
-6
-3
0
-3
-4
-9
-14
-10
-13
-15
-10
-12
-10
-4
-2
10
16
25
26
25
27
17
17
15
9
6
6
14
22
18
17
14
9
17
13
6
12
9
9
3
-1
9
15
12
-6
-17
-8
-8
-11
-7
-9
-8
-1
-6
-10
-13
-17
-19
-27
-25
-21
-20
-13
-14
-15
-13
-15
-12
-16
-23
-19
-11
-3
1
-2
8
1
-5
-6
-13
2
7
-3
-2
-2
3
9
13
13
5
-3
-6
-1
4
6
13
24
23
20
13
5
9
2
4
12
10
18
9
2
5
-1
2
3
-1
-5
0
2
5
12
20
22
23
24
17
13
12
9
10
4
-1
-2
-7
0
3
-3
2
-4
-5
-5
-18
-19
-10
-2
2
-9
-12
-17
-24
-17
-18
-12
-6
-12
-17
-13
-10
-10
-18
-9
-2
-7
-13
-22
-9
-7
-14
-17
-23
-17
-15
-11
-3
-6
-2
4
-1
-14
-15
1
15
24
21
15
8
6
3
2
3
8
17
18
19
14
12
15
16
17
14
22
35
40
35
23
21
17
12
6
7
12
3
2
-2
-7
-5
-7
-8
-7
5
7
4
-6
-11
-9
-8
-8
-14
-19
-25
-27
-30
-20
-14
-19
-20
-20
-15
-15
-20
-15
-10
-3
-8
-20
-20
-13
-8
-7
-4
2
6
-1
-8
-4
0
-2
-6
-6
-8
3
8
17
24
21
13
13
19
19
26
27
24
22
19
17
19
22
23
14
18
23
23
26
29
30
23
16
-5
-10
-5
-15
-18
-6
2
4
5
-7
-11
-23
-33
-31
-29
-22
-26
-27
-26
-29
-24
-24
-25
-17
-20
-15
-14
-24
-25
-29
-27
-28
-21
-12
-1
-2
0
6
11
9
4
16
21
17
12
13
15
14
11
13
14
21
24
18
23
20
13
8
12
20
25
24
23
23
20
11
12
12
4
16
13
9
17
14
8
4
2
-8
-7
-2
-11
-18
-18
-17
-20
-12
-14
-16
-5
-13
-14
-16
-18
-13
-14
-10
-10
-11
-9
-18
-20
-15
-18
-2
-3
-15
-10
-13
-18
-22
-21
-3
9
4
-2
-8
-4
-12
-11
0
12
28
23
9
11
13
16
9
-7
5
19
15
10
4
13
18
10
6
9
20
21
12
3
2
6
6
4
4
6
8
2
-5
-9
1
13
20
19
13
8
-6
-13
-11
-12
-5
1
-12
-14
-15
-21
-22
-15
0
12
19
26
28
16
2
-13
-16
-17
-16
-2
1
8
5
-7
-15
-30
-21
-25
-32
-22
-19
-12
-7
1
5
3
1
-3
-8
-9
-7
-6
-8
-8
0
-3
-12
-7
-4
-2
4
-4
-5
3
8
4
5
0
7
14
13
19
20
20
14
12
9
24
25
18
15
14
16
8
11
18
23
26
25
15
14
18
6
3
3
3
12
0
-7
-11
-17
-19
-23
-12
-2
5
3
-9
-10
-10
-9
-1
-5
-7
-14
-28
-32
-36
-35
-28
-19
-10
-5
-11
-19
-17
-23
-23
-14
-10
2
5
-8
-11
-6
-6
-3
-5
-2
4
1
6
11
13
9
5
13
14
11
18
18
23
24
15
17
19
16
20
19
20
20
7
8
6
6
17
22
27
19
8
1
-10
-4
1
2
4
2
-6
-10
-19
-19
-5
-1
-4
-9
-10
-11
-21
-23
-12
-5
-8
-15
-22
-24
-25
-27
-26
-15
-9
-12
-16
-18
-7
1
2
4
7
15
10
0
-7
-1
11
12
14
15
16
9
1
8
12
18
16
13
19
15
10
1
0
9
8
7
8
9
21
20
8
4
-5
3
0
-7
-1
-5
-2
-2
-16
-18
-11
-12
-12
-18
-14
-7
-11
-10
-18
-17
-17
-22
-19
-15
-8
-1
-3
3
3
-10
-5
-5
-2
0
-1
6
13
18
16
6
10
17
12
12
12
19
26
18
10
7
5
4
7
15
21
18
8
6
5
6
5
2
0
-3
-6
-15
-18
-20
-17
-9
0
0
-7
-5
-7
-5
-12
-10
-10
-12
-8
-12
-18
-23
-23
-17
-16
-15
-5
-1
4
1
-4
0
1
0
-1
7
12
16
16
11
3
4
5
6
5
2
7
2
-6
-4
9
25
18
8
9
14
8
5
2
2
6
1
-4
-5
1
6
-3
-3
10
16
18
1
-3
6
3
2
-7
-1
4
-1
-5
-11
-5
4
-10
-14
-10
-8
-5
-17
-23
-18
-22
-25
-19
-5
-4
-7
-5
3
3
3
8
4
-6
-2
-7
-7
-4
-10
5
9
16
18
15
23
17
11
18
12
1
-6
2
11
1
2
8
7
14
8
9
11
6
4
3
1
3
1
7
4
-12
-18
-22
-9
-6
-10
1
0
-3
-10
-27
-22
-15
-10
-7
-6
-6
-13
-23
-17
-4
-6
-4
-5
0
7
6
1
-1
1
5
7
9
7
9
16
5
7
4
3
9
5
9
13
14
8
4
8
12
7
14
17
19
24
16
7
6
6
2
2
6
8
7
2
-15
-18
-11
-9
-6
-10
-9
-3
-11
-9
-4
-10
-10
-13
-20
-16
-18
-17
-14
-19
-24
-23
-25
-15
-13
-12
0
5
0
-10
-13
-8
1
9
12
12
14
15
7
7
8
12
12
5
13
25
26
15
6
13
19
16
19
26
30
23
10
8
4
-3
-1
-6
-6
-5
-5
-4
-1
0
1
3
-8
-20
-13
-13
-5
-1
-4
-3
-19
-26
-28
-29
-26
-24
-11
-1
-6
-8
-8
-9
-11
-8
1
-3
-7
0
2
6
10
6
13
15
15
7
3
11
8
15
16
19
20
18
12
1
10
7
4
5
4
6
9
2
-7
-7
-7
-5
-7
-4
8
6
3
-1
-8
-1
-6
-8
-3
-4
5
3
-4
5
14
12
1
-6
-5
-8
-17
-25
-18
-11
-5
-6
-8
-1
3
-2
-10
-3
3
5
6
-7
-6
2
-4
-2
2
8
5
-4
-5
-1
-1
2
3
0
-7
-10
-7
-8
2
1
-6
-3
4
8
8
11
16
16
10
10
10
10
3
5
8
8
9
0
2
5
-5
-4
-10
-5
2
-3
4
2
6
14
12
5
-1
-7
-7
-9
-10
-7
-1
5
-5
-7
-5
-6
-13
-18
-11
-4
3
6
5
5
2
-1
-1
0
1
-4
-9
-8
1
2
-2
3
5
-4
-3
-2
2
14
11
5
3
7
5
7
10
11
2
-8
-17
-23
-16
-13
-8
-7
-8
-5
-7
-11
-12
-11
7
15
7
7
-1
-9
-7
-12
-9
-1
-1
6
-2
0
14
7
11
5
3
11
-1
0
12
17
24
23
21
27
15
10
7
5
7
-4
-1
4
9
12
2
1
2
-5
-5
-6
-1
-4
-15
-22
-34
-23
-16
-16
-14
-13
-8
-1
1
-1
-11
-9
-3
-12
-5
0
-4
-1
0
-14
-14
-9
-8
-1
-5
4
10
6
5
1
1
2
-7
-4
7
10
17
18
24
20
11
14
9
11
12
10
15
7
-4
-8
4
16
17
22
17
13
13
11
7
10
11
4
-8
-13
-16
-17
-5
4
7
-1
-4
-11
-16
-14
-18
-18
-15
-20
-24
-15
-9
-17
-28
-23
-27
-24
-16
-12
-4
-2
-10
-17
-14
-9
-6
-11
-6
4
1
0
1
9
4
-8
0
7
13
15
7
11
21
24
31
37
36
34
26
21
21
12
8
8
12
18
13
16
8
4
16
12
12
6
10
12
-6
-13
-7
1
4
-2
-4
2
1
4
-6
-16
-20
-29
-21
-19
-18
-3
2
1
-5
-12
-12
-14
-19
-22
-13
-6
-4
-10
-19
-16
-18
-11
-6
0
5
5
3
-9
-7
-5
-7
4
7
-8
-14
-21
-20
-14
-12
1
-2
-7
-8
-16
-8
-2
5
18
17
6
3
4
7
11
17
18
14
11
7
8
12
4
9
18
14
23
21
12
14
12
18
26
24
24
27
23
15
3
5
6
-2
-2
1
8
18
17
8
4
4
4
-4
-7
-8
-18
-20
-26
-29
-19
-8
-1
1
-1
-1
-18
-28
-36
-41
-29
-24
-21
-16
-11
-13
-18
-17
-18
-14
-16
-16
-21
-23
-16
-16
-12
-1
12
11
6
5
8
10
9
12
16
13
5
1
4
3
5
7
15
24
25
18
17
12
13
16
16
29
30
27
24
21
21
16
16
17
16
17
7
-1
-4
-11
-2
-5
-4
5
9
10
-6
-8
-6
-8
-4
-8
-10
-15
-23
-29
-30
-20
-17
-16
-15
-24
-21
-17
-16
-11
-6
-8
-11
-13
-17
-15
-11
-15
-17
-10
-8
-10
-19
-16
-11
2
11
5
13
12
8
8
6
14
23
22
15
17
21
20
11
21
25
22
18
11
16
17
11
8
13
15
8
2
-2
4
7
7
1
-3
-4
-4
2
2
0
1
1
-11
-19
-21
-16
-9
-6
-5
-8
-9
-16
-18
-10
-6
-1
-4
-11
-9
-18
-16
-11
-9
3
3
-4
-6
-10
-6
1
-5
10
11
16
15
-2
-3
-1
2
8
7
6
10
3
-3
-7
-3
7
9
5
2
6
1
-8
-3
1
4
2
3
11
10
7
4
7
13
11
0
-6
-1
-4
-10
-11
0
19
15
1
-6
-7
3
-2
-9
-7
-10
-3
-7
-7
3
-3
-3
-11
-13
-5
-2
-3
-6
-10
-15
-19
-22
-9
3
12
14
6
4
2
1
2
-1
6
8
3
-4
-14
-14
-12
-11
1
6
9
19
8
5
10
6
8
4
9
9
3
12
16
13
11
12
8
4
5
7
12
4
6
8
1
-1
-3
1
12
18
10
-6
-15
-12
-5
-1
3
8
2
-6
-3
-7
-10
-8
-2
4
8
2
-3
4
2
-6
-19
-18
-16
-16
-10
-17
-16
-21
-24
-17
-13
0
-8
-21
-27
-38
-24
-18
-6
6
11
13
2
-6
-10
-5
-4
-1
3
3
11
11
2
1
-2
10
29
18
17
16
11
20
15
16
19
17
19
6
3
18
16
6
3
7
18
18
9
6
16
17
18
22
23
24
8
2
1
-1
-4
-10
-12
-15
-17
-29
-30
-10
-4
-6
-13
-15
-13
-23
-29
-30
-28
-12
-14
-20
-17
-20
-13
-15
-12
-8
-10
-3
-2
2
7
9
6
-4
-13
-6
-4
-6
-3
3
18
25
21
17
21
26
15
1
5
14
21
16
14
11
12
8
11
20
30
26
13
7
1
4
-8
-14
-6
-6
-8
-10
-9
-4
7
4
4
5
-3
-8
-13
-17
-21
-22
-17
-11
-7
-5
3
-3
-12
-22
-12
3
7
6
-1
-1
-4
-6
-6
-11
-7
-6
-5
-8
-12
-3
-7
-10
-8
-11
-10
-13
-23
-24
-11
-1
12
-1
1
13
5
7
3
-5
1
7
8
6
0
5
8
5
9
12
23
26
23
32
30
32
33
21
19
19
22
25
17
17
28
24
14
13
26
32
25
18
16
14
7
1
-6
-10
-14
-11
-12
-16
-27
-29
-24
-31
-44
-46
-41
-31
-30
-37
-32
-35
-38
-36
-34
-28
-26
-27
-25
-30
-34
-28
-22
-13
-2
5
8
4
1
-4
7
6
10
19
13
10
2
-12
-11
-1
1
9
14
22
33
36
31
26
39
38
32
34
36
30
21
9
0
-1
4
12
14
16
13
15
21
23
23
21
19
16
5
0
-8
-6
4
1
8
9
-3
-9
-19
-17
-4
1
-4
-7
-13
-20
-27
-31
-27
-17
-12
-13
-10
-15
-19
-19
-24
-17
-16
-18
-13
-28
-28
-24
-20
-7
4
11
4
-2
-3
-5
1
2
-8
-3
1
-7
-4
-12
-13
0
8
19
19
16
14
9
-1
-7
0
8
14
18
15
7
-5
-14
-1
14
11
21
28
22
21
8
5
21
23
18
11
14
26
15
5
4
2
5
3
-3
5
2
2
3
-10
-3
-3
-11
-12
-8
2
0
-7
-16
-25
-20
-15
-20
-13
-4
-13
-18
-21
-18
-13
-6
-1
-3
-3
-10
-20
-16
-16
-13
-7
-9
-10
-10
-11
-14
-12
-8
1
3
9
18
20
24
10
13
20
11
11
15
24
27
14
16
19
17
24
11
12
28
25
23
17
13
15
5
-8
-4
-1
0
-11
-14
-8
-9
3
-4
-7
3
-8
-15
-22
-15
-4
-14
-15
-17
-13
-5
-18
-23
-11
-6
0
-4
-7
-5
-6
3
-3
-8
-5
-8
-9
-7
-7
-7
-3
-3
3
4
-4
-1
0
3
11
12
9
-1
-13
-8
0
6
4
12
7
-3
3
-5
-6
-6
-14
-6
1
-1
-1
-3
-1
-2
0
-2
8
26
33
24
19
25
23
20
7
9
23
13
3
1
3
3
2
-2
2
0
-2
2
2
3
-3
-6
0
-3
-9
-20
-21
-8
-6
-11
-17
-15
-8
-11
-12
-10
-5
-11
-11
-6
-4
1
0
12
17
12
1
-4
0
1
0
-4
-2
3
-3
-5
1
10
21
19
14
20
20
17
6
-5
-2
1
-5
-11
-9
-2
-7
-11
-6
3
3
-7
-8
3
9
3
-11
-15
-11
-21
-28
-28
-6
3
-1
-3
-3
-1
-14
-15
-16
-7
-2
-15
-6
0
4
3
3
10
16
12
-3
-1
-1
-10
-16
-12
-3
2
4
8
13
15
10
13
12
11
15
12
19
18
19
17
7
2
-3
-3
4
8
16
27
23
25
18
12
6
-5
-6
6
6
5
11
10
13
-5
-9
-4
-12
-3
1
0
3
-4
-12
-11
-8
-6
-6
-5
-10
-11
-13
-22
-19
-16
-16
-7
-7
-11
-17
-23
-22
-29
-23
-6
-3
-11
-15
-18
-12
-14
-18
2
5
7
3
-11
-3
-4
-12
-18
-12
5
13
14
13
11
15
25
18
24
29
24
31
25
25
20
6
5
2
5
14
15
21
18
17
16
3
9
11
5
4
-5
-11
-11
-8
-7
-13
-11
-10
-10
-14
-15
-11
-8
-4
-6
0
-11
-13
-11
-8
2
-6
-7
-4
-4
-6
-9
-8
-1
-4
-11
-14
-9
3
5
2
7
5
8
3
-8
-2
-2
-4
-13
-14
-7
-1
-5
-10
-3
-3
3
6
3
6
7
6
-1
-4
-3
3
4
6
-2
-1
13
19
17
8
14
20
19
13
8
13
14
13
14
19
28
24
13
8
0
-2
-3
-4
8
13
7
4
-1
-1
1
2
11
13
4
-8
-22
-31
-28
-27
-25
-25
-15
-10
-19
-20
-26
-21
-8
-14
-18
-15
-19
-25
-29
-36
-28
-21
-12
-8
-8
-1
-7
-8
-4
-3
6
0
8
14
1
4
3
2
11
11
22
31
28
32
24
13
9
2
3
3
1
13
18
28
33
29
26
27
23
11
10
16
18
8
1
5
4
0
-7
-4
-2
5
6
-5
7
13
5
-9
-20
-11
-10
-12
-8
-14
-5
4
-7
-6
-12
-15
-12
-21
-21
-15
-17
-11
-14
-17
-13
-24
-22
-12
-10
-7
-19
-12
-1
-7
-2
-2
-4
0
-6
0
6
1
2
3
8
13
-1
1
6
7
16
7
14
18
6
15
12
5
9
7
8
4
8
11
10
17
23
20
8
8
10
11
5
-3
5
5
2
-3
-5
6
7
-1
-8
-7
0
-5
-5
-3
-6
-7
-18
-32
-29
-23
-21
-12
-6
-3
-4
-9
-16
-13
-6
-6
-7
-9
-13
-11
-9
-8
-4
-2
-1
6
8
2
-3
-10
-2
-4
-3
5
15
20
18
22
33
31
24
19
23
26
12
9
3
5
5
-9
-2
8
8
10
17
18
14
10
10
0
-3
-14
-25
-13
-11
-9
-5
-11
-6
-8
-11
-5
-10
-7
-11
-15
-14
-20
-19
-16
-13
-15
-13
-1
5
5
8
8
6
11
5
0
-1
-6
-11
-10
7
16
13
8
4
2
-2
-9
-2
1
9
7
-7
-10
-17
-11
2
1
6
13
7
4
-14
-23
-14
-2
7
5
4
2
-1
-1
0
12
18
23
21
7
8
1
-3
-1
6
20
22
25
26
19
11
6
-6
0
12
9
4
-4
-9
-6
-9
-12
-11
-15
-10
-5
0
7
-2
-3
-11
-24
-28
-28
-19
-12
-15
-12
-11
-14
-17
-25
-23
-24
-18
-8
-10
-8
-4
-2
3
1
-5
1
6
3
-2
-3
10
8
7
6
11
27
25
25
22
23
36
31
21
17
13
16
15
14
17
13
7
11
10
6
11
4
12
17
11
14
19
16
1
-2
1
-6
-12
-13
-14
-15
-15
-19
-22
-20
-16
-24
-28
-22
-23
-15
-12
-13
-14
-18
-17
-21
-12
-1
-5
-4
-11
-18
-24
-25
-19
-14
-5
4
-14
-27
-18
-8
0
1
-3
2
5
-8
-1
11
16
13
-1
2
13
16
14
22
25
18
12
9
17
39
38
33
30
26
31
20
19
19
14
15
13
16
17
19
22
21
16
8
3
-6
-2
-10
-12
-2
0
-1
-12
-21
-19
-8
-7
-1
-6
-18
-18
-32
-36
-37
-37
-36
-30
-29
-30
-31
-38
-31
-22
-24
-20
-22
-19
-11
-14
-10
-12
-10
3
3
4
9
16
19
18
17
10
11
15
12
13
9
9
18
22
32
37
40
52
45
38
30
25
27
25
19
21
23
20
21
6
4
7
10
9
-1
0
1
-2
-9
-16
-19
-18
-22
-20
-19
-14
-13
-19
-27
-31
-25
-31
-39
-34
-33
-29
-26
-35
-34
-31
-24
-15
-9
2
-2
-14
-27
-26
-16
-11
-12
-5
10
7
-2
6
15
21
30
18
16
19
8
6
-5
3
16
16
29
27
18
16
13
13
13
20
22
24
24
10
12
12
11
16
16
24
24
19
20
24
21
18
14
3
7
13
13
8
3
12
21
15
1
-7
-13
-17
-18
-23
-16
-4
-6
-15
-30
-35
-31
-33
-32
-21
-14
-24
-43
-52
-45
-28
-17
-12
-16
-16
-14
-20
-13
-6
-2
3
-10
-16
-21
-26
-16
-13
-8
-3
-4
-4
-9
-6
1
3
9
14
13
14
13
12
20
21
23
23
26
27
26
35
37
34
40
36
23
21
11
9
12
9
15
11
9
11
10
15
11
12
10
9
17
13
7
0
-6
-9
-16
-13
-5
-2
-5
-14
-26
-33
-37
-41
-30
-19
-14
-16
-18
-11
-7
-6
-5
-11
-11
-13
-16
-10
0
1
-6
-6
4
-2
-6
-4
3
3
-2
0
1
4
1
0
-1
3
8
4
3
10
14
17
14
-1
-1
5
4
5
16
28
30
22
13
10
18
18
14
13
7
5
-9
-18
-19
-15
-12
-14
-9
-3
-9
-17
-23
-21
-12
-13
-21
-15
-20
-26
-33
-29
-15
-13
-2
-4
-12
-14
-24
-17
-4
-4
-1
-3
-5
5
5
1
14
22
27
17
8
22
26
21
16
10
25
24
17
25
25
34
28
18
20
16
17
10
13
26
18
10
10
-2
-11
-6
-7
6
14
14
8
-1
4
-2
-7
0
-4
-3
-6
-15
-6
-7
-11
-20
-37
-25
-20
-25
-17
-19
-23
-19
-19
-19
-22
-22
-16
-19
-18
-22
-23
-18
-16
-19
-15
-6
2
7
5
6
14
12
2
-1
0
3
-2
-3
-6
-6
-7
-3
1
-5
4
13
9
10
14
11
10
9
6
11
20
24
21
21
16
17
14
6
12
19
18
22
19
17
15
14
14
21
20
17
13
6
13
8
2
6
12
14
5
0
-7
-19
-18
-17
-25
-21
-20
-17
-12
-8
-11
-5
0
-8
-13
-25
-29
-21
-19
-18
-20
-23
-28
-27
-30
-30
-15
-12
-5
-1
-9
-8
-8
-12
-10
-6
-2
0
5
9
15
16
11
12
8
10
12
19
18
12
12
12
18
22
7
10
16
11
16
5
8
21
21
23
21
17
9
3
2
-1
-2
-1
-10
-5
-5
-1
-1
2
11
4
3
-1
-5
-10
-8
-5
-2
-4
-1
-3
-7
-5
-8
-12
-11
-8
-7
-8
-12
-13
-12
-14
-11
-7
0
1
-7
-1
1
0
2
-2
11
6
-1
-5
-19
-20
-19
-10
-1
-1
-2
-2
3
6
6
8
-3
-15
-9
-8
0
3
2
-1
-5
-5
-3
-2
-1
1
6
17
26
26
22
12
4
10
16
24
32
32
32
22
12
9
6
2
-6
-7
-8
-5
0
-6
-3
-2
-9
-13
-14
-24
-27
-13
-6
5
-1
-9
-4
-9
-6
-13
-13
-6
-4
-1
-9
-11
-12
-21
-27
-22
-8
13
14
4
11
11
9
3
4
8
11
11
1
-3
0
2
7
12
8
14
21
12
4
-1
-4
-1
-10
-7
6
7
19
24
11
2
-7
-19
-16
-8
-5
0
1
-4
-11
-13
-5
-1
-5
2
6
-1
-6
-11
-12
-6
-7
-9
-13
-7
-8
-6
-8
-6
5
-2
0
-9
-17
-5
-4
3
9
7
6
-6
-7
-4
-7
0
-1
9
18
15
16
18
12
9
12
17
19
21
20
11
11
10
5
6
9
11
8
-5
-12
-1
1
4
1
6
12
-4
-21
-24
-16
-11
-7
-7
-9
2
-4
-11
-2
3
8
2
-7
-10
-18
-22
-22
-16
-13
-8
-9
0
14
11
6
6
13
4
-8
3
4
0
0
-3
3
1
1
-2
-3
5
2
8
6
0
-4
-12
-7
-2
5
15
18
7
2
1
-2
-5
9
13
-2
-9
-14
-12
-9
-9
-7
-1
1
-12
-22
-14
-9
-5
6
7
9
5
-3
-6
-5
1
4
5
6
9
14
17
5
0
2
-1
-2
4
13
19
16
15
14
13
13
5
-3
-4
-3
-2
-6
-13
-7
3
5
4
-3
2
5
1
3
-3
4
8
-3
-7
-12
-12
-13
-18
-7
-3
-2
6
2
8
9
-5
-4
-1
-8
-13
-15
-12
-1
8
3
