SAMPLES:	16469
BITSPERSAMPLE:	16
CHANNELS:	1
SAMPLERATE:	16000
NORMALIZED:	FALSE
48
37
31
28
15
9
3
18
30
33
31
37
43
34
29
33
25
21
24
25
45
39
8
-9
-11
-14
-14
-4
-5
3
5
-8
-22
-44
-64
-76
-90
-86
-86
-87
-69
-61
-47
-40
-54
-66
-77
-82
-63
-45
-30
-25
-26
-31
-40
-30
-22
-20
-11
1
26
44
34
24
25
20
4
-14
1
25
34
44
49
68
87
75
51
41
56
81
74
61
77
77
64
42
37
53
50
49
51
62
67
47
29
9
4
13
12
16
29
33
20
-11
-36
-34
-34
-35
-28
-30
-21
-27
-54
-74
-95
-107
-106
-96
-72
-45
-21
-17
-37
-47
-52
-49
-53
-53
-31
-25
-33
-49
-44
-29
-21
-27
-13
17
34
34
22
29
42
39
21
-1
-10
6
11
1
10
39
69
66
60
60
49
29
-2
-17
-5
2
3
7
3
7
-1
-13
-8
-8
-7
-5
-8
7
22
26
28
25
18
2
-10
-10
-3
10
16
4
-7
-13
-1
21
25
29
28
15
2
-12
-17
-20
-24
-24
-18
-13
-2
9
14
18
16
-3
-24
-33
-37
-51
-46
-31
-32
-30
-28
-24
-9
7
16
16
18
19
10
-15
-37
-45
-53
-54
-41
-15
20
49
60
64
46
22
-1
-6
-6
-12
-7
-3
2
6
6
20
39
56
73
75
75
69
50
29
2
-25
-33
-32
-15
10
39
51
31
3
-29
-49
-48
-33
-12
-8
-9
-14
-26
-38
-39
-40
-51
-58
-65
-62
-55
-43
-18
1
20
18
7
6
2
8
14
-6
-33
-56
-69
-70
-39
7
41
51
38
27
29
22
10
9
-8
-21
-34
-45
-38
1
44
64
84
86
73
70
47
22
27
35
36
29
13
14
26
30
38
36
32
32
8
-9
-7
10
23
17
17
30
59
69
65
72
59
30
-6
-50
-74
-68
-68
-78
-72
-53
-29
-35
-47
-51
-51
-51
-67
-86
-103
-95
-91
-94
-97
-85
-62
-48
-37
-26
9
29
15
-6
-37
-34
-14
-14
-5
-3
16
30
21
7
4
25
26
18
19
31
58
75
76
86
99
94
77
51
37
28
6
-4
-1
7
27
44
46
55
61
56
48
27
19
25
33
30
29
56
70
62
52
46
58
50
18
5
5
4
-19
-59
-76
-88
-99
-93
-87
-51
-10
0
3
-13
-34
-56
-97
-120
-126
-125
-109
-100
-76
-55
-47
-32
-32
-40
-27
-14
-17
-34
-49
-42
-25
-18
-11
4
19
31
20
11
2
1
12
25
50
78
104
123
129
103
70
54
43
37
25
17
32
59
72
64
47
27
21
23
15
20
25
23
8
-13
-21
-20
-5
18
53
86
83
51
2
-55
-87
-97
-76
-39
-15
-6
-21
-49
-76
-95
-92
-63
-17
21
53
69
52
6
-45
-85
-121
-137
-120
-90
-47
-2
30
62
67
52
30
0
-19
-43
-49
-35
-18
14
30
41
43
26
14
4
8
33
40
33
14
-11
-25
-22
-7
27
72
99
91
45
-21
-74
-95
-88
-50
8
65
91
77
42
-2
-29
-47
-36
-5
23
60
68
60
38
7
-2
-4
14
43
65
80
65
32
-19
-68
-86
-84
-76
-50
-28
-6
5
-20
-20
-32
-38
-15
-19
-4
-5
-26
-23
-41
-57
-42
-50
-28
-10
-22
-1
-34
-52
-52
-66
-30
3
32
73
58
44
38
2
-7
-27
-27
19
25
40
68
65
87
81
61
77
74
75
44
-12
-14
-20
-37
-35
-25
18
52
52
58
51
50
38
-11
-40
-52
-65
-56
-45
-26
9
23
42
37
7
-6
-28
-26
-32
-46
-31
-41
-45
-38
-51
-41
-29
-18
-24
-65
-64
-59
-57
-38
-28
8
42
32
-4
-40
-36
-28
-46
-55
-33
4
8
-1
1
35
70
72
67
66
83
79
44
25
23
23
21
25
48
59
68
63
48
43
21
-9
-16
-5
4
-10
-36
-40
-39
-55
-73
-56
-4
35
44
34
36
50
29
-17
-45
-44
-22
-26
-34
-15
9
1
-25
-31
-13
13
23
25
45
55
41
15
-5
-16
-19
-29
-37
-29
-38
-68
-88
-99
-76
-38
-10
27
59
59
32
11
1
-23
-45
-61
-57
-45
-44
-33
-26
-5
-1
-5
7
30
50
50
53
62
53
43
27
16
28
31
30
34
37
38
25
7
7
17
17
23
29
24
22
3
-11
-19
-34
-29
-14
9
25
16
6
-7
-22
-29
-26
-28
-37
-33
-28
-33
-33
-31
-17
-11
-18
-17
-16
-4
-8
-25
-22
-13
-14
-23
-34
-25
-24
-25
-14
-4
8
13
16
23
27
14
7
11
18
27
25
32
35
27
16
5
19
36
47
51
45
38
17
0
3
14
26
25
28
35
28
18
4
0
0
4
3
-15
-37
-49
-53
-50
-46
-30
-15
-16
-24
-24
-24
-26
-25
-30
-21
-12
-8
-8
-24
-31
-32
-39
-26
-8
6
17
2
-11
-8
0
14
16
19
15
2
1
-6
-4
11
9
18
25
22
31
32
31
40
21
6
-2
-11
-9
-16
-12
-3
-5
-10
-15
-5
21
29
17
19
14
10
-1
-1
14
15
21
17
-3
-1
-3
-11
-5
-3
0
-2
0
1
-3
7
0
-5
3
-8
-4
10
11
17
14
1
-5
-18
-25
-33
-40
-20
-4
-3
2
-6
-9
-17
-23
-23
-24
-5
13
23
13
-7
0
-9
-20
-21
-18
-6
-1
0
-15
-20
-12
2
19
23
27
27
22
23
29
25
15
-2
-11
-8
-14
-18
-16
-7
1
17
23
15
17
9
2
8
12
11
7
12
15
15
26
32
34
33
18
2
-2
-10
-20
-22
-18
-9
-9
-13
-16
-11
-10
-11
-14
-11
-5
-10
-22
-29
-21
-31
-40
-41
-46
-41
-33
-28
-16
-12
-14
-21
-20
-4
-2
-2
-2
-7
-19
-12
-12
-8
10
19
20
15
21
34
42
51
53
39
25
15
13
22
36
55
53
44
40
30
27
16
15
29
34
46
47
45
57
47
34
22
1
-10
-26
-35
-24
-28
-13
-13
-27
-28
-43
-45
-56
-66
-41
-43
-37
-33
-45
-42
-52
-53
-38
-40
-37
-27
-27
-17
-22
-21
-4
-10
-5
-6
-13
1
6
16
26
13
24
9
-6
0
-7
15
36
39
37
19
11
5
-4
7
20
30
21
-3
-3
0
6
31
30
28
28
19
15
10
17
26
25
29
29
27
15
-6
-9
4
10
10
14
18
17
16
4
-13
-18
-4
9
14
20
7
-13
-29
-39
-35
-28
-21
-18
-21
-29
-35
-35
-38
-39
-31
-33
-44
-43
-57
-53
-41
-39
-23
-21
-19
-11
-9
0
0
2
4
-1
3
4
1
7
11
29
49
50
49
39
28
34
29
38
54
55
60
56
38
31
20
10
3
0
13
28
36
44
35
25
18
11
8
-1
3
8
5
10
20
18
12
-1
-22
-34
-44
-49
-47
-42
-25
-9
-10
-4
-13
-36
-55
-71
-68
-55
-40
-18
-15
-27
-30
-36
-45
-50
-56
-49
-28
-18
-16
-15
-16
-3
-1
2
16
18
10
4
4
4
10
23
32
44
51
48
46
38
24
12
6
16
30
25
21
23
16
16
8
9
13
17
22
14
10
14
20
15
14
24
21
16
11
3
8
9
9
0
-5
2
3
12
14
4
-4
-9
-17
-19
-21
-22
-13
-13
-19
-21
-20
-10
-15
-17
-12
-9
-2
-13
-27
-22
-21
-20
-9
-11
-16
-18
-22
-23
-27
-24
-4
3
-5
-13
-22
-21
-14
-5
-2
10
12
-2
2
-3
-6
5
13
21
19
15
14
17
19
22
23
31
27
14
14
15
24
18
5
6
2
-1
-9
-10
8
6
1
7
13
19
18
11
8
5
-11
-20
-17
-19
-15
-10
-6
-1
-1
-9
-16
-10
-10
-14
-7
-4
1
-4
-17
-19
-17
-8
-4
10
23
19
18
16
1
-1
-8
-6
8
7
1
-4
-7
-3
-3
-2
8
11
19
16
4
13
17
20
19
8
5
-2
-5
-5
-16
-22
-23
-25
-20
-13
-7
-3
-1
-1
-1
-6
-5
-2
-8
-4
-2
2
5
-3
-4
0
-4
-8
-11
-14
-9
-4
4
10
4
-8
-15
-11
-4
-4
-4
7
8
3
7
6
15
15
10
19
26
17
3
-7
-5
6
4
2
11
16
18
17
13
8
7
5
-3
-8
-6
-2
3
12
12
-1
0
-3
-5
-5
-9
4
0
-16
-17
-20
-11
-6
-16
-8
-7
-5
1
-3
2
8
5
-1
-9
-4
0
-5
-8
-8
1
6
6
18
26
18
9
10
15
6
-2
-3
-6
-12
-10
-6
-5
-10
-15
-13
-13
-14
-11
-4
2
4
7
4
1
-8
-9
-4
-13
-20
-27
-25
-13
-8
3
10
7
9
12
16
23
23
23
17
8
7
6
4
5
-3
-6
7
13
18
29
31
20
14
16
18
5
-5
-23
-29
-18
-16
-4
7
-1
-11
-9
-5
-5
-10
-6
1
-1
-3
-3
-9
-8
-2
-8
-6
-13
-21
-29
-29
-19
-17
-8
-5
-5
-7
-16
-3
20
25
17
18
24
17
5
4
17
26
34
19
3
14
2
-3
-3
-2
9
2
4
-5
-9
4
-11
-19
4
22
20
13
7
11
4
-1
0
-6
-1
-2
-15
-25
-27
-23
-20
-21
-20
-13
-14
-14
-18
-11
-1
2
8
4
9
12
-3
-8
-3
5
1
-3
10
13
16
13
6
14
19
16
10
4
12
19
8
-2
-2
4
3
-5
-3
6
0
-10
-9
-4
10
20
16
14
6
-10
-20
-25
-28
-16
-4
3
3
-7
-20
-17
-5
-1
9
-3
-11
-9
-15
-11
-8
-3
1
-10
-10
-2
-3
3
5
23
37
24
12
-4
-9
-19
-24
-13
0
7
8
10
14
21
20
13
11
19
27
22
16
17
21
18
7
2
4
13
15
13
13
11
7
-9
-20
-23
-25
-21
-18
-23
-19
-26
-43
-37
-34
-19
-2
-5
-1
2
-2
-3
-8
-9
-6
-9
-18
-20
-14
-8
-18
-21
-12
-12
-15
-10
-8
0
12
14
27
35
34
38
23
17
15
9
9
10
9
9
12
18
13
10
14
18
11
-2
-4
-2
1
5
8
8
8
14
10
4
7
14
19
8
2
-6
0
4
-6
-11
-15
-8
-9
-11
-4
4
5
-1
-8
-11
-14
-17
-18
-18
-19
-10
-6
-8
-3
-6
-5
-5
-13
-4
-13
-16
-2
-3
-5
-9
-14
-7
-8
-16
-15
-16
-8
-10
-13
3
3
11
6
-1
0
-12
-9
-7
1
19
17
15
16
14
25
29
25
19
17
18
11
3
7
1
1
7
4
15
16
19
16
6
5
-3
-1
0
8
10
11
9
-1
-13
-24
-24
-20
-20
-13
-9
-12
-7
-6
-4
-6
-7
1
-3
-2
0
-4
4
11
3
-3
-5
-11
-11
-11
-11
-5
-2
-5
-13
-17
-10
-4
7
1
7
24
24
17
1
5
20
19
12
8
6
7
-9
-12
-7
-5
5
0
1
2
-5
-6
-14
-12
-10
-14
0
5
-2
-1
-3
-8
-15
-14
-11
0
3
3
12
13
9
2
0
1
2
1
-5
0
6
-1
-3
-5
3
1
2
13
5
10
7
1
8
0
5
9
12
12
-1
-12
-2
6
-1
4
8
11
1
-25
-28
-12
-6
2
0
1
9
2
-4
-6
-2
1
-2
-2
-13
-17
-20
-30
-20
-10
-9
-2
2
5
13
18
20
23
26
21
9
7
7
6
11
11
15
18
1
4
4
-6
2
-1
5
3
-10
-8
-8
-5
-6
-4
8
6
2
3
0
4
4
-4
2
3
-3
-8
-20
-22
-13
-15
-16
-9
-9
-10
-11
-5
-1
-1
5
1
-1
-8
-14
-12
-19
-13
-15
-9
-3
-3
2
-6
-2
18
33
34
20
6
1
-5
-16
-22
-17
-6
-4
3
12
19
23
23
17
11
16
10
7
3
2
9
1
-9
-12
-9
-2
-11
-9
7
17
19
14
17
21
18
11
10
8
8
7
-2
-3
5
8
2
-4
18
19
5
0
-15
-10
-13
-25
-17
-14
-8
-2
-14
-16
-26
-36
-34
-36
-20
1
-1
-5
-4
-3
-5
-8
0
5
3
-3
-5
-5
-5
-10
-14
-5
2
9
-2
1
6
11
14
6
15
16
4
0
2
11
24
11
7
11
9
17
14
13
16
20
21
2
-11
-10
-8
2
6
5
8
9
4
-5
-2
9
8
5
1
-10
-12
-14
-14
-18
-10
-11
-15
-18
-18
-1
3
3
2
-1
-2
-12
-16
-9
-3
-2
0
0
7
5
-1
-4
-12
-11
-12
-8
3
3
2
3
9
7
4
1
13
12
7
6
-1
4
8
14
16
13
12
10
11
12
13
14
5
-5
-1
3
8
0
-8
-8
-16
-18
-23
-13
-9
-16
-13
-11
3
8
-1
4
8
8
-1
-4
3
10
4
-6
-7
-14
-15
-19
-16
-3
-4
-1
-7
-11
-1
0
-1
8
9
14
8
-13
-7
0
-4
3
2
-3
-5
-7
-4
-3
7
9
5
-3
-6
2
3
5
11
13
9
3
5
12
17
18
18
12
9
7
0
-1
-1
-1
-2
-2
2
3
11
8
-4
0
5
-2
-2
0
-3
-1
-12
-21
-15
-3
8
0
-10
-5
5
-2
-11
-12
-3
-2
-5
-6
-9
6
0
-7
-1
-9
-9
-9
-8
3
1
-1
4
1
3
-4
-9
2
-4
-7
-11
-10
3
-2
2
9
-11
-15
-11
-14
3
2
6
16
6
-7
-20
-15
3
11
18
17
14
14
0
0
15
29
43
34
26
19
8
7
7
17
26
21
11
-5
-9
-3
-16
-16
-4
-5
-5
-18
-20
-5
4
-1
-1
9
21
14
-16
-31
-31
-24
-16
-18
-3
10
3
-14
-36
-36
-23
-26
-14
1
5
8
-7
-13
-28
-23
-10
-15
-6
-8
-2
3
-5
4
19
23
19
19
8
-8
-22
-20
-7
3
19
26
25
26
3
-7
-3
10
21
14
26
26
26
24
12
23
37
36
27
13
4
5
-3
-11
-12
-5
-8
-15
-16
-11
5
18
20
24
24
25
17
7
5
-9
-14
-12
-17
-14
-16
-29
-19
-22
-22
-13
-19
-15
-23
-22
-20
-21
-13
-19
-13
2
-3
-12
-20
-18
-9
-10
0
1
-3
7
1
-10
-12
-13
-6
-4
5
6
-7
2
-1
7
5
0
7
1
-1
-1
1
11
16
26
35
29
28
23
11
4
0
9
22
17
14
8
-4
-6
-3
5
8
3
7
-1
-4
-1
-10
3
4
-3
7
9
16
19
9
21
11
-2
-7
-22
-12
-17
-28
-18
-13
-10
-20
-25
-11
-5
-15
-10
-5
-1
-8
-16
-6
0
-5
-3
-6
-6
-8
-20
-10
-8
-3
9
5
13
6
-3
5
7
24
26
15
20
18
11
9
4
3
9
11
8
-1
-1
7
8
6
2
8
19
9
4
0
-7
-6
-17
-7
-5
-17
-10
-17
-13
-3
-9
-5
-2
-6
-3
-21
-16
-7
-14
-3
-9
-6
1
-2
3
-3
-6
0
-5
-1
2
-7
-5
-11
-14
-7
-15
-9
0
-4
12
20
9
9
3
16
23
24
30
16
15
5
3
8
-1
5
12
13
14
8
6
13
12
5
10
13
14
5
-4
5
3
7
3
-2
7
-4
-11
-10
-5
0
-6
-13
-22
-17
-11
-10
-3
1
-6
-17
-19
-21
-20
-14
-6
-6
-12
-5
-6
-6
-8
-12
-13
-16
-10
-17
-10
9
8
8
4
5
8
0
-12
-3
9
16
12
15
19
11
3
-2
-7
-3
0
-3
-1
-4
-6
-8
0
7
9
16
17
23
23
19
14
15
19
13
2
-5
-1
-5
-9
-3
-8
-11
-8
-5
-2
-1
2
6
11
8
4
5
8
9
-8
-8
-5
-1
5
-3
2
6
7
12
15
5
1
-4
-15
-12
-11
-6
-4
-9
-9
-9
-5
-5
-9
-7
-1
-5
-3
1
-1
-10
-18
-15
-24
-21
-17
-17
-12
-13
-10
-3
-3
-5
-5
-5
-6
-8
-2
3
4
2
3
11
17
11
7
3
-6
5
15
16
27
20
16
15
9
17
21
17
23
21
19
9
3
2
-6
3
2
0
8
-2
-3
1
2
15
8
3
12
3
1
1
-8
2
-5
-6
-9
-19
-11
-17
-14
-13
-18
-13
-9
-17
-15
-13
-14
-8
-10
-1
1
2
3
-11
-10
-17
-25
-14
-12
-9
6
5
11
5
10
20
5
8
3
1
6
1
1
4
5
12
15
14
20
14
6
5
6
10
6
3
5
0
2
3
-3
-9
-1
-4
-3
-4
-4
-1
-7
-13
-18
-7
-3
-7
-19
-24
-5
-5
-9
-5
3
5
-5
-5
-2
3
2
9
15
16
11
-7
-6
2
0
-1
0
20
22
8
2
-5
1
2
-8
-1
10
12
12
9
16
12
-2
-5
-2
7
2
-8
-8
3
11
-5
-11
1
5
7
1
0
8
1
-11
-24
-19
-5
-1
-11
-7
3
3
3
-9
4
3
6
4
-4
4
5
4
-1
1
10
12
3
-8
-8
-4
-12
-16
-9
0
0
-15
-13
-12
-14
-8
-8
0
5
-2
-6
-16
-11
-8
-14
-15
-18
-9
-3
-4
1
5
16
19
6
12
16
11
9
-6
-4
4
-2
1
7
10
14
7
10
29
25
23
23
21
27
20
18
20
14
9
2
3
10
5
7
-1
0
7
-4
-4
-4
-4
0
-11
-15
-9
-15
-13
-19
-23
-18
-15
-10
-12
-13
-12
-12
-17
-17
-16
-16
-20
-20
-8
-6
-4
-1
-8
-2
1
-7
-10
-14
-12
-12
-15
-13
-6
1
3
4
7
11
6
17
26
11
9
15
13
7
7
15
12
8
-1
-5
11
10
6
8
9
19
21
19
28
21
22
20
9
21
11
0
-2
-3
-3
-9
-11
0
14
12
-4
-9
-3
-3
-6
-13
-14
-6
-6
-9
-5
-9
-12
-15
-22
-15
-11
-6
-2
-4
8
11
3
-11
-13
-7
-12
-22
-20
-13
-6
-6
-10
1
1
-5
-10
-14
-3
1
-2
-11
-7
-1
3
6
0
8
9
1
-1
-4
5
10
11
9
8
7
6
4
8
14
10
6
8
11
12
14
6
6
11
-1
-11
-8
3
17
22
14
-1
-7
1
-2
0
-8
-2
11
3
0
-7
-4
5
-2
-5
-6
-2
4
-13
-19
-18
1
14
8
11
9
2
-9
-17
-8
3
7
1
2
14
2
-13
-16
-5
0
-15
-15
-10
-4
-7
-24
-19
-4
-2
-4
-1
9
14
8
-6
-2
3
1
-7
-15
-1
8
5
-6
-6
17
35
28
27
9
-42
-47
-11
49
46
-37
-72
26
118
33
-136
-109
60
114
29
-106
-39
78
116
33
-101
-116
62
245
91
-96
-126
21
-57
-259
-248
-37
160
-23
-79
81
222
99
-120
-12
293
531
247
-305
-514
-289
5
9
-214
-279
72
339
214
-102
-378
-319
174
593
374
-220
-334
150
761
737
-248
-897
-572
347
766
51
-894
-849
134
1077
805
-859
-1862
-863
989
1105
239
-798
-377
156
1469
3985
3458
-988
-6405
-4465
169
2930
983
-2261
-1669
230
2529
722
-1445
-2568
1296
5722
4320
-326
-3569
-2342
-1379
-872
-1154
-619
-708
-1070
80
1641
2059
1663
2360
2445
1035
-1864
-4343
-4609
-1876
1641
2704
403
-1923
-1315
1134
2896
3328
2919
990
-1393
-2571
-1704
-428
549
1023
784
-132
-874
-232
512
560
285
890
1673
1304
-6
-1002
-1077
-655
-338
82
890
1450
1223
-228
-1697
-2166
-975
868
1598
776
-1134
-2211
-1701
-248
769
532
-344
-1082
-1015
-698
-1033
-1464
-1146
260
971
175
-1114
-1235
-52
953
1202
417
-121
-159
160
-162
-941
-1054
-260
706
588
47
-427
-303
127
938
1405
1019
434
117
164
-134
-493
-437
203
987
1106
330
-716
-994
72
1072
910
-58
-346
362
766
478
-164
80
880
1349
907
116
92
675
1170
852
253
-117
-88
150
449
674
559
151
-390
-603
-445
-320
-617
-1289
-1841
-2071
-1922
-1706
-1399
-1021
-837
-920
-1295
-1240
-681
217
695
454
-25
-459
-626
-1061
-1314
-1113
-404
52
-390
-934
-1185
-713
-128
452
1112
2341
4827
7474
8817
7732
5788
4546
4132
3600
2064
75
-2165
-3798
-4824
-5382
-6033
-6353
-5119
-2499
325
2033
2676
2641
2161
766
-1069
-2664
-3699
-4279
-4547
-4794
-4934
-4165
-2949
-2067
-2088
-2399
-2625
-2549
-2167
-1592
-1182
-1702
-2830
-3683
-3487
-2605
-993
730
1145
-36
-650
518
4174
11744
20561
24373
21443
17030
13918
11533
8265
5220
3909
3432
709
-5485
-12868
-19464
-20596
-15514
-8079
-2445
1881
4911
5404
4327
3072
2849
2147
-40
-3242
-5362
-6978
-6660
-3540
638
2814
1797
-2215
-8462
-11953
-11352
-7640
-5654
-6886
-9890
-12080
-11621
-9282
-5021
-1849
491
2714
5287
6602
6623
7137
8014
8601
7178
4662
2006
111
-703
-735
-582
-260
1244
4040
6140
10055
17510
23871
22319
14359
9441
9303
11322
9315
3523
-2078
-5045
-6698
-12158
-20141
-25170
-19195
-5878
4251
7286
6579
5366
3403
1602
-153
-1262
-2651
-3986
-4636
-5549
-6662
-6333
-3224
-1590
-3254
-6888
-10868
-12432
-10538
-6075
-3786
-4414
-5857
-6681
-6669
-5630
-1251
3426
4419
1285
-1808
-2578
-1943
54
3291
6766
7750
6683
5269
4610
3346
1739
1171
2115
4110
6440
13886
24296
28144
19644
8321
5205
8839
12799
9718
2908
-2693
-5745
-10404
-19127
-28204
-29500
-16652
-605
7733
8367
7939
7481
5858
3547
951
-1412
-5824
-9477
-9168
-6592
-4744
-2490
-153
53
-2164
-6272
-10845
-12169
-7459
-314
2592
-1894
-8204
-10385
-8159
-3019
2559
5615
4338
1641
828
1307
1618
1760
3851
6019
5093
2435
857
1425
2125
2584
2472
2372
3217
5797
13697
23792
27303
19678
9133
5034
7059
9711
6620
-430
-7083
-11222
-15286
-21932
-28804
-28896
-17119
-2036
6393
7568
6933
6692
6062
4795
2354
-1533
-7032
-10302
-8872
-5523
-3708
-2505
-385
1124
132
-3612
-7601
-7928
-2942
3417
5028
249
-5869
-8176
-6232
-2473
865
2558
1562
-830
-2225
-1620
171
2657
5757
7372
6693
5406
5235
5514
4965
4276
4233
4569
3974
5035
12113
21467
22735
13398
4009
2296
5563
6806
2559
-3652
-7510
-9502
-13544
-20938
-27273
-24441
-11043
2312
7017
6372
5991
5689
4011
1202
-1639
-4680
-8185
-9542
-7589
-5150
-4019
-1944
1417
3191
1611
-2874
-6264
-4612
982
4822
3179
-1794
-5710
-6324
-5236
-3529
-1029
567
-402
-3084
-4622
-3678
-555
3546
6256
6768
6191
6288
7081
6943
5874
5291
5866
6042
6618
11840
20083
23102
15726
4672
48
2700
5609
2566
-3091
-7015
-9229
-13094
-20464
-26785
-25243
-13077
1081
8241
8212
6489
6442
5885
3478
-206
-4070
-8223
-10925
-9742
-6412
-3559
-1360
970
2794
2175
-1533
-6002
-6537
-1831
3303
3291
-2317
-7772
-9275
-7277
-3707
-321
1355
742
-565
-1203
-569
796
2687
4836
5840
5376
4812
4789
4518
4015
3898
3921
4284
5098
8115
15827
24233
24584
15448
6747
5075
7657
7688
2626
-3611
-8057
-11663
-17128
-23767
-28073
-24248
-11656
950
6613
6962
6584
6250
5178
2987
240
-3663
-8785
-11277
-9051
-5236
-3040
-1691
91
1285
210
-3820
-7606
-6751
-1965
1900
311
-5245
-9451
-9185
-5656
-1632
1449
2273
1144
-437
-432
1523
4435
7064
7905
7178
5769
5028
4479
3293
2326
2412
3901
5156
5641
9304
17240
23414
20528
12507
10118
13041
12462
3390
-5964
-9091
-9471
-12629
-20699
-27626
-27222
-17501
-5518
699
2235
5700
12210
13984
8274
832
-4244
-9238
-13604
-14000
-10479
-6873
-5391
-3500
80
2507
1188
-1487
-2424
-1254
-69
-1285
-5375
-8258
-7293
-4810
-3285
-3222
-1892
90
1615
2842
4931
7123
7165
7049
7719
8533
8013
6757
5202
2872
517
-305
-199
-289
427
2997
9448
16693
19327
15111
10272
9814
11140
11357
7225
1090
-3984
-7369
-11668
-18110
-23766
-23362
-14065
-3664
926
1546
2869
3781
2701
-325
-4172
-6725
-7878
-7164
-5765
-5007
-4982
-2739
1489
3507
2424
-445
-3282
-4588
-3657
-2068
-2641
-5638
-8432
-8709
-7450
-5869
-3315
-533
588
317
1454
3806
6317
8248
9613
10098
8486
6783
5220
3722
1745
395
-46
-196
-122
2727
11263
19499
20494
14117
9499
8786
10288
10679
6903
1506
-4334
-8333
-12904
-18382
-22922
-20298
-10549
-2215
1514
2805
4249
3903
2385
-213
-2080
-4218
-6874
-7567
-6269
-4616
-3148
106
2902
3462
1177
-2671
-5940
-6503
-4762
-2880
-3383
-6251
-9050
-9930
-8578
-5450
-990
1662
1856
1169
2531
5175
7039
7617
7814
8160
7066
4664
1725
182
-167
432
46
-1026
-877
3383
12804
20806
20925
14014
9554
10359
13075
11792
5037
-2585
-7111
-8713
-12240
-18815
-24923
-22520
-11678
-1595
2618
3769
5527
6173
4809
1762
-854
-2981
-5329
-6511
-6455
-5608
-4244
-1496
946
1599
319
-3178
-6415
-6851
-3970
-1699
-2607
-5457
-7612
-7656
-6835
-3877
240
2917
2132
737
2358
5800
8409
7951
6913
6366
6384
5510
3128
661
-1055
-725
-649
-945
-1366
2509
12743
22137
22500
15008
10487
11116
13666
12023
5595
-1585
-6720
-9360
-13869
-20849
-27745
-25796
-15098
-4732
229
2408
5325
6868
6541
3819
1149
-1512
-4143
-5268
-4970
-4268
-3853
-1930
-502
-1234
-4112
-7722
-9803
-8600
-4901
-2433
-2893
-5267
-6669
-6237
-4888
-2027
2229
4963
4133
2510
3356
5639
7464
7534
7044
7048
6673
5318
3111
861
-878
-664
-181
-39
546
3803
11721
20458
23173
17959
12498
11358
12925
12451
6955
-713
-6244
-8667
-11438
-17754
-25819
-27329
-18399
-6538
263
2552
3661
4539
4493
2918
749
-1646
-4070
-5579
-5524
-5285
-4607
-2495
-876
-1320
-3620
-6826
-10140
-11272
-8986
-5056
-3168
-4668
-6318
-6148
-4659
-1882
2789
6863
7042
4668
3547
4789
6196
6447
6303
6395
5360
3245
1111
-50
-64
779
2354
3168
3244
3498
7967
15989
21508
20828
16847
14255
11884
9675
5829
1110
-3173
-6284
-8721
-13890
-20941
-25369
-20723
-10835
-2672
2006
4097
4470
3331
2537
1756
675
-1800
-4777
-6276
-6577
-6188
-4709
-2619
-2023
-3068
-5072
-8381
-11345
-10628
-6273
-2166
-1502
-3574
-5844
-6624
-4810
177
5295
6409
4252
3078
3744
4180
4617
5830
7588
7688
5361
2160
-271
-699
-12
1409
1206
208
681
3996
11839
20108
23609
19778
14726
12396
11784
9948
4302
-1078
-4472
-6483
-10386
-17244
-24375
-25517
-17574
-7703
-1379
1254
2996
4461
4849
3685
2068
359
-2255
-4330
-5208
-5540
-5115
-3109
-1403
-1331
-3497
-7588
-11464
-11882
-7867
-3019
-1245
-3183
-5308
-5734
-4753
-1821
1984
4193
3508
2457
2927
4155
5591
7109
9020
8694
5393
1897
967
2203
2844
2829
2006
1287
840
2293
8787
17785
22555
19633
14314
11201
10706
10217
6417
528
-4465
-7244
-10072
-15784
-23374
-25775
-18835
-8643
-2053
742
2151
2910
3642
4064
3580
1230
-2446
-4496
-4255
-4171
-5139
-4844
-3639
-3519
-4959
-7701
-10858
-12222
-9868
-5107
-1646
-1498
-3403
-4818
-4123
-827
3867
6377
5538
3888
3786
4151
4157
4889
6505
7674
6372
3513
1198
1227
2702
3265
2331
897
1272
3218
7226
13877
20332
21135
15679
10502
8788
8804
6303
992
-4037
-6637
-8038
-12612
-20192
-25319
-21408
-10764
-2423
207
1055
3349
5210
5016
3078
386
-2523
-4637
-5149
-4803
-4790
-4648
-3312
-1761
-2008
-4596
-8701
-11629
-10150
-5426
-1682
-1751
-3889
-4968
-4083
-1992
629
3384
4887
4912
5050
5471
5545
5636
6272
7039
6493
4112
1439
894
1815
2538
2604
1845
1776
2539
5935
12774
19693
21378
16921
12591
9849
8112
5608
1568
-2698
-6313
-8893
-12879
-18527
-23684
-22119
-13185
-4923
-837
1435
3966
5001
4175
2284
-151
-2681
-5114
-5849
-5399
-5846
-6349
-5052
-3484
-3565
-5090
-7567
-10058
-9782
-6001
-1479
59
-1761
-3441
-3070
-1027
1407
3604
4536
4163
4245
4768
4812
4418
5110
6873
7103
4581
1241
293
1770
3283
3730
3055
2165
1996
4645
11784
19773
22356
18019
12836
10605
9607
7414
2821
-2286
-6121
-8770
-12752
-19239
-24677
-23435
-14580
-5707
-1838
-6
3051
6024
6397
4048
811
-1670
-3248
-4136
-4595
-5370
-5842
-4519
-2864
-2996
-5287
-8492
-10845
-9972
-6010
-2182
-890
-2317
-3410
-2991
-1585
67
2278
4344
4765
5082
5605
5565
4517
4120
5204
6126
4780
1631
-209
543
2218
2973
2716
1497
1211
2657
7924
16291
22199
21187
15365
11198
9382
8600
5153
-668
-5830
-8748
-10579
-14806
-21035
-24889
-20116
-10606
-3896
-1104
1247
4196
5726
5040
2722
888
-1309
-3422
-4294
-4394
-4903
-4663
-3262
-2875
-3927
-6386
-8808
-9591
-7645
-4180
-1338
-1015
-2620
-3013
-2198
-874
879
2971
4412
4956
5274
5101
4814
4961
5941
6542
5146
2137
423
1111
2383
2446
1570
555
119
1859
6652
14909
21505
21508
16334
12158
10442
8308
5347
562
-3660
-6560
-9396
-14325
-20914
-24687
-21411
-11989
-4591
-1350
1086
3640
4463
4089
3522
2509
442
-2855
-4754
-4655
-4389
-4405
-3329
-2511
-3465
-5821
-8958
-10978
-9534
-5279
-1431
-741
-2402
-3352
-2685
-1410
298
2776
4396
4995
5395
5496
4588
3877
4750
6244
5913
2986
557
503
1599
1953
1810
1182
1093
2429
6603
14270
21386
22199
16887
12468
10835
9932
6843
1058
-4642
-8110
-10509
-14140
-19536
-24043
-21654
-12752
-4867
-1937
357
3993
6577
6332
3993
1573
-1000
-3644
-4759
-4304
-4651
-5280
-4824
-3969
-4437
-6240
-8565
-9913
-8490
-4848
-1706
-1107
-1776
-1712
-972
-726
171
2313
4327
4765
4468
4240
3704
3037
3509
5213
6040
4896
2592
1376
1613
2711
3292
2765
1982
2301
4526
9550
16655
21024
19415
13906
9392
7258
6400
3417
-2281
-7520
-10272
-11356
-14774
-20785
-23868
-18081
-7776
-744
1768
3088
4831
5649
4475
1432
-1465
-3829
-4680
-4439
-4662
-5631
-5705
-4275
-3203
-3438
-5450
-7950
-8443
-5571
-1137
1449
661
-1294
-1768
-1019
-42
1374
3056
4021
4145
4048
3467
2534
2621
4242
5741
5254
3300
1858
1829
2485
2849
2616
1927
1584
2873
5365
10016
15967
18491
14946
9813
8096
8074
6577
668
-6208
-9258
-8963
-9747
-13979
-19011
-20122
-13562
-5708
-1700
74
2352
4245
4337
2887
374
-1088
-2528
-3714
-4384
-5046
-5924
-5448
-3733
-2958
-3607
-5528
-6995
-6465
-3691
-859
619
538
-287
-915
-1438
-1132
909
3596
4357
3274
2152
1861
2508
3822
5204
5571
4576
3063
2660
3281
3859
4135
3982
3296
2485
2913
4967
9722
15334
17580
14373
8875
5993
5311
3859
-768
-5393
-7423
-7791
-9604
-14177
-18636
-18785
-12392
-4759
-397
659
1712
3181
3867
3148
1475
-243
-2611
-4664
-5716
-5805
-6153
-5766
-4536
-3407
-3566
-4961
-6128
-5491
-2667
482
1858
762
-889
-1718
-1560
-921
543
2131
3141
3067
2479
1937
1914
3234
4972
5652
4220
2523
1959
2763
3719
3525
2526
1610
2379
4721
7599
11197
15154
16726
13701
8818
5456
3721
1758
-1862
-5339
-7082
-7777
-9420
-12839
-16674
-17244
-12048
-5004
-184
2332
3911
4697
4157
2571
940
-419
-2699
-5143
-5997
-5962
-6073
-5866
-5124
-3997
-3141
-3524
-5208
-5827
-3729
-53
2479
1878
-75
-1409
-1758
-1089
987
2932
2797
1728
1091
1200
1861
2908
3893
4324
3888
3164
2826
2702
2826
3398
4008
3928
3971
4451
6830
11836
16029
15114
9616
5248
4024
4273
2621
-1291
-4866
-6989
-7713
-9109
-12303
-15944
-15080
-9110
-2912
879
2564
3178
2954
2667
2250
1266
-1210
-4426
-5911
-5869
-6227
-6644
-5836
-4534
-3451
-2976
-3807
-5207
-4638
-1453
2176
3230
1411
-844
-2183
-2433
-832
2007
2918
1278
-410
-592
64
1267
3008
4188
4232
3429
3018
3093
3370
4137
5014
4998
3613
2741
3332
6319
11776
15634
13773
7749
3726
3398
4049
2477
-1323
-4149
-5086
-5543
-7939
-12557
-16417
-14699
-7801
-1788
812
1557
2241
2792
2636
1615
57
-2065
-4544
-5556
-5247
-5280
-5373
-4624
-3316
-2337
-2228
-3462
-4746
-3790
-490
2995
3766
1573
-1172
-2439
-1784
488
2716
2402
242
-949
-573
-4
641
1918
3277
3646
2741
1937
2425
3778
4952
5225
4082
2470
2640
4471
6964
10442
13199
11817
6977
3337
3045
4137
3088
-694
-4031
-5409
-6401
-8350
-11570
-14650
-13451
-7358
-1866
-153
28
1174
2938
3387
1862
-135
-1808
-3745
-4971
-5113
-5566
-5801
-4567
-2667
-1759
-2089
-3246
-4230
-3425
-687
2398
3027
983
-1059
-1682
-1256
16
1772
1924
618
-89
499
1178
906
1055
2265
3591
3806
3643
3907
3996
4158
4285
3946
2599
1797
2721
5259
9615
13261
12867
7990
3417
2242
3333
3314
-181
-3687
-4404
-3643
-5159
-10124
-15651
-16124
-9591
-2505
578
963
1441
2591
3220
1801
-870
-2824
-4313
-5342
-5559
-5578
-5591
-4477
-2534
-657
165
-1235
-3766
-4061
-673
3420
4602
1852
-2043
-3935
-3201
-931
891
878
-460
-1085
-454
139
534
1658
3476
4638
4449
3726
3158
3024
3680
4530
4490
2903
1201
1516
3771
7299
10272
10728
7901
4699
4197
4868
4077
942
-2070
-2977
-2495
-3327
-7106
-12146
-14270
-10754
-4775
-1105
-255
677
2183
2864
1922
72
-2096
-4204
-5041
-4703
-4416
-4868
-4591
-2983
-958
-129
-1005
-2495
-2916
-861
2251
3496
1736
-956
-2612
-2835
-1827
-553
-400
-1528
-2117
-1221
37
533
1000
2334
3710
4381
4622
4571
4129
3831
3758
3207
2117
1287
1296
1627
2666
5797
9122
8803
5638
3765
4009
4407
3490
1454
-74
-361
-900
-3317
-7949
-12569
-12728
-8236
-3797
-1505
168
1535
2121
1872
751
-927
-2905
-4713
-5213
-4442
-3838
-3267
-2089
-848
-290
-357
-1139
-1923
-1083
1359
3474
3116
524
-2180
-3385
-3368
-2811
-2343
-2442
-2642
-1977
-856
-548
-573
468
2737
4611
5056
4400
3808
3646
3859
4028
3507
2465
1916
2323
3122
5177
7923
8663
6126
3293
2843
4361
5217
2994
-372
-1922
-1464
-1887
-5416
-11030
-13505
-10009
-4533
-927
476
787
904
1205
423
-1093
-2343
-3614
-4283
-3702
-3010
-2980
-2658
-2047
-888
551
638
-1074
-2261
-1208
1375
3277
2533
-132
-2588
-3238
-2178
-933
-1364
-2704
-2920
-1798
-699
-385
19
1275
3057
4289
4524
3926
3453
4280
5388
4603
2181
239
-109
362
1670
4924
8411
7910
4103
2749
4909
7122
6464
3548
1225
731
-100
-3755
-9480
-14010
-12859
-6861
-2081
-1325
-1472
-348
927
1163
-7
-1674
-3413
-4931
-5095
-3779
-3158
-3178
-2008
335
2238
2252
410
-1368
-587
2262
4336
2959
-965
-4078
-4658
-3985
-3501
-3442
-3567
-3454
-3105
-2827
-2591
-1398
1030
3833
5560
5731
4955
4605
5140
5968
5980
4440
1970
9
-592
339
3899
7774
8179
4978
2533
3093
5260
6503
5013
2901
1660
778
-1596
-5932
-11010
-12566
-8556
-3287
-154
641
242
-590
-476
-432
-1167
-2695
-4898
-6033
-5044
-3475
-2830
-1929
-559
1215
2071
716
-1665
-1831
743
3372
3436
508
-3116
-5243
-5514
-4456
-2980
-2880
-4131
-5296
-5086
-3691
-1438
1090
3576
5103
4929
4283
4376
5541
6889
7321
5927
3558
1006
-836
-878
1779
6024
8437
7100
4075
3440
5411
7196
6111
3063
937
830
897
-1685
-7001
-11327
-10337
-5297
-909
-57
-1497
-2550
-2061
-1145
-931
-1867
-4054
-5643
-4970
-2901
-1667
-1467
-882
1105
2612
1428
-1326
-2527
-985
1630
2785
1091
-2159
-5042
-6269
-5722
-4541
-4052
-4036
-4024
-3911
-3342
-2110
-145
2220
4064
4863
5224
5272
5332
6064
6485
5027
2490
662
104
286
732
2612
6160
8446
7493
5743
5578
6427
6871
5766
3559
2280
2366
1501
-2264
-7840
-10949
-8641
-4064
-1938
-2281
-2867
-2880
-2238
-1525
-1754
-3149
-5008
-5684
-4271
-2471
-1984
-1800
-455
1516
2364
831
-1910
-2595
-57
2767
2464
-1034
-4651
-6082
-5868
-5493
-5569
-5770
-5798
-5351
-4295
-2908
-1326
793
3284
5325
6256
6181
6000
6348
6905
6435
4621
2474
1207
1166
1867
3755
6913
9003
7620
4852
4685
7394
9353
7453
3257
805
1242
1605
-1192
-6984
-11493
-10412
-5380
-1730
-1509
-2463
-2509
-1608
-1129
-1583
-2445
-3690
-4765
-4475
-3129
-2491
-2492
-1626
228
1465
566
-1914
-3325
-1928
551
1156
-1170
-4679
-6753
-6816
-6153
-5584
-4884
-4360
-4312
-4157
-3315
-1507
931
3254
4779
5366
5296
5429
6217
6747
6103
4584
3224
2258
1856
1973
3438
6471
8917
8614
6489
5767
6787
7848
6977
4946
3919
4022
3010
-946
-6598
-11177
-11262
-7463
-3467
-1873
-2139
-2839
-3079
-2660
-2519
-2737
-3477
-4115
-3793
-2424
-1518
-1360
-860
187
1279
1134
-600
-2604
-2568
-549
1083
3
-3459
-6460
-7309
-6606
-5460
-4518
-4132
-4060
-3624
-2679
-1478
28
2032
4221
5321
5088
4401
4303
4785
5124
4847
4046
3064
1923
1231
1805
4719
8365
9906
8484
6313
5632
6263
6989
5820
3570
1969
1420
331
-2837
-7520
-10527
-9127
-5766
-3125
-2005
-2191
-2734
-2305
-1408
-1327
-2150
-3631
-4311
-3485
-2190
-1395
-518
-29
28
403
-48
-1771
-3039
-2184
-160
639
-1565
-5412
-7899
-7831
-5855
-3647
-3143
-4535
-5015
-3503
-1590
-168
1374
3485
5372
5852
4958
4548
5263
6166
6119
4805
2822
1688
2239
3044
4229
6416
8148
7676
5831
5119
6431
8216
7552
4793
2538
1649
1074
-908
-5284
-9797
-10117
-6730
-3598
-2780
-3423
-3602
-2682
-1880
-1797
-1880
-2683
-3790
-3620
-2547
-1983
-1702
-891
324
1290
649
-1724
-3409
-2717
-441
746
-1349
-5423
-7733
-6973
-5126
-3903
-3746
-4282
-4759
-4163
-2612
-688
1187
2855
4381
5002
4690
4275
4781
5992
6902
6419
4786
3156
2078
1893
2328
4276
7309
9021
7946
6214
5962
6618
7236
6514
4612
2817
1976
572
-2924
-8028
-11453
-10154
-6493
-3960
-3150
-3086
-3487
-3459
-2696
-2024
-2280
-3431
-4062
-3494
-2433
-1859
-1221
-58
1087
1045
-753
-2991
-3541
-1885
-122
-567
-3047
-5400
-6636
-6671
-5647
-4396
-3733
-3645
-3439
-2609
-1311
55
1765
3690
4736
4708
4730
5426
6737
7851
7525
6101
4733
4145
4064
4057
4964
7168
8726
7489
5024
4592
6402
8051
7405
4468
1835
1266
1260
-806
-5714
-10111
-10287
-7079
-4446
-4321
-5018
-5135
-4357
-3064
-2329
-2493
-3417
-4236
-3837
-2628
-1675
-1467
-1587
-1416
-1130
-1188
-2366
-3763
-3370
-1619
-757
-2532
-5785
-7743
-7296
-5000
-2905
-2660
-3868
-4598
-3170
-685
1066
2176
3340
4471
5285
6020
6853
7609
8070
8027
7321
5704
3530
2127
1891
2951
5800
8576
8370
5761
4577
6405
8891
8818
6047
3664
3193
3244
1598
-3041
-8898
-11213
-8534
-5009
-4132
-5182
-5698
-4612
-2909
-2259
-2918
-4359
-5661
-5318
-3483
-2225
-2303
-2423
-1588
-65
564
-929
-3335
-4202
-2859
-1034
-912
-3156
-6033
-7246
-6414
-4747
-3601
-3727
-4402
-3874
-2009
-392
330
1013
2577
4832
6572
7088
7187
7637
8092
7966
6899
5174
3963
3722
3546
3865
5675
7362
6898
5380
5182
6770
8323
7458
4846
3027
2468
1836
-393
-5019
-9708
-10504
-7868
-5215
-4178
-4347
-4513
-3938
-3246
-3044
-3266
-4219
-5107
-4444
-2894
-2169
-2138
-1893
-1007
166
-26
-1991
-3586
-3004
-975
230
-1081
-3987
-6007
-6257
-5361
-4166
-3700
-4276
-4539
-3602
-2315
-1299
-96
1917
4453
6355
6955
6965
7343
8092
8656
8281
6591
4486
3322
3296
4219
5810
6474
5382
4419
5186
6626
7196
6311
4553
3475
3423
2880
298
-4382
-8804
-9660
-7372
-5369
-4698
-4289
-4094
-4043
-3615
-3327
-3664
-4262
-4456
-3762
-2770
-2521
-2484
-1836
-993
-349
-360
-1843
-3794
-3802
-1847
-301
-944
-3234
-5183
-5655
-4869
-3635
-3081
-3624
-3881
-2700
-1174
-791
-785
791
3845
6309
7087
6834
6588
7218
8500
8682
6669
3765
2174
2351
2780
3042
4398
6326
6723
5875
5744
6678
7599
7255
5519
3670
2402
836
-1942
-6052
-9722
-9894
-7134
-5310
-5657
-6173
-5341
-3451
-2094
-2324
-3412
-4581
-5479
-5122
-3445
-2189
-1997
-1756
-889
-97
-551
-2218
-3039
-1601
496
888
-910
-3638
-5459
-5374
-4201
-3522
-3820
-4411
-4382
-3550
-2552
-1416
623
3348
5477
6452
6775
7278
8484
9721
9575
7830
5683
4178
3414
3054
3365
4783
6215
5927
4481
4104
5528
7343
7457
5371
2971
2190
2172
284
-4258
-8815
-9973
-7693
-5169
-4582
-5143
-5371
-4737
-3741
-3319
-3907
-5108
-5953
-5547
-4115
-2994
-2815
-2760
-1962
-862
-745
-2020
-3138
-2311
-81
1306
366
-2291
-4721
-5513
-4858
-3770
-3220
-3530
-3913
-3472
-2360
-1090
575
2754
4786
6066
6504
6663
7400
8625
9215
8424
6656
5131
4547
4162
3541
4003
6029
7540
6951
5481
5191
6467
7355
5879
2989
1134
793
250
-2238
-6342
-9205
-8617
-6055
-4508
-4969
-6193
-6463
-5379
-4167
-3804
-4202
-5031
-5442
-4652
-3445
-3106
-3395
-2905
-1140
311
-513
-2918
-3978
-2416
-77
493
-1405
-4152
-5484
-4860
-3599
-2888
-2885
-3020
-2828
-2383
-1718
-394
1824
4184
5872
6792
7204
7538
8102
8637
8614
7826
6418
4922
3997
4218
5730
7386
7387
5774
4711
5154
5970
5983
4983
3530
2370
1560
158
-2707
-6470
-8915
-8454
-6373
-4853
-4431
-4783
-5520
-5755
-5101
-4473
-4678
-5219
-5200
-4537
-3895
-3533
-3084
-2458
-1700
-903
-900
-2186
-3227
-2262
-135
686
-644
-2794
-4314
-4690
-4127
-3403
-3366
-3713
-3314
-2088
-959
-68
1464
3699
5526
6301
6611
7209
8142
8974
8921
7711
6153
5203
4775
4372
4438
5527
6883
7072
5888
4742
4765
5506
5557
4184
1930
58
-789
-1688
-4118
-7439
-9180
-8043
-5372
-3574
-3810
-5248
-6209
-5829
-4571
-3773
-4483
-5878
-6151
-4920
-3439
-2811
-2684
-1953
-574
0
-1035
-2438
-2448
-979
338
-14
-1830
-3624
-4459
-4380
-3784
-3082
-2562
-2274
-2122
-1827
-914
843
3055
4892
5757
5950
6505
7790
8940
9084
8312
7188
5944
4609
3755
4280
5994
7303
6907
5392
4568
5148
5810
4987
2953
1437
1101
637
-1369
-4529
-7048
-7687
-6868
-5811
-5136
-4734
-4528
-4771
-5265
-5321
-4799
-4516
-4913
-5171
-4664
-3910
-3420
-2778
-1636
-741
-1027
-2106
-2625
-1987
-843
-244
-577
-1434
-2287
-3069
-3892
-4300
-3698
-2376
-1402
-1341
-1489
-782
920
2836
4273
5137
5716
6419
7348
8208
8508
7915
6526
4969
4006
4010
5011
6306
6872
6236
5023
4380
4554
4816
4277
2930
1653
901
91
-1681
-4523
-6968
-7318
-5881
-4465
-4403
-5310
-6023
-5961
-5287
-4700
-4623
-4961
-5294
-5222
-4701
-3998
-3181
-2113
-843
290
452
-762
-2271
-2443
-957
560
522
-969
-2749
-3664
-3373
-2380
-1680
-1688
-1866
-1654
-1196
-750
55
1448
3191
4778
5934
6636
6852
7063
7586
8138
8090
7130
5587
4483
5120
7076
8049
6317
3385
2164
3326
4865
4355
1820
-634
-1061
-94
-521
-3708
-7492
-8517
-6643
-4519
-3956
-4522
-5108
-5081
-4449
-4113
-4863
-6287
-6699
-5292
-3346
-2600
-3265
-3835
-3215
-1631
-458
-912
-2295
-2658
-1040
986
1372
-182
-2139
-2927
-2449
-1503
-1133
-1221
-1104
-525
-2
62
370
1304
2741
4049
5031
5704
6054
6545
7157
7476
6949
5913
4988
4678
5758
7902
9167
7650
4485
2582
3024
4181
3901
2044
-40
-1017
-1153
-2068
-4556
-7064
-7315
-5531
-3999
-4063
-4868
-5229
-5053
-4719
-4552
-4917
-5826
-6460
-6002
-4777
-3732
-3153
-2582
-1577
-463
-42
-865
-2325
-2667
-1111
763
769
-1058
-2753
-2951
-2141
-1536
-1429
-1278
-670
-47
-31
-301
365
2326
4262
5027
5049
5336
6087
6953
7654
7901
7423
6522
5840
5489
5396
5795
6386
6188
4965
3799
3331
2928
2034
1022
499
360
13
-1125
-3322
-5991
-7501
-6891
-5262
-4195
-4056
-4333
-4717
-5118
-5382
-5527
-5685
-5751
-5396
-4681
-4225
-4072
-3547
-2572
-1628
-1058
-1071
-1619
-2004
-1508
-342
471
250
-649
-1686
-2494
-2568
-1637
-450
-87
-497
-935
-908
-284
774
2034
3197
4106
4856
5594
6459
7456
8454
9000
8503
7129
6008
6200
7568
8480
7436
4966
2829
1926
1779
1524
805
-38
-438
-491
-1240
-3178
-5369
-6222
-5269
-3845
-3237
-3486
-4115
-4533
-4335
-4012
-4418
-5530
-6316
-6066
-5158
-4385
-3983
-3416
-2416
-1576
-1508
-2182
-2951
-2904
-1833
-401
580
562
-484
-1858
-2442
-1853
-787
-101
-102
-419
-491
-92
534
907
956
1487
3034
4686
5409
5599
6429
7967
8993
8640
7360
6491
7180
8934
9571
7596
4286
2211
1960
1821
484
-1402
-2271
-1640
-622
-935
-3284
-6096
-6922
-5260
-2942
-1890
-2268
-3207
-3990
-4275
-4251
-4598
-5630
-6452
-5973
-4606
-3728
-3716
-3725
-2972
-1820
-1337
-2148
-3575
-4031
-2654
-331
1092
620
-1154
-2558
-2269
-501
1184
1386
472
-196
-44
489
860
1066
1378
2117
3368
4501
4910
4909
5417
6641
7679
7778
7109
6517
6913
8171
8752
7181
4118
2028
2230
3246
2783
523
-1659
-2137
-1555
-1873
-3954
-6349
-6778
-4938
-2795
-2079
-2735
-3511
-3498
-3006
-2947
-3925
-5477
-6330
-5789
-4478
-3809
-4195
-4482
-3683
-2240
-1456
-1911
-2609
-2478
-1420
-39
681
238
-991
-1969
-1806
-791
16
71
-391
-626
-287
162
391
410
749
1878
3315
4404
4815
4972
5856
7431
8643
8587
7663
7572
8809
9803
8725
5560
2605
1663
2084
1784
-213
-2387
-2909
-2183
-2173
-3836
-5773
-5889
-4152
-2196
-1421
-1773
-2214
-2393
-2584
-3138
-4135
-4995
-5249
-4896
-4410
-4552
-5045
-4968
-4112
-3177
-3150
-3808
-4067
-3425
-2112
-764
129
474
210
-363
-640
-284
775
1852
2083
1542
897
713
880
985
1121
1362
1659
2113
2803
3852
5007
5894
6558
6891
6904
7041
7739
8919
9481
8353
6014
3799
2577
2022
1013
-758
-2494
-3190
-2967
-3214
-4650
-6129
-6049
-4383
-2742
-2251
-2537
-2825
-2702
-2336
-2274
-2958
-4293
-5401
-5608
-5205
-4714
-4125
-3311
-2660
-2722
-3311
-3714
-3494
-2694
-1647
-720
-223
-270
-811
-1465
-1351
8
1685
2222
1445
646
777
1300
1445
1277
1327
1729
2053
2084
2235
3195
5065
6898
7530
7086
6806
7663
9353
10539
10157
8185
5566
3394
1862
363
-1327
-2581
-2827
-2593
-2971
-4356
-6118
-6961
-5937
-3521
-1291
-555
-1136
-1903
-2221
-2461
-3228
-4382
-5091
-4840
-4198
-4045
-4452
-4685
-4328
-3867
-3783
-4004
-4199
-4118
-3646
-2634
-1273
-245
-201
-970
-1464
-640
1278
2866
3088
2263
1496
1309
1410
1513
1592
1754
2007
2273
2572
2939
3530
4545
5837
6949
7391
7223
7302
8287
9619
9729
7795
5001
3039
2250
1604
241
-1457
-2669
-3130
-3357
-4118
-5458
-6430
-5981
-4180
-2321
-1539
-1787
-2183
-2053
-1669
-1870
-2998
-4420
-5147
-4984
-4654
-4609
-4534
-4167
-3877
-4022
-4404
-4600
-4329
-3491
-2148
-766
-152
-585
-1388
-1494
-365
1283
2280
2218
1719
1615
1917
2167
2147
2024
1958
1840
1706
1990
2833
3861
4620
5066
5567
6123
6515
6915
7724
8672
8782
7516
5523
3795
2561
1396
-11
-1463
-2607
-3242
-3472
-3822
-4634
-5322
-4977
-3624
-2340
-1932
-2033
-1975
-1649
-1443
-1686
-2401
-3446
-4359
-4624
-4335
-4066
-4163
-4429
-4415
-4140
-3939
-3966
-3972
-3353
-2009
-650
-123
-555
-1043
-770
113
922
1143
972
958
1183
1480
1584
1472
1487
1716
2175
2705
3043
3273
3610
4337
5362
6025
6039
5691
5640
6337
7259
7559
6744
4989
3118
1696
828
267
-360
-1126
-1929
-2648
-3358
-4277
-5011
-4658
-3053
-1235
-573
-1168
-1826
-1844
-1739
-2251
-3209
-3917
-4119
-4097
-4241
-4503
-4389
-3899
-3520
-3584
-3928
-3943
-3401
-2566
-1704
-941
-532
-613
-825
-627
10
642
948
1006
1055
946
517
74
47
589
1277
1560
1521
1786
2710
3957
4935
5499
5993
6647
7245
7592
7696
7401
6548
5393
4207
2960
1481
-187
-1408
-1720
-1560
-1692
-2259
-2894
-3195
-2993
-2479
-1833
-935
87
601
250
-875
-2201
-3063
-3530
-4010
-4593
-5203
-5792
-6057
-5729
-4955
-4227
-4033
-4216
-4069
-3209
-2047
-1117
-635
-523
-532
-560
-514
-183
464
1123
1485
1434
1080
835
1012
1420
1569
1208
625
539
1394
2759
3907
4601
5143
5907
6824
7593
8208
8750
8844
7983
6248
4247
2651
1605
449
-1251
-2869
-3492
-3163
-2820
-3135
-3606
-3169
-1713
-250
301
-85
-695
-807
-716
-1306
-2731
-4278
-5269
-5738
-5972
-6123
-6122
-5957
-5724
-5316
-4703
-4172
-3926
-3591
-2731
-1494
-680
-827
-1315
-965
462
1796
1920
1080
438
598
1143
1589
1957
2279
2273
1866
1485
1608
2289
3240
4158
4977
5755
6375
6739
7031
7575
8265
8474
7706
6165
4413
2791
1341
147
-725
-1414
-2054
-2660
-3184
-3508
-3495
-2996
-1953
-700
149
96
-816
-1942
-2634
-2922
-3431
-4446
-5538
-6175
-6384
-6565
-6769
-6570
-5721
-4638
-4014
-4101
-4270
-3772
-2560
-1348
-778
-725
-654
-272
284
802
1150
1268
1096
845
865
1310
1927
2235
2101
1952
2255
2939
3603
4078
4591
5221
5633
5681
5644
6096
7330
8850
9333
7806
5094
3057
2433
2235
1459
324
-520
-1082
-1767
-2742
-3787
-4335
-3741
-1955
-167
272
-643
-1831
-2310
-2139
-2175
-3140
-4904
-6480
-6885
-6360
-5885
-5791
-5538
-4844
-4330
-4527
-4970
-4711
-3430
-1756
-604
-426
-1106
-1898
-1773
-344
1502
2364
1717
427
-233
286
1527
2461
2403
1720
1417
1901
2585
2945
3262
3959
4884
5590
5839
5723
5797
6802
8436
8957
7228
4451
2807
2850
3186
2361
301
-1765
-2501
-1924
-1544
-2424
-3510
-3045
-1172
152
-183
-1310
-1918
-1759
-1523
-1977
-3455
-5427
-6679
-6492
-5670
-5464
-5899
-5900
-4984
-3964
-3769
-4287
-4471
-3565
-2004
-1013
-1195
-1829
-1710
-533
876
1551
1251
531
257
955
2228
3023
2680
1692
1242
1881
2943
3472
3362
3329
4003
5023
5422
4904
4485
5441
7694
9453
8872
6091
3197
2110
2707
3129
1819
-636
-2178
-1905
-1181
-1741
-3402
-4246
-3068
-922
154
-617
-2180
-2889
-2249
-1601
-2538
-4926
-6928
-7019
-5658
-4620
-4952
-5864
-5925
-4823
-3628
-3434
-4001
-4054
-2920
-1366
-647
-1072
-1756
-1605
-351
1183
1866
1364
482
403
1425
2664
3110
2721
2295
2547
3343
3885
3772
3497
3789
4670
5376
5298
4747
4641
5581
6973
7362
5879
3497
2179
2633
3503
2988
983
-990
-1620
-1292
-1306
-2121
-2886
-2569
-1418
-740
-1368
-2688
-3431
-3132
-2581
-2899
-4306
-5819
-6255
-5500
-4645
-4768
-5622
-5995
-5240
-4033
-3396
-3399
-3265
-2541
-1627
-1161
-1192
-1180
-726
27
669
940
855
610
566
1106
2086
2726
2477
1781
1686
2528
3583
4067
4091
4411
5186
5682
5341
4585
4379
5075
5974
6141
5351
4164
3215
2620
2120
1485
751
131
-274
-551
-820
-1172
-1485
-1544
-1387
-1343
-1749
-2476
-2959
-2829
-2437
-2535
-3433
-4627
-5418
-5628
-5619
-5792
-5918
-5567
-4813
-4190
-4115
-4200
-3664
-2375
-1016
-393
-558
-881
-786
-180
525
920
900
649
536
744
1118
1341
1374
1510
1954
2516
2864
3001
3309
4085
5000
5412
5039
4279
4042
4798
6053
6742
6104
4484
2976
2289
2124
1707
827
53
-183
-222
-762
-1770
-2368
-1925
-877
-333
-803
-1724
-2192
-2050
-1981
-2514
-3509
-4426
-4968
-5293
-5648
-5968
-5997
-5546
-4736
-3991
-3649
-3602
-3268
-2316
-1105
-404
-523
-899
-857
-356
95
171
103
247
637
1045
1306
1427
1485
1605
1964
2558
3080
3271
3330
3705
4465
5067
4996
4485
4225
4517
5005
5194
4992
4512
3768
2843
2035
1589
1314
821
107
-463
-625
-564
-736
-1250
-1765
-1841
-1449
-1090
-1283
-2047
-2811
-3031
-2822
-2842
-3569
-4698
-5489
-5515
-5150
-5076
-5414
-5627
-5156
-4075
-2985
-2425
-2349
-2211
-1531
-452
376
505
175
2
215
508
537
384
409
683
967
1129
1382
1972
2750
3367
3736
3985
4231
4503
4766
5013
5100
4880
4426
3989
3744
3579
3380
3206
3112
2911
2323
1409
595
174
85
119
80
-183
-823
-1775
-2615
-2882
-2533
-1982
-1726
-1957
-2508
-3046
-3393
-3670
-4034
-4459
-4778
-4858
-4933
-5233
-5524
-5284
-4261
-3017
-2366
-2419
-2420
-1672
-402
542
640
163
-272
-270
170
834
1397
1530
1259
1010
1235
1933
2684
3223
3683
4244
4697
4617
4090
3790
4171
4921
5251
4815
4014
3433
3316
3361
3166
2607
1878
1294
934
690
446
202
35
-164
-700
-1611
-2489
-2739
-2282
-1815
-2088
-3085
-4043
-4368
-4223
-4171
-4397
-4557
-4354
-4017
-4063
-4596
-5114
-4928
-3966
-2890
-2384
-2518
-2675
-2280
-1377
-413
211
488
667
809
903
931
963
1136
1443
1864
2289
2596
2803
3026
3440
3987
4410
4555
4491
4507
4769
5080
5039
4427
3549
3018
3134
3469
3335
2610
1858
1572
1484
979
-25
-866
-1018
-819
-1071
-1977
-2884
-3106
-2703
-2331
-2447
-2952
-3418
-3593
-3557
-3603
-4022
-4792
-5510
-5722
-5404
-4958
-4705
-4380
-3643
-2694
-2114
-2106
-2100
-1459
-260
767
1067
774
437
373
570
913
1356
1852
2290
2615
2922
3336
3786
4091
4204
4273
4475
4723
4879
4965
5058
5067
4738
4040
3295
2862
2734
2625
2358
1990
1553
1006
338
-286
-762
-1193
-1691
-2165
-2373
-2334
-2367
-2748
-3354
-3785
-3856
-3737
-3713
-3905
-4162
-4333
-4428
-4534
-4760
-5100
-5351
-5294
-4883
-4320
-3806
-3313
-2718
-1996
-1306
-769
-290
309
1012
1620
1937
1888
1648
1507
1773
2534
3459
4050
4044
3734
3634
3979
4574
5061
5319
5507
5732
5875
5671
5038
4270
3730
3561
3519
3223
2547
1623
821
370
153
-136
-736
-1578
-2327
-2670
-2630
-2538
-2672
-3009
-3362
-3660
-3969
-4340
-4619
-4630
-4393
-4151
-4202
-4543
-4888
-4928
-4627
-4232
-4013
-3984
-3953
-3681
-3093
-2293
-1461
-755
-218
175
517
930
1436
1978
2491
2827
2982
3069
3192
3405
3610
3776
3998
4363
4851
5244
5406
5349
5121
4862
4637
4444
4197
3715
3009
2322
1882
1693
1424
837
65
-534
-754
-933
-1472
-2273
-2883
-2951
-2778
-2959
-3599
-4300
-4527
-4188
-3731
-3558
-3750
-3986
-3982
-3880
-3914
-4117
-4276
-4124
-3722
-3328
-3133
-3119
-2951
-2396
-1536
-629
-23
298
591
1008
1579
2064
2332
2542
2877
3398
3841
3904
3672
3499
3785
4456
4937
4833
4346
4084
4371
4748
4528
3666
2830
2704
3066
3061
2286
1202
601
621
577
-48
-993
-1589
-1631
-1664
-2216
-3119
-3724
-3669
-3349
-3393
-3950
-4605
-4807
-4439
-3854
-3424
-3319
-3441
-3553
-3522
-3367
-3195
-3046
-2832
-2485
-2149
-2033
-2067
-1843
-1123
-210
382
531
649
1110
1801
2403
2846
3211
3460
3482
3380
3422
3647
3878
4026
4201
4401
4333
3927
3607
3731
4001
3805
3078
2435
2280
2223
1760
1031
606
539
258
-502
-1283
-1505
-1343
-1451
-2078
-2814
-3269
-3469
-3640
-3825
-3948
-4028
-4077
-4018
-3785
-3559
-3527
-3544
-3295
-2753
-2317
-2320
-2518
-2400
-1875
-1387
-1316
-1458
-1314
-686
102
581
685
702
940
1417
1851
2092
2248
2544
3028
3444
3551
3366
3180
3315
3762
4214
4332
4065
3658
3344
3097
2802
2464
2245
2210
2090
1649
929
275
-61
-156
-228
-416
-731
-1104
-1451
-1759
-2114
-2584
-2997
-3063
-2816
-2644
-2900
-3453
-3824
-3746
-3354
-2979
-2776
-2649
-2496
-2305
-2154
-2059
-1920
-1649
-1228
-801
-576
-590
-682
-549
-55
543
858
751
529
642
1092
1539
1729
1723
1782
1978
2146
2175
2139
2197
2409
2610
2641
2437
2108
1925
1990
2140
2087
1724
1328
1085
901
663
397
332
471
534
324
-166
-652
-947
-1014
-849
-650
-615
-844
-1293
-1689
-1954
-2065
-1937
-1626
-1205
-1016
-1295
-1786
-2152
-2048
-1563
-1053
-637
-502
-647
-889
-1102
-995
-648
-321
-67
16
81
97
-63
-155
-79
202
539
595
502
416
488
782
985
1018
893
691
677
872
1180
1450
1437
1242
1020
858
834
830
848
927
955
858
554
172
-48
-53
160
391
400
103
-420
-882
-996
-708
-206
176
190
-132
-633
-1107
-1382
-1333
-905
-259
267
363
-82
-780
-1314
-1357
-893
-211
355
560
356
-112
-572
-780
-614
-207
167
261
84
-176
-295
-181
59
237
205
0
-216
-241
-11
356
647
683
440
34
-350
-505
-336
88
549
793
675
254
-206
-420
-266
82
321
305
115
-50
-107
-108
-115
-97
-12
91
105
10
-68
-15
187
413
481
315
-12
-277
-296
-70
235
456
545
540
468
277
11
-148
-24
317
611
672
493
238
50
-48
-76
-84
-96
-104
-49
55
48
-113
-279
-282
-164
-156
-370
-604
-594
-336
-77
-28
-158
-306
-402
-497
-603
-678
-616
-379
-69
149
86
-239
-546
-599
-399
-202
-189
-222
-122
115
284
183
-51
-207
-208
-119
-78
-21
152
432
684
733
524
146
-172
-173
164
603
849
824
708
642
607
480
288
243
383
544
576
443
297
251
260
277
208
54
-115
-213
-119
82
210
158
-53
-259
-378
-483
-568
-574
-504
-408
-420
-551
-698
-767
-727
-668
-650
-680
-728
-730
-661
-530
-405
-404
-547
-745
-865
-777
-526
-257
-31
85
103
35
-86
-120
-27
189
416
552
649
727
845
987
1068
1087
1038
964
989
1104
1257
1379
1352
1248
1079
845
659
582
693
898
924
721
342
-9
-166
-197
-131
-96
-143
-214
-398
-657
-920
-1116
-1127
-1046
-1000
-1053
-1190
-1262
-1223
-1174
-1190
-1282
-1346
-1280
-1123
-943
-803
-703
-601
-529
-514
-544
-554
-411
-94
254
439
354
145
58
179
438
671
789
835
833
771
670
603
685
900
1101
1152
1026
834
711
726
819
879
837
730
663
656
663
590
417
239
115
51
-15
-63
-56
-10
-3
-122
-353
-612
-782
-808
-715
-575
-471
-465
-546
-624
-717
-832
-930
-919
-709
-431
-270
-292
-396
-473
-508
-490
-391
-228
-79
0
44
88
96
92
123
226
346
341
231
177
284
471
577
601
572
472
304
158
189
381
527
527
446
358
228
3
-163
-99
121
274
227
85
-43
-149
-234
-261
-169
-63
-64
-139
-192
-179
-175
-230
-246
-181
-137
-175
-234
-189
-75
-26
-71
-140
-156
-129
-99
-43
18
22
-32
-86
-72
-8
39
67
82
52
-32
-110
-98
9
126
193
183
125
58
-8
-19
50
140
182
161
120
99
87
84
73
66
63
31
2
3
14
38
34
11
6
-10
-23
-24
-18
2
1
-24
-35
-50
-48
-46
-51
-55
-83
-106
-124
-132
-110
-98
-91
-79
-89
-87
-88
-103
-107
-108
-94
-78
-76
-64
-52
-47
-47
-56
-54
-35
-23
-20
-16
-6
24
63
101
108
107
112
94
89
99
135
193
216
232
228
207
195
182
184
217
238
269
281
280
270
211
150
90
51
74
108
145
146
71
-25
-121
-176
-179
-157
-139
-154
-207
-290
-372
-421
-416
-381
-348
-342
-383
-440
-483
-482
-427
-350
-300
-282
-303
-335
-353
-332
-260
-165
-50
30
43
17
-24
-29
43
163
300
401
424
379
302
260
276
368
497
603
646
599
493
396
358
388
465
524
524
466
364
259
189
173
195
209
181
112
10
-99
-190
-227
-219
-203
-214
-273
-348
-445
-535
-575
-569
-512
-466
-456
-475
-532
-581
-625
-630
-567
-456
-347
-281
-270
-272
-288
-306
-281
-208
-73
55
147
196
198
189
189
206
297
418
515
585
583
554
516
500
540
600
668
689
653
598
529
472
449
455
472
453
402
307
188
77
-9
-46
-49
-53
-93
-178
-271
-374
-466
-533
-576
-589
-594
-606
-637
-671
-702
-735
-757
-738
-706
-685
-644
-590
-534
-500
-493
-465
-401
-329
-268
-207
-121
-48
-9
37
105
218
302
339
376
411
468
520
557
632
718
773
772
737
727
742
742
713
710
738
743
697
619
543
484
398
293
236
232
250
216
119
-1
-115
-226
-338
-435
-468
-441
-432
-459
-530
-611
-684
-777
-847
-868
-850
-778
-739
-728
-706
-700
-676
-673
-674
-604
-498
-376
-273
-205
-116
-41
5
62
108
185
273
322
392
455
500
540
541
560
580
583
594
579
577
580
560
545
513
487
480
451
427
406
378
356
292
213
151
118
97
45
-14
-51
-104
-172
-248
-310
-319
-348
-400
-457
-506
-517
-550
-591
-604
-607
-590
-583
-597
-570
-532
-496
-438
-398
-343
-281
-229
-169
-98
-24
48
111
172
234
291
329
351
390
432
452
465
476
481
495
482
469
464
457
457
446
431
417
396
362
323
286
249
204
165
119
78
25
-25
-68
-122
-170
-226
-270
-322
-373
-407
-437
-466
-500
-519
-547
-576
-588
-599
-598
-602
-592
-560
-531
-499
-484
-466
-419
-361
-310
-251
-178
-91
-13
62
134
194
259
317
380
441
505
561
600
642
677
715
744
751
758
759
761
769
756
726
693
654
608
555
490
435
380
312
241
167
88
2
-87
-178
-253
-323
-413
-490
-558
-626
-700
-768
-811
-849
-903
-964
-1009
-1028
-1027
-1038
-1044
-1018
-982
-949
-914
-870
-801
-704
-604
-514
-418
-303
-185
-82
24
148
274
390
501
611
711
815
894
963
1034
1094
1154
1192
1211
1233
1233
1228
1221
1190
1156
1113
1061
996
908
818
727
628
525
414
300
184
51
-69
-182
-289
-404
-520
-614
-711
-797
-895
-984
-1046
-1120
-1186
-1229
-1268
-1292
-1321
-1343
-1339
-1316
-1279
-1238
-1193
-1142
-1076
-998
-913
-819
-716
-611
-495
-370
-250
-122
11
137
272
393
516
645
757
864
956
1037
1115
1171
1218
1271
1309
1337
1347
1336
1334
1315
1288
1249
1192
1133
1072
997
919
844
763
672
563
461
347
229
120
8
-96
-210
-316
-421
-534
-624
-717
-823
-909
-991
-1078
-1160
-1231
-1281
-1320
-1365
-1395
-1409
-1417
-1403
-1391
-1367
-1306
-1235
-1155
-1066
-947
-813
-694
-558
-415
-271
-115
35
177
327
476
606
721
815
896
978
1056
1113
1161
1197
1213
1213
1192
1183
1167
1133
1099
1044
985
926
852
784
713
635
552
453
358
257
160
78
-11
-92
-170
-263
-357
-450
-535
-609
-669
-717
-765
-815
-864
-905
-946
-972
-972
-952
-950
-949
-930
-916
-867
-804
-744
-670
-600
-521
-432
-329
-204
-81
34
145
248
340
432
517
605
696
777
831
868
903
928
942
963
992
999
985
943
894
858
804
742
690
635
565
472
367
270
172
79
-5
-85
-185
-294
-396
-504
-599
-678
-743
-796
-862
-935
-998
-1056
-1099
-1116
-1113
-1095
-1077
-1056
-1025
-991
-949
-891
-808
-696
-566
-454
-352
-264
-179
-70
49
204
371
507
618
683
716
765
843
939
1049
1140
1190
1177
1106
1033
988
994
1019
1049
1061
1007
894
732
598
524
480
478
447
361
238
74
-100
-242
-323
-357
-399
-465
-551
-666
-798
-931
-1023
-1044
-1035
-1022
-1025
-1049
-1089
-1143
-1177
-1164
-1101
-998
-899
-834
-784
-753
-722
-643
-527
-363
-191
-72
10
60
121
217
327
475
628
753
830
862
884
917
994
1091
1175
1236
1247
1225
1165
1087
1040
1032
1035
1008
946
850
744
626
506
424
374
320
228
91
-36
-144
-252
-333
-409
-480
-573
-696
-801
-879
-908
-913
-920
-939
-1010
-1097
-1164
-1201
-1167
-1088
-995
-931
-945
-990
-1021
-1003
-907
-760
-599
-451
-359
-343
-344
-300
-186
-11
170
335
469
536
556
571
645
761
888
985
1027
1044
1027
1003
1006
1035
1075
1101
1085
1032
956
882
810
753
727
703
670
591
478
353
228
117
25
-29
-66
-137
-261
-398
-533
-663
-758
-824
-850
-867
-912
-974
-1045
-1089
-1090
-1075
-1028
-981
-935
-902
-880
-828
-769
-685
-594
-511
-419
-327
-229
-135
-50
45
125
204
293
379
473
553
629
699
744
790
831
874
920
953
976
976
964
945
925
909
886
851
810
752
683
602
520
428
343
244
132
38
-71
-183
-295
-395
-478
-554
-636
-716
-785
-848
-898
-947
-977
-1001
-1022
-1024
-1030
-1024
-1005
-995
-964
-913
-852
-771
-707
-640
-558
-475
-379
-285
-184
-77
19
121
216
316
418
503
598
683
754
834
888
930
969
987
1013
1020
1016
1015
993
976
939
869
819
753
683
616
529
461
382
282
205
116
25
-59
-166
-245
-345
-432
-489
-574
-641
-710
-771
-814
-861
-874
-885
-898
-881
-873
-854
-820
-809
-755
-696
-642
-568
-517
-447
-364
-304
-212
-120
-38
57
130
211
297
357
431
488
536
603
629
667
704
713
739
738
733
739
721
702
674
635
605
551
490
441
378
326
252
179
131
59
-2
-71
-149
-203
-267
-334
-389
-454
-498
-540
-579
-600
-635
-661
-684
-701
-709
-715
-702
-679
-663
-640
-606
-570
-519
-478
-434
-372
-318
-257
-198
-140
-77
-20
41
107
183
251
313
375
451
511
570
620
656
696
727
750
770
773
772
754
728
708
674
642
599
548
491
420
357
298
232
169
110
42
-22
-80
-132
-188
-250
-302
-348
-386
-423
-467
-501
-528
-552
-584
-609
-628
-627
-623
-621
-614
-606
-585
-563
-524
-483
-442
-398
-355
-311
-281
-236
-187
-131
-68
-27
27
76
113
154
206
258
298
333
361
398
435
459
482
502
513
525
526
527
527
516
495
475
473
441
404
380
355
328
273
219
181
160
117
48
4
-23
-69
-154
-228
-260
-280
-331
-398
-432
-438
-467
-533
-568
-545
-533
-573
-606
-575
-529
-519
-544
-515
-428
-366
-356
-342
-245
-138
-125
-120
-59
59
138
115
144
248
336
346
299
367
482
506
470
448
541
614
551
506
530
589
592
483
440
476
467
405
295
257
297
244
136
62
41
50
-41
-144
-155
-177
-224
-291
-358
-349
-369
-434
-453
-470
-455
-467
-517
-499
-487
-489
-487
-499
-462
-426
-424
-390
-373
-332
-290
-296
-248
-209
-163
-101
-74
-8
46
72
125
156
195
252
281
335
359
380
432
454
479
502
506
532
531
511
501
470
469
440
388
362
320
299
250
189
171
137
101
54
-8
-38
-86
-136
-162
-210
-225
-258
-310
-321
-356
-369
-379
-413
-400
-409
-409
-401
-426
-399
-381
-377
-339
-322
-288
-258
-259
-223
-189
-165
-128
-111
-59
-11
1
47
83
123
160
167
203
229
242
271
291
315
335
341
344
336
339
354
346
330
312
296
284
245
212
203
180
151
110
79
63
30
-6
-39
-53
-63
-95
-126
-142
-143
-167
-203
-228
-236
-232
-250
-260
-267
-265
-256
-270
-271
-248
-231
-227
-219
-199
-168
-153
-152
-126
-88
-52
-29
-4
31
68
88
104
127
144
157
163
178
186
194
194
187
191
200
204
195
188
175
172
161
148
131
115
105
82
64
51
22
-13
-42
-57
-58
-69
-86
-99
-107
-113
-138
-156
-155
-148
-132
-146
-163
-161
-158
-157
-165
-167
-150
-123
-113
-108
-98
-82
-71
-66
-53
-25
1
23
38
51
73
94
116
138
149
167
186
192
201
206
212
214
204
198
184
184
174
158
155
157
154
145
129
114
95
73
47
24
-1
-23
-48
-75
-93
-127
-155
-176
-196
-196
-193
-199
-210
-227
-232
-227
-230
-236
-242
-232
-224
-218
-203
-199
-181
-166
-160
-150
-135
-109
-80
-60
-46
-25
5
32
51
73
95
110
121
132
160
178
178
181
192
210
218
222
231
240
244
238
231
225
219
204
188
173
158
148
120
85
75
59
50
36
13
8
1
-28
-55
-75
-88
-101
-119
-121
-131
-135
-149
-165
-157
-168
-179
-176
-172
-163
-160
-158
-150
-146
-148
-150
-136
-108
-86
-73
-69
-62
-44
-22
-11
2
16
26
32
32
37
49
72
84
92
109
116
117
102
88
92
100
95
81
72
67
59
51
48
49
42
34
11
1
5
-2
-4
1
-7
-18
-30
-33
-25
-26
-24
-24
-24
-23
-29
-29
-26
-19
-28
-40
-37
-26
-22
-17
-12
-11
2
3
3
-6
-9
-3
-11
-8
-3
-2
-3
-1
5
13
18
23
32
40
45
50
46
31
25
19
17
17
10
8
-4
-2
12
-3
-3
3
5
9
4
0
-8
-21
-35
-34
-31
-29
-30
-32
-29
-30
-37
-37
-32
-31
-29
-27
-16
-7
-10
-15
-14
-15
-21
-17
-14
-8
6
4
1
0
4
0
-6
-5
8
22
26
31
36
36
33
26
28
38
40
47
49
45
53
47
41
41
38
41
35
20
21
26
22
9
0
5
4
-9
-21
-14
-3
-10
-27
-30
-23
-18
-28
-46
-46
-47
-52
-44
-49
-46
-43
-51
-47
-59
-61
-49
-49
-40
-43
-45
-35
-36
-37
-41
-38
-20
-13
-9
4
6
18
25
22
34
38
46
65
67
70
68
64
73
63
65
74
67
73
57
49
50
46
63
61
58
61
36
13
6
1
9
5
-5
0
-21
-35
-45
-58
-38
-33
-23
-20
-46
-50
-71
-81
-74
-75
-56
-42
-53
-57
-57
-57
-55
-51
-36
-33
-29
-20
-31
-37
-32
-34
-12
5
17
30
23
24
15
12
18
17
31
36
36
48
45
42
46
45
60
67
69
64
49
55
54
42
40
44
45
41
28
27
27
20
24
12
5
-5
-24
-22
-23
-30
-31
-37
-35
-29
-38
-31
-35
-49
-51
-52
-50
-51
-52
-58
-59
-55
-56
-51
-45
-28
-9
-12
-12
-20
-14
-9
-18
-6
-1
4
3
2
16
25
32
25
28
31
29
31
43
47
37
36
27
23
23
21
24
27
28
21
13
9
15
18
24
28
15
6
0
0
0
-5
2
7
10
4
-3
-3
-2
-4
-10
-9
-5
-10
-22
-18
-12
-8
-7
-6
-12
-16
-19
-28
-26
-15
-13
-11
-11
-10
-1
-10
-15
-16
-14
2
8
6
6
-2
-2
-9
-11
-7
-4
16
19
12
3
-5
-9
-4
7
16
25
29
20
5
-3
-15
-14
3
13
26
15
7
1
-17
-19
-13
-8
-2
-7
-4
3
1
2
3
2
10
4
-1
3
-7
-10
-8
-11
-7
-11
-1
10
6
16
7
7
12
-2
5
13
11
20
13
7
11
9
12
4
4
11
1
2
-1
-1
9
-1
-8
-1
0
-3
-16
-20
-9
0
4
-5
-10
-2
-8
-15
-17
-24
-11
-4
-7
3
-1
-3
2
-9
-3
-7
-7
1
-13
-7
-11
-8
-3
-17
-12
-9
-6
3
-2
-2
3
9
13
15
13
26
25
21
25
18
24
24
17
13
0
-2
0
-2
-1
-6
-3
6
-3
1
4
0
7
-1
-1
2
-5
-9
-18
-24
-11
-1
-6
-16
-12
-13
-12
-10
-4
13
12
-5
-8
-3
-3
-3
-7
-6
0
2
11
3
-4
5
7
2
4
12
8
0
-7
0
2
-6
3
-3
-2
5
-3
-1
-4
-1
-6
-13
-7
-6
2
12
16
20
15
10
7
5
7
17
13
7
13
-4
3
9
4
14
6
7
9
3
4
-2
-8
-14
-20
-22
-19
-15
-8
3
2
0
1
-10
-16
-13
-16
-10
-4
-9
-8
-14
-12
-10
-8
1
10
11
0
-8
-10
-4
3
4
6
7
5
2
-1
4
7
18
21
18
20
16
10
9
3
0
-4
-9
1
2
5
-1
-14
-12
-11
-7
0
8
15
7
-5
-3
-3
-4
9
-1
8
20
5
4
1
0
2
-2
3
3
6
1
-14
-8
0
4
4
2
13
7
-6
-7
-15
-10
-8
-18
-17
-21
-28
-30
-35
-21
-3
0
3
-2
2
5
1
1
8
23
32
22
12
15
12
15
11
12
28
25
17
14
1
-5
-6
-12
8
20
25
18
9
1
-6
-6
-7
-2
0
-4
-7
-12
-13
-11
-10
1
9
4
-5
-12
-23
-25
-22
-10
-1
-7
-2
-7
-16
-21
-27
-23
-11
5
9
2
-1
1
-7
-9
3
3
8
9
6
15
7
10
9
-6
1
4
-2
0
-4
-3
1
10
10
6
17
8
2
0
-6
3
0
-3
3
11
8
-2
-7
-9
-4
-2
2
4
5
10
8
7
5
1
8
8
8
6
-5
-5
-11
-7
0
-6
-4
1
2
7
11
12
11
10
5
2
19
19
14
16
3
-5
-6
-8
2
9
7
7
-1
-3
-6
-3
2
1
2
-5
-5
-12
-22
-19
-19
-16
-20
-25
-27
-37
-30
-20
-17
-5
0
-1
-6
-9
-13
-18
-8
-11
-15
-22
-13
1
-8
-6
2
13
21
15
18
13
14
22
25
35
28
18
10
7
11
10
16
23
30
31
25
9
8
8
9
14
16
19
7
-3
-6
-2
9
5
2
4
3
1
-10
-12
-6
-1
-7
-20
-21
-20
-18
-29
-32
-20
-8
-3
-9
-8
-6
-11
-22
-21
-15
-10
-7
-10
-11
-14
-22
-10
4
10
21
20
20
6
-14
-16
-19
-16
-4
3
6
9
4
5
4
10
16
18
27
25
15
7
-3
10
23
18
22
12
6
10
-2
1
2
-1
5
-7
-13
-7
-6
1
2
6
15
14
10
2
-8
-1
-1
-10
-18
-12
4
10
11
7
-1
-5
-16
-22
-8
-4
0
2
-10
-10
-9
-15
-17
-18
-7
-2
-1
6
4
1
-1
-4
-8
-8
-2
1
3
-5
-15
-12
-3
3
0
0
-8
-4
-7
-14
2
5
21
28
18
20
14
3
0
4
17
27
14
19
15
6
4
-5
6
4
-3
-1
3
8
5
2
-3
-6
-1
-1
-1
1
0
0
-2
-8
-8
3
-1
-16
-10
-3
-4
-15
-13
-4
-1
9
10
10
6
4
4
-8
-10
-12
-14
-14
-14
-14
-15
-13
-17
-17
-13
-10
-3
-1
2
4
5
2
1
-2
-5
-3
-3
6
7
1
-1
-3
-1
7
7
8
14
12
7
6
10
10
4
-6
1
5
5
6
-4
0
4
6
11
17
33
30
19
10
3
5
4
8
9
8
9
10
6
-1
-7
-7
-6
-6
-2
-4
-10
-5
2
6
6
-3
-6
-6
-11
-4
-7
-17
-18
-22
-21
-9
-10
-4
-2
-7
-4
-13
-20
-28
-24
-13
-16
-15
-11
-5
-1
-4
-4
-1
1
-2
0
0
3
2
2
6
9
16
13
9
6
10
11
15
16
14
14
5
10
5
0
5
11
19
14
8
10
6
9
14
12
20
20
20
16
9
13
11
14
11
5
0
-10
-14
-16
-19
-11
-1
-3
-3
-14
-26
-28
-29
-32
-25
-14
-14
-21
-29
-30
-32
-32
-22
-21
-23
-27
-25
-11
-11
-12
-7
-2
-1
-4
-3
8
10
16
19
17
23
23
24
24
23
32
39
44
38
42
57
52
44
41
26
26
24
28
33
24
32
23
10
11
9
14
19
16
6
-5
-7
-12
-20
-28
-42
-41
-41
-48
-55
-56
-49
-40
-49
-54
-53
-64
-65
-64
-56
-45
-38
-29
-19
-18
-18
-19
-9
-6
-16
-11
-1
6
7
4
-2
1
3
2
1
9
24
24
30
36
40
39
29
30
43
51
42
37
40
29
25
29
37
41
32
25
20
19
18
15
22
23
27
24
9
7
-5
-19
-19
-15
-4
-10
-22
-23
-36
-37
-36
-42
-29
-21
-20
-21
-20
-19
-25
-26
-27
-22
-20
-18
-11
-15
-9
0
-5
-1
11
15
5
5
7
2
6
7
2
12
15
11
10
3
8
12
9
7
8
12
9
2
-5
1
7
-1
-6
2
10
12
13
9
9
2
-3
-3
-6
1
5
10
9
1
5
-3
-5
-7
-10
-4
-3
-10
-11
-10
-9
-12
-14
-1
-3
-3
10
18
22
24
20
22
7
-7
0
-9
-6
4
2
6
6
-2
-7
-7
-8
-6
-1
0
0
3
-1
-5
-9
-18
-12
-12
-5
4
3
10
3
2
-1
-8
-9
-8
-14
-18
-18
-12
3
3
-1
1
3
7
-2
-15
-5
-10
-9
11
11
10
2
-5
-3
8
21
24
20
17
16
10
12
14
11
8
5
11
11
7
-1
-5
9
14
-2
-7
-3
1
-4
-27
-21
-5
2
2
-10
-11
-3
-4
-11
-17
-11
-6
-10
-18
-14
-2
-9
-8
-5
-6
-3
4
12
7
4
10
10
-6
-14
-13
-9
7
4
3
2
-1
7
-10
-16
-2
-2
-8
-10
-5
13
13
7
6
2
5
-2
-3
18
21
8
11
15
14
16
27
26
23
14
3
10
13
14
10
2
1
3
-2
-11
-10
-3
5
4
5
2
4
2
-9
-6
-4
-3
-4
-11
-17
-19
-22
-21
-14
-5
-12
-10
4
-8
-18
-27
-31
-17
-16
-18
-7
-5
-4
-16
-20
-9
-7
-7
-11
-10
-6
-3
-8
-10
-16
-4
11
13
7
6
17
18
14
15
30
27
10
5
10
20
21
18
24
39
32
24
20
21
24
12
9
13
9
-3
-6
1
11
4
-1
3
5
5
2
-2
0
1
-2
-1
-11
-17
-22
-25
-26
-25
-25
-24
-25
-23
-21
-15
-3
-3
-7
-15
-18
-17
-19
-18
-14
-3
-6
-13
-9
-6
-2
12
22
35
39
20
17
12
4
1
4
5
0
-4
1
6
-8
-5
-4
-3
7
-2
-3
-4
-1
2
5
12
14
14
22
26
15
9
-1
-5
-3
-8
-2
-4
-6
-3
-8
-4
-5
-6
-5
-7
-2
-7
-9
-6
4
17
15
4
2
5
2
-2
-6
-3
4
3
-4
-2
-8
-18
-14
-6
0
2
8
9
15
6
-4
8
2
-1
-4
-6
-3
-5
-11
-9
-8
-7
-7
-18
-11
-5
-8
-10
-18
-5
13
11
5
10
13
8
0
-9
-2
-1
-3
10
13
6
1
12
17
15
7
1
14
12
7
11
13
20
15
0
1
3
0
8
5
8
5
1
10
-6
2
6
0
1
-2
2
2
-12
-21
-18
-10
-12
-13
-14
-24
-24
-15
-9
-6
-17
-19
-17
-20
-29
-18
-8
-12
-13
-16
-14
-19
-19
-12
-6
8
13
2
1
5
11
17
16
15
17
24
30
29
27
21
12
11
12
13
18
17
15
13
2
1
15
31
41
40
32
28
21
16
17
11
7
-10
-26
-11
-2
-2
-5
-7
-11
-22
-26
-24
-21
-22
-28
-34
-37
-36
-32
-23
-16
-5
-10
-19
-29
-32
-26
-28
-29
-26
-31
-21
-17
-9
4
6
17
25
34
26
9
13
16
20
15
-1
6
16
9
-1
-4
14
25
21
30
36
41
34
23
20
18
26
22
15
10
7
-4
2
11
6
18
11
7
6
-2
1
-2
0
0
-7
-5
-10
-24
-28
-24
-21
-26
-25
-24
-26
-24
-29
-29
-21
-18
-16
-13
-14
-5
6
0
-6
-8
-8
-16
-27
-26
-8
2
4
10
8
11
1
4
13
8
17
14
16
25
18
8
-1
-9
-8
-11
-16
-10
4
26
20
8
-3
-9
-5
0
4
13
29
35
28
19
21
18
15
11
2
19
25
14
13
6
9
6
-7
-1
6
7
2
-11
-6
-3
9
9
1
4
0
1
-6
-16
-17
-19
-19
-18
-18
-15
-20
-35
-30
-27
-29
-18
-8
-1
-4
-15
-22
-21
-29
-27
-18
-12
-10
-10
-2
-4
-1
1
4
16
25
25
13
2
1
-3
-2
6
11
13
10
5
-4
0
2
10
21
23
33
29
15
6
1
7
15
20
23
13
13
15
8
9
10
15
21
17
5
3
4
1
-3
0
0
-4
-8
-11
-12
-15
-6
-2
5
10
-5
-11
-7
-10
-14
-19
-20
-15
-10
-4
-7
-3
-8
-10
-9
-9
-4
-8
-12
-10
-12
-12
-11
-18
-15
-6
-13
-6
-3
-16
-16
-22
-10
3
1
-2
-5
0
0
-5
-6
1
0
1
8
5
10
11
15
27
27
24
28
30
30
23
13
18
22
25
23
18
15
10
10
19
19
16
23
19
13
8
-5
-1
-12
-12
1
1
5
2
-10
-17
-27
-23
-15
-27
-36
-37
-27
-26
-29
-25
-22
-23
-17
-19
-25
-16
-15
-11
-21
-22
-14
-14
-14
-12
-5
1
3
2
13
23
16
11
17
12
7
12
12
17
25
23
17
15
9
3
8
16
26
24
20
17
5
4
6
12
20
16
9
1
1
11
8
0
8
12
11
8
3
15
13
7
3
-4
-8
-13
-11
-16
-19
-23
-33
-32
-23
-19
-24
-30
-25
-13
-17
-22
-12
-10
-4
3
4
4
-9
-14
-19
-29
-16
-8
1
5
5
10
7
10
12
6
5
5
6
11
7
4
6
3
9
15
12
16
21
17
20
15
13
23
20
8
-2
10
21
13
4
-5
4
10
-1
6
16
21
16
-2
3
7
4
3
-10
-10
-10
-13
-13
-25
-29
-25
-21
-18
-16
-12
-18
-24
-27
-26
-19
-20
-15
-10
-11
-8
-12
-3
3
3
0
4
4
8
9
1
9
11
7
-2
-7
2
3
11
12
10
19
20
12
5
1
7
10
8
12
16
19
24
19
9
7
11
8
-1
1
11
14
1
-5
-7
-3
-1
-7
-1
-2
-4
-3
-7
-5
-10
-2
3
0
3
-4
-8
-12
-12
-7
-3
7
9
1
-8
-12
-7
-5
-15
-22
-23
-29
-31
-24
-13
-9
-14
-12
-10
-5
-2
-5
5
5
6
10
7
17
12
13
12
5
16
17
12
14
12
18
12
4
3
3
9
11
14
19
16
3
4
1
3
0
-4
0
-10
-10
-14
-14
-5
10
14
11
0
-6
-11
-16
-13
-10
0
-3
-7
0
-2
-4
-4
-11
-1
12
7
16
12
8
5
-4
0
4
0
7
8
11
10
-5
-8
-20
-20
-16
-17
0
-6
-3
11
4
10
10
-5
-3
-11
-13
-14
-19
-9
-10
-12
-8
-12
-14
-10
-7
5
8
7
12
5
10
7
9
9
11
12
3
2
-1
6
9
12
11
4
1
-5
-4
5
13
17
12
0
-6
2
8
0
-3
-1
0
5
-1
-8
-2
4
0
-1
0
8
4
3
5
1
12
11
2
-8
-16
-17
-18
-23
-21
-17
-6
3
9
9
1
4
2
-3
-3
-10
-7
-9
-17
-19
-14
-7
-4
9
10
7
8
1
0
3
5
11
5
0
7
2
2
2
-4
7
11
10
17
18
16
3
2
4
-4
5
1
-12
-6
-7
-5
4
3
9
10
4
9
5
1
-8
-6
-3
-7
-3
4
2
-3
-14
-17
-11
-9
-12
-13
0
5
1
-3
-2
4
1
-5
-10
-14
-7
-2
-4
-11
-4
2
4
5
-3
0
0
-3
3
8
10
-3
-9
-4
-5
1
8
9
19
27
18
9
7
15
7
-8
3
6
14
14
2
10
11
9
6
1
2
5
-2
-2
-9
-8
-3
-4
6
8
2
-9
-12
-12
-20
-18
-12
-12
-1
-6
-12
-4
-11
-8
2
3
9
4
-3
-1
-9
-14
-17
-7
12
4
-2
-6
-8
-13
-14
-4
-1
1
-2
-6
-2
5
2
-2
6
-1
-7
-9
-5
3
4
13
12
5
10
8
12
21
23
19
11
10
4
-1
1
0
3
7
4
-1
-1
7
24
19
13
10
-5
-6
-7
-12
7
13
3
-5
-11
-4
-4
-3
10
7
10
5
-7
-8
-14
-11
-12
-14
-11
-16
-7
1
-6
0
1
5
13
4
-5
-4
-8
-11
-10
-7
1
3
-10
-14
-14
-5
-1
2
7
2
3
-6
-17
-6
-4
-10
-12
-11
-1
3
0
2
-7
-16
-11
-6
-1
11
13
12
11
-1
0
10
14
20
19
12
4
3
3
-4
-4
-4
2
8
5
10
9
9
18
13
13
14
16
15
0
-5
-5
-5
-1
-4
1
3
3
1
-2
-2
-1
-3
-2
7
4
-3
-5
-2
1
-1
-7
-8
-7
-20
-23
-20
-22
-19
-12
-5
8
4
-8
-6
-4
-4
-12
-12
-3
-2
4
-1
-3
6
7
3
4
6
14
12
-3
-7
-3
-2
-7
2
7
15
17
6
8
11
14
18
20
26
20
12
2
-6
2
3
7
9
5
11
9
-2
-3
-7
-9
-8
-6
-6
-16
-22
-28
-20
-18
-4
5
8
4
-16
-14
-23
-17
-9
-15
-12
-21
-19
-23
-28
-7
-4
-4
0
-5
3
6
1
8
11
10
7
-4
-2
12
19
26
15
6
4
-6
-1
5
9
21
14
13
15
12
17
17
21
19
16
18
13
15
14
5
10
12
7
7
-5
-5
-6
-10
-2
5
11
11
-1
-3
-9
-13
-18
-25
-14
-9
-8
-14
-17
-17
-17
-18
-20
-2
-8
-14
-13
-16
1
-2
3
8
1
0
-3
-6
-9
-8
-2
-4
-11
-12
-17
-10
-7
-14
-2
8
6
6
7
9
0
-14
-10
-4
2
8
11
12
4
-2
0
6
14
14
17
25
17
9
-6
-4
12
13
15
17
13
9
-3
-4
8
12
22
24
14
10
11
8
7
7
-1
-9
-13
-3
-5
-10
-11
-7
-2
-17
-25
-24
-16
-12
-19
-21
-16
-8
-3
-6
-6
1
9
-6
-22
-8
-1
4
0
0
10
0
-13
-18
-7
5
13
11
4
4
-5
-8
-11
-9
10
18
10
3
-11
-15
-8
-3
13
21
19
16
4
3
-3
-5
8
14
19
23
16
10
3
-1
2
8
7
9
10
6
6
-3
-1
4
4
2
-8
-8
-7
-4
-8
-9
-5
-9
-9
-13
-14
-8
-1
-3
-3
-1
6
17
9
2
-2
-11
-11
-13
-10
-4
-6
-10
-17
-25
-25
-15
-8
-2
1
2
1
-8
-8
-8
1
9
-1
-2
-2
-9
-5
-3
-2
0
-4
-5
-3
2
6
4
13
25
19
21
15
8
11
1
2
14
11
9
8
12
10
8
25
23
23
23
12
7
-2
-4
2
6
5
7
4
4
0
-10
0
3
7
12
4
-5
-16
-22
-13
-16
-14
-20
-20
-7
-15
-19
-13
-12
-8
-15
-24
-25
-27
-21
-23
-19
-17
-14
0
-7
-5
4
3
7
5
2
5
-2
-15
-6
9
13
9
4
-1
-1
-2
-2
3
8
18
24
26
19
21
20
8
4
5
12
20
23
22
20
15
12
4
-3
1
2
5
2
4
7
1
2
0
0
-8
-5
-3
-15
-12
-10
-5
-1
-13
-13
-17
-15
-3
4
4
2
-4
-3
-5
-12
-4
-3
2
3
-5
-8
-4
-14
-13
-6
-7
-9
-8
-3
-8
-15
-10
-10
-12
-12
-1
5
9
12
7
7
0
1
10
12
21
15
7
7
1
7
3
4
10
4
6
4
2
7
6
3
5
4
3
3
-1
-6
-10
0
7
10
9
9
10
5
3
-5
2
11
4
-4
-5
-7
-20
-13
-12
-9
3
2
0
-10
-13
-19
-20
-7
-1
-4
-3
-1
-10
-16
-16
-16
-12
0
3
3
-1
-5
0
13
20
14
9
6
1
4
3
6
8
0
-3
-6
5
14
2
7
11
16
23
13
15
11
11
9
-4
-1
0
5
9
-5
-1
-7
-9
-5
-16
-5
-3
1
2
-11
-9
-10
-11
-9
-12
-3
-3
-11
-6
-9
-7
-2
-2
3
-1
-6
-3
4
8
16
17
10
9
5
-1
-7
-6
8
-3
-11
-10
-9
2
-5
-7
-7
1
7
0
-2
-4
7
12
10
5
-1
1
-9
-11
-6
-6
-5
-12
-14
-8
-10
-1
4
4
4
5
8
0
1
5
7
18
5
-7
-6
-13
-4
9
11
14
2
-1
8
5
9
12
7
12
7
1
11
7
9
14
16
22
11
16
17
5
6
-1
-10
-6
-10
-1
9
1
-2
-8
-13
-10
-18
-21
-18
-20
-19
-27
-27
-23
-19
-18
-24
-17
-9
-2
1
4
12
6
-2
0
-2
-5
-6
-11
-15
-7
-5
0
7
8
-1
-3
0
5
9
8
17
17
18
18
8
12
18
17
17
10
12
10
4
5
5
14
11
10
11
12
15
11
8
5
4
-7
-11
-19
-29
-23
-19
-18
-9
-4
-4
-12
-11
-3
-3
-1
4
9
4
5
6
-1
-8
-8
-8
-6
5
1
-7
-3
-3
-4
-8
-8
-1
2
6
3
6
3
-5
-1
-2
0
5
10
9
0
-6
-10
-1
6
2
2
3
4
9
4
-2
-3
-5
-3
-13
-17
-3
0
-4
-7
-2
5
7
0
-3
-5
-8
-8
-10
-2
9
15
19
14
12
16
15
16
18
20
23
14
4
-14
-18
-9
-20
-17
-9
-5
3
-4
1
2
-2
5
1
-12
-22
-26
-21
-25
-34
-22
-6
3
11
10
13
10
0
11
19
20
23
10
-4
-9
-16
-7
-2
5
15
12
11
8
4
9
2
-4
0
9
5
-1
9
13
10
5
-1
1
2
0
-4
-5
3
0
-5
-1
-5
-7
0
-1
2
3
-1
-3
-6
-10
1
2
-4
-4
-7
-16
-11
-2
3
3
6
5
-13
-21
-14
-8
-5
0
2
8
10
8
2
-5
-1
3
9
0
-9
-4
-14
-13
-4
-2
17
21
6
4
0
5
2
-2
4
4
10
11
3
4
1
0
3
2
11
6
-3
-4
-6
7
10
3
3
-2
-5
-6
-15
-21
-16
-5
-2
-3
-8
-2
-2
-5
-3
-5
5
13
12
11
12
6
-4
-5
-10
-6
-4
-2
10
10
7
6
2
9
15
15
18
11
0
-15
-32
-32
-27
-22
-19
-19
-15
-14
-18
-16
-3
8
10
17
16
8
2
4
4
-3
0
5
14
13
11
15
19
20
19
10
5
10
10
6
6
10
21
19
6
3
5
2
4
0
4
8
7
8
5
0
-8
-12
-10
-12
-2
-2
-7
-4
-7
-6
-14
-17
-20
-23
-13
-16
-11
5
4
0
2
-5
-11
-14
-23
-20
-19
-27
-25
-24
-7
5
11
10
-1
-3
-10
-24
-23
-16
-4
-1
-16
-15
-9
-11
-3
11
26
27
14
11
9
10
16
8
8
6
4
15
15
15
20
24
27
28
24
30
27
21
24
16
17
15
14
19
10
5
1
1
4
-16
-17
-14
-11
13
5
5
2
-14
-6
-3
-3
-6
-11
-8
-17
-15
-9
-9
-9
-12
-14
-14
-14
-13
-18
-9
1
2
-8
-18
-9
-11
-12
-6
-3
0
-3
-5
-15
-23
-19
-15
-8
-6
0
7
3
-4
-5
-3
0
2
4
12
18
12
2
-9
-1
11
10
16
13
13
9
-1
-1
7
18
21
13
7
3
-4
-7
-8
6
15
4
3
6
9
11
6
7
5
0
-8
-5
5
-4
-3
-7
-5
-1
-6
-6
-5
-4
-4
-9
-7
2
-1
-2
-10
-12
1
0
-1
3
9
0
-3
-10
-20
-22
-24
-12
-4
3
-1
-4
7
3
4
9
8
16
17
14
8
11
13
7
9
15
23
18
20
16
9
6
1
9
11
6
2
8
3
2
2
5
10
4
3
4
1
-6
-9
-8
-15
-17
-19
-26
-27
-28
-22
-16
-13
-12
-10
-3
-11
-18
-14
-13
-15
-8
-16
-11
-1
-11
0
0
3
8
-5
-11
-11
-12
-8
-5
0
5
3
9
8
9
8
8
8
7
11
16
24
30
28
23
15
11
8
10
10
13
24
27
14
10
5
2
2
2
1
-3
5
4
3
0
-5
0
-1
-16
-19
-17
-25
-20
-15
-3
4
-1
-2
-12
-14
-16
-15
-4
-7
-1
1
-7
-2
-2
2
13
8
1
3
3
10
12
11
13
6
3
4
7
10
-3
-10
-9
-9
6
12
11
15
-1
-14
-14
-27
-27
-14
-18
-15
-18
-18
-5
-10
-8
-7
5
15
5
5
-5
0
2
-5
3
8
9
11
16
15
23
21
2
-16
-24
-10
-4
4
16
15
13
8
5
12
6
7
11
1
2
-3
-9
-5
-5
5
15
17
18
13
5
7
2
5
6
5
-3
-15
-19
-21
-13
-14
-11
-9
-12
-14
-14
-11
0
0
4
4
-5
-3
-8
-4
-4
-7
-8
-13
-11
-10
-10
-5
1
0
7
21
18
12
7
1
-2
-5
3
0
-4
-1
0
3
7
2
13
13
10
10
8
11
8
6
10
25
19
5
5
8
1
-15
-19
-14
-9
-15
-21
-19
-15
-19
-17
-13
-3
7
1
6
12
10
5
5
4
1
-8
-8
-2
1
-1
8
12
14
16
10
8
4
2
5
10
5
-2
-7
-16
-13
-13
-3
7
0
-10
-2
-2
-2
-4
-10
5
-1
-13
-22
-21
-8
-11
-6
-1
8
13
-2
-15
-17
-7
7
8
3
11
15
6
1
1
11
13
9
21
27
29
22
6
13
9
5
10
14
18
5
-9
-13
-16
-11
-1
0
6
5
-4
-9
-9
-3
-12
-21
-17
-17
-12
-6
-14
-13
-12
-12
-10
-8
-2
-1
-7
-5
-3
-9
-4
8
2
1
-6
-10
-5
-5
-7
-5
3
2
-4
2
5
14
20
9
7
9
3
2
7
9
20
8
-2
-6
-13
-4
-7
-3
9
11
15
14
5
-6
-6
6
5
4
11
15
20
10
12
15
13
20
10
-7
-15
-11
-11
-9
-4
6
11
5
-5
-12
-14
-5
4
3
4
-5
-8
-16
-15
-8
-12
-5
1
9
12
2
6
6
-8
-12
-19
-23
-20
-28
-15
-4
0
9
-4
-11
-13
-13
-2
0
