SAMPLES:	15081
BITSPERSAMPLE:	16
CHANNELS:	1
SAMPLERATE:	16000
NORMALIZED:	FALSE
154
130
15
-87
-118
-98
-9
41
44
22
-26
-30
-30
-32
-20
-4
47
101
127
102
29
-31
-66
-48
-11
32
91
110
124
124
81
31
-33
-62
-66
-57
-15
-11
-16
3
19
59
92
119
140
107
61
-14
-106
-137
-110
-43
22
32
-11
-123
-208
-200
-117
37
179
234
173
42
-62
-127
-118
-57
-15
-6
-38
-73
-114
-140
-114
-66
3
45
43
12
-48
-69
-78
-62
-21
-6
25
20
-2
-1
-44
-34
-3
13
67
58
47
36
-9
3
-15
-27
-16
-36
1
15
9
16
-26
-22
4
19
62
56
39
18
1
26
46
61
61
18
-19
-41
-28
26
47
50
33
13
58
98
130
152
99
76
89
104
151
130
82
33
-24
-26
-43
-53
-54
-75
-27
26
53
36
-61
-145
-205
-161
-38
33
91
43
-88
-151
-194
-182
-95
-40
-20
-29
-84
-146
-161
-133
-81
4
81
111
82
27
-29
-87
-75
-37
-34
17
42
-1
-18
-48
-88
-61
2
32
46
61
20
-9
12
-4
5
78
160
213
207
157
53
-11
25
30
32
38
-26
-51
3
43
48
79
80
52
112
129
62
20
-31
-60
-20
63
92
74
68
3
-37
10
23
24
34
-21
-88
-92
-87
-92
-52
-26
-46
-49
-63
-125
-165
-186
-223
-211
-159
-128
-77
0
36
65
66
-18
-90
-84
-39
38
113
110
50
0
-24
-21
46
151
195
193
158
74
5
-14
-13
-5
31
45
28
51
82
68
49
26
19
92
179
191
127
3
-141
-212
-187
-124
-34
-4
-73
-154
-205
-198
-140
-71
-20
14
73
73
-2
-91
-172
-168
-96
11
89
97
84
-8
-96
-91
-70
-15
40
72
77
55
66
39
47
108
114
127
122
106
101
85
62
-13
-26
30
51
78
56
1
-14
-25
-32
-10
71
143
144
79
-62
-195
-240
-202
-112
31
167
209
173
69
-74
-174
-189
-148
-96
-28
5
-9
-15
-39
-60
-13
71
162
202
159
42
-84
-129
-104
-45
17
18
-32
-89
-149
-176
-159
-93
14
125
189
137
-6
-167
-273
-251
-138
-7
98
156
163
97
-21
-112
-125
-49
56
115
101
23
-98
-201
-213
-99
74
199
217
143
46
-13
-37
-25
35
92
127
113
35
-52
-132
-162
-115
-12
125
205
201
126
-4
-85
-91
-16
108
171
165
122
64
35
9
-15
11
72
178
253
246
184
37
-92
-146
-145
-72
-50
-78
-120
-175
-176
-189
-200
-172
-111
14
89
87
6
-138
-217
-212
-101
29
78
60
-58
-166
-202
-174
-70
18
57
46
5
29
93
151
164
98
25
-13
-15
8
-9
-35
-54
-60
-25
2
25
45
47
58
37
19
27
42
95
126
118
80
2
-31
-30
-4
41
47
45
20
-19
-27
-21
28
71
51
2
-66
-79
-34
7
37
-1
-61
-100
-121
-86
-31
33
85
81
56
11
-10
23
68
117
123
107
103
96
86
31
-54
-137
-192
-182
-143
-114
-114
-128
-79
44
192
255
176
32
-82
-106
-70
-63
-91
-117
-90
-1
98
174
201
160
75
-35
-135
-185
-171
-95
0
77
106
66
-3
-49
-48
-22
-15
-28
-52
-75
-99
-140
-175
-172
-123
-39
31
67
69
45
10
-17
-14
26
79
105
90
37
-22
-42
-14
43
96
139
161
134
67
-14
-86
-120
-113
-61
16
86
116
84
26
-14
-9
45
133
232
278
234
127
17
-38
-33
-3
20
24
23
25
16
-3
-36
-74
-96
-78
-35
-14
-43
-126
-233
-303
-288
-191
-65
21
30
-9
-41
-38
-28
-41
-71
-87
-86
-90
-97
-81
-37
-2
1
-28
-61
-88
-91
-43
53
178
254
233
154
85
68
76
81
102
143
177
169
100
37
40
100
146
108
-1
-107
-146
-99
3
102
146
122
58
-15
-66
-87
-91
-96
-108
-111
-92
-59
-45
-67
-107
-121
-88
-31
20
46
55
53
19
-26
-53
-55
-50
-60
-57
-12
48
68
9
-74
-97
-45
33
77
62
19
-21
-58
-89
-107
-114
-107
-80
-25
44
94
91
48
3
-28
-47
-56
-32
31
97
117
81
37
22
33
57
76
93
100
94
87
87
98
101
96
101
118
124
94
39
-16
-38
-24
9
32
12
-52
-129
-170
-155
-114
-78
-46
-11
22
26
-12
-70
-100
-97
-67
-16
52
105
98
20
-92
-165
-162
-101
-10
69
105
92
22
-48
-72
-59
-38
-53
-103
-138
-135
-90
-39
-15
-15
-22
4
63
107
110
68
5
-28
-17
6
37
50
58
60
21
-42
-120
-176
-163
-92
12
83
74
28
-12
18
112
181
187
117
34
-17
-38
-6
48
120
177
144
41
-81
-142
-114
-53
23
63
67
58
21
-5
-10
17
67
104
154
188
179
137
29
-79
-138
-131
-52
9
48
49
11
-1
-20
-14
16
46
84
57
-5
-70
-136
-136
-130
-124
-114
-121
-110
-111
-126
-145
-184
-166
-94
2
86
81
29
-45
-98
-105
-107
-77
-33
19
75
73
41
-12
-74
-83
-45
68
172
167
66
-105
-196
-145
7
171
206
145
47
-22
-4
38
78
88
68
66
50
25
-9
-40
-13
40
121
182
162
96
3
-46
-57
-57
-3
42
85
87
0
-105
-201
-191
-77
27
94
80
31
4
-49
-64
-49
-21
55
89
101
94
41
28
-11
-52
-41
-16
63
94
44
-9
-100
-132
-116
-94
-6
60
132
177
98
-5
-144
-262
-289
-286
-167
-25
67
139
130
133
137
101
66
-27
-91
-89
-67
-10
-9
-52
-89
-134
-125
-108
-91
-42
5
79
133
141
153
162
175
168
125
84
55
64
87
62
-5
-86
-131
-123
-106
-112
-138
-126
-45
60
121
83
-17
-103
-148
-157
-141
-81
17
85
68
-16
-92
-74
11
64
28
-73
-132
-93
20
134
173
141
92
54
28
-7
-49
-51
7
97
144
105
29
-32
-42
-19
-14
-26
-50
-61
-39
-16
18
46
49
52
39
22
29
67
139
179
149
67
-15
-35
-1
44
71
50
-12
-97
-151
-128
-59
-13
-33
-97
-128
-102
-30
54
104
115
76
11
-47
-98
-126
-123
-66
37
124
146
77
-38
-140
-182
-146
-61
27
60
17
-57
-116
-142
-152
-154
-119
-45
47
115
125
98
47
5
-14
-12
12
42
56
67
94
144
199
215
155
36
-88
-171
-167
-93
-18
26
19
-14
-25
-33
-59
-95
-112
-50
81
217
299
296
195
38
-107
-186
-148
-19
118
184
141
42
-50
-92
-87
-74
-65
-44
17
66
38
-44
-158
-225
-188
-125
-55
7
14
26
2
-48
-44
-76
-94
-82
-125
-92
-33
10
91
110
142
184
131
67
-40
-125
-66
47
171
246
213
146
63
0
-25
-42
-35
-12
16
40
63
76
48
-11
-89
-151
-141
-52
79
170
170
95
-12
-96
-133
-117
-69
-22
25
17
-24
-46
-72
-53
-25
-30
-33
-86
-133
-117
-76
30
142
166
115
8
-99
-141
-107
-26
48
72
43
-18
-108
-193
-217
-212
-182
-124
-64
4
57
90
113
82
25
-37
-138
-182
-138
-44
94
199
254
258
212
203
183
168
195
206
239
238
210
183
92
40
7
-39
-20
2
58
86
46
24
-58
-121
-128
-159
-156
-172
-172
-106
-46
36
69
25
-65
-195
-271
-283
-210
-62
40
86
25
-99
-188
-240
-208
-153
-79
30
99
141
113
22
-56
-119
-92
-1
95
191
192
109
0
-78
-27
81
153
143
27
-65
-83
-19
95
153
174
149
96
64
21
10
6
-9
-33
-60
-23
10
0
-57
-155
-167
-88
64
180
130
26
-110
-175
-125
-80
15
68
95
148
90
29
-68
-171
-148
-119
-31
51
74
142
108
42
-31
-122
-73
-14
60
110
50
61
75
75
102
47
50
68
57
79
-6
-67
-71
-99
-36
-18
-11
6
-81
-119
-166
-155
6
97
169
134
-36
-113
-190
-181
-92
-55
36
42
-7
-21
-79
-43
16
37
71
65
86
107
98
60
4
-10
3
40
22
-27
-25
-30
36
61
18
42
10
29
37
-52
-58
-98
-55
63
60
62
-46
-208
-237
-242
-125
12
39
76
29
-21
1
-36
-34
-24
-46
7
41
83
156
143
124
89
24
42
50
66
129
138
144
117
22
-22
-63
-55
25
27
26
-4
-66
-34
-34
-19
1
-59
-82
-129
-160
-120
-113
-50
20
60
92
45
-22
-85
-114
-81
-27
45
74
77
59
8
13
21
63
120
89
67
3
-64
-64
-87
-41
7
1
23
-14
-30
8
13
57
67
49
69
33
-9
-78
-185
-204
-185
-137
-64
-54
-14
29
27
14
-79
-151
-135
-83
29
95
88
55
-10
-23
23
98
188
199
133
24
-53
-34
45
141
183
160
90
12
-23
-29
14
63
84
110
115
114
90
13
-54
-119
-121
-49
9
78
106
86
49
-30
-91
-122
-105
-34
-2
-20
-78
-175
-231
-218
-137
-4
105
137
57
-88
-187
-198
-125
-37
-3
-12
-9
28
38
-1
-88
-152
-116
-21
86
99
35
-4
-40
-27
-5
-19
13
37
49
48
-23
-25
23
84
181
177
137
103
42
42
21
-6
1
-47
-58
-56
-42
39
87
130
161
163
202
201
156
78
-26
-68
-68
-43
-32
-63
-91
-103
-58
-4
21
7
-75
-113
-105
-44
57
61
32
-28
-90
-54
-49
-34
-31
-103
-113
-142
-135
-42
-1
62
52
-34
-61
-78
-26
59
72
75
47
32
74
99
99
61
-20
-65
-71
-65
-56
-80
-103
-90
-31
75
163
189
147
57
-31
-80
-98
-97
-61
-12
17
12
-47
-96
-90
-28
61
98
84
40
-10
-32
-40
-37
-25
-14
5
21
48
56
21
-24
-61
-37
32
83
121
117
133
159
137
85
-27
-92
-64
-13
59
60
32
37
19
35
24
-8
4
-13
-3
4
-31
-28
-37
-20
52
90
96
-1
-178
-304
-355
-270
-126
-18
69
85
50
-23
-126
-160
-117
-19
85
112
98
55
7
-15
-31
-11
45
89
118
89
27
-8
-34
-6
50
94
145
120
64
-5
-77
-61
-43
-23
-4
-42
-50
-80
-127
-123
-111
-6
129
193
206
90
-58
-158
-218
-156
-49
54
121
86
35
-13
-41
-26
-14
24
83
127
147
96
17
-38
-66
-36
9
47
71
45
11
-13
-25
-16
-27
-29
-14
14
46
25
-27
-79
-102
-63
-3
49
57
16
-31
-54
-28
31
81
86
43
-10
-47
-58
-50
-36
-11
16
24
16
-3
-23
-39
-50
-67
-71
-53
-20
22
40
39
41
46
52
49
26
-5
-24
-36
-39
-38
-53
-67
-82
-83
-43
-2
9
-33
-127
-189
-191
-97
48
143
176
115
44
34
44
98
114
82
48
-15
-31
-14
18
101
152
177
188
129
60
-40
-136
-135
-76
56
175
181
137
45
-28
-40
-59
-48
-29
-29
-14
-29
-57
-68
-77
-49
5
57
88
68
0
-78
-121
-99
-33
22
15
-48
-136
-198
-194
-154
-91
-38
-33
-64
-141
-197
-168
-76
46
121
104
32
-62
-117
-102
-17
100
180
187
124
45
3
9
81
169
228
234
168
86
10
-34
-41
-39
-12
13
28
53
76
105
100
48
-24
-80
-68
-18
25
36
-3
-62
-113
-121
-76
-27
8
27
37
62
64
30
-32
-106
-146
-142
-77
12
72
87
65
28
-5
-28
-34
-36
-33
-26
-25
-35
-55
-67
-62
-55
-52
-52
-29
18
42
38
18
-1
-1
3
20
31
17
4
7
38
73
91
102
92
64
30
4
-7
-21
-22
0
27
37
-5
-79
-150
-183
-132
-12
111
147
73
-27
-99
-105
-45
35
105
132
113
94
61
7
-44
-56
-14
45
90
80
4
-101
-165
-120
-3
95
123
80
20
-43
-105
-147
-184
-178
-116
-16
67
59
-3
-41
-12
78
154
168
104
23
-2
46
106
100
29
-57
-117
-121
-78
-2
61
67
33
-2
-16
-8
8
1
-39
-81
-102
-95
-72
-60
-58
-49
-41
-41
-23
19
60
74
40
-27
-58
-17
61
116
109
17
-113
-190
-175
-96
-2
50
50
49
74
112
124
68
-35
-73
-16
66
111
99
47
9
33
89
134
149
118
83
64
28
-21
-48
-41
-4
55
89
32
-72
-139
-118
-25
49
39
-33
-115
-147
-120
-57
-16
-37
-66
-89
-108
-109
-86
-31
40
97
121
88
13
-63
-93
-42
37
84
70
-18
-118
-173
-152
-61
42
133
164
127
51
-34
-52
9
90
151
139
88
32
-15
-18
-1
34
64
58
39
-3
-46
-75
-87
-65
-44
-30
-20
-18
6
21
11
-15
-54
-44
0
35
19
-76
-170
-218
-195
-105
-19
28
23
-29
-74
-98
-85
-27
39
104
133
104
33
-57
-117
-118
-65
26
104
143
142
108
83
81
89
91
68
58
94
162
216
185
76
-33
-68
-6
87
128
81
-26
-110
-129
-76
16
88
118
107
64
13
-37
-74
-61
-7
61
91
40
-75
-202
-268
-245
-151
-41
3
-33
-118
-207
-233
-197
-112
-5
73
105
72
6
-49
-73
-37
28
85
124
101
45
-14
-60
-57
-48
-47
-57
-91
-105
-108
-94
-63
-31
34
112
187
229
189
103
18
-12
45
142
219
224
160
80
17
-12
-11
6
28
44
49
37
1
-23
-14
17
42
29
-17
-74
-110
-127
-133
-119
-93
-72
-71
-94
-104
-72
-2
59
48
-27
-105
-132
-101
-54
-35
-45
-64
-68
-58
-43
-5
43
89
110
90
45
8
-3
27
74
108
116
89
50
44
83
154
211
202
121
5
-81
-107
-74
-9
40
59
64
45
1
-50
-96
-114
-98
-62
-24
-3
-12
-33
-52
-60
-54
-42
-10
29
51
34
-16
-67
-88
-69
-16
46
84
80
28
-46
-109
-135
-115
-65
-24
-16
-30
-34
-11
10
4
-36
-79
-77
-29
39
98
118
97
61
18
-13
-23
-5
39
90
114
99
51
2
-13
0
20
21
12
14
42
91
129
133
96
31
-29
-70
-83
-72
-54
-27
-10
-4
-6
-21
-44
-71
-95
-113
-126
-133
-121
-98
-47
-5
2
-16
-55
-53
-2
72
148
146
79
-13
-79
-50
31
106
115
50
-26
-55
6
101
174
186
119
48
-25
-64
-54
-40
6
11
-16
-26
-49
1
55
61
62
5
-14
-30
-70
-83
-139
-124
-54
9
92
73
17
-56
-134
-108
-80
-21
51
72
114
98
68
14
-67
-46
-22
42
84
33
4
-64
-70
-33
-23
58
85
72
52
-35
-66
-71
-64
-51
-101
-111
-62
37
167
194
115
-41
-185
-210
-144
-3
102
112
58
-51
-113
-108
-36
91
148
147
88
-5
-38
-57
-59
-47
-44
-16
20
49
34
-11
-61
-102
-66
-4
75
155
165
172
138
107
124
77
40
-21
-120
-135
-137
-90
-18
11
64
51
1
-5
-36
-14
51
88
129
117
71
38
-17
-37
-19
-30
-34
-58
-120
-161
-188
-184
-136
-86
-16
45
65
74
34
-43
-106
-162
-153
-91
-45
-8
-38
-67
-52
-54
-8
39
87
176
197
189
141
61
30
-5
-2
21
25
64
84
76
41
-32
-80
-80
-24
41
84
78
16
-39
-69
-29
36
66
88
57
33
3
-39
-37
-17
48
103
113
81
-21
-94
-115
-71
11
46
38
-24
-87
-102
-89
-38
-4
-1
-4
-24
-22
-16
-17
-2
16
35
21
-29
-56
-62
-43
-21
-32
-41
-46
-20
39
79
91
57
8
-3
15
63
104
123
107
33
-73
-183
-238
-232
-188
-123
-74
-14
14
-1
-48
-132
-133
-53
69
180
156
73
-40
-103
-41
33
127
158
117
104
52
29
-3
-40
18
79
157
164
79
19
-45
-27
25
59
113
79
35
-23
-71
-8
39
98
134
117
143
104
41
-31
-120
-128
-151
-162
-135
-108
-53
-52
-90
-105
-100
-43
7
34
73
81
83
38
-37
-46
-31
24
53
13
-7
-52
-85
-110
-133
-77
-26
15
9
-43
-49
-51
-33
-17
1
54
82
79
35
-12
-32
-49
-65
-80
-76
-40
1
34
62
80
96
89
45
-1
-47
-63
-53
-55
-46
-37
-12
35
55
73
64
46
46
26
36
69
89
103
38
-29
-48
-33
58
115
151
148
59
-8
-70
-58
27
66
96
47
-21
-75
-159
-178
-172
-100
25
109
182
170
120
57
-36
-61
-62
-14
40
25
-18
-107
-191
-233
-244
-176
-74
29
88
53
-35
-128
-157
-106
-12
65
80
44
-21
-77
-96
-73
-9
59
87
54
-3
-13
27
89
124
117
110
115
128
128
107
97
104
132
177
190
165
87
-36
-122
-141
-94
-34
-19
-22
-53
-89
-135
-199
-202
-147
-52
49
73
53
14
-30
-54
-89
-98
-76
-44
1
1
-27
-55
-79
-54
-12
46
92
84
45
-18
-41
2
58
84
39
-42
-108
-128
-98
-67
-37
-3
11
23
33
29
48
39
15
-1
-21
28
84
134
171
125
89
21
-44
-39
-40
39
111
133
135
47
0
-28
-35
31
60
127
151
111
54
-73
-126
-144
-108
3
47
86
19
-94
-145
-179
-68
28
80
93
-31
-116
-222
-268
-193
-127
15
58
11
-41
-160
-148
-80
24
182
182
138
7
-144
-148
-134
-19
72
56
78
33
56
109
84
99
22
-33
-25
-35
71
119
123
132
53
73
110
136
181
84
-1
-89
-180
-155
-146
-68
8
-1
22
-44
-77
-49
-50
17
13
21
79
75
104
73
34
25
-51
-49
-21
-12
-23
-137
-198
-196
-163
-38
32
50
-12
-158
-194
-206
-158
-37
47
183
194
150
136
34
9
-13
47
184
139
88
-12
-92
-57
-52
96
195
161
124
-8
-6
19
16
98
74
84
91
69
108
7
-60
-62
-43
58
36
12
0
-50
-31
-76
-114
-115
-134
-71
-41
-72
-130
-256
-317
-286
-195
-36
56
86
99
47
17
-5
-35
-16
-40
-24
26
26
54
47
43
74
94
162
190
134
25
-109
-154
-90
33
157
198
147
43
-31
-74
-104
-115
-81
25
146
225
177
20
-164
-295
-251
-125
11
122
117
90
34
-19
-10
-46
-32
10
34
106
85
44
21
-46
4
86
160
218
100
-27
-123
-188
-90
-39
-6
1
-89
-61
-53
-17
75
57
115
113
72
102
20
7
-29
-75
3
6
40
-2
-119
-139
-203
-177
-143
-133
-12
27
75
50
-80
-114
-153
-86
-5
-14
28
0
3
4
-57
-34
-29
49
138
139
148
67
16
8
-2
60
67
69
42
-27
-20
3
75
137
120
80
-13
-69
-57
-25
36
41
24
10
26
100
140
137
50
-65
-130
-157
-99
-59
-49
-57
-122
-119
-105
-54
51
87
140
96
-15
-90
-213
-203
-144
-71
54
37
30
-17
-99
-61
-47
58
159
158
172
65
4
11
19
127
114
63
-12
-139
-136
-127
-71
-17
-57
-18
19
103
206
169
121
-8
-115
-90
-50
80
156
171
158
18
-77
-136
-121
-6
35
64
25
-47
-18
14
71
87
16
-29
-68
-62
-41
-57
-30
-10
24
64
15
-74
-159
-196
-156
-101
-62
-35
-36
-36
-27
-47
-30
17
80
147
132
82
9
-66
-79
-111
-110
-48
30
150
192
134
22
-122
-153
-108
-46
32
59
90
94
61
40
7
19
48
48
44
-9
-65
-94
-97
-37
30
99
157
159
131
68
8
-2
19
53
47
2
-35
-60
-56
-50
-59
-42
-8
27
59
53
28
-14
-76
-118
-133
-86
-9
25
39
1
-61
-106
-137
-103
-57
-21
-7
-44
-59
-56
-36
27
86
139
135
89
60
43
90
144
152
158
120
58
-6
-85
-114
-127
-127
-77
-39
32
126
161
155
60
-42
-68
-53
40
99
76
19
-99
-164
-188
-171
-87
-18
87
128
34
-85
-214
-223
-124
-17
82
45
-18
-73
-116
-60
-28
6
-1
-48
-33
-47
-30
-2
-8
35
75
127
125
45
-13
-80
-77
-29
15
91
102
106
107
68
82
72
57
71
67
80
48
1
-23
-60
-50
-28
12
87
115
119
60
-47
-97
-106
-73
-32
-28
-23
-20
-22
-43
-92
-86
-22
61
113
114
119
139
160
143
74
6
-55
-106
-149
-167
-138
-109
-84
-69
-39
51
139
175
127
19
-84
-165
-163
-82
57
201
218
99
-92
-215
-178
-53
113
208
195
87
-111
-278
-346
-260
-64
77
125
51
-70
-136
-174
-159
-135
-100
-27
5
23
12
-16
-3
-10
0
16
30
109
174
219
196
75
-46
-148
-153
-73
10
96
109
87
51
3
35
87
169
207
153
92
0
-27
-4
-2
22
-21
-41
-23
-10
55
36
3
-19
-49
22
45
17
-37
-118
-68
3
85
183
176
164
89
-11
-17
-53
-25
12
11
41
-75
-163
-179
-140
23
78
97
47
-75
-96
-175
-196
-221
-245
-142
-93
-4
17
-6
4
-66
-30
-1
29
50
-66
-100
-161
-157
-93
-88
25
72
117
125
35
51
22
70
156
196
253
174
104
12
-97
-97
-96
-18
43
83
171
162
113
22
-57
-45
7
93
160
127
79
53
9
1
-32
-15
55
87
128
30
-80
-156
-228
-125
-36
64
94
7
-12
-126
-187
-175
-156
-56
-10
7
-66
-203
-254
-199
-41
99
171
125
35
-29
-120
-98
-58
-3
82
95
105
-38
-131
-121
-55
92
121
124
88
82
54
-53
11
51
187
243
158
67
-73
216
29
-378
-144
435
634
-223
-655
6
463
406
-127
-276
6
210
335
-128
-350
-106
160
-92
-583
-489
-202
-262
-268
-169
-104
-328
-355
92
257
11
-104
59
219
91
-83
-53
-138
-114
139
500
382
29
14
270
420
250
176
312
289
278
212
170
128
188
333
253
96
-17
50
125
94
78
6
-114
-64
25
-9
-213
-361
-295
-145
-201
-265
-278
-294
-366
-481
-456
-489
-587
-546
-411
-307
-421
-433
-202
-199
-241
-196
-71
20
-29
67
191
99
60
133
279
490
627
597
519
552
614
619
481
529
703
581
437
265
158
176
52
113
120
196
293
-136
-498
-492
-82
-113
-943
-1242
-780
-223
-316
-1051
-1226
-650
-71
-149
-601
-477
225
550
240
-37
37
315
441
493
757
952
850
872
1028
1090
999
732
684
812
724
550
181
-143
-162
-83
29
-33
-322
-525
-479
-546
-695
-899
-1031
-780
-541
-703
-1151
-1423
-1051
-649
-652
-710
-692
-578
-551
-669
-771
-742
-586
-289
-189
-254
-251
-122
50
120
147
212
278
324
525
737
733
629
632
847
1081
1200
1372
1367
1315
1361
1421
1450
1302
1196
1298
1378
1301
1124
1015
921
728
584
420
118
-188
-201
-207
-517
-932
-1013
-957
-1037
-1211
-1269
-1006
-977
-1361
-1629
-1563
-1393
-1451
-1618
-1687
-1661
-1479
-1423
-1560
-1752
-1681
-1510
-1415
-1340
-1272
-1163
-959
-691
-668
-457
-30
18
142
610
1250
1529
1139
1305
2093
2585
2722
2613
2567
2842
3070
3125
2945
2594
2712
2813
2309
1808
1562
1374
1078
754
620
375
-243
-627
-579
-865
-1284
-1569
-1651
-1526
-1803
-1779
-1830
-2501
-2595
-2061
-1531
-1990
-2741
-2293
-1514
-1435
-2069
-2352
-1872
-1446
-1279
-1432
-1490
-1193
-807
-561
-650
-697
-329
53
77
103
434
804
686
608
1168
1715
1920
1839
2035
2616
2656
2536
2507
2508
2828
3120
3110
2556
2015
2119
2315
1987
1392
1255
1172
742
383
24
-368
-939
-1193
-951
-1039
-1276
-1591
-1757
-1751
-2012
-2088
-2210
-2422
-2411
-2261
-2011
-2214
-2534
-2408
-2045
-1948
-2281
-2312
-1993
-1740
-1603
-1541
-1411
-1252
-1087
-1002
-830
-523
-213
31
380
1084
1320
1070
1305
2085
2684
2628
2419
2890
3534
3665
3489
3271
3340
3643
3608
3311
2966
2666
2506
2100
1837
1539
894
316
42
-46
-429
-1100
-1381
-1297
-1345
-1649
-1950
-2223
-2478
-2377
-2128
-2134
-2751
-3249
-2805
-2259
-2557
-3031
-2909
-2317
-2056
-2423
-2641
-2429
-2101
-1833
-1744
-1619
-1407
-1322
-1131
-746
-338
-326
-35
635
918
1314
1925
2260
2267
2257
2835
3598
3546
3174
3352
3855
4140
4072
3640
3415
3572
3662
3175
2362
1986
1927
1631
895
374
136
-303
-685
-784
-846
-1351
-1920
-1869
-2001
-2287
-2368
-2549
-2566
-2965
-3362
-3000
-2922
-3286
-3302
-2991
-2646
-2795
-3061
-2863
-2504
-2334
-2365
-2174
-1908
-1572
-1261
-1344
-1483
-976
-146
566
796
456
860
2102
2662
2152
2024
2890
4055
4462
3803
3431
4031
4487
4722
4605
4125
4129
4151
3857
3363
2873
2245
1554
1184
1084
566
-355
-882
-717
-623
-1189
-2065
-2387
-2481
-2772
-2508
-2653
-3509
-4003
-3775
-3097
-3047
-4071
-4382
-3589
-3087
-3275
-3713
-3719
-3084
-2723
-2763
-2751
-2707
-2349
-1880
-1667
-1651
-1014
-326
110
669
907
1380
2387
2913
2522
2584
4015
5117
4582
3630
4110
5616
5683
4708
4479
5069
5389
4988
4229
3457
3175
2955
2217
1467
1146
633
-161
-649
-696
-900
-1734
-2457
-2259
-2007
-2609
-3277
-3258
-3565
-4251
-4160
-3749
-3774
-4344
-4487
-3689
-3492
-4367
-4690
-3793
-3020
-3307
-3684
-3308
-2608
-2410
-2474
-2221
-1647
-682
-124
6
502
901
1390
2301
2882
2950
3136
3802
4784
5236
4801
4705
5232
5534
5624
5588
5386
5284
5387
5093
4297
3582
2889
2391
2102
1690
985
84
-561
-649
-594
-1356
-2432
-2768
-2650
-2579
-2806
-3671
-4566
-4641
-4329
-4293
-4608
-5006
-5029
-4498
-4197
-4486
-4683
-4528
-4139
-3815
-3860
-3886
-3587
-3128
-2609
-2232
-1647
-1032
-722
-241
1036
2009
1380
1392
3106
4439
4298
3759
4365
5705
5969
5517
5627
6117
6027
6191
6344
5698
5475
5367
4846
4275
3918
3150
2272
1614
1080
722
-39
-1210
-1222
-773
-1699
-2922
-2998
-2938
-3476
-4087
-4382
-4169
-4583
-5311
-5136
-4596
-5235
-5848
-5252
-4766
-5075
-5244
-4868
-4481
-4352
-4434
-4191
-3704
-3330
-2586
-1711
-1419
-826
-418
-35
1752
2834
1665
1639
4171
6099
5440
3781
3821
5849
7980
7233
5081
5011
7034
8681
6795
3872
4776
7094
5414
3044
4052
4052
1573
615
1560
1634
-523
-2526
-1693
-109
-1597
-3876
-3935
-3744
-3563
-3712
-4982
-6035
-5294
-4484
-5228
-5830
-6137
-5949
-5224
-5158
-5204
-5204
-5768
-5568
-3781
-3307
-4877
-4638
-2272
-1228
-2066
-2160
-612
1021
1491
1138
1785
2926
3641
4737
5279
4416
4158
6486
7811
6091
5304
6429
7723
7588
6187
5930
6840
6771
4786
4292
5549
4222
1834
1055
1695
2161
508
-1886
-1735
-204
-1122
-3285
-3885
-3828
-3549
-3548
-5112
-5998
-5254
-5520
-6303
-5827
-6038
-6932
-6516
-5514
-5207
-5958
-6928
-6199
-4196
-4203
-5706
-4758
-2752
-2326
-2553
-2327
-672
779
852
1527
2722
3153
3298
4824
5868
4977
4804
6119
7497
7496
6664
6743
7355
7335
7357
7524
6836
5760
5902
6073
5100
3854
3106
2538
2111
1492
614
93
-876
-1547
-1477
-2142
-3496
-4231
-4296
-4390
-4657
-5153
-6320
-6806
-6524
-6116
-6030
-7011
-7564
-6475
-5583
-6501
-7201
-6455
-5686
-5368
-5157
-4719
-4042
-3538
-2985
-1669
-674
-747
985
2685
2048
2042
4158
5776
4991
4236
5125
7081
7976
6476
6452
7937
7642
7473
7808
7396
6895
7433
6904
5829
5728
4557
3441
3312
2732
1731
1171
289
-475
-316
-1508
-2891
-2524
-3456
-4742
-4503
-4230
-5454
-6901
-7014
-6549
-6039
-7112
-8205
-7114
-6169
-6626
-7058
-6723
-6537
-6383
-6143
-5921
-5018
-4632
-4275
-2986
-1532
-1201
-187
2123
2113
1403
3050
5306
5858
4406
3784
6191
8425
7518
5675
6455
7921
8161
7939
7260
7274
8397
7834
6012
5670
5540
4191
3165
2868
2363
1818
411
-385
87
-501
-2409
-2737
-2741
-3784
-4072
-4154
-4863
-6142
-7194
-6945
-5930
-6341
-7938
-7984
-6466
-6139
-6625
-7084
-6827
-6162
-6006
-6272
-5806
-4710
-4050
-3303
-2196
-1300
-568
1171
2030
1630
2158
3997
5231
4716
4050
5165
7051
7431
6038
6074
7685
8010
7645
7378
7246
7519
8099
7120
5632
5482
5112
3894
3389
3088
2185
1455
366
-80
240
-1368
-3208
-2618
-2405
-3893
-4830
-4743
-5325
-6152
-6522
-6690
-6409
-7052
-7682
-6720
-6347
-7533
-7573
-6451
-6277
-6403
-6255
-6051
-5142
-4321
-3932
-3176
-2217
-1466
-276
1800
1868
1116
2336
4394
5342
4569
4058
5284
7191
7438
6195
6491
7423
7391
7722
8064
7762
7447
7627
6762
6229
6213
4640
3528
3643
3433
2468
1048
-61
-35
434
-1064
-2955
-2768
-2973
-3881
-4322
-4791
-5797
-6498
-6413
-6285
-6398
-7583
-8149
-6628
-6172
-7576
-7894
-6777
-6276
-6547
-6487
-6073
-5209
-4368
-3584
-2556
-1794
-1474
-79
2306
1966
702
2454
5158
5231
3976
4249
5914
7383
6752
5698
7048
7789
7127
7606
8208
7544
7084
7427
6454
5986
5937
4289
3405
3914
3454
2290
961
-138
161
275
-1895
-3092
-2408
-3330
-4352
-4281
-4797
-6190
-6675
-6250
-5987
-6464
-7787
-7708
-6215
-6843
-8160
-7644
-6441
-6116
-6467
-6230
-5630
-4488
-3846
-3602
-2584
-1560
-903
773
2279
1541
1282
3466
5391
4887
4006
4507
6116
7670
6792
5630
7080
7475
7205
7902
7598
6823
7235
7485
6117
5988
5704
4002
3628
3824
3205
2115
522
-498
405
468
-2396
-3481
-2579
-3476
-4291
-4749
-5625
-6307
-6456
-6499
-6479
-6863
-8114
-7618
-6277
-7239
-8052
-7138
-6407
-6357
-6269
-6202
-5590
-4278
-3773
-3300
-2429
-1403
-45
1645
2061
1268
2244
4439
5239
4549
4380
5476
6980
7174
6071
6503
7696
7262
7317
8132
7657
6706
6986
6908
6040
5918
5057
3891
4059
3714
2282
1500
454
-160
284
-1082
-3133
-2786
-2759
-4346
-4720
-4639
-5818
-6583
-6654
-6643
-6204
-7185
-8272
-7213
-6526
-7877
-7990
-6464
-6201
-6652
-6508
-5730
-4341
-3537
-3645
-2837
-1160
-625
507
2509
1868
1307
3266
5389
5057
3873
4360
6269
7829
6598
5656
7232
7708
7025
7616
7855
6472
6615
7599
6470
5908
5070
4060
4339
3952
2168
1043
827
-170
-148
-531
-2677
-3270
-2694
-4017
-5156
-4830
-5371
-6242
-6290
-6580
-6482
-6738
-7945
-7664
-6216
-7061
-8311
-6720
-5738
-6293
-6358
-5613
-4630
-3484
-3154
-2646
-819
-551
71
2412
2409
1372
2874
5290
5277
4354
4658
5691
7283
6954
5751
6758
7716
7119
7076
7385
6577
6529
6987
6168
5706
5221
4043
3860
3757
2227
1006
848
1
-699
-840
-2301
-3277
-2897
-3807
-4871
-4953
-5531
-6312
-6380
-6587
-6814
-6674
-7571
-7692
-6326
-6852
-7860
-6861
-5929
-5995
-5995
-5426
-4363
-3144
-2987
-2622
-796
-81
462
2122
2608
2201
3123
4766
4789
4351
4664
5808
7297
6619
5882
6972
7525
7094
7041
7435
6929
6804
6772
5694
5404
4955
4100
3778
3131
2111
1237
624
-442
-996
-974
-2349
-3274
-3402
-4029
-4629
-5193
-5641
-6217
-6446
-6586
-6688
-6764
-7788
-7798
-6592
-6696
-7478
-7016
-5845
-5703
-5699
-5220
-4241
-2963
-2663
-1947
-453
271
938
1984
2415
2504
3857
4961
4338
4458
5285
6200
6903
6214
6202
7372
7437
6595
6854
7283
6546
6710
6706
5602
5182
4756
4173
3561
2534
1341
1162
817
-1009
-1240
-991
-2326
-3259
-3830
-4293
-4546
-5029
-5860
-6483
-6538
-6858
-6782
-7064
-7840
-7366
-6551
-6626
-7113
-6654
-5815
-5456
-5170
-4751
-3838
-2841
-2361
-1478
-313
623
1729
2307
2042
2914
4895
5039
3963
4358
6195
7031
6230
5506
6325
7856
7434
6184
6712
6952
6546
6758
6141
5092
4616
4567
4059
2955
1603
771
1009
236
-1346
-1564
-1859
-2856
-3604
-4090
-4666
-5152
-5112
-6024
-6847
-6581
-6595
-6854
-7390
-7447
-6691
-6526
-7231
-6984
-5341
-5051
-5599
-4750
-3796
-3145
-2474
-1594
-497
420
1549
2312
2440
2562
3850
5531
4826
3686
5036
7178
7398
5867
5652
7041
7742
6827
6012
6561
6815
6714
6268
5372
4720
4309
4129
2999
1774
1127
551
120
-1055
-1516
-1872
-2868
-3404
-3956
-4326
-5266
-5640
-5595
-6597
-6738
-6461
-6488
-7197
-7733
-6876
-6371
-6752
-7199
-6135
-5047
-5211
-4747
-4043
-3289
-2647
-2047
-823
179
1229
2101
2604
2798
3472
5174
5008
4295
5065
6476
7508
6345
5451
6518
7440
7152
6449
6721
6625
6398
6589
5831
4922
4474
4255
3394
2227
1007
413
290
-959
-1573
-1584
-2648
-3800
-4150
-4372
-5165
-5659
-6048
-6683
-6729
-6764
-6670
-6859
-7484
-7317
-6568
-6551
-7073
-6419
-5301
-5031
-4916
-4195
-3278
-2640
-2112
-987
549
1628
2225
2536
2872
3799
5024
5196
4539
4870
6623
7790
6802
5608
6445
7636
7353
6580
6633
6694
6618
6739
5968
4919
4243
4087
3573
2373
1117
371
82
-1065
-1781
-1937
-2853
-3893
-4367
-4277
-5037
-5823
-6238
-7039
-6998
-6870
-6844
-7306
-7720
-7049
-6600
-6761
-7300
-6537
-5236
-5170
-5055
-4173
-3082
-2659
-2153
-921
219
1580
2460
2621
2846
3547
5255
5718
4639
4644
6251
7785
7207
5815
6165
7328
7359
6733
6709
6696
6621
6713
6246
5162
4196
4036
3247
2254
1392
503
180
-1001
-1726
-1814
-2606
-3789
-4603
-4283
-4914
-5813
-6079
-6911
-7169
-7077
-6722
-6999
-7753
-7497
-6820
-6195
-6716
-6791
-5481
-4836
-4657
-4035
-2922
-2449
-1929
-797
-8
1567
2702
2771
3044
3835
5283
5427
4802
4814
6003
7566
6864
5969
6637
7361
7306
6781
6662
6530
6448
6417
6200
5361
4067
3794
3105
2069
1004
123
57
-1101
-2027
-2467
-3099
-3829
-4939
-4758
-5077
-5875
-6007
-6867
-7242
-7241
-6856
-7118
-7684
-7125
-6846
-6538
-6745
-6319
-5114
-4991
-4758
-3842
-2629
-2200
-1833
-733
143
1405
2375
3201
3685
3808
5201
5687
4990
4988
6274
7649
7101
6239
6629
7509
7431
6478
6584
6957
6546
6185
6047
5324
4264
3836
2836
1932
1071
151
90
-956
-2021
-2370
-2973
-3873
-4846
-4804
-5217
-5986
-6245
-7004
-7195
-7183
-7024
-7245
-7746
-7266
-6639
-6329
-6852
-6503
-5053
-4915
-5065
-4055
-2644
-2125
-1863
-538
756
1720
2312
3012
3697
3989
5184
5576
5079
5067
6045
7553
7145
6092
6494
7441
7500
6460
6391
6749
6330
6065
5902
5214
4094
3636
2971
2148
1103
76
-269
-1418
-2200
-2381
-3003
-4244
-5420
-4946
-5051
-6080
-6568
-7134
-7080
-6919
-6777
-7173
-7638
-6925
-6281
-6117
-6647
-6357
-4848
-4395
-4531
-3915
-2531
-1765
-1467
-178
1020
1880
2498
3123
3809
4228
5232
5747
5509
5311
6016
7422
7017
5969
6403
7275
7311
6373
6261
6710
6443
5944
5382
4804
4126
3521
2657
1708
656
-17
-440
-1694
-2538
-2866
-3198
-4333
-5694
-5585
-5681
-6040
-6532
-7142
-6992
-7041
-6804
-6979
-7422
-7193
-6617
-5991
-6251
-5965
-5085
-4573
-4102
-3543
-2404
-1683
-1246
29
1402
2291
2863
3301
3668
4674
5860
5746
5303
5652
6739
7534
7056
6236
6576
7636
7380
6434
6303
6390
6336
5873
5234
4517
3849
3465
2382
1295
357
-266
-870
-2052
-2519
-2897
-3546
-4687
-5589
-5379
-5905
-6478
-6786
-7222
-7244
-7188
-6872
-7257
-7548
-6942
-6308
-6080
-6436
-5930
-4674
-4074
-3935
-3404
-2053
-1101
-631
340
1345
2443
3305
3630
4106
5068
6058
5888
5411
5797
6778
7544
6933
6186
6627
7438
7106
6072
5948
6209
6201
5565
4984
4464
3791
3113
2045
1174
167
-626
-1495
-2355
-2848
-3369
-3718
-5008
-5796
-5560
-5855
-6368
-7204
-7618
-7363
-6859
-6829
-7378
-7217
-6737
-6055
-5733
-5963
-5585
-4574
-3893
-3562
-2932
-2114
-1098
-160
763
1718
2826
3648
3698
4224
5259
5932
5659
5193
6169
7410
7558
6779
6334
6915
7378
7070
6418
6169
6257
6262
5571
4521
3967
3888
2900
1414
828
173
-621
-1973
-2971
-2989
-3450
-4325
-5621
-5795
-5598
-6215
-6485
-7374
-7972
-7501
-6838
-6963
-7652
-7478
-6742
-5892
-5890
-6114
-5153
-3975
-3539
-3120
-2196
-1445
-677
206
876
2101
3476
3701
3721
4622
5867
6290
5785
5686
6491
7523
7474
6454
6342
7038
7362
6787
5980
5839
6105
6070
5285
4222
3559
3251
2399
1175
7
-519
-921
-2338
-3307
-3577
-3795
-4632
-6005
-6141
-5797
-5930
-6682
-7497
-7648
-7413
-6871
-7244
-7540
-6895
-6331
-6048
-6059
-5601
-4830
-4002
-3278
-2657
-1845
-1296
-324
933
1864
2837
3710
4408
4638
5170
6174
6166
5695
6062
7133
7862
7184
6130
6487
7370
7199
6442
6023
6049
6130
5822
4898
3544
3414
3237
1575
553
-265
-907
-1665
-2959
-3421
-3555
-4125
-5606
-6228
-5977
-6533
-6729
-7294
-7979
-7699
-7071
-7030
-7690
-7453
-6872
-6238
-5757
-5912
-5408
-4386
-3663
-3222
-2302
-1508
-989
471
1609
2265
3306
4209
4665
4915
5908
6542
6208
6115
6722
7910
7897
6561
6239
7225
7631
6789
6097
5948
6134
6170
5479
4250
3306
3374
2481
973
-179
-1104
-1411
-2350
-3131
-3799
-4240
-4750
-5973
-6251
-6676
-6727
-6676
-7623
-7858
-7575
-6996
-7328
-7771
-7047
-6564
-6280
-6190
-5602
-4707
-4092
-3580
-2936
-1850
-1212
-91
1475
2047
2903
4001
4859
5111
5305
6670
6803
6194
6514
7323
8069
7286
6302
6811
7709
7537
6484
6129
6224
6231
5846
4842
3717
3353
3085
1526
262
-719
-1313
-1984
-3247
-3814
-4176
-4706
-5797
-6241
-6108
-6882
-7141
-7435
-7978
-7917
-7756
-7589
-7855
-7785
-7230
-6295
-5792
-5978
-5366
-4389
-3583
-2991
-2357
-1452
-525
855
1725
2426
3524
4231
5115
5537
6129
6553
6466
6894
7249
7997
8060
7112
6920
7406
7933
7294
6428
6356
6278
6202
5572
4221
3145
3058
2303
894
-232
-1025
-1502
-2522
-3404
-4126
-4687
-5518
-6468
-6373
-6710
-7284
-7548
-7920
-8115
-7886
-7472
-7944
-8002
-7502
-7093
-6543
-6173
-5477
-4691
-3927
-3277
-2658
-1904
-1366
52
2020
2567
2962
3923
5060
5596
5617
6624
6946
6896
7204
7591
8230
7570
6909
7248
7706
7737
6960
6413
6103
6021
5978
4915
3363
3169
2992
1523
202
-903
-1250
-2108
-3472
-4073
-4306
-4772
-6309
-6534
-6240
-7090
-7685
-8257
-8168
-7866
-7873
-8166
-8199
-7357
-7243
-6926
-6315
-5977
-5186
-4611
-3918
-3027
-2085
-1475
-641
1291
2200
2633
3770
4841
5740
5857
6348
6996
7012
7149
7532
8315
8225
7370
7312
7997
8083
7205
6745
6665
6631
6268
5339
4072
3230
3219
2138
658
-367
-1115
-1825
-3127
-3867
-4372
-4817
-5938
-6981
-6695
-7205
-7736
-8097
-8531
-8465
-8252
-8046
-8491
-8094
-7475
-7208
-6490
-6298
-5656
-4898
-4216
-3163
-2305
-1614
-1274
378
2119
2577
3326
4113
5260
5880
6282
7061
6985
7182
7512
8130
8499
7609
7319
7888
8336
7871
7150
6935
6883
6732
6152
4922
3499
3251
2531
1119
131
-997
-1447
-2626
-3822
-4117
-4488
-5198
-6720
-6757
-6672
-7504
-7928
-8654
-8493
-8071
-8059
-8367
-8489
-7832
-7526
-6956
-6572
-6241
-5389
-4754
-3773
-2862
-2038
-1292
-372
1189
2204
2998
3719
4609
5710
6216
6902
7003
6709
7194
8279
9059
8372
7591
7806
8650
8466
7111
6732
6993
7017
6356
5306
4056
3349
3219
1860
576
-414
-1425
-2217
-3259
-3844
-4505
-5209
-6253
-6750
-6516
-7480
-8232
-8559
-8775
-8507
-8231
-8186
-8481
-8076
-7649
-7384
-6884
-6723
-5949
-4992
-4319
-3598
-2815
-1784
-838
618
1869
2438
3593
4628
5296
5921
6740
7433
7141
7138
7947
8907
8885
7920
7880
8653
8798
7851
7111
7059
6967
6617
5918
4873
3890
3456
2494
1178
135
-810
-1645
-2816
-3511
-4002
-4629
-5794
-6982
-6789
-7114
-7840
-8362
-8874
-8672
-8290
-8230
-8921
-8792
-7976
-7622
-7156
-7085
-6508
-5453
-4626
-3957
-3349
-2333
-1429
-57
1433
2327
3214
3961
5014
5672
6080
6912
7095
7274
7703
8428
8904
8091
7669
8236
8826
8443
7469
7154
7236
7042
6387
5282
3979
3798
3442
2016
796
-672
-1445
-2239
-3305
-3849
-4539
-5115
-6454
-6883
-6777
-7551
-7897
-8744
-8849
-8292
-8231
-8729
-9133
-8071
-7645
-7500
-7095
-6827
-5938
-5172
-4108
-3405
-2829
-2101
-987
1127
1757
2226
3504
4591
5606
5816
6665
7140
7111
7885
8359
8838
8380
7745
8221
8712
8608
7828
7671
7739
7331
6927
6171
4641
3560
3607
2582
1044
-309
-1211
-1624
-2940
-3675
-4267
-4930
-5917
-6910
-6575
-7283
-8018
-8383
-8831
-8628
-8522
-8511
-9128
-8840
-8078
-7782
-7268
-7191
-6397
-5395
-4548
-3678
-3121
-2151
-1481
66
1734
2162
3042
3932
5159
5782
5925
6674
6795
7482
8108
8631
9003
8226
8062
8558
9030
8286
7331
7489
7488
7307
6613
5398
4324
4094
3295
1595
431
-754
-1409
-2340
-3360
-3833
-4640
-5603
-6691
-6528
-6651
-7876
-8347
-8709
-8674
-8475
-8626
-8976
-8913
-8175
-8029
-7694
-7292
-6925
-5869
-5110
-4283
-3447
-2597
-1704
-596
941
1649
2455
3441
4620
5823
6030
6648
6922
7086
7890
8502
8971
8331
7988
8638
9023
8615
7557
7423
7652
7445
6925
5942
4726
4006
3501
2156
856
-187
-901
-1776
-2934
-3597
-4322
-5197
-6543
-6849
-6574
-7432
-8139
-8780
-8902
-8704
-8694
-8898
-9092
-8362
-8065
-7724
-7198
-7174
-6431
-5529
-4640
-3858
-3165
-2071
-1059
472
1704
2247
3177
4247
5365
5927
6488
7049
7062
7727
8554
8981
8705
8158
8488
9088
8902
8051
7829
7683
7245
7057
6543
5339
4179
3877
2810
1294
78
-1005
-1401
-2527
-3485
-3950
-4750
-6017
-7278
-6907
-7114
-8197
-8972
-9350
-8751
-8671
-8935
-9241
-8996
-8346
-8207
-7392
-6862
-6491
-5754
-5106
-4147
-3398
-2542
-1542
41
1663
2262
3062
3873
4927
5973
6452
6912
6878
7345
8237
8938
9013
8082
8155
9094
9327
8477
7689
7883
7754
7305
6782
5692
4701
3978
2990
1920
688
-651
-1695
-2511
-3101
-3772
-4504
-5785
-6835
-6772
-7272
-8012
-8829
-9494
-8975
-8404
-8624
-9313
-8932
-8091
-7825
-7461
-7402
-6848
-5902
-5153
-4270
-3635
-2992
-2158
-386
1261
1732
2543
3386
4513
5736
6226
6660
6812
7351
8269
8863
8908
8121
8107
9007
9285
8585
7836
7839
7904
7571
6888
5662
4568
4337
3604
2386
1219
-211
-1204
-2174
-2865
-3703
-4598
-5384
-6570
-6438
-6752
-7840
-8372
-9205
-9197
-8675
-8680
-9379
-9189
-8114
-8209
-8060
-7549
-6848
-5989
-5494
-4529
-3598
-2734
-2349
-1140
1211
1884
2318
3229
4418
5787
6099
6473
6541
6856
7953
8566
8733
8212
8063
8589
8988
8734
8170
8237
8051
7642
7325
6428
4711
3823
3767
2683
1192
-268
-1020
-1705
-2970
-3824
-4429
-4916
-6346
-7152
-6793
-7415
-8161
-9052
-9189
-8488
-8581
-9101
-9370
-8535
-8086
-8109
-7501
-7066
-6318
-5652
-4905
-3794
-3008
-2347
-1267
713
1788
2417
3357
4162
5602
6352
6769
6778
6807
7825
8503
8945
8497
8106
8696
9117
8946
7889
7645
7938
7698
7267
6431
5255
4324
3847
2627
1370
289
-841
-1594
-2520
-3333
-4150
-5040
-6232
-6997
-6699
-7307
-8131
-8725
-9245
-8707
-8455
-9070
-9683
-8798
-7860
-8124
-7899
-7409
-6583
-5757
-5172
-4155
-3354
-2544
-1717
-1
1579
1811
2581
3841
5326
6019
6283
6812
6910
7590
8509
8859
8521
7996
8412
9244
9296
8390
7979
8050
7724
7362
6946
5828
4455
4015
3298
2002
385
-874
-1387
-2165
-3207
-4188
-4615
-5623
-6894
-6814
-6967
-7726
-8677
-9182
-8543
-8200
-8860
-9686
-8993
-8016
-7937
-7674
-7204
-6512
-5831
-5366
-4586
-3563
-2640
-1949
-374
1321
1877
2471
3300
4649
5699
6219
6529
6606
7256
8101
8791
8603
7757
8144
9049
9395
8649
7894
8034
7830
7522
6872
5724
4591
4046
3391
2227
929
-190
-1245
-2376
-3066
-3813
-4506
-5438
-6687
-6691
-6762
-7780
-8576
-9093
-8730
-8246
-8449
-9354
-9560
-8520
-7957
-7842
-7523
-6798
-5826
-5272
-4620
-3810
-2989
-2142
-917
1180
2005
2255
3194
4515
5722
5905
6308
6850
7360
8272
8733
8733
8142
7956
8750
9294
8777
7989
8144
8102
7587
7055
6234
4916
3966
3555
2737
1357
-187
-1149
-1750
-2633
-3787
-4505
-5017
-6214
-6893
-6973
-7614
-8445
-9099
-8952
-8367
-8378
-9155
-9325
-8442
-8101
-8197
-7727
-7070
-6371
-5636
-4764
-3758
-3020
-2265
-1127
576
1661
2186
2950
4072
5446
5986
6238
6554
6965
7907
8506
8757
8333
8056
8600
9020
8980
8130
7867
8075
7857
7388
6379
5066
4247
3713
2675
1579
343
-724
-1673
-2641
-3394
-4298
-5009
-6044
-6652
-6570
-7391
-8328
-9129
-9211
-8652
-8653
-9044
-9344
-8530
-7884
-7994
-7638
-7176
-6428
-5640
-4983
-4008
-3277
-2549
-1631
153
1589
1917
2786
3977
5435
6249
6306
6754
7168
7854
8548
8859
8485
7933
8484
9056
9033
8277
7995
8192
7790
7505
6867
5612
4449
3777
2979
1718
206
-907
-1679
-2452
-3279
-4499
-5162
-5818
-6651
-6708
-7304
-8181
-8855
-9139
-8697
-8595
-9092
-9665
-8871
-7976
-8229
-8032
-7354
-6469
-5697
-5077
-4229
-3494
-2769
-1852
-269
1392
2135
2710
3716
5179
6023
6237
6610
6862
7563
8404
8899
8674
7942
8291
8878
8950
8513
7998
8254
8098
7651
7109
5901
4801
4233
3427
1919
443
-653
-1327
-2179
-3217
-3742
-4456
-5493
-6581
-6951
-6880
-7649
-8603
-9257
-9090
-8571
-8944
-9435
-9179
-8344
-7891
-7825
-7363
-6804
-5996
-5341
-4723
-3722
-2881
-2011
-793
871
1968
2486
3309
4503
5690
6126
6478
6908
7294
7999
8560
8779
8289
8093
8731
9175
8768
7927
8006
8059
7550
7096
6099
5057
4314
3461
2618
1205
-266
-1212
-1956
-2674
-3828
-4613
-5305
-6339
-6704
-7016
-7555
-8348
-9302
-9318
-8739
-8659
-9303
-9292
-8499
-7975
-7771
-7494
-6813
-6017
-5434
-4710
-3752
-3028
-2376
-1153
567
1892
2597
3025
4113
5494
6115
6352
6575
7088
8073
8803
8811
8125
7923
8664
9232
9066
8332
8113
8238
7706
7141
6502
5004
4223
3826
2805
1533
35
-825
-1769
-2889
-3622
-4330
-4876
-6283
-7199
-6806
-7217
-8142
-9226
-9376
-8644
-8447
-8959
-9538
-8805
-7974
-7856
-7604
-7135
-6352
-5587
-4906
-4061
-3345
-2612
-1716
-73
1559
2372
2870
3783
5386
6147
6345
6552
6870
7698
8355
8860
8570
8010
8446
8969
9172
8379
7891
8148
7934
7657
6872
5532
4448
3820
3022
1869
485
-669
-1601
-2406
-3310
-4295
-4965
-6066
-6862
-6879
-7329
-7918
-8884
-9480
-8980
-8460
-8723
-9442
-8941
-8109
-7872
-7728
-7305
-6420
-5785
-5246
-4233
-3205
-2539
-1881
-416
1280
2310
2856
3591
5088
6227
6462
6481
6684
7437
8510
9080
8828
8151
8308
9064
9095
8408
7912
8075
8019
7469
6991
5950
4636
3974
3020
2132
918
-834
-1989
-2639
-3021
-3945
-4973
-5895
-6767
-6823
-7201
-7965
-8824
-9602
-9158
-8433
-8737
-9549
-9158
-8112
-7826
-7779
-7358
-6648
-5962
-5324
-4331
-3315
-2774
-2045
-432
1434
2333
2599
3289
4753
5905
6316
6676
6819
7219
8101
8797
8674
7991
8165
9041
9453
8752
7921
8026
7937
7493
7166
6254
4731
3977
3481
2408
1059
-358
-1214
-2123
-2954
-3675
-4646
-5756
-6898
-6876
-6826
-7672
-8684
-9354
-8964
-8469
-8649
-9418
-9396
-8409
-7985
-7784
-7458
-6828
-6045
-5432
-4712
-3740
-2852
-2150
-896
796
2063
2610
3053
4269
5567
6135
6453
6670
6920
7615
8529
8858
8322
8088
8722
9357
9095
8135
7901
8079
7727
7299
6477
5212
4316
3637
2629
1363
142
-1021
-1970
-2704
-3516
-4196
-5181
-6577
-7137
-7161
-7511
-8298
-9232
-9340
-8668
-8442
-9095
-9386
-8717
-8050
-7786
-7435
-6897
-6269
-5550
-4711
-3651
-3026
-2600
-1396
232
1709
2445
2724
3663
5214
6178
6237
6489
6932
7642
8537
8725
8449
8067
8373
9041
9090
8582
7906
7993
7887
7314
6855
5532
4395
3824
2920
1960
668
-906
-2184
-2644
-2955
-3979
-4974
-6016
-6719
-6729
-7186
-8078
-9083
-9427
-8757
-8295
-8943
-9585
-8736
-7914
-7942
-7808
-7271
-6479
-5881
-5075
-3933
-3215
-2900
-2008
-189
1392
2194
2832
3742
4864
5731
6359
6841
6778
7268
8484
9028
8640
7855
8103
8848
8929
8476
7772
7905
7834
7417
7186
5788
4385
3773
3181
2259
893
-431
-1645
-2353
-2854
-3802
-4835
-5899
-6484
-6645
-7077
-7778
-8572
-9040
-8953
-8585
-8756
-9327
-9067
-8213
-7864
-7736
-7216
-6559
-5830
-5089
-4160
-3246
-2873
-1981
-531
773
1964
2640
3257
4230
5398
6243
6458
6504
6764
7861
8895
8701
8059
8116
8895
8997
8399
7896
7859
7997
7416
7075
6459
4920
4036
3307
2434
1478
-43
-1413
-2333
-2621
-3085
-4412
-5754
-6588
-6678
-6878
-7543
-8251
-8920
-8866
-8275
-8223
-8985
-9139
-8194
-7672
-7698
-7568
-6968
-6158
-5475
-4532
-3549
-3087
-2585
-1132
469
1521
2288
3004
3920
5090
6027
6395
6491
6390
7267
8686
8701
7999
7779
8495
9119
8601
7869
7702
8065
7741
7156
6644
5434
4280
3586
2868
1721
571
-850
-2031
-2406
-2956
-3790
-5067
-6399
-6757
-6700
-6899
-7859
-8744
-8986
-8452
-8004
-8831
-9335
-8758
-7798
-7444
-7507
-7078
-6338
-5578
-4797
-4041
-3349
-2769
-1513
-47
1141
1937
2482
3279
4478
5740
6315
6671
6792
7147
8167
8685
8371
7908
8008
8742
8927
8330
7566
7694
7725
7248
6927
5986
4886
4028
3219
2290
1239
-254
-1922
-2595
-2698
-3613
-4937
-6163
-6586
-6471
-6867
-7800
-8652
-9065
-8684
-8082
-8638
-9434
-9051
-8004
-7741
-7687
-7002
-6250
-5767
-5061
-3957
-3141
-3018
-2166
-453
925
1827
2518
3279
4037
5122
6183
6592
6256
6416
7884
8967
8495
7624
7752
8572
8796
8366
7597
7524
7817
7357
7097
6404
5084
4050
3325
2482
1525
272
-1515
-2440
-2370
-2911
-4328
-5894
-6518
-6487
-6471
-7056
-8268
-8840
-8722
-8025
-8149
-9251
-9305
-8107
-7267
-7457
-7263
-6460
-5874
-5105
-4235
-3447
-3210
-2605
-921
405
1414
2126
2870
3773
4828
5883
6347
6409
6413
7283
8657
8575
7631
7377
8108
8781
8429
7656
7342
7667
7476
7013
6433
5313
4127
3410
2895
2139
968
-958
-2301
-2248
-2535
-3842
-5510
-6480
-6383
-6246
-6757
-8081
-8977
-8941
-8169
-7881
-8878
-9244
-8309
-7383
-7417
-7445
-6717
-5948
-5120
-4157
-3419
-3292
-2890
-1272
155
1135
1843
2723
3600
4235
5386
6256
6568
6268
6565
8218
8743
8010
7435
7676
8635
8675
7875
7216
7430
7623
7154
6593
5511
4257
3540
2976
2090
1110
-485
-2109
-2255
-2359
-3469
-5065
-6214
-6170
-6169
-6472
-7478
-8651
-8854
-8389
-7641
-8257
-9136
-8524
-7495
-7047
-7366
-7125
-6426
-5569
-4314
-3590
-3259
-2982
-1605
102
827
1470
2364
3303
3830
4867
6179
6526
6148
6169
7719
8739
8044
7360
7595
8619
8815
8019
7283
7185
7520
7463
6830
5843
4936
3917
3167
2262
1372
124
-1781
-2441
-2332
-2841
-4347
-5911
-6072
-6149
-6616
-7300
-8174
-8625
-8550
-7840
-8233
-9052
-9066
-8064
-6983
-7115
-7046
-6392
-5660
-4844
-4038
-3316
-3230
-2280
-551
529
1450
2053
2953
3670
4638
5771
6224
6196
5976
7143
8618
8168
7337
7256
8125
8754
8102
7300
7283
7672
7377
6959
6326
5404
4251
3423
2936
2073
500
-1600
-2223
-1595
-2342
-4117
-5732
-6049
-5737
-6266
-7182
-8166
-8384
-8235
-7747
-7935
-9025
-8999
-8007
-7264
-7291
-7298
-6571
-5843
-4936
-4075
-3544
-3306
-2739
-1014
213
1051
1833
2672
3392
4020
5567
6502
6167
5930
6855
8603
8450
7252
7151
8021
8789
8225
7347
6962
7275
7416
6947
6218
5407
4476
3595
2955
2198
972
-1087
-2586
-2289
-2206
-3539
-5456
-6101
-5626
-5880
-6690
-8022
-8571
-8301
-7800
-7560
-8558
-8988
-8155
-7174
-7019
-7417
-6790
-5922
-5167
-4238
-3701
-3395
-2906
-1399
85
960
1736
2512
3189
4015
5214
6100
6274
5993
6563
8240
8606
7567
6964
7555
8560
8352
7625
7138
7476
7688
6990
6361
5614
4592
3605
2926
2585
1612
-384
-2045
-2130
-1938
-3292
-5212
-6074
-5758
-5689
-6431
-7533
-8354
-8526
-7924
-7555
-8372
-9110
-8506
-7354
-7139
-7505
-7103
-6147
-5334
-4540
-3867
-3490
-3105
-1897
-480
809
1611
2281
3046
3753
5285
6180
6018
5758
6084
7837
8563
7698
7149
7449
8525
8509
7712
7172
7169
7401
7150
6564
5834
4590
3364
3045
2767
1821
-256
-1952
-1796
-1657
-2976
-4991
-5861
-5648
-5882
-6329
-7395
-8184
-8310
-7965
-7497
-8232
-8991
-8543
-7367
-6952
-7219
-6875
-6188
-5462
-4492
-3638
-3316
-3061
-1842
-395
899
1480
2029
2921
3681
4939
5726
5907
5777
6138
7810
8460
7685
7073
7250
8202
8251
7687
7208
7150
7334
7012
6466
5895
4652
3476
3139
2594
1510
-365
-1884
-1820
-1725
-2973
-4929
-5756
-5508
-5694
-6132
-7312
-8222
-8212
-7811
-7495
-8146
-8746
-8420
-7451
-6941
-7021
-6638
-5985
-5281
-4372
-3783
-3682
-3331
-1906
-333
968
1647
2052
2750
3689
5043
5689
5695
5730
6224
7594
8112
7474
6991
7159
8137
8421
7676
6904
6863
7264
7093
6446
5777
4678
3591
3096
2736
1782
-410
-2151
-1895
-1484
-2904
-5116
-5877
-5483
-5415
-6108
-7469
-8137
-8058
-7546
-7341
-8163
-8755
-8207
-6999
-6873
-7143
-6617
-5944
-5095
-4291
-3720
-3541
-3062
-1656
-251
1189
1711
1832
2529
3733
5147
5586
5536
5443
6412
7853
7867
7300
6866
7297
8077
7954
7489
6852
7048
7334
6941
6345
5294
4068
3122
2892
2599
1261
-728
-1779
-1490
-1665
-3295
-5100
-5482
-5220
-5492
-6172
-7298
-7864
-7732
-7393
-7422
-8119
-8447
-7839
-6901
-6919
-7040
-6463
-5806
-4913
-4047
-3586
-3500
-2880
-1674
-335
1149
1702
1818
2587
4119
5602
5649
4963
5239
6827
7894
7288
6738
6944
7437
7840
7564
7077
7018
7162
7165
6828
6384
5381
4055
3402
2942
2348
813
-1176
-1653
-1184
-1810
-3706
-5083
-5227
-5107
-5337
-6351
-7511
-7868
-7590
-7214
-7601
-8456
-8441
-7316
-6480
-6874
-7123
-6406
-5542
-4766
-4201
-3867
-3322
-2397
-1311
72
1019
1331
1937
3124
4631
5436
5241
4966
5784
7353
7681
6936
6432
6842
7790
7947
7325
6970
7322
7331
6931
6578
5822
4624
3694
3442
2951
1726
-65
-1208
-1103
-1432
-2509
-3960
-4982
-5215
-5263
-5361
-6433
-7555
-7630
-7129
-6951
-7770
-8363
-7960
-7070
-6628
-6878
-6739
-6141
-5300
-4484
-4172
-3971
-3295
-2080
-609
761
1317
1349
2074
3476
4788
5165
4716
4972
6394
7466
7055
6434
6554
7236
7942
7675
7156
7254
7257
6850
6503
6235
5332
4023
3363
3340
2886
1099
-883
-1018
-652
-1704
-3246
-4394
-4632
-4767
-5222
-5900
-7124
-7584
-7181
-6702
-6967
-7944
-8034
-7346
-6753
-6709
-6924
-6446
-5594
-4793
-4113
-3913
-3671
-2767
-1478
27
870
1051
1562
2888
4407
4767
4561
4625
5426
6855
7286
6861
6470
6711
7610
7736
7026
6571
6954
7219
6707
6284
5807
4607
3343
3156
3217
1933
-108
-1028
-631
-1176
-2708
-3776
-4387
-4747
-5089
-5131
-5856
-7294
-7473
-6748
-6503
-7470
-8192
-7609
-6905
-6322
-6351
-6444
-6110
-5347
-4025
-3749
-3967
-3375
-2034
-429
266
530
959
2059
3653
4349
4546
4566
4954
6218
6986
6900
6575
6583
6997
7206
7196
6843
6580
6740
6849
6835
6337
5080
3737
3363
3493
2633
577
-971
-528
-220
-1690
-3516
-4513
-4453
-4520
-4962
-5662
-6667
-6827
-6472
-6473
-7125
-7717
-7437
-7068
-6655
-6166
-5912
-5954
-5827
-4666
-3716
-3732
-3593
-2716
-1229
95
546
589
1310
2822
4236
4762
4269
4192
5409
6683
6634
5915
5999
6638
7114
6982
6569
6575
6610
6557
6490
6323
5346
3912
3512
3508
3059
1329
-370
-540
-403
-769
-2396
-3922
-4397
-4610
-4445
-5217
-6364
-6711
-6395
-6017
-6772
-7450
-7405
-6997
-6644
-6444
-5938
-5778
-5626
-4932
-4044
-3582
-3655
-2958
-1617
-95
618
465
1166
2379
3568
3977
3946
4458
5215
6180
6394
6213
6242
6315
6844
6869
6732
6777
6622
6427
6067
6086
5521
4029
3280
3409
3362
1855
-24
-279
-138
-951
-2331
-3292
-3768
-4301
-4441
-4697
-5803
-6821
-6666
-6056
-6434
-7188
-7110
-6485
-6439
-6606
-6043
-5439
-5265
-5098
-4470
-3832
-3555
-3017
-2123
-881
156
542
1058
1970
3099
3946
4056
4060
4717
5667
5844
5533
5670
6212
6681
6559
6380
6709
6843
6448
6068
6197
5811
4489
3503
3225
3181
2034
496
170
-31
-698
-1922
-2958
-3387
-3998
-4166
-4412
-5260
-6036
-6223
-5830
-6100
-6706
-6756
-6553
-6358
-6397
-6233
-5756
-5366
-4950
-4542
-4240
-3769
-2924
-2054
-1129
-308
130
742
1692
2742
3356
3492
3803
4646
5726
5775
5365
5607
5946
6338
6265
6135
6537
6677
6416
5834
5847
5711
4574
3915
3614
3458
2304
395
88
180
-515
-1909
-2784
-2816
-3509
-4103
-4631
-5219
-5614
-5904
-5717
-5986
-6436
-6590
-6420
-6189
-6216
-5805
-5521
-5261
-4761
-4378
-4095
-3946
-3173
-2125
-1107
-355
-75
716
1693
2592
3034
2937
3402
4417
5406
5509
5204
5377
5740
6352
6365
5862
6031
6557
6594
5919
5597
5392
4551
3824
3488
3408
2204
425
118
290
-356
-1908
-2617
-2512
-3162
-3663
-4310
-5025
-5626
-5935
-5396
-5688
-6382
-6439
-5985
-5662
-6106
-6006
-5448
-5051
-4741
-4363
-3843
-3591
-3065
-2267
-1232
-452
-330
433
1606
2590
3073
3089
3491
4238
5079
5148
4909
5213
5488
6016
6195
5860
5854
6160
6228
5819
5646
5103
4256
3897
3648
3282
1871
390
308
681
-131
-2044
-2702
-2649
-3107
-3594
-4281
-4796
-5251
-5415
-5348
-5807
-6349
-6250
-5573
-5668
-6121
-5710
-5116
-4824
-4737
-4445
-4111
-3579
-2740
-1994
-1028
-628
-407
569
1599
2487
2826
2935
3374
4287
5211
4991
4686
5043
5570
6016
5825
5465
5648
6204
6237
5949
5794
4938
4062
3697
3586
3146
1616
471
459
688
-277
-2073
-2494
-2482
-2908
-3560
-4337
-4542
-4873
-5186
-5429
-5877
-6087
-6038
-5529
-5512
-5864
-5601
-5089
-4613
-4474
-4296
-4039
-3546
-2705
-2074
-1228
-710
-442
496
1773
2618
2547
2616
3256
4234
4941
4656
4476
4847
5501
5987
5742
5355
5666
6384
6173
5542
5300
4767
4085
3576
3392
2956
1539
279
388
760
-454
-2108
-2377
-2179
-2683
-3628
-4324
-4742
-4956
-5038
-5239
-5585
-6013
-5745
-5091
-5348
-6024
-5837
-4835
-4400
-4479
-4236
-3761
-3074
-2548
-1733
-732
-611
-495
717
2338
2718
2272
2448
3356
4620
4899
4354
4347
4842
5524
5896
5531
4862
5292
6184
5886
5343
5092
4726
4178
3673
3229
2300
1205
618
913
639
-1183
-2330
-2195
-2295
-3105
-3849
-4150
-4550
-4985
-5115
-5097
-5609
-6166
-5666
-5014
-5329
-5866
-5266
-4259
-4150
-4341
-4216
-3585
-3010
-2448
-1222
-453
-517
-333
979
2363
2433
2266
2573
3600
4788
4882
4351
4062
4674
5483
5552
4945
4488
5518
6159
5475
4998
4530
4146
3867
3687
3154
1840
914
735
994
255
-1491
-2069
-1924
-2336
-3222
-3831
-4096
-4407
-4671
-4944
-5034
-5398
-5868
-5549
-5118
-5342
-5635
-5027
-4241
-4075
-4141
-3991
-3173
-2581
-2070
-901
-351
-549
-25
1699
2747
2296
2061
2891
4280
4735
4246
4212
4598
5082
5398
5304
4807
4912
5811
5900
5344
4560
4008
3922
3455
2967
2252
1244
607
537
523
-753
-2003
-2149
-2226
-2653
-3480
-3876
-4084
-4558
-4884
-4920
-4909
-5468
-5603
-4986
-4756
-5038
-5247
-4677
-4037
-3937
-3950
-3513
-2729
-2284
-1452
-522
-307
-218
884
2539
2819
2326
2340
3311
4482
4403
4095
4242
4704
5248
5315
4864
4355
4921
5553
5304
4714
4140
3814
3450
3128
2453
1632
1058
660
728
-102
-1417
-2021
-2237
-2347
-3068
-3594
-3998
-4542
-4669
-4664
-4566
-5115
-5617
-5175
-4677
-4705
-5051
-4583
-3896
-3601
-3473
-3455
-2749
-2210
-1602
-604
-450
-577
113
1873
2699
2037
1917
2704
4055
4433
3909
3994
4301
4793
5048
4859
4433
4447
5307
5417
4805
4080
3543
3578
3230
2581
1873
1106
696
669
394
-744
-1614
-1787
-2095
-2767
-3449
-3620
-3950
-4641
-4887
-4556
-4482
-5122
-5241
-4678
-4423
-4741
-4908
-4227
-3658
-3567
-3492
-2989
-2364
-2175
-1235
-292
-341
-161
1031
2632
2674
1931
2222
3340
4423
4178
3809
4176
4451
4844
4860
4406
4196
4667
5358
4978
4096
3824
3706
3329
2678
1942
1444
820
426
497
-114
-1209
-1857
-2068
-2565
-3444
-3679
-3704
-4214
-4748
-4693
-4261
-4685
-5264
-4958
-4384
-4322
-4599
-4118
-3498
-3478
-3508
-3171
-2522
-2285
-1588
-339
-73
-291
361
2051
2701
2069
2165
3259
4334
4183
3591
3733
4154
4710
4993
4774
4417
4563
5123
4852
4077
3713
3638
3313
2667
2154
1803
963
28
-197
-239
-1007
-1894
-2025
-2212
-3022
-3498
-3532
-3864
-4371
-4609
-4356
-4354
-4792
-4859
-4485
-4378
-4473
-4107
-3467
-3440
-3531
-3066
-2418
-2101
-1740
-677
52
-78
187
1659
2752
2480
2024
2490
3700
4359
3864
3502
3703
4387
4887
4633
4005
3793
4754
4999
4154
3676
3619
3490
2763
2064
1679
1025
409
37
95
-742
-1941
-2170
-2257
-2624
-3273
-3483
-3731
-4275
-4421
-4444
-4523
-4884
-4754
-3955
-3869
-4220
-4254
-3554
-3046
-3154
-2990
-2560
-2030
-1632
-790
112
-100
-279
754
2302
2686
2209
2445
3320
4242
4313
3804
3443
3604
4583
5021
4335
3711
4229
5013
4441
3588
3303
3164
2788
2281
1938
1181
269
-27
110
-271
-1406
-2004
-1993
-2323
-2896
-3170
-3485
-4227
-4502
-4183
-4032
-4546
-5040
-4610
-3975
-4021
-4252
-3784
-3112
-2985
-2931
-2755
-2386
-1788
-1109
-244
203
-20
124
1365
2441
2389
2040
2290
3392
4342
4083
3413
3455
4159
4719
4539
3787
3693
4570
4721
3985
3524
3264
2871
2542
2265
1726
843
84
64
19
-989
-1916
-1999
-2060
-2628
-3111
-3258
-3667
-4177
-4307
-4130
-4093
-4497
-4516
-4017
-3969
-4200
-4120
-3529
-2952
-2795
-2681
-2451
-1871
-1370
-845
-22
269
306
865
1968
2524
2289
2224
2694
3771
4341
3992
3630
3722
4343
4664
4228
3558
3814
4618
4458
3807
3143
2736
2660
2425
1982
1126
356
176
341
-64
-1408
-2190
-2144
-2391
-3014
-3467
-3606
-3826
-4184
-4428
-4385
-4346
-4575
-4468
-3972
-3861
-4075
-3873
-3374
-3081
-2924
-2796
-2409
-1794
-1280
-493
202
175
248
1336
2626
2742
2229
2331
3347
4350
4083
3418
3484
3971
4596
4747
4152
3676
4106
4581
4114
3508
3162
2873
2677
2274
1577
570
-251
-190
181
-429
-1821
-2292
-1993
-2301
-3074
-3609
-3826
-3970
-4101
-4206
-4287
-4490
-4532
-4082
-3791
-3899
-3842
-3335
-2834
-2652
-2568
-2567
-2143
-1407
-769
1
300
242
680
1811
2714
2587
2327
2464
3287
4136
3894
3449
3480
4076
4647
4518
3926
3614
4279
4561
3952
3263
2618
2513
2471
2035
1279
413
5
-58
-122
-958
-2059
-2314
-2379
-2735
-3205
-3497
-3729
-4116
-4393
-4427
-4345
-4549
-4560
-4051
-3746
-3822
-3938
-3554
-3009
-2605
-2317
-2396
-2060
-1459
-752
214
339
103
677
2067
2904
2380
1953
2496
3718
4241
3678
3550
3874
4360
4772
4419
3868
3922
4432
4513
3733
2992
2874
2817
2525
1815
1039
595
128
42
-178
-1152
-1927
-2201
-2340
-2838
-3344
-3519
-3819
-4119
-4428
-4456
-4258
-4338
-4282
-4005
-3873
-3836
-3573
-3223
-2961
-2616
-2329
-2115
-1772
-1255
-486
286
343
219
982
2215
2851
2488
2130
2774
3956
4142
3347
3184
3747
4410
4452
3973
3732
3970
4504
4234
3400
2779
2598
2763
2297
1398
761
448
54
-440
-745
-1251
-1648
-2015
-2623
-3060
-3313
-3540
-3972
-4293
-4254
-4071
-4038
-4478
-4522
-3926
-3663
-3654
-3610
-3237
-2627
-2340
-2231
-2106
-1590
-1046
-601
169
454
534
1210
2304
2945
2610
2338
2840
3690
3886
3506
3480
3780
4132
4278
4014
3605
3822
4408
4287
3627
3052
2699
2437
2048
1453
932
444
-100
-290
-542
-1274
-1978
-2383
-2628
-2944
-3354
-3808
-4056
-4106
-4226
-4181
-4126
-4255
-4260
-3993
-3742
-3721
-3600
-3188
-2645
-2396
-2383
-2036
-1381
-820
-398
323
822
733
1153
2175
2792
2653
2583
3113
3674
3798
3630
3701
4011
4335
4535
4267
3694
3637
4190
4049
3179
2709
2675
2573
1922
1133
714
310
-232
-641
-783
-1200
-1797
-2065
-2511
-3139
-3572
-3834
-4048
-4389
-4533
-4227
-3898
-4072
-4397
-4118
-3624
-3529
-3446
-3046
-2656
-2503
-2350
-1979
-1446
-955
-483
282
862
822
968
1772
2542
2666
2596
2866
3375
3769
3761
3607
3546
3809
4322
4390
3980
3815
4181
4123
3425
2948
2680
2404
1961
1432
1041
582
-40
-484
-546
-1030
-1828
-2168
-2414
-2857
-3331
-3457
-3582
-3896
-4013
-4018
-3851
-3940
-4160
-3931
-3728
-3621
-3414
-3044
-2696
-2553
-2276
-2056
-1752
-1197
-846
-296
371
735
1136
1647
2313
2697
2635
2665
2974
3637
4026
3913
3815
3779
3985
4144
3852
3565
3768
4014
3707
3146
2632
2193
1864
1631
1164
508
108
-111
-345
-1107
-2073
-2324
-2291
-2587
-3168
-3555
-3668
-3818
-4026
-4188
-4046
-3903
-3921
-3866
-3789
-3648
-3530
-3349
-3016
-2579
-2144
-1887
-1572
-1139
-737
-409
76
710
992
1261
2005
2739
2820
2599
2864
3537
3913
3712
3557
3659
3935
4321
4281
3928
3607
3649
3712
3158
2581
2235
2080
1855
1224
630
113
-180
-382
-916
-1430
-1725
-1875
-2338
-3036
-3227
-3206
-3431
-3937
-4254
-3977
-3633
-3681
-4019
-3999
-3499
-3158
-3128
-3149
-2858
-2381
-2063
-1845
-1572
-1067
-503
57
635
976
1197
1624
2309
2656
2525
2585
3039
3633
3781
3571
3521
3568
3831
4100
4036
3662
3399
3588
3506
2928
2373
2028
1832
1429
817
341
82
-179
-600
-1073
-1546
-1983
-2361
-2714
-3061
-3292
-3424
-3644
-3845
-3945
-3803
-3590
-3733
-3855
-3616
-3241
-3102
-3059
-2755
-2414
-2097
-1881
-1660
-1239
-831
-358
180
623
904
1190
1731
2233
2453
2493
2615
3028
3543
3759
3655
3480
3503
3880
4017
3727
3529
3534
3572
3206
2638
2313
2063
1788
1357
902
499
-48
-538
-865
-1199
-1562
-1854
-2093
-2429
-2873
-3189
-3307
-3442
-3664
-3855
-3734
-3524
-3597
-3598
-3409
-3211
-3088
-3043
-2872
-2509
-2032
-1659
-1461
-1200
-814
-332
201
701
1050
1279
1587
2100
2549
2581
2583
2950
3473
3681
3434
3254
3397
3659
3776
3530
3252
3250
3276
3086
2589
2065
1829
1693
1448
840
107
-296
-593
-796
-1158
-1758
-1992
-2095
-2356
-2720
-3027
-3048
-3182
-3442
-3647
-3654
-3378
-3345
-3433
-3324
-3151
-2961
-2846
-2612
-2212
-1846
-1546
-1366
-1115
-658
-187
312
730
890
1059
1457
2087
2579
2639
2593
2712
3075
3327
3322
3279
3200
3398
3678
3593
3269
3084
3200
3070
2593
2118
1813
1642
1240
768
405
-8
-354
-637
-973
-1464
-2018
-2392
-2616
-2787
-2955
-3124
-3262
-3375
-3353
-3322
-3513
-3645
-3491
-3201
-3013
-2943
-2717
-2481
-2299
-1993
-1669
-1363
-1111
-694
-157
141
342
709
1381
1943
2095
2296
2632
2895
2959
2935
3120
3296
3370
3531
3627
3560
3312
3024
2929
2920
2869
2615
2134
1717
1442
1196
703
4
-415
-503
-610
-1034
-1651
-2032
-2060
-2069
-2515
-3200
-3469
-3180
-2856
-3051
-3573
-3681
-3148
-2640
-2656
-2821
-2654
-2222
-1899
-1848
-1873
-1716
-1311
-841
-477
-258
-16
417
819
1091
1400
1716
1956
2181
2506
2771
2765
2643
2661
2893
3134
3202
3147
2998
2913
2955
2810
2373
2009
1970
1950
1650
1178
828
619
300
-130
-548
-985
-1405
-1620
-1759
-2073
-2428
-2659
-2738
-2781
-2907
-3084
-3277
-3322
-3125
-2881
-2866
-2990
-2868
-2519
-2224
-2097
-1988
-1676
-1227
-867
-687
-488
-111
373
808
1089
1354
1650
1891
2090
2379
2721
2899
2979
3106
3285
3368
3277
3215
3221
3181
3039
2877
2671
2304
1937
1681
1478
1232
914
601
247
-201
-751
-1272
-1634
-1864
-2001
-2168
-2416
-2647
-2838
-3016
-3181
-3214
-3129
-3129
-3174
-3112
-2940
-2780
-2671
-2506
-2342
-2161
-1816
-1329
-952
-772
-519
-189
54
212
479
979
1427
1703
1865
1999
2232
2484
2691
2771
2835
2998
3117
3124
3014
2870
2744
2683
2648
2508
2243
1912
1706
1501
1216
909
591
310
-105
-501
-819
-1149
-1441
-1809
-2092
-2301
-2506
-2610
-2701
-2755
-2810
-2874
-2933
-3015
-2942
-2704
-2484
-2374
-2318
-2226
-2058
-1838
-1562
-1226
-838
-416
-143
-36
109
445
945
1307
1525
1790
2039
2182
2195
2270
2509
2729
2840
2910
2982
3004
2876
2629
2409
2297
2287
2223
1958
1617
1337
1128
870
483
129
-143
-418
-738
-1084
-1378
-1683
-1981
-2197
-2375
-2514
-2618
-2654
-2600
-2597
-2716
-2854
-2861
-2665
-2426
-2303
-2198
-2027
-1833
-1674
-1463
-1160
-873
-611
-317
3
276
514
800
1070
1283
1522
1801
2037
2157
2248
2420
2593
2666
2588
2445
2439
2550
2621
2542
2297
2050
1899
1816
1698
1425
1129
951
806
542
93
-321
-608
-872
-1136
-1480
-1813
-1946
-1943
-2058
-2408
-2664
-2570
-2378
-2360
-2507
-2595
-2503
-2364
-2255
-2159
-2097
-1936
-1616
-1272
-994
-818
-583
-267
-14
118
248
564
874
1041
1186
1391
1677
1959
2167
2295
2348
2307
2275
2363
2444
2443
2396
2319
2199
2068
1857
1559
1372
1267
1160
975
665
387
196
-56
-514
-984
-1217
-1317
-1409
-1633
-1949
-2119
-2143
-2153
-2241
-2421
-2503
-2307
-2060
-2053
-2160
-2168
-2028
-1862
-1736
-1553
-1274
-961
-720
-538
-395
-233
110
528
842
1013
1105
1211
1356
1566
1825
2059
2169
2237
2364
2451
2377
2188
2154
2285
2295
2068
1725
1534
1475
1356
1047
617
353
251
154
-97
-483
-800
-1086
-1319
-1500
-1691
-1855
-2013
-2123
-2240
-2379
-2470
-2490
-2334
-2115
-1999
-2009
-2047
-1906
-1615
-1344
-1149
-966
-716
-402
-136
-33
49
364
861
1193
1274
1340
1517
1739
1814
1770
1781
1955
2220
2379
2376
2240
2099
2023
1906
1681
1436
1389
1448
1307
959
684
557
280
-140
-371
-439
-598
-877
-1095
-1242
-1391
-1561
-1754
-1934
-2042
-2062
-2079
-2142
-2227
-2243
-2158
-2096
-2024
-1820
-1529
-1311
-1245
-1191
-1047
-805
-533
-328
-130
117
394
617
733
833
1053
1408
1680
1770
1803
1832
1867
1946
2049
2100
2063
1958
1851
1811
1726
1581
1496
1418
1246
1017
851
714
543
344
100
-144
-434
-738
-897
-992
-1147
-1354
-1520
-1648
-1817
-1928
-1931
-1881
-1849
-1865
-1789
-1667
-1632
-1654
-1618
-1406
-1169
-1031
-973
-931
-762
-542
-342
-158
28
310
553
704
814
864
999
1220
1447
1641
1697
1765
1865
1856
1801
1709
1696
1711
1637
1582
1438
1285
1182
999
814
544
318
268
192
94
-148
-468
-663
-836
-967
-1168
-1386
-1422
-1448
-1517
-1664
-1804
-1779
-1749
-1680
-1556
-1460
-1342
-1290
-1245
-1168
-1107
-960
-759
-561
-390
-265
-123
-2
97
252
473
700
844
957
1120
1281
1355
1375
1434
1512
1559
1567
1582
1586
1471
1311
1252
1288
1286
1162
1000
857
700
494
247
53
-40
-77
-173
-416
-690
-840
-877
-930
-1120
-1336
-1434
-1419
-1376
-1395
-1413
-1384
-1339
-1295
-1266
-1194
-1075
-955
-858
-819
-817
-769
-609
-352
-99
59
119
164
275
464
673
852
981
1054
1085
1091
1116
1144
1169
1213
1283
1346
1326
1231
1107
979
899
883
876
778
575
408
306
155
-51
-199
-239
-271
-331
-364
-462
-718
-1026
-1171
-1103
-1031
-1073
-1150
-1177
-1120
-1062
-1116
-1227
-1247
-1113
-973
-950
-913
-768
-572
-420
-331
-251
-160
-20
226
469
604
644
661
708
777
895
1041
1125
1117
1116
1157
1120
1020
1000
1092
1155
1080
939
753
572
471
405
382
370
343
293
137
-62
-225
-365
-452
-535
-626
-724
-854
-946
-1004
-1042
-1005
-940
-880
-880
-933
-910
-859
-851
-839
-820
-776
-699
-568
-384
-271
-215
-150
-93
1
122
270
419
455
438
442
507
625
709
805
887
874
825
768
754
752
726
766
799
767
695
583
519
448
315
195
109
104
94
8
-82
-201
-331
-427
-486
-457
-439
-515
-651
-777
-802
-767
-713
-635
-587
-612
-703
-765
-751
-703
-606
-451
-296
-232
-255
-235
-149
-87
-68
23
199
297
247
181
259
420
521
556
558
615
723
803
831
766
672
597
540
523
494
496
546
555
519
401
247
140
43
-22
-64
-75
-29
-58
-163
-294
-439
-509
-545
-530
-482
-505
-576
-666
-707
-673
-633
-554
-469
-425
-403
-423
-401
-328
-271
-219
-188
-137
-60
-27
12
45
91
183
254
331
346
312
333
368
418
391
321
353
377
399
392
351
344
274
281
359
373
326
159
89
129
112
98
70
86
38
-148
-248
-310
-324
-285
-278
-252
-318
-321
-172
-130
-208
-395
-477
-425
-458
-371
-204
-81
-41
-155
-165
-131
-102
7
33
113
191
221
236
75
17
108
239
354
277
242
275
322
405
327
257
240
286
416
351
197
42
-36
11
-13
22
99
126
109
-12
-77
-126
-207
-220
-218
-202
-223
-263
-276
-358
-435
-420
-321
-214
-163
-112
-101
-222
-371
-379
-229
-108
-132
-159
-108
-22
44
58
39
10
38
126
174
170
171
207
225
201
178
210
290
353
364
299
222
217
237
253
246
239
219
123
37
-1
1
31
25
-3
-65
-134
-142
-163
-231
-303
-287
-145
-9
48
21
-103
-256
-365
-344
-221
-114
-33
2
-5
-35
-83
-127
-165
-144
-46
39
65
25
-33
-65
-72
-47
10
112
250
327
282
169
91
86
123
179
221
199
135
103
76
-9
-93
-53
77
138
112
86
61
8
-51
-67
-57
-50
-33
-60
-171
-298
-334
-288
-256
-236
-174
-91
-40
-36
-58
-91
-120
-98
-28
46
73
62
25
-19
-20
27
87
95
68
88
132
133
66
-5
7
73
163
240
263
253
196
123
58
9
19
55
76
63
27
6
-30
-98
-143
-103
-11
30
10
-11
0
46
51
-51
-187
-185
-51
-10
-133
-239
-213
-172
-175
-129
-55
-57
-118
-160
-171
-146
-65
8
-7
-39
1
60
62
69
128
175
165
148
174
192
129
6
-49
37
165
211
157
57
10
75
184
208
110
-3
-50
-55
-43
-28
-30
-22
12
7
-60
-110
-50
74
111
21
-118
-183
-161
-139
-148
-143
-96
-46
-45
-86
-120
-95
-57
-64
-78
-35
68
142
125
36
-59
-95
-46
48
138
154
85
28
30
78
104
89
118
175
216
192
70
-32
-36
18
45
-21
-89
-89
-69
-71
-91
-109
-93
-66
-70
-126
-219
-261
-203
-85
62
140
93
-19
-141
-194
-162
-82
32
77
39
-12
-29
61
173
198
139
39
10
41
39
-5
-83
-79
44
173
251
235
147
46
-63
-108
-80
7
145
226
213
122
2
-48
-43
9
60
40
1
-45
-89
-128
-185
-205
-175
-98
-15
-8
-33
-21
16
42
3
-53
-75
-57
6
41
-2
-86
-155
-138
-64
24
121
200
248
221
129
39
-17
-23
-5
31
83
107
79
-7
-94
-103
-46
22
70
83
51
-54
-172
-199
-143
-92
-98
-129
-96
-20
16
-36
-134
-156
-60
50
61
-49
-176
-210
-156
-58
30
82
91
46
-27
-73
-70
-18
45
88
107
99
93
88
60
51
98
171
226
233
243
254
196
122
83
81
106
129
148
133
54
6
8
31
55
52
36
-10
-88
-149
-205
-251
-254
-237
-180
-101
-53
-70
-158
-247
-261
-205
-124
-72
-76
-96
-106
-122
-133
-119
-69
2
49
68
68
54
60
79
71
54
51
46
33
3
-11
30
104
211
302
326
303
242
159
111
105
178
259
229
141
52
29
39
-26
-93
-127
-138
-75
-60
-145
-237
-294
-260
-246
-294
-275
-236
-189
-116
-81
-66
-85
-92
-63
-97
-142
-123
-86
-95
-140
-107
15
151
170
65
9
36
144
258
276
288
248
176
149
86
111
223
285
291
139
31
67
82
129
139
132
127
57
59
21
-67
-68
-9
89
61
-34
-78
-165
-236
-327
-367
-314
-237
-82
-49
-122
-137
-155
-158
-234
-269
-156
-130
-137
-93
-21
66
16
-45
-21
12
113
174
172
165
116
143
155
50
-9
-31
67
239
299
304
193
70
50
24
48
49
66
138
119
88
36
-12
-44
-146
-162
-117
-22
84
48
-5
-102
-172
-148
-159
-109
-108
-151
-183
-281
-285
-277
-257
-175
-128
-30
-18
-68
-76
-113
-69
-34
14
121
165
208
181
147
171
141
152
141
124
155
127
151
161
160
258
331
393
367
256
204
143
113
96
60
63
71
114
91
-18
-116
-180
-149
-150
-169
-168
-226
-252
-329
-396
-371
-357
-274
-236
-247
-187
-147
-104
-86
-139
-218
-264
-241
-158
-52
-67
-123
-144
-158
-20
99
113
140
76
77
145
98
115
182
227
334
354
293
290
257
243
273
213
168
160
107
125
169
203
278
285
240
200
159
128
83
15
-66
-79
-43
-24
1
-90
-186
-211
-273
-240
-241
-261
-134
-102
-85
-148
-377
-468
-482
-417
-279
-272
-268
-247
-248
-221
-228
-199
-91
39
138
109
17
-63
-92
21
142
260
361
328
311
288
236
235
196
213
276
305
294
246
227
168
116
102
101
192
228
184
124
-5
-77
-92
-131
-146
-126
-136
-144
-141
-162
-117
-118
-201
-191
-177
-141
-102
-182
-222
-201
-155
-97
-105
-136
-134
-85
-75
-119
-128
-110
-21
103
174
225
203
135
89
31
22
87
198
288
283
194
84
23
54
143
224
251
214
171
124
58
-8
-31
20
94
132
102
7
-124
-254
-312
-272
-195
-117
-101
-164
-239
-317
-336
-287
-226
-133
-53
-48
-77
-126
-149
-139
-135
-85
-33
9
35
24
22
-12
-40
-25
-2
105
205
248
246
144
113
139
151
196
168
160
159
118
172
209
265
335
289
231
97
-24
-48
-84
-48
-1
46
129
127
134
89
-15
-57
-125
-141
-153
-176
-126
-141
-154
-167
-215
-203
-214
-210
-184
-203
-185
-200
-245
-270
-294
-236
-174
-142
-76
-37
13
86
128
157
147
94
81
86
93
137
143
120
87
28
52
132
208
251
189
130
97
100
180
227
299
332
265
213
96
31
34
-15
2
-8
-47
-39
-64
-38
-35
-113
-178
-237
-216
-172
-165
-165
-234
-300
-320
-324
-263
-205
-167
-124
-156
-196
-189
-142
-28
58
69
30
-25
-22
5
21
31
63
158
247
255
210
140
135
213
268
271
225
150
121
117
114
140
182
222
232
211
164
100
41
-25
-43
-28
-32
-58
-112
-157
-191
-186
-146
-106
-32
-28
-99
-196
-309
-321
-290
-261
-207
-177
-105
-66
-84
-86
-130
-100
-26
35
139
150
114
42
-79
-110
-88
9
124
150
169
141
149
204
202
220
194
164
181
168
178
147
92
51
-12
5
53
108
164
140
103
48
-10
-54
-116
-152
-170
-159
-131
-129
-132
-171
-220
-235
-228
-181
-167
-196
-244
-297
-281
-237
-146
-36
27
59
-5
-85
-111
-100
4
86
138
161
108
115
135
168
252
253
244
182
73
81
104
191
302
320
355
298
190
129
4
-40
-47
-42
77
125
148
120
-26
-92
-166
-189
-107
-56
43
19
-146
-278
-439
-459
-395
-327
-145
-58
-24
-58
-210
-253
-284
-245
-118
-46
70
84
15
-26
-104
-86
-51
-1
148
251
344
337
205
119
56
123
267
343
397
310
169
98
49
134
193
181
153
16
-44
-73
-63
38
50
72
6
-95
-111
-178
-166
-201
-260
-252
-290
-212
-163
-130
-78
-130
-96
-102
-117
-110
-202
-191
-187
-144
-50
-44
12
-12
-30
-9
-44
11
15
52
120
127
209
214
218
205
113
123
101
147
205
158
172
108
116
150
99
129
69
80
129
81
97
-22
-87
-65
-109
-31
-56
-87
-58
-150
-129
-138
-140
-7
13
23
-50
-216
-215
-185
-99
22
-21
-56
-112
-179
-140
-151
-108
-35
-17
78
128
139
149
73
2
-67
-105
-34
83
171
195
126
43
13
-14
6
39
62
153
195
180
156
97
111
147
158
160
86
5
-58
-126
-154
-184
-186
-131
-74
-26
-43
-115
-184
-215
-171
-116
-94
-91
-121
-134
-134
-110
-47
-22
-31
-76
-117
-95
-49
7
27
11
25
59
107
157
188
192
154
114
103
107
129
151
184
210
187
133
57
18
44
75
112
143
157
176
152
102
47
-24
-56
-69
-100
-140
-216
-270
-264
-225
-118
-42
-40
-77
-162
-181
-148
-100
-40
-46
-40
-38
-73
-97
-134
-109
-63
-41
-25
-65
-68
-32
21
75
53
35
29
33
86
126
169
180
131
82
30
30
75
106
133
110
61
31
13
60
123
179
227
193
120
14
-92
-124
-118
-65
-14
-18
-26
-89
-138
-149
-154
-97
-68
-66
-73
-140
-152
-151
-143
-86
-64
-28
-15
-45
-37
-40
-22
5
-22
-15
0
18
60
53
55
51
24
41
59
126
184
160
108
12
-11
44
88
147
133
102
97
61
99
140
179
218
153
97
34
-7
5
-43
-79
-111
-121
-65
-52
-55
-81
-133
-140
-145
-113
-63
-59
-87
-172
-238
-221
-153
-58
-11
-43
-104
-169
-192
-158
-90
-14
10
-39
-114
-130
-37
119
231
221
136
57
23
46
70
92
118
128
139
146
172
204
193
138
62
37
85
144
179
143
70
19
-26
-38
-36
-40
-6
10
25
36
5
-23
-97
-169
-200
-203
-144
-111
-137
-194
-272
-276
-224
-159
-81
-44
-15
-4
-44
-74
-92
-53
39
112
161
154
122
121
130
161
175
139
116
102
121
140
89
0
-91
-110
-26
89
195
229
188
140
87
58
44
16
-12
-46
-61
-48
-53
-102
-168
-196
-123
18
125
137
48
-65
-116
-114
-70
-34
-66
-126
-222
-301
-319
-328
-287
-225
-134
14
100
130
62
-74
-124
-131
-52
41
65
117
137
178
214
167
148
123
149
210
193
157
54
-28
-15
34
161
233
229
194
106
92
93
94
96
33
8
-27
-52
-55
-110
-135
-174
-186
-130
-91
-24
-12
-54
-100
-186
-198
-193
-167
-108
-105
-71
-79
-110
-104
-131
-73
0
66
139
87
34
-51
-119
-90
-80
20
102
136
177
114
74
15
-39
13
23
71
89
71
119
126
196
240
218
219
139
110
95
60
76
21
-11
-40
-74
-43
-64
-73
-119
-190
-176
-145
-49
14
-32
-108
-214
-237
-193
-138
-66
-30
-7
-14
-62
-83
-91
-60
-4
4
1
-19
-54
-81
-113
-81
15
127
206
184
116
36
1
65
156
270
323
264
162
41
4
57
111
147
104
41
8
-4
21
2
-30
-46
-36
58
143
170
116
-31
-175
-273
-257
-179
-104
-61
-128
-205
-283
-340
-298
-239
-100
51
109
103
-30
-132
-149
-108
22
63
49
10
-71
-60
-51
-9
61
84
154
160
140
135
55
14
-20
-17
70
151
244
280
276
264
175
85
2
-46
-6
29
43
7
-74
-127
-166
-140
-72
-47
-12
-40
-89
-89
-102
-68
-57
-51
-1
5
47
32
-35
-44
-78
-29
53
112
206
195
145
57
-61
-63
-40
31
104
85
51
-42
-112
-104
-71
14
48
43
30
-30
-89
-168
-223
-191
-109
5
68
52
9
-63
-101
-93
-54
58
167
230
210
74
-56
-114
-74
51
113
92
3
-119
-177
-215
-202
-147
-81
44
110
105
45
-69
-96
-58
18
98
99
76
11
-52
-61
-78
-47
-9
12
69
77
58
4
-91
-113
-68
46
177
197
139
30
-61
-58
-14
65
137
171
187
128
57
11
-22
20
47
61
84
67
73
42
-18
-31
-37
25
72
51
0
-100
-151
-172
-177
-136
-115
-51
3
18
15
-37
-42
-27
0
36
18
4
-27
-56
-46
-31
33
91
94
50
-74
-171
-216
-216
-156
-117
-72
-25
1
35
7
-41
-62
-41
59
146
186
143
27
-63
-115
-69
49
172
283
285
231
151
66
53
27
-7
-57
-129
-120
-102
-68
-52
-93
-62
-15
63
121
55
-34
-152
-213
-164
-116
-15
37
35
41
-27
-39
-24
12
108
116
119
86
39
78
71
97
83
34
49
6
9
-14
-59
-18
-28
15
22
-25
-6
-34
5
38
-6
-9
-74
-77
-37
-39
-7
-60
-99
-95
-84
7
42
52
31
-37
-40
-55
-39
-19
-28
14
44
87
106
49
-7
-82
-99
-57
-13
46
51
25
-22
-101
-135
-135
-84
22
90
135
134
81
60
26
30
73
68
63
-24
-136
-175
-181
-65
60
141
198
147
94
34
-7
38
70
113
117
73
53
31
30
9
-23
-45
-35
43
67
51
-36
-156
-169
-149
-69
20
26
40
-16
-103
-170
-238
-180
-74
27
88
25
-46
-108
-121
-60
-15
49
89
90
62
-15
-63
-84
-44
23
39
46
16
7
31
20
58
62
112
212
201
177
48
-82
-73
-54
75
148
128
125
6
-63
-125
-187
-138
-111
-23
34
6
-17
-131
-183
-167
-108
13
42
38
-26
-110
-98
-84
-19
21
18
39
21
56
63
29
36
2
33
64
57
78
28
33
52
42
78
86
128
195
215
193
81
-38
-115
-151
-109
-37
61
126
117
68
-59
-150
-187
-210
-156
-116
-51
30
40
56
3
-56
-59
-61
3
51
66
71
27
-1
-37
-77
-86
-83
-24
49
91
81
21
-34
-52
-12
42
62
37
-25
-84
-111
-60
12
54
48
-22
-76
-96
-28
74
124
144
84
10
-34
-73
-26
22
48
69
15
-42
-107
-141
-105
-99
-45
2
4
34
10
-7
-42
-76
-31
-19
35
79
60
66
27
17
15
1
69
96
128
124
31
-31
-102
-86
-9
19
72
38
-3
3
-28
9
15
29
93
87
103
55
-44
-87
-148
-112
-48
-2
88
97
101
83
10
-27
-77
-65
4
46
83
23
-100
-211
-289
-260
-179
-83
-1
26
38
40
62
102
135
189
209
181
96
-29
-81
-46
91
232
230
100
-124
-266
-237
-126
12
38
-10
-37
-43
29
84
85
58
-23
-67
-83
-92
-59
-53
-59
-87
-143
-137
-95
-18
69
80
46
-13
-56
-29
10
28
9
-50
-70
-50
1
68
82
84
62
17
-11
-66
-88
-76
-52
13
38
63
90
93
116
95
76
63
64
117
147
158
108
14
-42
-87
-75
-48
-31
14
26
36
11
-46
-67
-72
-7
71
102
87
-9
-80
-105
-82
-5
24
47
59
58
72
22
-65
-160
-200
-124
-6
76
44
-80
-179
-192
-93
29
101
107
63
37
27
30
41
30
35
18
-17
-37
-64
-46
-21
1
56
68
55
-29
-159
-212
-188
-79
29
50
23
-43
-87
-88
-68
-8
55
107
136
124
67
-24
-91
-105
-46
38
87
91
66
67
83
99
115
110
100
49
-19
-32
34
141
185
131
44
13
65
111
80
-14
-106
-134
-126
-128
-148
-176
-156
-89
-30
-1
-53
-151
-234
-267
-195
-80
26
90
76
56
46
67
112
123
117
79
42
36
37
67
96
122
133
88
23
-32
-36
4
29
49
76
110
110
27
-80
-145
-150
-113
-95
-70
-26
5
26
10
0
2
-13
-20
-25
-11
10
-39
-137
-230
-253
-172
-46
97
214
269
227
67
-119
-230
-197
-58
41
69
43
3
-15
-54
-47
34
126
186
133
19
-58
-86
-64
-31
8
80
141
159
132
89
46
1
-27
-48
-40
-22
-36
-57
-82
-81
-51
-53
-53
-41
-30
-21
-68
-127
-149
-106
20
122
145
89
-14
-60
-51
11
86
96
94
80
65
77
65
73
73
52
74
99
146
174
138
90
25
-21
-48
-76
-80
-80
-54
-14
12
-3
-69
-128
-154
-143
-122
-118
-93
-65
-69
-96
-104
-52
20
32
-22
-70
-61
4
61
45
-7
-49
-53
-17
-3
-12
-40
-67
-60
-52
-33
6
39
55
64
90
123
