SAMPLES:	10081
BITSPERSAMPLE:	16
CHANNELS:	1
SAMPLERATE:	16000
NORMALIZED:	FALSE
178
186
269
281
304
341
360
357
234
52
-36
-29
-53
-111
-55
83
17
-110
-167
-193
-306
-463
-611
-693
-699
-558
-314
-109
-19
-136
-142
-52
76
183
158
80
27
77
119
110
9
-8
188
446
538
319
-71
-221
-156
-69
3
111
242
230
212
116
24
-27
-167
-294
-408
-477
-417
-295
0
379
630
584
247
42
95
194
184
232
309
339
266
122
-28
-94
-29
-22
-80
-218
-327
-346
-259
-117
9
-70
-247
-356
-389
-483
-521
-459
-404
-185
-32
58
11
-31
-88
-133
-23
197
451
542
463
238
-34
-162
-86
80
183
188
222
178
199
208
121
-114
-341
-446
-333
-53
-16
-79
-31
13
12
32
91
150
28
91
193
371
352
366
384
225
250
288
457
369
239
149
134
31
-142
-246
-193
-117
-62
-11
-85
-90
-241
-322
-488
-466
-436
-369
-235
-173
-151
-143
-113
-137
-156
-258
-215
-136
155
235
133
-114
-153
153
460
619
400
19
-320
-381
-294
-1
252
437
349
123
-58
-270
-297
-250
-97
-4
104
84
-60
-195
-124
48
88
266
429
374
66
-111
10
356
640
625
159
-352
-323
17
265
61
-215
-402
-315
-12
121
14
-229
-387
-327
-217
-170
-239
-422
-436
-411
-392
-437
-398
-182
99
290
305
133
30
152
398
605
536
359
120
25
79
176
357
446
317
109
-108
-274
-406
-379
-189
-104
-61
-85
-183
-257
-136
149
318
321
231
189
326
439
430
340
161
46
10
194
327
229
123
-9
73
279
482
520
256
8
-84
-144
-131
-169
-334
-597
-824
-830
-846
-775
-573
-366
-371
-565
-634
-598
-329
79
266
190
-39
-73
92
83
97
71
-36
71
154
199
30
-403
-697
-897
-775
-451
-215
-109
-362
-654
-505
34
859
1896
2829
3041
2478
2053
1893
1924
1854
1215
258
-403
-441
-434
-955
-1995
-3155
-3631
-2973
-1833
-481
624
1305
1636
1616
1426
1031
817
674
322
-142
-592
-964
-960
-785
-828
-1249
-1809
-1901
-1614
-1291
-1285
-1609
-1797
-1526
-672
310
1016
1190
1255
1288
1602
2075
2354
2770
2424
1298
101
-322
-529
-605
-666
-985
-1557
-1764
-1373
-1122
-897
-591
-180
262
960
1475
1799
1821
1542
1105
950
732
635
745
635
472
450
213
-15
-360
-208
508
883
236
-1015
-989
-829
-533
-871
-1266
-1625
-1337
-549
-432
-748
-1348
-1349
-777
157
553
849
998
830
122
-475
-895
-1076
-647
-279
-242
-389
-80
641
1534
1934
1624
1152
1020
1305
1438
1114
173
-897
-1355
-1358
-1088
-946
-890
-706
-522
-324
-72
299
415
527
497
151
-225
-450
-435
-464
-676
-1079
-1175
-808
-349
-119
-57
-181
-352
-354
-349
-229
-104
51
187
104
-18
-334
-464
-386
-302
-43
190
436
1580
4415
6300
5391
3474
2311
2079
2306
1850
196
-1499
-1936
-1438
-1678
-3226
-5150
-6346
-5800
-3489
-1127
846
2592
3173
2937
2589
1624
920
942
765
334
-207
-836
-956
-473
-330
-847
-1490
-2217
-2399
-1787
-1433
-1833
-2700
-2919
-2096
-801
322
864
1335
1772
2378
3390
3871
3471
2960
2289
1578
541
-833
-1819
-2251
-1090
97
201
-1307
-2173
-1710
-812
-315
-731
-1205
-1257
-61
249
-311
-1292
-1472
-1137
-97
1051
1795
2639
3374
3117
1643
-139
-1332
-1039
-247
243
-133
-826
-813
451
2166
2813
2654
2366
2182
2637
2896
2245
646
-681
-1322
-1714
-2037
-2613
-3054
-3126
-2792
-2144
-1139
-202
525
1075
1166
606
-403
-869
-493
71
248
-213
-443
-261
95
185
-171
-503
-989
-1223
-1384
-1537
-1863
-2169
-2207
-2259
-2482
-2459
-1624
-757
162
1233
1735
1437
1156
1765
2342
2418
1631
578
-394
-908
-760
-96
1519
3763
4870
3906
2842
2786
3534
4307
4027
2187
211
-557
-660
-1577
-3802
-6215
-7381
-6395
-3637
-546
1964
3242
3514
3053
2393
1826
1401
1377
1250
610
-277
-980
-1210
-998
-971
-1540
-2249
-2651
-2314
-1791
-1894
-2944
-3805
-3508
-2282
-299
1247
1515
569
315
835
2104
2501
1801
737
68
-375
-1187
-2220
-3274
-3391
-3041
-2113
-1406
-874
-242
679
1145
892
343
211
1102
2814
5212
7224
7500
5921
4470
4385
4619
4384
3058
1301
-262
-1393
-2926
-5244
-7621
-8848
-8306
-6294
-3408
-613
2045
4172
5178
5197
4674
3688
2648
1871
863
-431
-1156
-1246
-1148
-1465
-2480
-3604
-4255
-3992
-3247
-2845
-3488
-4276
-4125
-3150
-2196
-1272
-202
890
1849
2017
2250
2681
3196
3335
2970
1924
230
-1006
-1519
-1692
-2374
-3470
-4491
-4389
-3172
-1405
993
4520
8176
9212
7726
5940
5914
6647
7139
6243
3675
805
-975
-2060
-3838
-6716
-9284
-10127
-8685
-5474
-1845
1681
4147
4739
4214
3906
3395
2879
2668
2272
1312
221
-448
-767
-1103
-2027
-3358
-4276
-4703
-4505
-3878
-4152
-5285
-5921
-5302
-3980
-2355
-886
225
1329
2030
2762
3652
4182
4112
3562
2655
1335
-91
-1054
-1574
-2239
-3225
-4135
-3945
-3109
-1968
-214
3080
6928
8292
6851
5225
5444
6425
7195
6536
4505
2166
868
-184
-2402
-5530
-8043
-9092
-8322
-6124
-3316
-7
2820
4034
3533
2765
2190
2047
2579
3102
2751
1867
936
326
104
-732
-1998
-3198
-4382
-5241
-5459
-5593
-6289
-6766
-6232
-5024
-3275
-1306
209
1178
1589
2461
3937
5109
5364
4802
3587
1963
353
-827
-1682
-2596
-3709
-4475
-4502
-3782
-1900
1215
4880
7066
6573
5045
5285
6705
7573
6995
5149
2801
1147
373
-1077
-4143
-7539
-9072
-8746
-6772
-3902
-876
1817
3382
3459
2877
2259
1591
1506
1759
1558
1021
820
904
797
142
-1241
-2315
-2744
-2883
-3170
-3687
-4607
-5683
-6026
-5669
-4667
-3229
-1394
117
936
1295
2187
3525
4449
4675
4228
3238
2144
984
48
-817
-1847
-3094
-3751
-3774
-2808
-754
2138
5449
6929
5971
4212
4417
5636
6704
6238
4401
1774
-84
-1083
-2573
-5196
-7844
-8886
-8364
-6164
-3082
346
3264
4543
3803
2569
1687
1185
1279
1525
1238
496
161
348
452
30
-914
-1402
-1847
-2704
-3373
-3862
-4801
-5920
-6128
-5432
-4310
-3052
-1746
-357
623
1408
2634
4299
5288
5359
4851
3767
2288
596
-627
-1413
-2160
-3227
-4140
-4240
-2892
-152
2704
5419
6197
6166
7548
7838
5259
2694
3308
4125
3771
1517
-2205
-5907
-7642
-7385
-7478
-8020
-7011
-3877
597
5125
6455
5748
4874
3069
328
-685
-670
-564
386
1079
220
-1152
-1827
-1209
162
-292
-2672
-4187
-4919
-5425
-5046
-4928
-5651
-5722
-3854
-1416
473
1259
1783
2942
4043
4941
5858
5915
4595
2798
763
-1051
-2540
-3580
-3860
-3773
-3822
-2707
-104
3326
6885
8315
6965
5221
5516
6857
7855
6916
3967
931
-358
-1395
-3863
-7354
-9957
-10562
-8873
-5214
-1689
935
2818
3910
3510
2499
1132
159
553
1047
1346
1464
1369
956
979
480
-804
-1905
-2520
-2768
-3133
-4179
-6538
-8329
-8586
-7465
-6129
-4518
-2676
-623
1480
3648
5546
6618
7007
6772
5905
4438
2640
925
-182
-1312
-2883
-4268
-5128
-5478
-5157
-3751
-1384
1708
6234
9832
10173
7988
7070
8185
9716
9660
7286
4007
1469
325
-1515
-5220
-9956
-13758
-14659
-11460
-6364
-1784
1729
3409
2714
1395
897
1025
2077
3049
3044
1961
1496
2375
3575
3114
439
-2123
-3695
-3989
-4069
-4829
-7610
-10218
-10812
-9586
-7704
-5875
-3990
-1642
1282
4115
7193
9573
10128
8971
7654
6047
4036
2134
255
-1610
-3473
-4911
-5767
-5897
-6089
-5932
-5126
-3775
-1212
3246
9351
14327
14259
9489
6402
7947
11383
12163
9139
3533
-700
-2172
-3019
-7137
-13509
-17741
-17127
-12273
-6129
-841
2587
4362
3654
1924
1039
1879
3640
5263
5641
4097
2005
1158
1790
1806
-408
-3198
-5171
-6241
-7036
-7230
-8359
-10253
-11102
-9484
-6643
-4165
-1612
1176
3707
5277
6782
8422
9733
9723
8468
6307
3468
421
-1817
-3033
-3825
-5144
-6889
-7642
-7377
-6248
-4347
-1429
1509
4779
9287
13931
15745
13437
10793
10505
11073
9748
6857
3051
-710
-3870
-6568
-10625
-15348
-18044
-16392
-11426
-5747
-799
2980
5488
5801
4872
3849
3761
4142
4729
4679
3383
1543
477
400
-182
-2003
-4301
-6027
-7251
-8127
-8649
-8948
-9480
-9651
-8231
-5756
-3575
-1528
1255
3969
5800
7501
9249
10011
9472
8201
6058
2896
-583
-3128
-4337
-5309
-6666
-7707
-7858
-7397
-5947
-3371
265
3940
7415
11177
13811
13902
12551
12221
12671
12478
10094
6142
1923
-1714
-4702
-8072
-12418
-16608
-18156
-15667
-10272
-4911
-498
2928
4872
5229
5327
5633
5715
5697
5185
3756
1822
442
124
-79
-1501
-4117
-5920
-6822
-7250
-7522
-7914
-8870
-9170
-8099
-6687
-5304
-3414
-779
2208
4991
6968
8735
10013
10284
8969
6486
3504
706
-1461
-2885
-4256
-6379
-8163
-8336
-7202
-5733
-3920
-1306
1944
5213
9206
13403
15079
13289
10969
10195
9936
9162
7132
3668
-542
-3963
-6744
-9636
-12822
-15000
-14679
-11614
-7192
-2776
1467
4720
6206
6167
5834
5407
5192
5185
4470
2527
139
-1156
-1364
-1763
-3504
-5721
-6930
-7181
-6902
-6662
-6763
-7497
-7608
-6356
-4401
-2663
-1039
1438
3741
5141
5966
6915
7405
7119
6157
4449
2306
-65
-2081
-3512
-4708
-5874
-6635
-6522
-5934
-4792
-2738
41
3036
5862
9090
12128
13466
12661
11445
10840
10214
8815
6396
2990
-887
-4134
-6981
-10034
-13061
-14730
-13875
-10447
-6066
-1579
2434
5407
6797
6905
6345
5208
4317
3751
2827
1068
-571
-1752
-2306
-3054
-4270
-5241
-5931
-6555
-7200
-7173
-7163
-7061
-6527
-5456
-3991
-2581
-736
1584
3580
4905
5956
6880
7186
6590
5430
3679
1622
-548
-2463
-3896
-5135
-6212
-6513
-6009
-4909
-3264
-921
1914
4490
7506
10883
13134
12878
11265
10265
9789
8941
7189
4197
393
-3169
-6025
-8066
-10260
-12179
-12880
-11340
-7887
-3628
906
4750
6878
6889
5982
4952
4300
3859
3142
1645
-218
-1530
-2248
-2458
-3270
-4672
-6184
-7150
-7178
-6420
-5620
-5591
-6001
-5935
-4774
-3297
-1576
162
1843
3291
4613
5651
6202
6277
5580
3922
1935
82
-1528
-2808
-3947
-4749
-5196
-5049
-4641
-3860
-2405
105
2984
5669
8258
10831
12050
11126
10071
9728
9421
8055
5623
2527
-321
-2684
-4995
-7819
-10736
-12692
-12405
-9536
-5333
-799
3107
5677
6316
5768
4809
3835
3091
2509
1791
570
-532
-1205
-1771
-3085
-4614
-5350
-5594
-5549
-5723
-5972
-6537
-6837
-6479
-5349
-4023
-2993
-1634
137
2122
3754
5294
6384
6496
5816
4740
3369
1743
-10
-1781
-3267
-4331
-4754
-4638
-4354
-4112
-3244
-1006
1870
4715
7539
10276
11785
11057
9900
9317
8886
7937
6219
3824
844
-1855
-4243
-6860
-9602
-11545
-11758
-9593
-6106
-2110
1916
4740
5304
4515
3876
3255
2788
2474
2033
780
-670
-1549
-1521
-1481
-2371
-3488
-4896
-5789
-6156
-5685
-5713
-6447
-7088
-6839
-5583
-4269
-2586
-826
1016
2480
4393
6246
7233
6920
5841
4284
2540
895
-613
-1950
-3469
-4603
-5008
-4923
-4803
-3919
-1620
1358
4141
7146
9947
11322
10688
9805
9634
9565
8610
6804
4346
1349
-1504
-4260
-7130
-10111
-11804
-11653
-9205
-5733
-2030
1864
4658
5343
4535
3836
3120
2423
2048
1426
588
-258
-437
-287
-847
-2149
-3447
-4328
-5486
-6161
-6473
-6505
-7127
-7685
-7562
-6687
-5063
-2910
-259
1521
2983
4835
6987
8104
7681
6087
4229
2339
488
-1131
-2710
-4208
-5405
-5579
-5132
-4599
-3637
-1703
1093
4329
7877
11000
11963
10915
9816
9464
9181
7831
5673
3172
891
-1258
-3703
-6702
-9789
-11945
-11708
-8989
-5295
-1381
2333
4662
4649
3721
3037
2848
2880
2777
1919
581
-515
-927
-311
-356
-1536
-3304
-4636
-5605
-6182
-6358
-6965
-7711
-7976
-7078
-5835
-4488
-2719
-276
1726
3460
5515
7413
8401
8000
6270
3928
1567
-316
-1528
-2663
-4205
-6010
-6495
-6211
-5197
-3273
-698
2021
4894
8440
11613
12686
11504
10199
9666
9251
7821
5726
3193
521
-2118
-4891
-8099
-11038
-12503
-11374
-8091
-4462
-681
2709
4782
4789
3893
3071
2502
2341
2225
1973
942
-497
-978
-677
-814
-2187
-3309
-4295
-5219
-5843
-6444
-7098
-7866
-7895
-7170
-6136
-5125
-3146
-405
2459
4514
6165
7539
7858
7089
5774
4231
2044
-490
-2374
-3702
-5063
-6258
-6745
-6078
-4787
-2781
59
3074
6426
10411
13361
13424
11305
9636
9008
8471
6653
4036
1416
-972
-3023
-5370
-8196
-11136
-12180
-10313
-6475
-2581
837
3814
5175
4689
3621
2741
2213
2137
2216
1939
984
-109
-563
-597
-1428
-3043
-4357
-5124
-5608
-5961
-6592
-7549
-8227
-8114
-6998
-5470
-3823
-1746
670
2829
4483
6059
7410
7883
7254
5676
3493
924
-1694
-3511
-4575
-5475
-6086
-6318
-5813
-4489
-2060
1265
4373
7563
10946
13094
12857
11390
10040
9174
7831
5889
3399
716
-1731
-4016
-6449
-9172
-11115
-11443
-9122
-5599
-2182
1366
4621
6087
5760
4345
2804
1876
1491
1479
1191
499
-369
-667
-905
-1813
-3220
-4576
-5751
-6480
-6934
-7172
-7701
-8187
-7639
-6392
-4686
-2992
-1076
1105
3260
5259
7004
7901
7838
6704
4904
2876
339
-2007
-3769
-4890
-5853
-6571
-6659
-5945
-3996
-1139
2031
5121
8584
11810
13407
12644
11022
9988
9328
8178
5907
3179
271
-2244
-4631
-7208
-9956
-11898
-11662
-9078
-5282
-1318
2356
4877
5492
4399
3240
2767
2707
2763
2489
1485
212
-634
-730
-943
-1913
-3567
-4911
-5824
-6479
-7035
-7690
-8305
-8569
-7681
-6150
-4281
-2636
-467
1795
4004
6216
7841
8396
7740
6082
3897
1997
-148
-2313
-4090
-5302
-6252
-6664
-6427
-5649
-3816
-719
2651
5860
9141
12220
13541
12694
11243
10137
9036
7474
5306
2519
-334
-3112
-5869
-8976
-11544
-12963
-11819
-8013
-3423
632
3815
5541
5501
4812
4089
3601
3225
2972
2369
1164
-194
-902
-921
-1291
-2341
-3710
-5432
-6744
-7191
-7229
-7620
-8197
-8280
-7530
-6054
-4217
-2036
241
2572
4698
6844
8643
8892
7519
5552
3639
1445
-740
-2715
-4350
-5673
-6619
-6999
-6989
-6258
-4413
-1104
2246
5691
9521
12692
13827
13129
12054
10941
9835
8017
5605
2556
-406
-3308
-6282
-9617
-12549
-13641
-12126
-8354
-4093
24
3452
5380
5792
5353
4711
4022
3620
3231
2484
1250
-27
-681
-859
-927
-2092
-3850
-5783
-6983
-7201
-7245
-7893
-8621
-8565
-7415
-5488
-3774
-1991
73
2365
4841
7252
8721
9037
8266
6612
4303
1805
-639
-2789
-4196
-5681
-6966
-7553
-7596
-6686
-4714
-1379
2006
5348
9298
12697
14021
13212
11862
10884
9872
8138
5505
2244
-824
-3583
-6370
-9492
-12250
-13637
-12186
-8364
-4189
-329
3246
5558
6133
5704
4847
4013
3565
3479
3159
2111
382
-914
-1622
-2078
-2944
-3882
-5394
-6812
-7614
-7636
-7561
-8039
-8013
-7377
-6063
-4208
-1530
1100
3490
5597
7640
8922
8979
7563
5220
3005
712
-1427
-3190
-4577
-6015
-7230
-7816
-7393
-6122
-3649
-74
3454
7152
11002
13868
13922
12424
11249
10466
9351
7167
4214
1252
-1158
-3530
-6779
-10647
-13577
-14364
-11765
-7187
-2687
1225
4430
6139
5968
5188
4474
3870
3757
3853
3127
1609
-52
-770
-1074
-2254
-4166
-5683
-6442
-6626
-6665
-7022
-7950
-8571
-8035
-6635
-4883
-3326
-1098
1482
3658
5395
7068
8299
8418
7433
5703
3581
1018
-1381
-2943
-4238
-6098
-7634
-8148
-7454
-5646
-2627
718
4028
8151
11978
13889
13436
12166
11008
10161
8638
5977
2738
-213
-2994
-6118
-9583
-12705
-14331
-13180
-9365
-4874
-464
3422
5977
6543
6008
4680
3319
2874
3000
2991
2228
1067
269
59
-696
-2162
-3561
-4699
-5654
-6399
-7170
-8127
-8615
-8365
-7513
-6452
-5047
-2979
-170
2627
5082
7330
9041
9469
8505
6636
4382
1974
-542
-2660
-4418
-6075
-7431
-7926
-7590
-6065
-3285
-143
3338
7468
11229
12724
12328
11560
11170
10551
8952
6086
2627
-283
-2676
-5541
-9030
-12191
-13876
-12674
-8979
-4433
-246
3248
5129
5289
4894
4089
3301
2915
2933
3019
2508
1630
1070
412
-796
-2158
-3233
-4240
-5048
-5612
-6840
-8509
-9447
-8862
-7377
-6018
-4896
-3258
-1074
1443
4241
6958
8643
8955
8197
6631
4528
2184
138
-1669
-3712
-5645
-6900
-7480
-7085
-5947
-3506
-626
2548
6666
10253
11897
11698
11527
11676
11448
9711
6730
3257
467
-1904
-4518
-7855
-11311
-13490
-13380
-10384
-6012
-1239
3001
5304
5297
4395
3561
3033
3046
3277
3004
2255
1636
1401
1144
251
-1438
-2717
-3947
-4860
-5589
-6514
-7893
-9095
-9180
-8556
-7466
-6121
-3905
-1219
1455
3832
6397
8464
9323
8852
7311
5239
2642
199
-1720
-3298
-5085
-6808
-7519
-7281
-5980
-3547
-677
2573
6383
9740
11072
10734
10487
11168
11625
10420
7221
3412
454
-1733
-4373
-7941
-11367
-13658
-13204
-10159
-5872
-1336
2613
4967
5254
4311
3090
2382
2457
2889
2857
2409
1740
1677
1746
893
-800
-2423
-3579
-4410
-5257
-6497
-8219
-9538
-9484
-8468
-7029
-5697
-3889
-1634
876
3649
6551
8811
9719
9196
7719
5687
3051
386
-1751
-3226
-4907
-6636
-7771
-7985
-6450
-3328
156
3384
6796
9708
11049
11031
10868
10901
10622
9339
6743
3324
140
-2534
-5506
-8508
-11158
-12867
-12227
-9217
-5234
-1100
2476
4117
3997
3312
2540
2193
2270
2385
2312
2341
2564
2658
2121
645
-789
-1733
-2817
-4176
-5349
-6594
-7934
-8884
-9276
-9013
-8103
-6175
-3475
-619
1913
4452
7193
8948
9208
8395
7144
5346
2935
365
-1836
-3719
-5238
-5859
-5930
-5889
-5343
-3374
-753
2796
6283
8866
9621
8984
8777
9189
9694
8697
6573
4015
1509
-1228
-4145
-7381
-10007
-11473
-10874
-8605
-5604
-2093
957
2808
3038
2667
2201
2185
2574
2738
2460
2042
2129
2374
2132
1136
-206
-1519
-2776
-3823
-5206
-6461
-7647
-8399
-8504
-7994
-7146
-5879
-3799
-1311
1272
3765
5981
7721
8504
8273
7408
5949
3681
800
-1721
-3556
-4895
-5970
-6429
-6249
-5220
-3491
-946
2685
6782
9543
9992
9524
9547
10091
10357
9251
6800
3674
1028
-1467
-4930
-8725
-11539
-12465
-11212
-8659
-5314
-1639
1524
3158
3269
2584
1793
1829
2599
3142
2666
1702
1469
1888
2297
1805
458
-1299
-2849
-3631
-4556
-5811
-7913
-9357
-9556
-8624
-7254
-5665
-3803
-1746
519
3147
5849
7923
9244
9539
8703
6351
3497
617
-1482
-3093
-4832
-6516
-7744
-7585
-5349
-2122
1133
4471
7423
9037
9355
9728
9897
10100
9655
8312
5972
3175
285
-2770
-6332
-9624
-11873
-12118
-9873
-6271
-2252
847
2286
1842
1274
1074
1112
1380
1710
2099
2272
2232
2605
3123
2840
1666
372
-1241
-2786
-3904
-5120
-6882
-8724
-9745
-9875
-9233
-8015
-6077
-3415
-538
2095
4891
7536
9130
9395
8919
7577
5204
2260
-181
-1791
-3346
-4996
-6197
-6543
-5490
-3279
-927
1889
4841
7384
8547
8614
8358
8617
8975
8349
6502
4069
1875
-357
-3171
-6405
-9038
-10482
-9582
-7034
-4091
-1439
380
946
949
927
664
620
868
1032
1065
1612
2278
2793
2762
2098
1375
365
-1049
-2290
-3505
-5176
-6950
-8194
-8753
-8816
-8244
-6884
-4814
-2697
-279
2857
5864
7671
8328
8172
7528
6300
4326
1800
-650
-2785
-4233
-4787
-5223
-5187
-3864
-1701
1098
4385
7098
8265
8280
8438
8459
8415
7327
5539
3620
1793
-234
-2919
-6114
-8873
-10271
-9837
-7912
-5291
-2110
886
2502
2309
1144
-18
-188
426
1075
1036
612
473
1181
2396
3054
2747
1497
-13
-1346
-2459
-3905
-5651
-7197
-8131
-8270
-8034
-7582
-6205
-4132
-1685
1230
4205
6759
8253
8773
8243
6885
4853
2779
934
-1034
-3438
-5472
-6345
-6006
-4254
-1773
1074
4327
6994
7978
7578
7447
7990
8611
8159
6414
3881
1633
-85
-2371
-5650
-8624
-10236
-9883
-7668
-4471
-1025
1874
3111
2376
785
-603
-1184
-940
-274
75
390
927
1551
1978
1976
1688
1344
450
-901
-2081
-3239
-4581
-6172
-7591
-8598
-8821
-8027
-6136
-3744
-1511
905
3866
6444
7686
7927
7266
5932
4277
2666
1222
-219
-1848
-3459
-4470
-4765
-3648
-1723
782
3853
6775
8000
7486
6986
6911
7442
7082
5641
3134
786
-766
-2211
-4356
-6880
-8974
-9384
-7906
-5321
-2225
696
2775
2891
1745
295
-782
-910
-401
-56
140
106
255
812
1464
1859
1658
689
-735
-1763
-2316
-3623
-5571
-7149
-7806
-7569
-6822
-5584
-4046
-2264
65
2902
5307
6713
7277
7317
6733
5425
3574
1656
136
-1340
-2912
-4449
-5347
-4861
-2558
81
2893
5830
7842
8075
7354
7217
7449
7678
6800
5007
2432
208
-1684
-4013
-6933
-9416
-10547
-9751
-7292
-4182
-849
1999
3274
2584
1367
113
-696
-822
-440
-119
226
525
1080
1641
1676
1332
673
-148
-1247
-1988
-3295
-5189
-6931
-7773
-7845
-7662
-7143
-5689
-3418
-917
1959
4707
6699
7712
7980
7580
6539
4962
3255
1290
-847
-3059
-4586
-5008
-4443
-2634
-513
2072
5145
7320
7952
7815
7897
8021
7941
7083
5339
2929
620
-1416
-3832
-6716
-9140
-10332
-9725
-7790
-4877
-1440
1596
3049
2875
1950
530
-624
-860
-695
-714
-666
93
1198
1809
1721
1062
560
-450
-1030
-1574
-2920
-5067
-6995
-7809
-8016
-7871
-7300
-5833
-3856
-1401
1496
4558
6804
7959
7994
7218
6048
4742
3404
1995
-91
-2595
-4469
-5311
-4895
-3000
-648
1226
3280
6095
8316
8881
8455
7782
7573
7355
6787
5013
2460
-255
-2752
-5286
-7734
-9660
-10342
-9015
-6453
-3314
-257
1847
2381
1767
690
-416
-991
-819
-343
245
382
414
636
867
1062
983
188
-1325
-2518
-3212
-4115
-5539
-7327
-8485
-8313
-7129
-5464
-3602
-1646
685
3520
6169
7733
7969
7602
7033
5815
3920
2037
602
-900
-2424
-3623
-4453
-4236
-2523
-321
2332
5116
7120
7945
7699
7505
7516
7802
7240
5671
3212
781
-1323
-3365
-5676
-8138
-9977
-10125
-8131
-5202
-1974
576
1731
1444
784
181
-73
-34
27
281
331
95
-39
336
646
726
208
-1180
-2284
-2853
-3142
-4082
-5649
-7125
-7981
-7749
-6664
-4810
-2559
-51
2481
4620
5982
6629
6889
6894
6310
4865
2989
1335
-227
-1846
-3128
-4052
-4428
-3867
-1951
413
3102
5846
7749
8312
8235
8443
8811
8647
7448
5540
3269
1188
-1110
-4093
-7268
-9811
-11244
-10473
-7938
-4931
-1720
815
1769
1196
539
255
213
130
219
135
-50
355
1130
1811
1361
850
320
-529
-2151
-4110
-5676
-6596
-7067
-7552
-7840
-7724
-6768
-4772
-2158
214
2766
5515
7648
8436
8317
7610
6500
5021
3159
1008
-1337
-3408
-4771
-5013
-4532
-3248
-1293
997
3876
6642
8672
9509
9525
9223
9025
8468
6941
4886
2549
103
-2664
-5970
-8961
-10725
-10879
-9203
-6428
-3385
-448
1363
1683
1141
246
-285
-502
-533
-270
-54
274
597
1119
1253
884
309
-622
-1700
-2828
-3969
-5275
-6691
-7941
-8547
-8341
-7257
-5505
-3300
-897
1800
4418
6606
8091
8587
8333
7403
5926
3799
1592
-362
-2340
-4097
-5469
-5585
-4266
-2004
4
2343
5133
7560
8920
9193
9045
8884
9003
8256
6515
3921
1719
-353
-2990
-6145
-9168
-11074
-10765
-8725
-5856
-2669
-266
998
1218
918
129
-413
-205
313
1081
1441
1330
1080
1123
1415
1239
209
-1645
-2810
-3544
-4408
-5992
-7790
-8896
-8857
-7858
-6435
-4646
-2603
-12
2954
5536
7035
7886
8210
8047
6789
4693
2566
1020
-741
-2849
-4795
-5964
-5365
-3386
-1086
1085
3658
6193
8221
9059
9397
9528
9787
9343
7778
5330
2776
446
-2204
-5252
-8426
-10577
-11152
-9805
-7430
-4250
-1087
1207
2073
1581
388
-697
-824
-264
558
1024
1101
1001
928
783
399
-105
-990
-2021
-2917
-3891
-5178
-6681
-8007
-8645
-8419
-7403
-5487
-3167
-811
1496
3893
6071
7627
8585
8777
7952
6070
3947
1998
120
-1747
-3228
-4252
-4847
-4409
-2867
-794
2205
5699
8159
8760
8399
8575
9252
9490
8468
6383
3839
1629
-719
-3882
-7447
-10143
-11339
-10289
-8212
-5729
-2654
220
1661
1624
936
-20
-517
-304
360
671
874
787
979
679
460
258
-63
-1019
-2297
-3484
-4853
-5922
-7033
-7845
-8271
-7916
-6819
-4704
-2231
335
2905
5258
6950
7987
8275
7784
6866
5230
3360
1496
-236
-2199
-3805
-5075
-5557
-4690
-2958
-1021
1296
4330
6978
8448
8828
9135
9471
9790
9233
7530
4867
2521
199
-2501
-5862
-9074
-11099
-11078
-9021
-6458
-3474
-1046
544
1098
1292
925
237
294
869
1324
1098
895
912
997
904
593
-351
-1921
-3111
-3930
-4796
-6272
-7620
-8581
-8537
-7793
-6401
-4348
-2040
268
2707
5254
6986
7868
8161
7861
6534
4652
2877
1277
-408
-2166
-3726
-5039
-5624
-4838
-2942
-709
1954
5035
7866
9626
10027
9923
9767
9472
8547
7087
4953
2338
-620
-3918
-7593
-10620
-12086
-11255
-8949
-6204
-3259
-711
1059
1781
1861
1294
693
360
756
1429
1994
1993
1740
1379
774
214
-453
-1611
-3135
-4488
-5798
-6843
-8049
-8875
-8834
-7964
-6483
-4613
-2326
353
3352
6281
8289
9025
8785
8159
7142
5058
2586
419
-1426
-3034
-4759
-5940
-6225
-5231
-2905
-293
2527
5340
7568
8728
9532
10146
10671
10417
9053
6891
4372
1859
-1104
-4577
-8207
-10735
-11782
-10776
-8457
-5660
-2836
-450
820
1324
1598
1431
1238
1128
1426
1779
2153
2168
2042
1796
1126
281
-1095
-2837
-4194
-4972
-6011
-7682
-9132
-9582
-8935
-7466
-5858
-3875
-1417
1352
4268
6899
8643
9259
9089
8059
6083
3645
1626
-143
-2069
-4071
-5512
-6002
-5475
-3879
-2005
317
3541
6675
8771
9270
9210
9371
9983
10004
8645
6271
3483
583
-2395
-5530
-8494
-10424
-10776
-9410
-7223
-4485
-1832
68
837
1132
1057
826
887
1257
1469
1478
1571
1769
1731
1278
676
-153
-1503
-3068
-4129
-4945
-6009
-7530
-8623
-8913
-8324
-7113
-5212
-3256
-1183
1471
4520
6992
8336
8888
8653
7650
5844
3979
2111
192
-1955
-3654
-4766
-5651
-5853
-5018
-3252
-631
3089
6722
8833
9229
9403
9935
10378
9930
8680
6574
4101
1545
-1379
-4942
-8549
-11007
-11871
-10859
-8935
-6173
-2808
38
1382
1738
1480
784
717
1420
1938
2114
2109
2089
1823
1550
891
63
-1321
-2851
-3953
-4781
-5962
-7479
-8701
-9238
-8883
-7825
-5752
-3431
-939
1722
4597
7005
8680
9520
9570
8661
6764
4079
1289
-826
-2431
-3632
-4857
-6033
-6307
-5271
-3208
-846
2068
5791
8893
10245
10195
10157
10410
10531
9670
7313
4187
1424
-958
-3822
-7277
-10562
-12292
-11932
-9968
-7345
-4092
-834
1065
1645
1437
1048
949
1605
2311
2370
2504
2780
2482
1644
850
18
-1094
-2712
-4198
-5329
-6492
-7751
-8793
-9262
-9118
-8047
-6160
-3733
-1445
1065
4053
6824
8530
9210
9105
8341
6755
4249
1633
-534
-1935
-3357
-4970
-6500
-6764
-5091
-2352
-148
2100
5337
8346
9922
10275
10493
10437
10452
9727
7779
4621
1587
-980
-3820
-7046
-9823
-11207
-10909
-9106
-6629
-3565
-775
662
1174
1496
1344
1173
1566
1913
2123
2508
2742
2533
1729
990
159
-1034
-3041
-4793
-6005
-6909
-7934
-8811
-9121
-8816
-7758
-6161
-3970
-1574
1151
4029
6597
8189
8909
8796
8008
6407
3863
1335
-609
-2187
-3703
-5149
-6299
-6509
-5527
-3262
-813
1930
5148
8055
9650
10269
10848
11196
11016
9821
7965
5331
2759
65
-2980
-6593
-9468
-11258
-11408
-9937
-7762
-4765
-1473
714
1626
1927
1432
1126
1230
1897
2144
2532
2902
2834
1988
870
246
-500
-1851
-3794
-5216
-6539
-7517
-8514
-9325
-9391
-8666
-7023
-4432
-1885
558
3299
6068
8042
8963
9296
8666
7078
4694
2283
35
-1770
-3642
-5297
-6312
-6585
-5540
-3914
-2204
-382
2889
7292
10451
10942
10646
10819
11164
10833
9060
5908
2345
109
-1582
-4121
-7569
-10545
-11863
-10801
-8890
-6296
-3037
-278
1176
1606
1686
1331
1443
2372
3267
3007
2052
1643
1625
1575
887
-14
-1527
-3474
-4943
-6015
-7316
-8814
-9463
-9149
-8333
-7288
-5366
-2701
94
2639
5014
6992
8314
8880
8759
7579
5198
2575
466
-1233
-3044
-4876
-6010
-6521
-6120
-4676
-2559
-432
2401
6418
10043
11462
10891
10715
11146
11316
10113
7600
4644
1862
-468
-3239
-6909
-10483
-12451
-12058
-9972
-7347
-4376
-1336
862
1829
1727
1479
1456
1963
2934
3178
2948
2777
2798
2222
1162
-103
-1627
-3514
-5183
-6273
-7290
-8235
-9151
-9419
-9219
-8414
-6795
-4160
-1078
1626
4151
6513
8276
9088
9226
8299
6212
3321
880
-944
-2485
-3838
-5107
-6061
-6663
-6201
-4531
-1919
1186
5144
8718
10431
10767
11324
12077
12230
11182
9115
6177
3194
783
-1984
-5540
-9439
-12115
-12746
-11199
-8614
-5337
-2042
435
1577
1915
1947
1734
1941
2635
3117
2968
2828
2580
2039
1376
535
-657
-2366
-4210
-5694
-6854
-8026
-8971
-9375
-9115
-8462
-7311
-5208
-2546
330
3138
5620
7411
8566
9124
8759
7071
4638
2171
23
-1720
-3152
-4469
-5575
-6302
-6334
-5453
-3772
-1212
1809
5341
8502
10451
10879
11124
11261
11112
10188
8311
5835
3176
771
-2151
-5251
-8435
-10854
-11856
-10850
-8807
-5989
-2883
-272
1135
1775
2186
2378
2720
3137
3527
3524
3151
2597
1989
978
-130
-1337
-3016
-4860
-6252
-7151
-7851
-8661
-9042
-8846
-7842
-6280
-4247
-2045
210
2713
5359
7497
8570
8589
7557
6023
4042
1795
-403
-2231
-3563
-4533
-5276
-6133
-6215
-5052
-2665
103
3316
6951
9825
11044
11083
11353
11557
11504
10138
7604
4679
2288
2
-3033
-7146
-10830
-12821
-12343
-10201
-7677
-4513
-1453
871
2160
2697
2611
2503
2875
3499
3493
3363
3246
2945
1729
126
-1164
-2300
-3621
-5068
-6369
-8013
-8893
-8938
-8520
-8173
-7593
-6446
-4342
-1895
718
3730
6391
7871
8181
7987
6909
5463
3490
1280
-1073
-2871
-3983
-4741
-5409
-5904
-5108
-3157
-860
1876
5437
8668
10538
10892
10885
10649
10395
9712
8263
5685
2671
17
-2667
-5581
-8317
-9983
-10288
-9317
-7687
-5077
-2132
324
1655
2083
1827
1515
1719
2242
2860
3126
2990
2464
1691
914
81
-1122
-3028
-4786
-5884
-6624
-7552
-8481
-9010
-8803
-7839
-6413
-4375
-1968
584
3021
5236
6668
7372
7506
6995
5558
3435
1260
-670
-2016
-3115
-4039
-5031
-5557
-5173
-3767
-1298
1491
4628
7495
9674
10472
10660
10750
10800
10164
8577
6142
3468
1271
-1101
-4049
-7671
-10723
-12359
-11505
-9127
-6031
-2883
-133
1665
2121
1861
1699
1879
2255
2517
2862
3146
3185
2731
1980
949
-296
-1856
-3884
-5632
-7036
-7642
-8076
-8400
-8726
-8484
-7295
-5397
-3242
-879
1614
4086
6314
7777
8228
7610
6391
4845
2915
899
-851
-2068
-3374
-4605
-5093
-4985
-4294
-2953
-975
1332
4222
7106
9140
9844
10139
10262
10142
9357
7709
5693
3533
1314
-1351
-4471
-7711
-10057
-10703
-9579
-7754
-5419
-2707
-354
917
1522
1729
1711
1747
2172
2949
3505
3445
2782
1903
1005
335
-767
-2343
-4222
-5327
-6002
-6999
-8323
-9193
-9109
-8245
-6926
-5269
-3268
-925
1904
4476
6442
7322
7307
6617
5305
3603
1863
429
-932
-2262
-3572
-4584
-5208
-4861
-3411
-1221
984
3575
6590
9053
10390
10516
10490
10292
10048
9114
7185
4340
1388
-1278
-3770
-6795
-9574
-11304
-11174
-9291
-6669
-3484
-772
1029
1780
2006
1972
2029
2285
2851
3201
3626
3672
2936
1575
403
-478
-1793
-3454
-5109
-6236
-7371
-8331
-9038
-9197
-8816
-7653
-5874
-3870
-1972
535
3548
6327
8018
8569
8267
6724
4651
2567
856
-724
-2077
-3209
-4156
-5079
-5348
-4181
-2042
202
2808
5673
7817
8993
9840
10500
10508
9607
7938
5937
3640
1586
-378
-2833
-5895
-8663
-10264
-10165
-8882
-6697
-3550
-684
823
1271
1511
1551
1557
1935
2439
2775
3179
3491
3478
2581
1181
222
-822
-2563
-4436
-5877
-6836
-7908
-8706
-9043
-8798
-8157
-6820
-4810
-2665
-412
2410
5343
7337
8161
8143
7498
6010
3892
1718
-14
-1450
-2804
-3981
-4964
-5364
-4696
-3358
-1640
223
3296
6821
9223
9843
9914
10244
10307
9747
8335
6129
3449
1127
-1208
-4158
-7540
-10015
-10757
-9884
-8010
-5526
-2639
-333
929
1477
1595
1507
1668
2438
3161
3226
3315
3142
2635
1778
887
-191
-1829
-3627
-5278
-6588
-8068
-9254
-9588
-9263
-8748
-7703
-5903
-3613
-1148
1729
4500
6517
7511
7993
7962
6733
4794
2706
1048
-187
-1281
-2489
-3854
-4932
-4975
-3761
-1953
-538
1396
4210
6894
8386
8917
9308
9724
10026
9465
7641
4745
2179
210
-1684
-4518
-7732
-10168
-10881
-9739
-7376
-4436
-1676
116
986
1440
1484
1700
2244
3177
3759
3586
3035
2347
1851
1378
736
-506
-2635
-4592
-5884
-6837
-7782
-8491
-8908
-8717
-8136
-7010
-5196
-2921
-369
2318
5013
6885
7824
8217
7698
6277
4341
2450
899
-692
-2330
-3793
-5126
-5819
-5702
-4186
-1927
451
3417
6381
8347
8997
9504
9986
10432
10015
8743
6361
3537
1144
-1272
-4262
-7538
-10263
-11216
-10051
-7832
-5122
-2440
-384
618
1327
1826
2098
2580
3166
3376
3200
3314
3433
3241
2285
677
-715
-2195
-3681
-5194
-6798
-8329
-9260
-9578
-9379
-8972
-8060
-6272
-3769
-1247
1348
4085
6322
7803
8565
8386
7032
5146
3362
1481
-514
-2455
-3767
-4294
-4535
-4267
-3302
-2030
-71
2913
6106
8266
8719
8998
9513
10257
9973
8701
6100
3155
815
-1173
-3824
-6944
-9366
-10174
-9325
-7643
-5131
-2421
-185
741
1211
1139
1046
1409
2050
2683
2851
3082
3275
2965
2188
1018
-131
-1820
-3528
-4889
-6162
-7711
-9156
-9853
-9595
-8782
-7586
-5855
-3896
-1735
877
4044
6551
8200
8823
8547
7312
5282
3277
1378
-340
-1740
-2916
-4169
-5368
-5612
-4701
-2906
-966
1865
5118
7548
8768
9082
9418
9704
9929
9401
7887
5057
2398
168
-2413
-5681
-8807
-10663
-10825
-9507
-7138
-4069
-1458
351
1282
1427
1445
1738
2634
3386
3551
3352
3302
2985
2344
1648
860
-552
-2609
-4445
-6143
-7498
-8521
-9258
-9663
-9619
-8864
-7151
-4785
-2230
263
2985
5546
7560
8942
9405
8466
6505
3976
1717
66
-1067
-2121
-3532
-4847
-5611
-5242
-3729
-1885
339
3160
6074
7859
8457
8916
9605
10240
9924
8242
5544
2951
917
-1261
-4303
-7434
-9845
-10424
-9441
-7752
-5364
-2644
-348
860
1364
1406
1562
2080
2592
2985
3269
3587
3646
3209
2177
900
-396
-1985
-3636
-5135
-6576
-7968
-8887
-9341
-9169
-8454
-7349
-5660
-3489
-1058
1694
4574
6761
8172
8743
8241
6882
5097
3092
1330
27
-1283
-2687
-4197
-5257
-5409
-4544
-2966
-1201
1383
4324
6466
7616
8056
8675
9212
9615
9157
7490
5180
2933
584
-2256
-5398
-8042
-9608
-9799
-8836
-7201
-4614
-2206
-406
804
1282
1429
1824
2687
3306
3546
3489
3194
2780
2462
1839
682
-1311
-3518
-4738
-5682
-6611
-7726
-8625
-9087
-8734
-7946
-6545
-4768
-2496
167
2909
5253
6841
8132
8644
7888
6145
3944
1926
662
-135
-1313
-3199
-4763
-5391
-4796
-3640
-2122
-293
2636
6032
8216
8446
8302
8716
9493
9902
8806
6169
3245
1120
-1115
-4054
-7379
-9956
-10749
-9608
-7712
-5477
-3025
-839
708
1752
1998
1910
1949
2499
3130
3576
3608
3202
2507
1517
595
-745
-2379
-4058
-5164
-6211
-7459
-8735
-9582
-9274
-8275
-6787
-5151
-3371
-1346
1453
4457
6852
8205
8824
8621
7300
5049
2699
1040
-200
-1444
-3105
-4797
-5935
-5759
-4170
-1961
291
2933
5530
7470
8554
9403
9806
9891
9253
8106
6042
3528
1224
-1270
-4104
-7075
-9355
-10222
-9324
-7598
-5141
-2427
-350
718
1205
1176
1100
1431
2141
2887
3361
3468
3111
2449
1585
800
-105
-1499
-3302
-5147
-6580
-7709
-8491
-9012
-9015
-8551
-7546
-5805
-3608
-1273
1421
4259
6647
8233
8991
8768
7621
5717
3456
1495
-103
-1462
-2883
-4314
-5478
-5713
-5019
-3425
-1331
1356
4110
6560
8088
8824
9257
9474
9398
8665
7177
4785
2558
437
-1951
-5048
-8070
-10107
-10341
-8891
-6466
-3537
-1164
388
988
1008
885
1215
2045
2766
3155
3074
2811
2354
2010
1557
833
-423
-2174
-3950
-5764
-6963
-7772
-8281
-8865
-8847
-8142
-6715
-4624
-2416
-119
2364
4845
6908
8286
8576
7862
6370
4536
2645
1036
-358
-1741
-3204
-4722
-5676
-5616
-4802
-3091
-965
1839
4650
6740
7926
8591
9365
9933
10034
9139
7212
4707
2626
729
-1693
-4855
-7878
-9944
-10175
-8589
-6263
-3589
-1418
-147
415
576
828
1580
2759
3619
3488
2899
2144
1754
1718
1288
168
-1618
-3276
-4606
-5603
-6738
-7787
-8488
-8740
-8533
-7676
-6306
-4336
-1931
590
3213
5255
6875
7904
8198
7473
5920
4155
2210
575
-773
-2184
-3765
-4955
-5478
-5223
-4319
-2689
-306
2628
5680
7533
8390
8953
9813
10277
10019
8722
6702
4402
2481
425
-2497
-6031
-9163
-10799
-10387
-8439
-5961
-3372
-1392
-162
519
1092
1573
2036
2460
2710
2595
2505
2595
2657
2114
910
-196
-1627
-3200
-4624
-5662
-6774
-7999
-8654
-8775
-8113
-6896
-5227
-3424
-1587
576
3286
5962
7757
8429
8188
7100
5367
3641
1930
222
-1471
-3070
-4435
-5723
-6084
-5398
-3556
-1801
41
2982
6538
8985
9587
9836
9937
10157
9795
8517
6140
3424
1119
-1181
-4472
-8087
-10527
-10945
-9394
-7469
-4941
-2168
-230
665
1259
1633
1681
2039
2673
2904
2746
2684
2700
2552
1915
970
-244
-2262
-4430
-5655
-6442
-7552
-8587
-9004
-8796
-8028
-6851
-5188
-3226
-1130
1584
4715
7207
8539
8900
8343
6728
4538
2378
875
-303
-1722
-3296
-4708
-5583
-5564
-4448
-2951
-1204
778
3688
6657
8381
8836
8854
8959
9006
8710
7517
5625
3298
1112
-1306
-4046
-6698
-8522
-8891
-7992
-6465
-4431
-2014
-338
570
966
861
802
1267
2166
2950
3136
2744
2154
1575
1126
676
-422
-2396
-4333
-5537
-6231
-7010
-7657
-8092
-8079
-7391
-6209
-4585
-2669
-529
1657
3978
5781
6977
7653
7343
6124
4340
2405
667
-582
-1587
-2675
-3827
-4791
-5111
-4347
-2918
-1096
1132
4122
6908
8539
9054
9347
9643
9564
8742
7234
5206
3244
1240
-1481
-4726
-7740
-9644
-9867
-8731
-6894
-4363
-2126
-680
113
664
978
1160
1783
2688
3151
2985
2388
2115
1757
1332
411
-818
-2479
-3882
-5048
-6275
-7541
-8334
-8154
-7725
-7075
-6301
-4616
-2527
-218
2095
4596
6644
7924
8200
7454
6061
4382
2758
999
-832
-2574
-3978
-5026
-5560
-5147
-4066
-2462
-559
2178
5355
7857
8803
8928
9412
9769
9578
8377
6603
4443
2512
369
-2540
-5961
-8502
-9441
-8842
-7336
-5396
-3164
-1043
179
614
717
844
1270
2016
2959
3096
2717
2084
1468
949
637
218
-1104
-3197
-4928
-5903
-6699
-7460
-8125
-8313
-7963
-7139
-5945
-4288
-2195
139
2912
5369
6748
7195
7084
6323
5082
3515
1849
368
-935
-2278
-3878
-4973
-5198
-4531
-3159
-1455
848
3897
6783
8481
9138
9562
10006
9990
9264
7647
5430
3470
1585
-1008
-4376
-7560
-9681
-10006
-8349
-5987
-3579
-1392
-207
238
459
542
736
1346
2036
2471
2730
2689
2226
1623
1011
462
-260
-1640
-3176
-4581
-5826
-6889
-7827
-8556
-8671
-7934
-6667
-5144
-3287
-1251
1133
3701
5747
7189
7660
7274
6368
5222
3451
1283
-404
-1878
-3280
-4610
-5308
-5247
-4341
-2753
-712
1781
4565
6961
8272
9017
9646
9918
9216
8042
6517
4845
3063
884
-1994
-5170
-7879
-9535
-9209
-7354
-5118
-2939
-1144
-471
-59
331
694
1119
1526
1746
1877
2306
2519
2467
1874
1239
462
-262
-1602
-3211
-4881
-6482
-7385
-7844
-8020
-8010
-7402
-6397
-4559
-2573
-279
2162
4567
6205
7072
7067
6258
5419
4432
2931
776
-1048
-2309
-3081
-3896
-4782
-5232
-4637
-2694
-141
2654
5068
6710
7783
8442
9093
9520
9255
8116
6540
4866
3283
1173
-1773
-4983
-7883
-9399
-8907
-7250
-5241
-3152
-1486
-604
-124
358
802
1411
1873
1838
1937
1980
2136
2125
1858
1244
503
-576
-2131
-3685
-5231
-6082
-6670
-7053
-7698
-7929
-7535
-6246
-4349
-2328
-191
2268
4622
6187
7008
6822
6131
5229
4065
2335
382
-1290
-2541
-3473
-4284
-4820
-4861
-4001
-2257
348
3310
5793
7362
8145
8949
9466
9334
8514
7240
5684
4051
2427
147
-2864
-5842
-8088
-9013
-8290
-6597
-4410
-2331
-1260
-701
-215
517
1156
1774
2198
2086
1949
1850
2048
2319
2319
1643
516
-1184
-2652
-3604
-4758
-6099
-7466
-8000
-8068
-7576
-6689
-5453
-4175
-2675
-617
2081
4617
6344
7355
7185
6098
4656
3305
2024
530
-1176
-2604
-3887
-4822
-5062
-4426
-2942
-1033
1340
4130
6441
7681
8370
9038
9586
9307
8518
7054
5264
3487
1576
-859
-4264
-7474
-9400
-9484
-8159
-5955
-3577
-1601
-614
-304
14
405
899
1629
2239
2322
2130
2089
2183
2286
2356
1861
487
-1451
-3161
-4116
-5024
-6202
-7319
-8185
-8381
-7805
-6858
-5616
-3965
-1931
598
3120
5103
6446
7149
6879
5914
4723
3198
1478
-52
-1473
-2764
-4011
-4969
-5058
-4027
-2058
172
2627
4912
6725
7803
8549
9025
8972
8418
7356
5869
4004
2122
145
-2311
-5103
-7375
-8596
-8180
-6698
-4728
-2438
-746
68
328
470
410
719
1555
2163
2500
2488
2449
2177
1812
1457
1061
-190
-2037
-3243
-4287
-5416
-6817
-7827
-8613
-8683
-7933
-6180
-4186
-2586
-895
1343
3699
5433
6623
6688
6064
4924
3663
2245
674
-823
-2004
-3122
-4155
-4632
-3975
-2231
-493
1322
3642
5832
7175
8020
8549
8719
8166
7396
6375
4961
3268
1211
-1324
-4286
-6843
-8428
-8399
-7220
-5237
-2789
-690
155
43
41
263
682
1290
1803
2084
2222
2371
2222
2319
2232
1788
496
-1578
-3073
-3734
-4366
-5881
-7542
-8698
-8426
-7363
-6215
-5328
-4171
-2440
-90
2592
4803
6311
7061
6842
5633
4178
2653
1495
399
-971
-2382
-3723
-4449
-4329
-3215
-1598
194
2262
4372
6434
7884
8600
8722
8274
7387
6406
5230
3820
2213
219
-2454
-5282
-7395
-8216
-7747
-6282
-4436
-2526
-1128
-556
-197
110
250
464
1014
1541
2102
2809
3433
3263
2636
1913
1193
36
-1659
-3325
-4760
-5963
-7014
-7662
-8082
-8091
-7513
-6372
-5167
-3642
-1217
1997
4833
6376
6952
6922
6422
5353
3839
1894
173
-896
-1435
-2147
-3209
-4074
-3801
-2175
-157
1887
3711
5132
5997
6940
7783
8171
7734
6837
5768
4403
2832
1039
-1166
-3813
-6122
-7638
-7935
-6911
-5125
-3216
-1636
-964
-832
-431
235
823
1265
1405
1637
2241
2892
3105
3150
2760
1771
569
-873
-2514
-4006
-5280
-6370
-7159
-7861
-8259
-7978
-7206
-5896
-4128
-2040
384
2830
4997
6366
6685
6156
5480
4716
3587
2041
595
-831
-2133
-3074
-3700
-3772
-2906
-1133
729
2390
3583
4947
6138
6988
7447
7320
6665
5929
5099
3767
2172
59
-2272
-4544
-6338
-7298
-6774
-5093
-3061
-1432
-608
-424
-559
-354
94
563
826
1038
1278
1612
2047
1984
1481
709
33
-611
-1181
-2144
-3196
-4071
-4932
-5535
-5966
-5993
-5773
-5318
-4639
-3438
-1779
446
2612
4132
4761
4789
4500
3921
3248
2197
1102
135
-703
-1469
-2162
-2864
-2815
-1329
816
2777
4306
5310
5782
6328
6766
6726
6135
5175
3901
2491
1028
-580
-2495
-4615
-6270
-7047
-6366
-4470
-2149
-152
1253
1699
1608
1413
1155
869
408
-434
-1138
-1147
-696
-197
311
539
79
-497
-1068
-1515
-2213
-3147
-4269
-5061
-5630
-5780
-5543
-5271
-4702
-3700
-2081
-104
1957
3623
4788
5149
4949
4383
3509
2435
1324
265
-802
-1667
-2460
-2900
-2555
-1412
375
2470
4436
5691
6153
6414
6858
6992
6680
5657
4167
2578
1146
-478
-2509
-4693
-6189
-6571
-5809
-4216
-2224
-168
1344
1991
1671
934
312
63
-5
-345
-1053
-1281
-636
196
498
447
269
-151
-800
-1373
-1907
-2544
-3694
-4852
-5878
-6535
-6326
-5511
-4713
-4008
-2899
-1081
1280
3336
4714
5371
5217
4236
3087
2003
998
172
-703
-1788
-2771
-3141
-2654
-1217
839
2939
4703
5948
6583
7085
7526
7511
6966
5947
4583
3090
1324
-690
-2909
-5059
-6608
-7231
-6693
-5125
-2837
-429
1430
2117
1825
1121
547
147
-311
-845
-1211
-1003
-621
-312
49
534
720
369
-305
-1037
-1586
-2333
-3221
-4221
-5359
-6351
-6583
-6089
-5241
-4119
-2669
-817
1122
3019
4624
5637
5791
5133
4009
2675
1584
667
-382
-1531
-2616
-3017
-2580
-1198
561
2392
3926
5012
5760
6300
6746
6888
6448
5117
3427
1696
444
-860
-2389
-4102
-5507
-6035
-5362
-3643
-1607
218
1369
1588
1211
745
188
-210
-686
-1157
-1438
-1307
-781
50
815
1043
731
215
-410
-1133
-1822
-2590
-3479
-4719
-5763
-6184
-6079
-5774
-5031
-3814
-2308
-451
1508
3207
4329
4756
4628
4131
3233
2070
1061
183
-732
-1498
-2181
-2622
-2492
-1101
1097
3109
4232
4989
5599
6080
6635
7021
6694
5603
4308
2732
1106
-638
-2266
-3807
-4988
-5641
-5329
-3929
-1993
-148
1119
1503
1188
793
419
-76
-783
-1241
-1548
-1416
-900
-458
-180
-19
225
183
-244
-973
-1641
-2238
-3066
-4168
-5238
-6069
-6460
-6092
-5162
-3817
-2269
-487
1320
2817
3927
4658
5055
5014
4353
3098
1629
361
-467
-1124
-1806
-2307
-2177
-967
860
2854
4361
5085
5387
5611
5870
5732
5120
4256
3194
1975
794
-530
-2136
-3806
-4808
-5055
-4659
-3584
-1829
64
1207
1394
833
187
-437
-935
-1558
-2268
-2595
-2120
-1058
-190
524
1083
1379
981
353
21
-175
-829
-2281
-4024
-5554
-6054
-5629
-4876
-4362
-3752
-2565
-813
1013
2592
3934
4643
4741
4316
3449
2266
1141
367
-438
-1224
-1894
-2040
-1914
-1369
49
2022
3742
4611
5192
5623
5917
5843
5613
4912
3818
2516
1312
85
-1332
-2856
-4047
-4569
-4534
-3690
-2326
-1054
-212
235
478
378
-88
-642
-1224
-1584
-1583
-1299
-939
-706
-501
24
201
191
211
210
-272
-1524
-2748
-3801
-4520
-4857
-4989
-4847
-4525
-3726
-2421
-1227
40
1434
2811
3849
4252
4314
3975
3087
1777
525
-421
-1146
-1452
-1453
-1492
-1051
283
2152
3883
5051
5450
5431
5310
5388
5559
5199
4347
3181
1723
-81
-1824
-3127
-3903
-4321
-4083
-2984
-1559
-408
373
651
391
100
11
-309
-1034
-1885
-2544
-2579
-2096
-1200
-129
484
275
-307
-776
-997
-1176
-1669
-2513
-3670
-4694
-5118
-4959
-4649
-4169
-3300
-2280
-1110
365
1970
3303
3916
3874
3553
2913
2091
1397
663
-256
-1001
-1175
-1233
-1100
-346
1029
2568
3550
4438
5269
5729
5724
5486
5063
4235
3460
2588
1381
-289
-1925
-2849
-3309
-3555
-3196
-2052
-769
156
703
907
575
158
-439
-1287
-2161
-2673
-2293
-1782
-1471
-1046
-385
252
598
617
387
-78
-529
-1118
-1951
-2837
-3759
-4134
-4205
-4259
-3951
-3239
-2370
-1382
-91
1501
2812
3281
3108
2555
1772
852
265
-118
-731
-1241
-1580
-1673
-1287
-114
1712
3425
4486
4808
4949
5168
5292
5193
4505
3269
2009
949
-47
-1286
-2615
-3453
-3640
-3345
-2615
-1458
-164
870
1402
1248
687
-91
-939
-1654
-2234
-2541
-2489
-2138
-1716
-956
-23
487
646
682
735
637
134
-670
-1532
-2293
-2926
-3704
-4409
-4568
-3882
-2559
-1347
-219
1009
2229
3134
3427
3266
2776
2107
1539
933
98
-718
-1186
-1241
-1124
-553
553
1698
2772
3863
4802
5374
5648
5572
5068
4105
3049
2080
887
-698
-2192
-3214
-3826
-3933
-3452
-2424
-1273
-373
263
626
563
241
-250
-1034
-2105
-2920
-3100
-2895
-2649
-2243
-1467
-677
-165
64
222
139
-174
-525
-1085
-2018
-3015
-3632
-3793
-3714
-3523
-2992
-2113
-999
187
1283
2087
2570
2959
3156
2884
2195
1355
455
-263
-769
-787
-427
186
1243
2392
3509
4311
4875
5336
5594
5659
5410
4545
3344
2056
879
-95
-1051
-2125
-3442
-4146
-3817
-2695
-1177
119
900
1278
969
62
-780
-1403
-1877
-2313
-2721
-3079
-3018
-2308
-1233
-334
-59
-223
-293
-135
25
-85
-829
-1968
-2928
-3439
-3577
-3738
-3853
-3489
-2623
-1412
-33
1163
1988
2345
2354
2274
2103
1699
1000
333
-424
-1220
-1581
-1373
-755
231
1567
2987
3987
4404
4747
5106
5341
5199
4703
3865
2821
1745
777
-262
-1366
-2224
-2715
-2847
-2623
-1687
-306
909
1393
1166
416
-403
-1084
-1591
-2110
-2655
-3049
-3087
-2618
-1795
-877
-37
658
950
867
625
326
-300
-1222
-2155
-2754
-3170
-3584
-3916
-3895
-3415
-2388
-1047
135
1020
1737
2404
2894
2826
2210
1553
768
-103
-836
-1319
-1582
-1334
-487
680
1830
2872
3665
4173
4465
4639
4777
4423
3535
2608
1864
958
-190
-1515
-2659
-3216
-3041
-2402
-1566
-738
62
841
1165
922
316
-453
-1203
-1919
-2594
-2939
-2777
-2251
-1597
-948
-406
116
704
1143
1186
771
-52
-834
-1440
-2038
-2459
-2789
-3228
-3431
-3176
-2409
-1154
98
1066
1671
1983
2289
2607
2496
1932
1244
600
-58
-613
-968
-994
-477
377
1468
2506
3299
4041
4655
4743
4439
3998
3649
3177
2250
1236
42
-1123
-2048
-2765
-3214
-3352
-2905
-1812
-764
-71
556
820
455
-400
-1186
-1817
-2304
-2668
-2884
-2697
-2274
-1584
-593
100
317
451
566
515
72
-666
-1628
-2593
-3167
-3212
-3033
-2997
-2989
-2545
-1544
-224
988
1845
2317
2531
2546
2239
1642
957
361
-184
-801
-1264
-1148
-296
1245
2906
4131
4601
4562
4385
4496
4740
4536
3676
2451
1227
291
-567
-1654
-2636
-3202
-2880
-1827
-730
49
662
1097
1228
806
92
-648
-1373
-2125
-2920
-3358
-3421
-3150
-2531
-1651
-544
435
826
996
1035
844
463
-196
-1177
-2443
-3401
-3784
-3742
-3372
-2776
-1904
-774
232
1080
1953
2549
2714
2506
2012
1197
530
14
-606
-1258
-1757
-1581
-633
820
2229
3318
3948
4381
4751
4930
4547
3811
3005
2099
1148
8
-1024
-1975
-2846
-3280
-3074
-2528
-1527
-171
989
1500
1341
792
8
-886
-1931
-2809
-3360
-3525
-3248
-2732
-2125
-1333
-563
142
700
1032
1169
887
298
-416
-1053
-1654
-2211
-2634
-2773
-2659
-2227
-1422
-387
667
1565
2276
2580
2597
2361
2000
1537
1001
365
-253
-594
-707
-297
614
1580
2264
3038
3882
4437
4597
4468
4029
3359
2615
1722
848
-201
-1280
-2172
-2737
-3104
-3056
-2283
-1176
-301
172
342
202
-162
-702
-1305
-2069
-3023
-3930
-4299
-3922
-3065
-2074
-1231
-748
-432
-35
410
716
711
315
-495
-1364
-1973
-2251
-2225
-2060
-1884
-1551
-946
-75
938
1851
2475
2748
2609
2264
1978
1648
1136
406
-429
-912
-662
239
1392
2500
3502
4225
4473
4325
4318
4440
4074
3044
1876
842
-199
-1042
-1754
-2427
-2762
-2599
-2037
-1412
-825
-62
718
1006
551
-306
-1228
-2246
-3193
-3528
-3458
-3396
-3133
-2456
-1738
-1285
-880
-403
-6
280
531
244
-690
-1796
-2474
-2677
-2750
-2698
-2345
-1711
-956
-133
846
1794
2430
2908
2996
2517
1790
1348
1136
671
96
-98
39
493
1271
2213
3053
3659
4230
4486
4340
3995
3605
3196
2672
1550
228
-937
-1933
-2507
-2626
-2381
-2190
-1671
-779
-50
443
697
334
-471
-1407
-2188
-2653
-3064
-3340
-3391
-3196
-2830
-2289
-1563
-791
-146
301
407
95
-476
-932
-1024
-1231
-1791
-2282
-2512
-2419
-1947
-1234
-384
635
1620
2287
2605
2398
1842
1570
1599
1452
1016
530
228
359
915
1703
2533
3223
3681
3912
3937
3886
3790
3477
2754
1740
773
-47
-683
-1256
-1687
-1864
-1885
-1607
-1042
-452
44
54
-388
-854
-1253
-1470
-1750
-2291
-2952
-3472
-3433
-2830
-2102
-1471
-1060
-765
-574
-608
-848
-1291
-1619
-1759
-1960
-2147
-2301
-2352
-2162
-1804
-1211
-457
214
844
1567
2290
2635
2481
2253
2143
1900
1438
1140
1186
1312
1426
1795
2306
2825
3461
4020
4171
3906
3577
3308
3000
2372
1398
443
-193
-579
-1108
-1842
-2350
-2301
-1762
-1145
-623
-253
-24
238
165
-491
-1432
-2307
-2856
-3169
-3449
-3488
-3173
-2652
-2224
-1951
-1581
-1161
-675
-213
-129
-423
-822
-1157
-1673
-2334
-2686
-2585
-2169
-1524
-805
-49
711
1451
2287
2900
3118
2998
2747
2360
1697
995
504
297
425
815
1206
1408
1697
2415
3056
3367
3426
3402
3114
2439
1630
925
361
-221
-621
-623
-426
-357
-272
-131
99
338
616
706
299
-420
-1181
-1837
-2388
-2729
-2919
-3134
-3370
-3300
-2870
-2215
-1623
-1238
-877
-604
-481
-503
-820
-1359
-1805
-2000
-2131
-2462
-2645
-2345
-1704
-987
-347
302
891
1279
1603
1892
1865
1572
1375
1551
1720
1646
1563
1700
2038
2583
3197
3496
3500
3366
3228
2858
2310
1625
943
486
349
283
-40
-623
-957
-711
-347
-21
415
943
1220
1189
715
-194
-1323
-2258
-2705
-2906
-3140
-3158
-2779
-2351
-1961
-1675
-1436
-1225
-1145
-1301
-1621
-1887
-1933
-1797
-1628
-1636
-1838
-1889
-1618
-1052
-361
241
678
979
1273
1552
1446
1033
795
741
737
762
909
1158
1320
1594
2132
2750
3163
3261
3334
3306
2936
2441
1964
1465
903
429
54
-412
-754
-802
-605
-338
-134
162
392
420
274
-62
-447
-863
-1154
-1545
-2309
-2875
-2903
-2394
-1839
-1635
-1516
-1516
-1483
-1252
-1017
-950
-1227
-1567
-1748
-1796
-1705
-1605
-1386
-1094
-821
-495
-224
59
418
821
1260
1607
1714
1554
1268
956
739
802
1100
1526
1960
2409
2851
3095
3164
3117
3060
2930
2623
2292
1779
1064
232
-617
-1021
-1011
-771
-497
-544
-679
-606
-321
-46
19
-169
-665
-1244
-1706
-1924
-1943
-2093
-2268
-2352
-2441
-2352
-2189
-2009
-1785
-1678
-1416
-989
-838
-942
-1090
-1164
-1176
-1098
-736
-387
-417
-587
-445
141
899
1538
1760
1561
1272
948
688
705
942
1339
1726
1974
2245
2332
2231
2301
2488
2799
2914
2531
2063
1692
1376
954
416
151
27
-360
-896
-1175
-1015
-616
-204
-13
-264
-738
-1021
-976
-837
-980
-1285
-1546
-1779
-1842
-1863
-1990
-2133
-2180
-2000
-1704
-1473
-1348
-1402
-1515
-1497
-1292
-1007
-817
-590
-275
-162
-191
-153
45
475
837
917
934
979
1021
1166
1312
1220
1070
1167
1470
1831
2109
2113
1992
1993
1993
2123
2384
2356
2088
1768
1323
723
135
-59
57
116
53
-267
-733
-1057
-1134
-889
-696
-904
-1245
-1438
-1517
-1676
-1711
-1608
-1584
-1493
-1453
-1486
-1479
-1486
-1425
-1451
-1525
-1539
-1578
-1472
-1429
-1481
-1339
-924
-250
212
289
142
3
321
959
1617
1946
1695
1238
873
857
1054
1171
1336
1419
1444
1543
1530
1429
1344
1383
1652
1980
2169
2007
1608
1351
1107
827
550
296
163
-86
-309
-429
-540
-540
-635
-800
-1053
-1288
-1323
-1314
-1265
-1304
-1437
-1603
-1809
-1837
-1746
-1700
-1482
-1016
-679
-693
-960
-1194
-1340
-1478
-1411
-1215
-1006
-830
-641
-316
-84
-53
-101
172
717
934
902
922
981
1034
1270
1705
1839
1530
1154
1125
1467
1820
2006
2046
1810
1212
746
864
1166
1147
881
637
530
585
707
602
200
-244
-533
-558
-459
-481
-596
-734
-872
-1069
-1246
-1287
-1325
-1404
-1447
-1454
-1475
-1488
-1400
-1261
-1113
-922
-779
-767
-889
-1048
-1035
-777
-445
-221
-127
-131
-176
-132
35
240
412
608
802
838
725
526
430
611
901
1141
1374
1586
1587
1382
1243
1167
1039
1040
1217
1327
1212
984
679
216
-236
-401
-222
34
121
36
-169
-455
-675
-620
-420
-370
-411
-402
-412
-592
-837
-996
-1194
-1360
-1266
-965
-760
-775
-824
-887
-985
-934
-676
-367
-253
-335
-465
-595
-585
-420
-247
-159
-150
-77
51
198
420
655
874
1059
1150
1102
865
562
336
239
315
494
585
488
382
485
762
1051
1266
1349
1288
1141
946
632
253
73
195
417
520
447
143
-292
-595
-637
-501
-309
-78
71
-53
-382
-711
-862
-776
-622
-538
-599
-815
-1011
-1058
-901
-708
-703
-783
-838
-705
-403
-196
-128
-287
-555
-703
-701
-513
-455
-604
-637
-553
-325
-123
30
337
519
659
849
970
1003
764
567
503
452
557
618
684
632
398
319
339
528
683
647
701
674
652
664
523
381
138
-20
25
98
320
416
388
377
203
60
-71
-83
-25
-214
-373
-557
-785
-891
-935
-850
-903
-1013
-991
-1000
-950
-850
-626
-318
-134
-13
23
34
29
-19
21
134
248
272
130
-179
-506
-646
-497
-115
222
379
361
297
367
537
768
879
743
508
307
285
378
464
492
312
37
-153
-190
-124
-40
156
308
341
312
151
-67
-244
-152
45
37
-40
-107
-30
107
149
125
-61
-199
-168
-60
104
121
-11
-263
-518
-538
-427
-305
-270
-406
-671
-928
-917
-679
-389
-99
118
227
237
221
149
32
91
292
370
201
-76
-203
-103
165
415
427
284
149
114
197
267
312
339
313
286
171
-16
-200
-393
-481
-453
-263
28
216
327
285
132
-16
-96
94
369
522
552
353
93
-51
-71
-50
-152
-280
-379
-400
-312
-269
-208
-220
-298
-201
-38
77
43
-102
-125
-89
-18
84
146
210
205
126
86
120
148
218
395
521
497
335
65
-257
-474
-415
-214
-25
79
50
109
275
360
285
69
-46
-58
32
227
220
60
-234
-614
-762
-749
-631
-540
-548
-563
-584
-342
40
319
482
420
333
223
161
246
184
48
-144
-281
-178
-31
57
-47
-203
-246
-263
-197
-196
-213
-138
-3
290
494
542
539
420
224
20
110
421
592
684
687
591
331
36
17
43
9
-37
-144
-197
-234
-226
-285
-471
-491
-431
-352
-217
-85
113
171
90
13
-116
-136
-132
-172
-252
-496
-664
-704
-595
-345
-185
-38
-5
-50
37
151
349
496
514
505
369
199
29
-71
0
44
58
89
99
135
185
270
305
224
204
273
308
277
205
182
256
354
469
504
345
140
7
21
115
100
22
-66
-122
-173
-300
-334
-312
-399
-487
-568
-579
-509
-495
-390
-319
-401
-458
-461
-344
-261
-257
-272
-368
-346
-256
-143
-87
-175
-166
-191
-215
-115
-36
69
111
219
446
544
536
371
170
58
-17
72
215
286
389
539
667
633
477
454
582
666
637
488
280
139
59
46
15
-45
1
48
105
189
259
344
327
282
262
199
114
-107
-445
-743
-867
-737
-570
-519
-579
-710
-760
-787
-720
-477
-301
-159
-66
-122
-196
-324
-324
-177
-198
-275
-321
-283
-93
55
131
94
-64
-135
-70
90
249
300
338
335
328
435
572
697
688
597
596
553
493
489
470
456
387
357
446
392
206
108
132
222
228
152
56
-192
-535
-664
-471
-169
-1
-15
-124
-252
-367
-354
-263
-307
-450
-610
-660
-477
-334
-349
-465
-710
-802
-718
-536
-140
194
309
213
-82
-237
-182
-28
155
221
206
99
-26
-78
-103
14
193
277
273
180
103
109
212
402
645
808
719
548
417
345
409
355
131
-57
-103
135
484
665
628
418
196
63
31
58
70
72
-4
-158
-313
-512
-670
-726
-675
-457
-229
-117
-97
-149
-192
-201
-90
14
-111
-376
-675
-769
-659
-608
-539
-522
-538
-378
-61
393
668
521
266
150
248
402
460
425
159
-131
-211
-107
61
99
104
134
184
298
400
512
497
309
140
14
3
111
281
418
379
239
-4
-179
-128
-17
165
378
442
353
207
27
-174
-340
-475
-377
-150
-176
-360
-616
-838
-808
-545
-139
195
298
127
-105
-148
-155
-72
17
-148
-402
-661
-742
-623
-585
-553
-458
-305
-87
214
509
475
266
114
46
173
282
353
468
435
305
196
188
247
248
300
376
396
478
653
724
531
307
221
189
193
190
278
435
466
417
293
69
-155
-260
-135
85
217
250
194
-17
-328
-433
-416
-425
-398
-488
-593
-702
-849
-818
-759
-617
-363
-242
-84
72
-29
-262
-355
-281
-139
13
-58
-419
-788
-984
-875
-415
4
130
173
147
111
281
559
772
745
597
575
575
542
460
372
381
354
214
8
-139
-110
84
314
422
450
379
274
312
427
536
448
78
-292
-428
-242
24
38
-209
-419
-411
-271
-14
137
25
-209
-458
-529
-484
-409
-330
-361
-365
-330
-194
-44
-117
-157
-37
162
316
308
270
240
175
4
-196
-305
-462
-577
-526
-366
-130
81
212
235
188
223
332
421
455
435
398
261
-16
-238
-140
252
480
356
116
-23
-21
51
228
429
452
340
286
319
278
202
218
184
40
-8
22
-51
-172
-258
-332
-344
-203
-8
33
-137
-438
-579
-449
-310
-282
-353
-509
-697
-818
-766
-599
-359
-101
96
197
188
142
-9
-162
-149
-93
20
135
153
120
-6
-165
-300
-366
-274
-57
263
549
693
696
558
502
527
521
543
495
403
322
186
31
-61
-14
23
-63
-115
-98
-20
111
206
196
47
-61
38
181
168
38
-84
-118
-103
-76
-54
-122
-230
-308
-344
-247
-139
-75
9
40
-64
-274
-433
-527
-491
-233
19
135
88
-115
-307
-377
-230
94
432
608
451
89
-180
-164
11
21
-74
-103
-46
54
116
185
236
208
231
339
408
342
256
233
127
-15
32
178
103
-242
-596
-668
-427
-117
116
186
48
-123
-92
101
205
159
57
-128
-386
-542
-501
-326
-135
31
187
247
126
-63
-121
-54
14
7
-69
-99
-80
-87
-115
-192
-303
-357
-264
-10
226
292
205
73
53
176
418
695
794
643
342
42
-120
-186
-194
-124
-69
-86
-95
33
178
174
90
-47
-213
-254
-153
-16
