SAMPLES:	16691
BITSPERSAMPLE:	16
CHANNELS:	1
SAMPLERATE:	16000
NORMALIZED:	FALSE
46
70
74
8
-57
-140
-177
-113
-29
80
122
48
-60
-188
-229
-139
-15
93
81
-54
-192
-265
-220
-87
28
101
121
98
75
26
-30
-51
-38
45
144
172
148
64
-35
-77
-74
-9
90
173
221
204
157
125
99
87
66
38
48
72
69
26
-41
-62
1
104
151
87
-20
-95
-106
-55
-18
-22
-47
-98
-126
-112
-57
33
91
105
83
26
-11
-71
-150
-192
-214
-195
-152
-126
-83
-46
-15
-5
-53
-75
-35
35
119
121
52
-4
-51
-50
-20
-2
13
-14
-64
-102
-118
-48
41
82
108
89
75
88
58
4
-50
-94
-67
12
80
95
77
73
97
127
132
83
-17
-71
-66
-44
-21
-65
-130
-130
-53
80
173
171
128
44
-13
-14
-51
-30
34
35
58
-3
-81
-45
-27
61
142
145
173
102
33
-10
-98
-103
-104
-100
-23
17
-6
-56
-108
-161
-189
-149
-63
-19
33
81
22
-18
-22
-84
-118
-67
10
92
193
165
80
51
-112
-120
-187
-200
124
70
103
160
-46
5
-2
68
156
-8
167
46
-54
190
-77
-12
160
0
53
83
-60
-152
-99
-35
-41
32
60
-64
-94
-118
-142
-101
31
-11
-53
-22
-173
-113
-94
-102
-67
-154
-107
53
103
228
162
16
-145
-210
-74
-82
139
235
152
205
137
74
97
95
110
106
32
52
-51
-40
-94
4
-57
16
253
-59
134
23
20
133
117
149
131
-58
112
-283
-162
-15
-210
124
-10
87
31
88
-66
-29
-92
-67
-52
-70
-94
-134
-153
-228
-231
-140
-75
47
203
8
44
-2
-157
-132
-105
-131
-66
87
108
50
87
30
-128
-17
78
98
251
220
42
-63
-73
-105
-13
115
106
110
116
21
-50
-48
-66
-26
-1
12
21
-61
-107
-75
-61
43
70
67
14
-27
-16
-101
-86
-96
-101
-10
49
36
-13
-13
-47
19
133
161
156
188
57
-39
17
-41
97
184
39
-48
-138
-116
-8
67
117
-25
6
86
37
203
216
93
116
10
-114
-106
-64
-36
-30
17
-33
-108
-72
-103
-186
-126
-56
-30
52
58
-79
-146
-145
-174
-28
25
50
51
-23
-19
-107
-36
52
67
253
187
109
44
-143
-131
-158
-32
74
84
100
-83
-158
-177
-137
-21
8
74
11
-67
-137
-257
-256
-221
-99
7
87
187
180
149
134
59
13
56
99
117
127
86
40
28
51
84
41
103
180
158
145
18
-59
-22
49
114
69
60
7
-100
-106
-125
-102
-13
61
106
97
83
26
-67
-69
-28
-30
-12
-67
-130
-95
-75
-18
-5
-12
51
7
-35
-33
-44
49
101
97
-3
-134
-114
-81
-33
24
18
3
51
85
27
-66
-135
-190
-192
-131
-69
9
105
135
103
61
6
7
26
38
-3
-99
-168
-192
-144
-88
-83
-51
-49
-22
48
67
127
148
113
50
-73
-90
-51
-12
41
5
-42
-53
-29
-5
32
80
80
94
71
20
25
21
24
21
50
157
188
176
128
26
42
95
123
178
144
51
-35
-117
-124
-95
-1
112
151
121
31
-48
-98
-70
-23
26
79
32
-35
-101
-188
-190
-169
-129
-78
-106
-120
-141
-209
-196
-166
-85
44
56
56
25
-34
-16
-8
10
40
9
6
3
-45
-80
-81
-37
44
109
145
167
104
17
-28
-20
94
213
289
296
181
65
0
-18
6
-3
-37
-82
-154
-175
-130
-77
-11
-15
-46
-18
-30
-18
-25
-84
-74
-78
-51
-13
-58
-52
-65
-44
46
69
108
107
43
-16
-68
-60
-10
59
101
123
116
98
86
32
2
-65
-107
-71
-104
-56
-1
9
79
60
67
64
-11
7
-38
-24
92
135
225
181
24
-27
-42
63
187
194
140
-20
-144
-168
-194
-128
-91
-124
-109
-139
-195
-203
-199
-166
-90
-12
53
74
67
11
-112
-149
-104
-21
157
268
242
182
40
-105
-142
-117
9
145
198
172
9
-119
-206
-238
-57
101
202
266
145
48
-8
-41
5
26
60
41
-27
-65
-107
-59
35
57
46
-9
-64
-73
-54
-57
-76
-52
-31
18
78
76
59
-20
-119
-166
-178
-106
-12
29
33
-32
-84
-103
-100
-6
89
162
202
173
137
95
60
14
-24
43
132
180
137
29
-42
-91
-120
-153
-124
-8
76
104
38
-24
9
60
94
51
7
4
1
58
55
39
65
57
113
137
119
72
-84
-170
-222
-223
-157
-150
-82
-68
-99
-115
-158
-73
20
109
173
125
124
39
-63
-90
-139
-94
-98
-153
-170
-247
-216
-141
-79
18
3
2
13
28
92
58
9
-29
-53
14
38
50
55
56
140
165
144
86
-21
-26
1
51
93
59
39
22
15
27
24
34
93
179
229
243
174
80
20
-31
34
95
128
167
95
74
52
36
71
-14
-74
-139
-175
-90
-41
34
47
-12
-23
-70
-77
-82
-116
-101
-90
-62
-50
-86
-122
-153
-139
-111
-122
-137
-160
-161
-149
-168
-175
-178
-146
-74
-55
-64
-98
-129
-92
-62
-6
53
81
139
171
207
236
229
237
209
168
133
105
114
111
96
66
43
35
55
112
160
177
93
-41
-140
-169
-73
30
97
125
100
95
44
-32
-78
-76
14
83
67
-48
-215
-308
-293
-195
-68
20
53
43
-19
-105
-165
-191
-135
-17
85
166
154
80
-9
-119
-126
-47
72
197
183
105
13
-76
-61
-66
-72
-40
-36
22
35
-3
-31
-80
-40
1
31
59
38
73
88
99
82
6
-2
-19
20
38
-15
-16
-84
-68
-31
-44
29
13
41
50
-3
54
55
151
231
147
74
-125
-233
-224
-207
-68
-16
52
122
75
69
-41
-130
-121
-118
0
67
89
100
8
-29
-74
-82
-3
45
143
160
84
6
-112
-107
-38
37
95
27
-39
-109
-114
-34
20
81
70
37
16
-31
-52
-102
-101
-53
11
89
68
9
-90
-160
-144
-128
-60
-24
-16
-12
-77
-116
-158
-148
-63
-8
63
90
104
149
155
157
95
36
35
57
150
197
173
102
0
-14
22
114
207
192
143
23
-86
-127
-135
-44
14
57
72
2
-22
-69
-86
-83
-120
-62
-29
20
68
11
-17
-91
-99
-48
-44
42
61
38
-7
-130
-151
-152
-65
91
141
171
85
-33
-93
-150
-73
12
72
112
13
-45
-90
-81
18
51
102
90
54
70
5
-37
-91
-122
-57
-37
4
-5
-46
5
35
80
75
6
-32
-113
-147
-149
-163
-99
-37
28
72
29
9
2
20
57
28
1
-31
-68
-69
-100
-106
-83
-63
-3
0
-11
23
34
79
70
32
54
84
193
254
207
135
-6
-62
-62
-63
12
50
111
128
43
1
-63
-46
25
41
88
56
23
22
-19
19
52
80
132
101
108
85
36
46
-22
-22
11
23
93
56
18
-17
-82
-61
-86
-79
-29
-28
-2
-79
-184
-254
-298
-205
-119
-56
-21
-69
-70
-74
-50
20
55
94
67
0
-63
-147
-184
-197
-159
-78
2
73
64
11
-74
-131
-102
-28
83
150
175
162
97
63
4
-40
-51
-27
89
177
214
164
38
-30
-56
4
97
144
183
144
91
40
-23
-4
30
91
136
88
6
-120
-218
-246
-236
-152
-46
62
145
120
15
-124
-210
-162
-34
92
131
63
-35
-93
-81
-4
81
143
164
124
54
-16
-58
-48
-14
41
83
96
70
-10
-95
-153
-127
-22
82
147
117
57
8
-30
-19
-41
-57
-56
-56
19
78
125
139
74
36
-30
-100
-141
-190
-148
-86
-50
-28
-74
-91
-77
-52
2
19
24
17
3
23
40
47
19
-54
-117
-139
-109
-54
-8
10
4
-2
-25
-72
-112
-119
-72
13
96
142
138
121
104
90
97
91
84
98
94
86
45
-27
-74
-101
-77
-26
15
56
50
31
27
29
64
92
87
74
54
56
56
38
22
-5
-10
-8
-37
-75
-122
-145
-124
-66
20
67
95
92
55
41
12
-14
-28
-46
-36
-53
-79
-103
-159
-166
-158
-144
-84
-49
-19
-1
3
35
48
60
56
23
31
41
27
9
-34
-41
11
82
154
159
111
32
-60
-101
-100
-35
64
136
173
110
22
-48
-97
-25
45
116
156
59
-10
-101
-132
-69
-75
-22
-12
-29
29
-40
-99
-154
-216
-127
-61
20
78
33
44
13
-1
41
18
17
-8
-40
1
36
81
79
22
-3
-26
-11
39
58
91
122
113
85
38
19
30
56
82
55
15
-37
-85
-85
-54
-22
-29
-82
-165
-220
-194
-132
-48
8
33
58
44
38
-8
-76
-79
-64
6
86
108
87
3
-50
-73
-50
44
103
148
127
26
-60
-128
-90
13
114
191
153
82
-2
-67
-58
-45
10
51
66
79
25
-35
-93
-108
-25
84
189
199
130
46
-30
-19
2
18
28
-7
-18
-31
-36
-18
-18
5
21
18
-12
-90
-157
-213
-230
-203
-173
-104
-47
-2
19
-14
-47
-79
-90
-77
-53
-27
-21
-1
5
-19
-28
-34
-14
23
59
68
30
-14
-31
12
96
191
255
230
168
92
29
14
14
39
67
89
88
64
52
60
74
72
44
-13
-68
-97
-104
-85
-50
-12
37
79
90
67
16
-49
-92
-89
-54
-15
12
-12
-65
-98
-118
-120
-95
-43
4
36
74
62
0
-57
-104
-111
-45
51
118
134
92
7
-77
-113
-94
-74
-26
26
23
9
-28
-51
-37
-17
50
91
108
125
68
20
-13
-34
2
23
47
43
1
-24
-93
-156
-166
-138
-44
30
64
79
47
47
64
72
86
58
27
-25
-95
-128
-139
-105
-78
-71
-33
17
86
105
57
-7
-73
-43
51
151
223
174
62
-69
-162
-125
-16
127
206
142
19
-111
-169
-132
-60
40
94
90
68
21
-6
0
26
83
114
95
35
-64
-148
-182
-137
-17
97
157
128
30
-65
-118
-115
-90
-80
-61
-24
39
112
128
75
-21
-94
-96
-34
74
159
148
27
-145
-250
-238
-120
58
210
234
117
-44
-136
-143
-110
-46
14
28
12
-15
-13
10
32
62
61
31
-6
-49
-78
-133
-158
-115
-39
37
49
14
-41
-84
-61
-9
43
69
66
44
-7
-71
-127
-126
-55
48
125
113
60
24
26
60
86
121
144
144
149
142
144
100
11
-55
-70
9
91
117
104
66
62
27
-50
-105
-104
-15
74
91
44
-63
-146
-181
-145
-40
28
45
15
-19
-19
-55
-95
-126
-128
-94
-94
-93
-87
-79
-69
-74
-37
30
89
104
68
17
-51
-81
-33
69
142
98
-5
-83
-115
-123
-138
-106
-1
131
213
196
110
1
-76
-88
-50
10
56
85
95
59
-11
-89
-99
-24
55
84
33
-55
-120
-159
-135
-51
45
106
95
33
-19
-54
-71
-53
-15
46
100
117
123
96
65
67
82
122
119
66
17
-31
-27
0
50
125
146
116
55
12
16
9
-13
-33
-20
38
60
11
-88
-194
-239
-222
-167
-72
-15
-3
-52
-162
-240
-282
-240
-108
18
122
140
71
-5
-97
-130
-61
65
229
314
260
141
8
-77
-74
-61
-19
40
39
37
13
-28
-24
-43
-40
16
66
137
144
73
-12
-99
-111
-52
25
96
116
104
65
2
-82
-156
-157
-88
21
93
77
-4
-130
-217
-230
-162
-31
74
105
44
-60
-117
-83
29
156
224
224
155
39
-70
-141
-125
-24
89
157
146
84
27
2
10
50
110
168
193
133
6
-126
-177
-89
84
233
260
144
-15
-119
-129
-63
0
17
-19
-85
-147
-197
-215
-198
-166
-121
-77
-42
-14
-12
-29
-59
-106
-137
-128
-78
-20
0
-14
-53
-92
-86
-34
43
104
114
75
6
-52
-72
-60
-25
21
75
123
156
149
94
18
-24
1
74
128
116
56
-18
-52
-23
50
135
184
187
163
136
128
131
114
68
19
2
25
56
41
-25
-100
-123
-73
14
91
127
110
50
-38
-128
-173
-144
-43
65
89
7
-130
-225
-211
-107
11
72
38
-78
-227
-342
-367
-279
-112
66
175
164
47
-122
-263
-306
-240
-114
8
60
40
-17
-84
-115
-99
-46
19
74
104
109
102
89
73
72
91
123
145
146
130
102
80
81
101
129
155
161
159
158
156
154
130
88
53
30
38
57
54
29
-20
-78
-104
-73
4
92
145
137
78
-3
-82
-130
-122
-59
16
38
-20
-120
-205
-237
-222
-174
-104
-38
-6
-28
-86
-140
-164
-158
-124
-60
24
84
72
-6
-87
-115
-73
7
70
105
93
33
-42
-78
-34
39
84
86
52
31
8
-27
-50
-40
28
95
114
78
8
-54
-106
-121
-91
-30
41
50
-3
-72
-93
-51
15
62
68
39
-7
-44
-60
-68
-73
-85
-88
-61
4
92
149
163
129
68
22
5
43
93
124
122
76
53
67
129
189
193
170
96
38
17
-9
-24
-84
-128
-121
-95
-3
54
89
132
147
210
214
161
73
-108
-196
-203
-143
-11
3
-1
-58
-146
-137
-167
-119
-55
-50
4
-49
-75
-87
-146
-88
-58
35
132
81
26
-135
-228
-224
-251
-184
-171
-112
8
58
151
121
49
4
-91
-55
-2
52
100
26
-15
-79
-124
-96
-93
-9
69
106
110
2
-79
-114
-86
30
106
155
134
64
24
-11
28
84
118
141
110
99
69
34
21
11
61
89
91
68
8
5
22
64
110
100
111
107
112
119
47
-15
-50
15
180
277
280
145
-35
-118
-142
-90
-44
-42
-21
-10
16
8
-68
-147
-214
-203
-147
-105
-85
-125
-172
-200
-205
-154
-94
-44
-28
-64
-92
-88
-33
45
84
47
-47
-139
-183
-151
-81
-13
19
20
17
17
21
1
-49
-103
-132
-110
-51
14
54
63
59
50
54
70
88
127
166
195
185
134
76
38
45
81
116
129
112
84
63
73
102
147
180
176
139
79
30
3
-25
-58
-101
-122
-85
-11
70
90
43
-36
-109
-121
-92
-34
28
41
7
-78
-170
-200
-172
-97
-27
-5
-6
-21
-28
-30
-46
-53
-39
-2
45
50
19
-34
-78
-78
-51
-14
2
-15
-41
-61
-69
-82
-105
-121
-113
-63
7
65
96
102
113
123
120
81
16
-40
-73
-74
-61
-39
-13
9
20
4
-16
-22
3
48
81
91
72
33
-13
-58
-93
-98
-60
14
95
161
190
189
164
111
40
-34
-81
-74
-19
47
84
64
-12
-95
-141
-127
-66
-13
2
-31
-89
-111
-84
4
123
212
242
188
92
2
-42
-11
49
114
150
139
106
52
1
-27
-28
5
39
44
-6
-107
-206
-247
-206
-95
22
95
88
9
-91
-157
-147
-66
51
148
170
95
-45
-183
-254
-215
-106
-16
1
-76
-172
-207
-155
-51
16
15
-48
-113
-124
-99
-60
-52
-71
-76
-72
-27
15
48
93
121
160
157
107
47
-13
-6
37
79
96
51
16
21
93
220
305
323
243
112
21
-8
49
131
191
200
138
66
2
-10
39
105
170
166
89
-31
-159
-226
-220
-144
-35
34
54
10
-72
-134
-156
-111
-43
-6
-3
-63
-134
-189
-213
-180
-138
-73
-17
20
44
16
-14
-68
-118
-138
-143
-89
-38
1
16
-29
-59
-76
-27
65
124
143
72
-18
-90
-113
-66
-22
17
21
6
7
7
31
45
51
56
43
48
49
64
112
136
135
79
-6
-52
-74
-37
6
28
60
51
70
80
55
53
13
54
100
110
104
5
-14
-37
-58
-65
-114
-88
-70
18
130
182
184
58
-20
-69
-86
-18
2
55
40
-25
-18
-62
-68
-88
-127
-46
23
64
5
-152
-198
-167
-113
-5
-10
-18
31
30
145
-31
-164
-74
55
231
9
-83
-39
-28
-63
-248
-157
104
274
216
27
-32
118
197
28
-67
-149
22
100
34
83
-31
20
-10
72
134
67
-73
-180
-126
-145
-77
-118
-62
26
46
126
45
15
50
104
82
-69
-147
-94
34
43
-31
-110
-91
-24
37
39
4
35
51
119
21
-87
-130
-127
-81
19
59
58
50
12
283
12
-55
35
188
290
-160
-191
57
111
157
-127
-245
18
60
69
-140
-276
-62
127
-150
15
-129
-3
-77
-407
-66
-51
2
97
12
151
89
-157
32
-78
167
149
31
-42
-97
80
58
-2
-30
74
164
-7
-119
5
82
159
-30
55
216
273
182
205
144
186
179
212
397
256
242
73
-68
-91
-17
97
131
78
38
-28
-100
-226
-223
-283
-264
-82
-90
-133
-176
-171
-227
-421
-589
-445
-394
-429
-350
-357
-301
-259
-315
-213
-289
-345
-255
-280
-207
-120
-19
81
98
-9
22
46
194
314
275
318
298
368
434
527
649
650
584
517
520
622
581
574
543
549
537
283
174
193
361
474
365
212
99
-35
-105
-254
-450
-506
-445
-336
-400
-730
-735
-541
-394
-561
-885
-743
-593
-479
-651
-706
-628
-610
-533
-485
-385
-202
-127
-136
-320
-240
149
328
170
-29
367
905
1061
748
558
682
1031
1045
841
679
825
1067
899
403
163
320
519
498
234
209
11
-172
-308
-330
-323
-551
-700
-594
-596
-644
-844
-978
-805
-707
-583
-666
-970
-970
-715
-528
-448
-649
-491
-147
-8
-4
-132
-123
135
350
505
508
402
493
607
725
599
486
531
707
826
731
448
347
253
570
675
439
419
275
631
512
237
-72
-349
-175
97
120
-159
-448
-341
-280
-334
-723
-650
-612
-494
-266
-556
-459
-835
-567
-404
-501
-529
-622
-288
43
67
36
-120
141
446
605
539
455
704
838
657
255
294
614
922
783
592
687
665
507
216
-149
71
89
287
109
-412
-410
-488
-418
-513
-723
-457
-437
-678
-870
-1080
-942
-983
-1144
-1184
-1018
-913
-918
-1075
-961
-691
-714
-861
-755
-353
-109
-76
-96
-55
80
574
1258
1158
628
909
1745
2113
1452
927
1302
2048
2318
1766
1115
1172
1752
1921
1365
683
706
1156
1009
399
-37
-124
-288
-672
-632
-613
-1074
-1393
-1269
-982
-1084
-1661
-1707
-1440
-1293
-1165
-1395
-1678
-1800
-1583
-1023
-1006
-1298
-1062
-578
-134
-199
-543
-475
-205
186
338
654
738
361
328
923
1732
1170
428
688
1434
1867
1105
81
170
1039
1522
644
-405
-413
637
758
24
-696
-657
115
-237
-600
-1019
-1130
-928
-583
-301
-410
-713
-450
195
370
11
52
285
375
545
806
1086
797
681
915
1193
1282
1108
776
809
1011
1074
771
252
60
450
452
-103
-688
-730
-479
-591
-1134
-1537
-1775
-1657
-1423
-1840
-2056
-1934
-1826
-2013
-2197
-1818
-1288
-1419
-1556
-1211
-132
-36
-683
-581
481
1443
1107
656
1270
2093
2507
2109
1270
1737
2439
2731
2528
2023
2400
2835
2046
1641
1228
1042
999
312
329
88
-691
-740
-864
-1048
-1034
-1390
-1319
-1518
-1865
-1594
-1664
-2231
-2235
-1924
-1420
-1584
-2182
-2036
-1519
-1024
-919
-1079
-873
-527
-207
-213
-473
-430
-145
213
278
730
986
1365
1174
886
1587
2164
1973
1168
1243
2483
2863
2191
1172
927
2085
2600
1875
934
991
1769
2287
1074
330
266
348
636
-447
-1367
-1456
-1886
-1642
-1402
-2003
-1961
-2558
-2426
-1782
-1904
-2207
-2417
-1971
-1657
-1773
-1822
-1126
-1038
-1877
-1144
-376
-347
-541
-1138
-395
15
-145
-330
-598
9
727
787
-100
58
342
1301
1473
225
588
718
1305
2257
1970
1581
1216
1620
3079
3055
2013
1386
2329
3151
2885
1889
1648
2356
2540
2217
1425
826
519
561
389
-381
-1318
-1719
-1781
-1125
-1424
-2037
-2692
-2917
-2048
-1517
-1737
-2769
-3496
-2714
-1283
-1404
-2948
-3353
-1970
-639
-692
-2311
-2635
-1386
-90
-96
-1520
-1743
-576
314
111
-613
-814
-336
520
932
1221
813
192
1185
2646
3265
2169
1039
2303
3951
3932
2786
1701
2293
3610
3675
2738
2070
1943
2881
2986
1832
1078
132
182
523
-345
-1224
-1973
-2297
-1372
-1291
-2217
-2977
-3210
-2478
-1416
-1704
-2908
-3641
-3129
-1360
-1415
-2943
-3275
-2177
-705
-706
-2223
-2561
-1324
-136
-325
-1398
-1585
-504
282
-180
-608
-749
-60
901
1471
1805
882
385
1942
3371
3021
1758
1779
3639
4766
3628
2264
2214
3081
3905
3240
2553
2675
2717
3112
2536
1396
897
420
285
81
-826
-1546
-2300
-2359
-1496
-1708
-2810
-3305
-3315
-2406
-1509
-2664
-3689
-3823
-2330
-1335
-2821
-3727
-3100
-1583
-1083
-2373
-2920
-1977
-390
-418
-1677
-2104
-1431
-43
-349
-866
-1057
62
1136
1153
1016
382
940
2327
2799
2207
1637
2720
4338
4412
3353
2220
3283
4209
3908
3172
3086
3729
3889
3084
2348
2134
1542
1034
650
63
-473
-1393
-2224
-1647
-1719
-1761
-2614
-3245
-2670
-2068
-2045
-3284
-3669
-2843
-2456
-2605
-3288
-3353
-2497
-2237
-2266
-2580
-2438
-2016
-1312
-1534
-1733
-1587
-1371
-912
-1000
-1043
-600
-26
624
1119
678
824
1774
3113
3229
1723
2000
4467
5429
3800
1806
2969
5395
5312
3554
2487
3365
4792
4613
2593
1650
1796
2179
1682
-453
-1243
-1091
-1526
-1934
-2120
-2123
-2633
-3342
-2985
-2142
-2798
-3856
-3433
-3237
-3321
-3389
-3641
-3093
-3290
-3436
-2723
-2415
-2648
-2652
-2093
-1638
-1471
-1924
-1690
-1195
-1284
-871
-321
249
1108
1465
1437
1520
2495
3860
3218
2081
3153
5042
5199
3884
2993
4181
5393
4726
3804
3597
3903
4560
4126
2711
2050
1712
1684
1004
-583
-1564
-1655
-2119
-2197
-2194
-2905
-3292
-3367
-3161
-3171
-3704
-3678
-3708
-4254
-4093
-3567
-2858
-3252
-4068
-3351
-2275
-2180
-2595
-2647
-1728
-881
-1139
-1734
-1587
-1188
-461
-459
-525
444
1352
2159
1616
1498
2923
3983
3330
2718
3913
5232
5047
4402
3512
4131
5439
5377
4256
3285
3701
4946
4604
2117
1415
1763
1827
820
-1090
-1900
-1582
-2164
-2557
-2790
-2802
-3095
-3850
-3851
-3634
-2877
-3791
-5202
-4925
-3785
-2804
-3353
-4943
-4335
-2539
-1698
-2771
-3958
-3083
-917
-440
-1995
-3021
-2532
-559
-160
-741
-744
-64
1864
2348
1567
2250
3354
4000
3599
3776
5065
5435
4828
3729
4319
5821
5814
4450
3967
5427
5778
4518
2496
2408
3835
2590
197
-922
-954
-635
-1590
-3287
-3561
-1970
-2124
-4042
-4917
-4475
-2608
-3425
-5796
-5795
-4320
-3241
-3384
-4863
-5245
-3630
-2371
-2644
-3540
-3524
-1875
-961
-1916
-2900
-2677
-1057
-737
-1192
-377
557
1303
1812
1902
2932
3709
3782
3427
3834
5346
6265
5657
4203
3961
5568
6780
5767
4053
4496
6099
6156
4340
2293
2354
2763
2141
413
-1232
-2141
-1848
-2135
-2916
-2667
-3322
-4496
-4588
-3600
-3485
-4894
-6330
-5838
-3940
-3658
-5078
-5833
-5378
-3322
-2613
-3646
-4467
-3565
-1602
-1336
-2440
-3548
-2677
-1366
-812
-1124
-1128
181
1187
2311
2850
2149
2804
4436
5263
4460
3980
5512
6547
6097
4876
4739
5946
6326
5274
4856
5305
5451
5473
4392
2933
2376
1725
1158
389
-1130
-1794
-1925
-2645
-3081
-3259
-4197
-4928
-4365
-4075
-4755
-5679
-5852
-5061
-4861
-5631
-5563
-4797
-4442
-4121
-3734
-3777
-3543
-2894
-2236
-1973
-2546
-2358
-1683
-1376
-1159
-487
404
732
992
2979
4238
3476
2771
3932
6125
6034
4429
4342
6235
7307
6295
4458
4445
6014
7032
5888
4303
4106
5491
5269
3068
1238
761
998
-167
-1407
-2298
-3075
-3546
-3170
-3336
-4421
-5822
-5658
-4907
-5023
-6023
-6359
-5714
-5733
-5685
-5517
-5314
-5310
-5041
-3894
-2903
-2986
-3559
-3049
-1654
-1579
-1961
-2581
-1888
78
958
1144
1294
2444
3460
3270
4066
5717
6102
4944
4725
6659
8120
7110
4955
4864
6952
8013
6655
4550
4607
5972
6700
5118
2343
1432
1626
1780
398
-2101
-3369
-3202
-2762
-2718
-4200
-5919
-6304
-4914
-4403
-5948
-7243
-7006
-5966
-5860
-6409
-6428
-6106
-5541
-4674
-3667
-3797
-4359
-3479
-2278
-1590
-2496
-3018
-2121
-919
-172
-207
893
3444
3361
1486
3266
7462
7518
4387
3052
5547
9297
9190
5026
2736
5788
8981
8450
5179
3160
5809
8695
6628
3530
2105
1852
2328
1575
-1207
-2616
-3211
-3451
-1759
-2025
-5454
-6821
-5233
-4672
-5010
-6118
-7334
-7427
-6762
-6159
-5439
-6353
-7588
-5365
-2942
-3762
-5236
-4864
-2793
-1394
-2352
-3760
-3447
-1387
70
258
-493
692
4060
4119
2240
3882
7522
7269
4206
4027
7288
9845
7558
3882
4780
8161
9297
6639
3981
4808
7907
8227
4745
2189
2151
3334
2606
-604
-3070
-3081
-2841
-3360
-3602
-4363
-6383
-6493
-5190
-5189
-6601
-7982
-7371
-6453
-6617
-6832
-6218
-6526
-6716
-4626
-3198
-4006
-4748
-3557
-1336
-1227
-2733
-3252
-2014
-140
538
506
56
2024
5464
4649
2583
4368
8185
8054
4540
4165
7509
10203
7885
3831
4494
8068
9208
6260
3725
4736
8005
7936
3803
1643
2297
3034
1902
-1293
-3379
-2667
-2823
-4064
-4644
-4754
-6249
-6812
-5953
-6147
-6618
-7222
-7519
-7505
-7614
-6903
-5898
-6471
-7299
-5252
-3025
-3806
-4795
-4240
-1922
-1143
-2572
-3426
-2406
-105
800
625
240
1908
5552
5191
2634
4118
8529
8883
4951
4024
7395
10751
8962
4177
4186
7944
9682
7149
4302
4662
7558
8279
4617
1981
2030
2882
2517
-452
-3407
-2825
-2585
-4217
-4864
-4411
-5630
-6976
-6503
-6564
-7005
-7532
-7866
-7812
-7941
-7256
-5596
-6024
-7753
-6057
-2889
-3429
-5234
-4847
-2133
-720
-2201
-3427
-2476
-94
837
1213
542
855
5205
6983
3917
2623
6875
10138
7474
4251
5137
9406
10275
5700
3743
6428
9293
8400
5761
4050
5896
8119
5474
2190
1375
2288
2435
-242
-3829
-2980
-1593
-3894
-6040
-5213
-4925
-6160
-6950
-7316
-7251
-7131
-7423
-7929
-8300
-7983
-5790
-5106
-7170
-7229
-3947
-2635
-4303
-5057
-3428
-1506
-1604
-2926
-2611
-687
479
674
1281
1779
4020
6289
4502
2786
5477
9284
8185
4778
4876
8531
10879
7937
3969
5025
8450
9276
6778
4610
4756
7402
7421
3895
2045
1784
2340
1731
-1138
-3027
-2634
-3826
-5194
-4462
-4300
-6654
-7720
-6793
-6295
-7116
-8350
-8236
-7812
-7586
-7005
-6440
-7313
-7344
-4671
-3178
-4676
-5379
-3487
-1195
-1544
-3172
-3267
-1619
278
789
826
679
2340
6088
6029
3174
3839
8154
9479
5926
3986
6924
10716
9611
5323
4716
7603
9378
7714
5468
4859
6386
7677
5327
2770
2014
1987
1507
-489
-2671
-2918
-3410
-4872
-5126
-4303
-5911
-7606
-7153
-6916
-7150
-7738
-7951
-8175
-8470
-7793
-6312
-6291
-7860
-6518
-3546
-3598
-5141
-4926
-2556
-1376
-2031
-2796
-2208
-255
604
956
1217
2035
5630
6704
4230
4010
7979
10394
6970
4237
6539
10550
10617
6058
4118
6801
9456
8673
5692
4280
5772
8374
6604
2723
1079
1577
2179
666
-2543
-3967
-3510
-4289
-5043
-5030
-6315
-7848
-7083
-6635
-7599
-8631
-8519
-8284
-8598
-8260
-6561
-5974
-7580
-6818
-3942
-3469
-5030
-4862
-2507
-1016
-1824
-2661
-2289
-592
811
1354
1532
1806
4676
6869
5293
4046
6756
9773
8029
5247
6217
9315
10475
7233
4593
5935
8458
8367
6763
5123
4416
6654
7354
4773
1482
246
1190
2056
-365
-4408
-5457
-4365
-3800
-4096
-6769
-9535
-7676
-4809
-6421
-9488
-9769
-8181
-6979
-8040
-8746
-7307
-6756
-6446
-4186
-3301
-4753
-4878
-2413
-894
-1589
-2530
-2097
-399
785
842
1560
2463
4144
6230
5643
4573
6325
9058
8308
6038
6245
8914
10128
7706
5364
6205
8005
7903
6118
5271
5595
6936
6473
3998
2335
1522
1396
442
-1433
-3148
-3978
-4767
-4897
-4902
-5945
-8127
-8200
-6706
-6775
-8089
-8980
-8345
-7806
-7728
-7610
-7081
-6968
-6237
-4253
-3880
-4945
-4547
-2408
-1037
-1889
-2637
-1975
-377
807
771
963
1679
3946
6498
5680
3927
5521
9227
9178
5904
5111
7727
10622
8986
5243
4945
7323
8819
7207
4939
4297
6190
7389
4933
2401
1528
1529
1098
-590
-2789
-3878
-4268
-4789
-4857
-5272
-7399
-8016
-6839
-6712
-7606
-8637
-8779
-8421
-7747
-7269
-7036
-7052
-7031
-4933
-3380
-4344
-4957
-3543
-1423
-1149
-2064
-2588
-1505
451
1157
1339
1677
3426
6070
5987
4674
5765
8663
8943
6426
5874
7768
9741
8686
5655
5473
7286
8079
7003
5374
4716
5926
6726
4876
2816
1852
1492
1046
-469
-2885
-4096
-4292
-4698
-5024
-5782
-7257
-7513
-6790
-7083
-8092
-8384
-8266
-8350
-8036
-7831
-7023
-6733
-6905
-5466
-3691
-3660
-4386
-3375
-2019
-1644
-1944
-2212
-1187
617
1230
1326
2032
3568
5534
5615
4940
6219
8701
8493
6131
6030
8056
9298
8005
5717
5899
7422
7709
6571
5832
5325
5751
6227
4758
3343
2215
1282
388
-494
-2466
-3780
-4609
-5075
-4380
-4798
-7054
-8353
-7036
-6155
-7300
-8759
-8783
-7676
-7300
-7772
-7314
-6977
-6747
-5377
-3746
-4115
-4807
-3617
-1701
-1395
-2516
-2619
-1051
757
887
1164
2131
3649
5526
5489
4622
5981
8598
8668
6249
5808
7986
9754
8159
5168
5317
7415
8146
6404
5005
5069
6327
6658
4626
2828
2144
1710
922
-407
-2662
-3834
-4103
-4591
-4604
-5268
-7087
-7875
-7113
-6627
-7510
-8431
-8444
-7885
-7397
-7649
-7090
-6843
-6850
-5585
-3904
-3695
-4603
-3784
-1848
-1016
-1868
-2904
-1804
508
1436
1445
1825
3618
5653
5596
4902
6307
8532
8009
6125
6544
8530
9505
7701
5288
6100
8034
7913
5984
4937
5449
6696
6294
3901
2567
2401
1822
501
-1017
-3127
-4070
-4096
-4475
-4865
-6058
-7664
-7448
-6319
-6851
-8572
-8914
-8220
-7740
-7732
-8059
-7137
-6414
-6419
-5537
-4113
-3951
-4300
-3211
-1912
-1725
-2024
-2266
-1231
533
1598
2066
2588
4330
5575
5603
5880
7318
8806
7470
6056
7482
9363
9190
6408
5196
6996
8521
7640
5360
5043
6203
7054
5492
2949
2070
2036
1803
518
-2165
-4289
-3947
-3582
-4655
-6265
-7108
-7120
-6752
-7084
-8090
-8496
-8400
-8398
-8326
-8378
-7832
-6678
-6475
-6476
-5192
-3931
-4120
-4007
-2935
-1675
-1591
-2029
-1843
-365
888
1274
2343
4131
5620
5437
5159
6748
8883
8368
6027
6095
8654
10117
8448
5267
5303
7743
8877
6938
4518
4952
7201
7608
4700
2108
1755
2151
1444
-156
-3023
-4775
-4194
-3497
-4610
-7022
-8187
-7125
-6061
-7251
-9023
-9008
-8149
-7903
-8115
-8495
-7764
-6693
-6148
-5807
-4988
-4383
-3842
-2862
-2280
-2098
-1956
-1644
-883
104
799
1471
2803
4862
5525
5008
5810
8348
9109
6803
5520
7697
10133
9304
6202
5121
7302
8908
7667
5407
4856
6533
8022
5804
2608
1802
2473
2103
106
-2223
-4045
-3892
-3865
-4721
-5926
-7562
-7527
-6479
-7013
-8562
-9046
-8019
-8317
-8899
-8770
-7870
-6605
-6792
-6129
-5170
-4206
-4095
-3647
-2510
-2219
-1836
-1939
-1347
-21
842
1368
2213
4616
5863
4890
5213
7723
9621
7801
5770
6986
9836
10359
7171
5151
6511
8742
8885
6290
4460
5436
7758
7089
3566
1618
1897
2609
1175
-1698
-3859
-4295
-4391
-4746
-5168
-7115
-8758
-7734
-6580
-7373
-9131
-9580
-8540
-8099
-8437
-8594
-7779
-7258
-6323
-4712
-4669
-5313
-4416
-2274
-1325
-2215
-2873
-1803
272
1455
1561
1950
3888
6010
6025
5587
7164
9491
8763
6382
6851
9758
10941
8108
5279
6400
8972
9048
6399
4645
5786
8129
7554
4027
1636
1782
2737
1651
-1533
-4420
-4621
-3864
-4287
-5780
-7552
-8418
-7702
-7034
-8077
-9471
-9848
-8977
-8019
-8455
-9083
-8436
-7440
-6384
-5119
-4666
-4923
-4128
-2352
-1432
-2155
-2837
-1913
155
1165
1549
2316
3783
5546
5993
6065
7088
8778
8560
6993
7140
9259
10609
8514
5724
6421
8689
8917
6439
4847
5642
7510
7335
4555
2713
2209
2149
1305
-689
-3546
-4598
-4129
-3878
-4946
-7126
-8527
-8119
-7117
-8027
-9386
-9576
-9306
-8798
-8572
-8593
-8338
-7942
-6922
-5571
-4438
-4864
-4658
-2958
-1727
-1795
-2444
-1995
-297
1116
1240
1884
3732
5317
5430
5888
7647
9146
8483
6784
7174
9490
10365
8676
6181
6442
8779
9474
7526
5199
5723
7796
7872
5037
2856
2550
2756
1824
-248
-2861
-4449
-4522
-4321
-4884
-7013
-8786
-8251
-7086
-8025
-9537
-9833
-9190
-9077
-9526
-9289
-8195
-7506
-7461
-6662
-5458
-4958
-4577
-3755
-2893
-2458
-2277
-1763
-776
465
1314
2301
4218
5566
5095
5383
7826
9763
8449
6359
7362
10382
11294
8348
5884
6988
9041
9311
7376
5609
6047
8119
8223
5383
3066
2455
2737
2036
-297
-2902
-3810
-4052
-4602
-5257
-6944
-8641
-8731
-7891
-8178
-9205
-9855
-9892
-9090
-9078
-9283
-8615
-7889
-7248
-6479
-5753
-5793
-4925
-3289
-2449
-2534
-2836
-2100
-272
916
1063
1932
4328
5981
5702
5993
7926
9850
8933
6810
7467
10327
11353
8732
6219
7183
9502
9675
7094
5442
6627
8458
7908
5076
3102
2676
2775
1978
-493
-3180
-4167
-4172
-4497
-5765
-7374
-8246
-7998
-7974
-9134
-9902
-9905
-9822
-9812
-9916
-9677
-8918
-8167
-7768
-6734
-5895
-5889
-5089
-3672
-2702
-2664
-2973
-2192
-316
1047
1531
2411
4496
5788
5806
6646
8530
9584
8507
7423
8707
10628
10613
8292
6812
7879
9283
9303
7745
6372
6862
8379
7668
5216
3607
3012
2583
1497
-487
-2738
-4042
-4429
-4445
-5314
-7474
-8933
-8287
-7844
-9031
-10408
-10501
-9683
-9441
-9904
-10008
-8966
-8286
-8093
-7137
-6185
-5761
-5168
-3712
-2646
-2798
-2921
-2192
-636
601
1487
2962
4834
5548
5515
6861
9016
9554
8043
7282
9190
11469
10800
7656
6712
8519
9691
9082
7340
6893
7848
8872
7749
5355
3817
3141
3096
1723
-914
-2950
-3395
-3870
-4897
-6121
-7548
-8250
-8270
-8423
-8996
-9678
-10446
-10705
-10139
-9993
-10062
-9642
-8840
-7681
-6959
-6797
-6583
-5486
-4005
-3203
-3235
-3307
-2173
-379
307
733
2418
4863
5871
5179
6143
8946
10102
8226
6808
8763
11575
11417
8507
6822
8401
10087
9732
7747
6676
7774
9006
8156
5393
3755
3475
3467
2237
-390
-2700
-3528
-3595
-4181
-5622
-7444
-8297
-7960
-8021
-8787
-9456
-10293
-10725
-10272
-9486
-9511
-9911
-9458
-7934
-6539
-6759
-7074
-5730
-3960
-3451
-3850
-3560
-2293
-653
330
917
2373
4373
5578
5518
6103
8091
9627
8745
7158
8124
10760
11247
8813
6942
8051
10018
9960
7781
6427
7289
8814
8428
5875
3857
3515
3952
2599
-273
-2819
-3370
-3047
-3928
-5753
-7328
-7711
-7693
-8115
-9293
-10029
-9774
-9871
-10397
-10474
-10088
-9582
-9186
-8389
-7418
-6597
-6515
-6010
-4340
-3656
-3921
-3867
-2747
-931
201
602
1724
4090
5497
5236
6155
8467
9725
8800
7535
8680
10879
10960
8815
7690
8757
9739
9740
8363
7099
7602
8721
8372
6180
4365
3677
3716
2606
-285
-2255
-2938
-3499
-4203
-5254
-6545
-7778
-7944
-8136
-8894
-9364
-10280
-10386
-10105
-10041
-10027
-10002
-9502
-8686
-7261
-7129
-7134
-5979
-4636
-3674
-4027
-4010
-2997
-1199
52
463
1767
3684
5143
5338
6104
8367
9634
8689
7521
8792
11145
11026
8500
7220
8949
10286
9510
7772
7165
8349
9349
8398
6102
4675
4364
4091
2625
-136
-2458
-2778
-2886
-3861
-5437
-6910
-7549
-7700
-7945
-9077
-9864
-10089
-10301
-10110
-10310
-10469
-10053
-9254
-8438
-8036
-7688
-7387
-5899
-4512
-4585
-4543
-3823
-2720
-1413
-559
83
1735
3943
5089
5056
5961
8027
9652
9035
7385
8418
11043
11470
9305
7358
8348
10121
10136
8221
7094
8293
9355
8680
6420
4738
4404
4116
2675
368
-1206
-1989
-3111
-4241
-5381
-6088
-7125
-8354
-8601
-8540
-8638
-9986
-11144
-10625
-9699
-9389
-10335
-10394
-8893
-7308
-6870
-7612
-6812
-5039
-3734
-3920
-4403
-3494
-1908
-467
13
1084
3244
4802
5152
5592
7559
9392
8989
7674
7892
10207
11421
9869
7668
7728
9812
10620
8851
6674
7221
9506
9745
6943
4307
4112
4663
3564
914
-1555
-2305
-2432
-3372
-4994
-6655
-7373
-7224
-7227
-8568
-9849
-9981
-9843
-10027
-10435
-10433
-10149
-9565
-8743
-8114
-7816
-7683
-6520
-5052
-4720
-4914
-4269
-3021
-2105
-1182
-473
825
2824
4483
5161
5471
6904
8714
9262
8240
7716
9571
11248
10638
8773
8018
9085
10095
9814
7917
7089
8351
9300
8131
5578
4129
4308
3838
1676
-817
-2151
-2582
-3277
-4259
-5792
-7036
-7575
-7720
-8064
-8890
-9822
-10147
-10057
-10025
-10299
-10368
-9786
-9071
-8253
-7796
-7331
-6653
-5781
-5169
-4862
-4424
-3604
-2605
-1601
-709
285
2120
4021
4752
4832
6160
8463
9479
8469
7450
8649
10930
11164
9189
7726
8465
9996
10141
8238
6768
7743
9267
8586
6255
4556
4217
4200
2484
195
-1253
-2404
-3466
-4046
-4866
-6388
-7600
-7837
-7837
-8219
-9237
-10196
-10018
-9864
-10111
-10276
-10070
-9349
-8417
-7912
-7833
-7076
-5827
-5030
-4548
-4278
-3696
-2741
-1901
-1089
1
1832
3531
4566
4764
5332
7496
9200
8966
7690
7908
10313
11576
10013
7381
7402
9721
10493
8928
6961
7547
9248
8947
6561
4538
4216
4177
2890
838
-1006
-2081
-3024
-4259
-4800
-5696
-6772
-7724
-8258
-8442
-9029
-9525
-10294
-10425
-9895
-9773
-9391
-9439
-9186
-8400
-7501
-6860
-6515
-5573
-4785
-3906
-3563
-3272
-2361
-1157
-224
909
2890
4377
4767
5132
6620
8528
9097
7985
7516
9329
11196
10725
8471
7263
8762
10410
9770
7317
7111
8786
9297
7805
5430
4427
4164
3279
1598
207
-1491
-3178
-3811
-3949
-4959
-6628
-7624
-7736
-7642
-8502
-9588
-9788
-9979
-10218
-10191
-9813
-9506
-8986
-8336
-7924
-7094
-6460
-5812
-5246
-4706
-3881
-3184
-2833
-2230
-963
609
2070
3437
4311
4720
6050
8030
9046
8074
6795
8242
11131
11438
8729
6682
8103
10312
9916
7353
6477
8201
9472
8387
5906
4586
4260
3881
2397
312
-1179
-2468
-3362
-4009
-4708
-5737
-7066
-7486
-7601
-8053
-8850
-9503
-9559
-10045
-10285
-9852
-9221
-9059
-8824
-7631
-6639
-6118
-5917
-5340
-4219
-3624
-3305
-2900
-2147
-1173
46
1641
3176
4214
4429
5320
7464
8953
8570
7375
7632
9896
11319
9635
7052
7410
9826
10489
8316
6211
7103
9056
8872
6587
4747
4000
3729
2743
991
-919
-2700
-3387
-3713
-4140
-5715
-7348
-7351
-7257
-7770
-9040
-9650
-9392
-9714
-10015
-10190
-9454
-8953
-8803
-8231
-7554
-6474
-6028
-5454
-4796
-4253
-3459
-3066
-2385
-1376
-386
1053
2591
4177
4605
4806
6697
8956
9382
7554
6866
9233
11593
10667
7615
6785
9117
10673
9300
6678
6348
8303
9234
7652
5221
3953
3831
3470
1851
-176
-2158
-3296
-3514
-3650
-4898
-7095
-7778
-7154
-7189
-8422
-9743
-9391
-9053
-9514
-9970
-9811
-9060
-8753
-8087
-7486
-6764
-5998
-5525
-4709
-4130
-3705
-3205
-2660
-1705
-777
465
2190
3833
4304
4042
5786
8422
9066
7463
6506
8699
11404
10785
7506
6351
8789
10638
9701
7037
6290
8357
9453
7851
5378
4116
4002
3756
2242
55
-1782
-2965
-3659
-3760
-4364
-6277
-7670
-7638
-7379
-7860
-9070
-9871
-9991
-9588
-9404
-9395
-9397
-9196
-7967
-6948
-6888
-6883
-5945
-4628
-3887
-3843
-3610
-2896
-1708
-723
208
2072
3881
4574
4275
5017
7699
9300
8117
6535
7935
11160
11431
8317
6058
7764
10533
10412
7606
6120
7658
9192
8391
5903
4054
3759
3804
2636
663
-1474
-2973
-3453
-3448
-4005
-5802
-7265
-7457
-7110
-7383
-8928
-9695
-9792
-9771
-9370
-9389
-9361
-9381
-8288
-7264
-6947
-6784
-6226
-4662
-3924
-3945
-3598
-2819
-1948
-1174
-212
1400
3207
4390
4300
4887
7137
8823
8372
6630
7029
10046
11447
9427
6818
7303
9547
10152
8239
6007
6785
8623
8834
6684
4441
3532
3729
3287
1112
-1023
-2796
-3309
-3281
-3743
-5390
-7200
-7305
-7068
-7314
-8283
-9412
-9336
-9393
-9257
-9183
-9240
-9120
-8528
-7128
-6813
-6689
-6134
-4953
-3871
-3876
-3788
-2945
-2090
-1358
-633
649
2525
4040
4423
4306
6064
8436
8846
7447
6493
8589
11022
10073
7364
6461
8498
10039
9031
6578
5977
7969
9084
7629
4993
3554
3702
3827
2121
-259
-2168
-3185
-3121
-3338
-4713
-6726
-7459
-6857
-6826
-7849
-9213
-9383
-8920
-9065
-9250
-9456
-9257
-8625
-7570
-6938
-6874
-6204
-5320
-4394
-4021
-3938
-3247
-2489
-1666
-897
169
1807
3371
4345
4258
5083
7284
8692
8060
6447
7349
10139
10957
8808
6383
7317
9652
10004
7717
5679
6922
8880
8664
6005
3668
3297
3875
3016
646
-1654
-3072
-3053
-2932
-3978
-6136
-7482
-6978
-6432
-7277
-9057
-9855
-8999
-8649
-8913
-9543
-9520
-8724
-7579
-6830
-7084
-6538
-5314
-4216
-3876
-4100
-3696
-2816
-1967
-935
-99
994
2623
4376
4702
4477
6037
8216
8577
7002
6563
8998
11017
9739
6867
6445
8746
10045
8784
6251
6186
8190
8859
6936
4179
3245
3720
3530
1518
-888
-2394
-3035
-3055
-3449
-4986
-6831
-7350
-6767
-6898
-8031
-9341
-9472
-8993
-8858
-8861
-9143
-9114
-8490
-7267
-6695
-6756
-6215
-5084
-3865
-3635
-3745
-3214
-2318
-1204
-469
277
1702
3514
4471
4028
4823
7375
8831
7971
6496
7397
10135
10658
8305
6308
7397
9419
9460
7344
5791
6992
8595
8046
5591
3778
3460
3811
2925
507
-1554
-2844
-3152
-2996
-3959
-6002
-7344
-6621
-6066
-7167
-8890
-9781
-8873
-8543
-8901
-9196
-9227
-8348
-7433
-6802
-7184
-6806
-5328
-4308
-3752
-4038
-3560
-2366
-1648
-998
-421
653
2498
4407
4822
3909
5160
7902
8651
7128
6066
8358
11018
10089
7008
6078
8327
9767
8600
6322
5935
7744
8640
7161
4705
3595
3827
3907
2153
-620
-2366
-2928
-3091
-3488
-4901
-6730
-7412
-6663
-6472
-7830
-9300
-9587
-8634
-8261
-8853
-9410
-9058
-7979
-6944
-6858
-7183
-6421
-4807
-3805
-3819
-3928
-3176
-1856
-996
-576
-243
1148
3378
4774
4433
4161
6221
8373
8159
6512
6469
9232
10687
8901
6630
7003
9173
9528
7877
6223
6813
8239
7911
6050
4200
3584
3681
3037
1128
-821
-2178
-2941
-3329
-4149
-5627
-6841
-6931
-6673
-7100
-8179
-9213
-8964
-8625
-8826
-9067
-9183
-8573
-7774
-6977
-6994
-6703
-5585
-4505
-3742
-3934
-3719
-2549
-1488
-935
-619
130
1714
3760
4624
4100
4659
6893
8637
8141
6540
6892
9416
10397
8624
6755
7169
8789
9093
7557
6088
6515
7709
7644
5993
4073
3203
3321
2757
440
-1781
-2689
-2899
-2968
-4435
-6134
-6912
-6775
-6599
-7634
-8615
-9136
-8679
-8249
-8880
-9160
-8982
-8083
-7289
-6888
-6618
-6154
-4938
-4200
-3765
-3775
-3429
-2146
-1124
-657
-455
287
2335
4540
4897
3992
4654
7273
8869
7853
5975
6687
9651
10422
8045
6085
6854
8821
8926
6931
5401
6584
7989
7279
5330
3553
3240
3500
2405
-114
-1695
-2370
-2848
-3349
-4529
-5841
-6690
-7027
-7254
-7583
-8227
-8938
-8658
-8539
-8784
-8919
-8788
-8222
-7330
-6413
-6430
-6225
-5312
-4094
-3439
-3707
-3632
-2143
-637
-290
-422
375
2589
4642
4853
4007
4989
7624
8984
7764
6007
7006
9873
10401
8066
6154
7283
9110
8896
6783
5563
6810
7829
6991
5087
3728
3333
3096
1564
-699
-2005
-2552
-3256
-4003
-4977
-6124
-6921
-7245
-7290
-7654
-8441
-9139
-8819
-8348
-8640
-8884
-8649
-7931
-6973
-6482
-6322
-5940
-4718
-3502
-3176
-3353
-3260
-1739
-374
-94
-15
884
3218
4856
4653
4025
5167
7587
8415
7262
6213
7523
9711
9616
7520
6238
7264
8593
8286
6576
5849
6842
7221
6243
4699
3707
3146
2367
1020
-522
-1651
-2810
-3608
-4018
-4807
-5845
-6770
-7167
-7204
-7497
-8318
-8943
-8631
-8351
-8403
-8607
-8642
-7909
-6924
-6244
-6117
-5578
-4474
-3443
-2903
-3028
-2613
-1553
-706
-306
35
1280
3465
4732
4394
4113
5787
7973
8084
6739
6168
8059
9937
9206
7207
6254
7622
8738
7854
6046
5540
6810
7201
6053
4247
3180
2990
2349
842
-820
-2079
-3019
-3396
-3869
-5110
-6502
-7196
-6871
-6854
-7877
-8901
-8935
-8345
-8206
-8481
-8619
-8115
-7247
-6503
-6313
-6193
-5159
-3839
-3227
-3287
-3156
-2105
-1019
-494
-278
233
2100
4179
4818
3934
4034
6564
8452
7884
6109
6179
8853
10113
8459
6141
6153
7960
8658
7422
5494
5661
7026
7057
5518
3757
2862
2764
2184
562
-1316
-2828
-3635
-3571
-3669
-5336
-7049
-7298
-6634
-6668
-7883
-9027
-8952
-8156
-7876
-8244
-8557
-8235
-6809
-5779
-5938
-6002
-5112
-3569
-2971
-3051
-2923
-1904
-805
-423
-136
492
2453
4589
4873
4094
4671
7034
8354
7335
5868
6769
9516
9719
7324
5705
6599
8296
8362
6619
5444
6415
7408
6717
4882
3296
2673
2912
1953
-84
-1542
-2740
-3406
-3586
-4468
-6113
-7112
-6881
-6586
-6962
-8189
-9185
-8688
-8260
-8351
-8470
-8416
-7837
-6753
-5989
-6010
-5705
-4644
-3501
-2807
-2860
-2658
-1776
-982
-410
-38
987
3071
4689
4463
3911
5466
8074
8417
6495
5596
8051
10457
9217
6418
5654
7677
8998
7701
5636
5421
7022
7532
6110
3882
2695
2987
2846
1185
-990
-2342
-3022
-3099
-3560
-4990
-6605
-7155
-6494
-6679
-7723
-8904
-8900
-7955
-8006
-8197
-8428
-7939
-7033
-6453
-6045
-6059
-5128
-4105
-3400
-3086
-3135
-2191
-1159
-417
-51
244
1874
4016
4830
4015
4347
6910
8376
7404
5735
6443
9240
9723
7498
5783
6669
8439
8474
6747
5263
6046
7191
6672
4958
3299
2774
2852
2091
191
-1569
-2711
-3518
-3417
-3933
-5737
-7176
-7246
-6500
-6728
-7978
-9026
-8663
-7727
-7847
-8361
-8456
-7794
-6396
-5680
-5920
-5900
-4775
-3357
-2865
-3075
-2868
-1641
-458
-37
-42
673
2840
4822
4535
3504
4704
7507
8564
6763
5255
7053
10027
9458
6483
5340
7183
9007
8161
5717
4980
6467
7384
6340
4368
2930
2884
3302
1820
-512
-2148
-2767
-2975
-3310
-4583
-6180
-6754
-6685
-6634
-7235
-8503
-8926
-8296
-8029
-8347
-8769
-8486
-7623
-6439
-5994
-5987
-5412
-4489
-3504
-3223
-3385
-2773
-1515
-489
-190
94
1562
3906
4948
4107
4150
6402
8435
7938
6106
6226
8893
10091
8268
6009
6292
8244
8782
7201
5411
5901
7277
7132
5442
3536
2710
2862
2368
459
-1500
-2732
-3318
-3414
-3976
-5592
-6988
-7066
-6548
-6753
-8137
-9223
-8826
-8005
-8042
-8640
-8764
-8064
-6797
-5996
-6258
-6041
-4752
-3416
-2889
-3234
-3007
-1774
-651
-240
-180
936
3138
4843
4635
3958
5559
7824
8149
6719
5886
7682
9725
9109
6852
5987
7589
8820
7890
5832
5291
6831
7543
6442
4565
3079
2794
2611
1203
-702
-2261
-3060
-3083
-3403
-5034
-6814
-7052
-6675
-6914
-7776
-8762
-8759
-8190
-8179
-8349
-8463
-8205
-7409
-6646
-6398
-6166
-5068
-3893
-3325
-3262
-3220
-2232
-1166
-762
-424
457
2345
4108
4295
3706
4764
7177
8182
7206
6058
7121
9537
9646
7342
5848
6835
8440
8327
6422
5318
6418
7411
6754
5004
3355
2814
3003
2089
90
-1534
-2591
-3050
-3332
-4458
-5852
-6580
-6925
-7138
-7412
-8073
-8608
-8521
-8361
-8225
-8013
-8076
-7839
-6976
-6248
-5870
-5336
-4567
-3927
-3346
-3130
-2625
-1564
-808
-344
125
1688
3605
4186
3714
4227
6728
8232
7396
5979
6495
9113
9864
8024
6050
6390
8289
8679
7008
5203
5891
7414
7204
5576
3774
3090
3260
2530
662
-1077
-2368
-2967
-3127
-3929
-5538
-6794
-6990
-6970
-7202
-7852
-8500
-8248
-8292
-8567
-8455
-8422
-7851
-7071
-6454
-6313
-5847
-4681
-4057
-3703
-3730
-3095
-1711
-1021
-723
-435
998
3166
4295
4037
3909
5807
7889
7884
6331
5845
8028
9800
8887
6866
6300
7733
8781
7692
5770
5637
6972
7543
6484
4452
3113
3093
2850
1427
-278
-1876
-2940
-3167
-3587
-4756
-6037
-6710
-6885
-7087
-7693
-8362
-8396
-8316
-8337
-8160
-8145
-8029
-7460
-6807
-6479
-6073
-5103
-4169
-3670
-3646
-3343
-2165
-1271
-796
-449
502
2594
4164
3959
3413
5095
7544
7925
6472
5629
7645
9894
9118
6597
5712
7392
8835
8230
6036
5229
6719
7399
6468
4708
3376
3244
3038
1772
-123
-1628
-2670
-3091
-3063
-4373
-5981
-6508
-6696
-6751
-7539
-8355
-8373
-8069
-8068
-8332
-8126
-8112
-7482
-6603
-6448
-6108
-5448
-4380
-3662
-3559
-3423
-2652
-1547
-783
-310
279
2146
4149
4023
3327
4729
7191
7793
6476
5727
7481
9748
9011
6435
5643
7219
8731
8189
6079
5332
6848
7720
6539
4839
3794
3628
3347
1780
68
-1131
-2340
-3192
-3297
-4080
-5669
-6310
-6559
-6846
-7325
-8007
-8188
-8142
-8185
-8170
-7798
-7819
-7699
-6894
-6489
-6320
-5841
-4802
-3844
-3697
-3724
-2880
-1581
-928
-664
38
1910
4021
4211
3301
4178
6685
7893
6791
5357
6433
9204
9738
7484
5664
6493
8382
8648
6606
5092
6280
7629
7123
5393
3759
3328
3448
2429
551
-910
-2022
-2838
-3028
-3877
-5430
-6255
-6534
-6592
-7118
-7899
-8176
-7987
-8114
-8449
-7971
-7763
-7438
-7009
-6940
-6512
-5828
-4858
-4232
-3848
-3570
-2907
-1818
-1360
-818
42
1600
3699
4009
3394
4196
6541
7877
6730
5488
6309
9161
9784
7339
5755
6361
8189
8504
6764
5425
6180
7471
7085
5592
3958
3085
3310
2466
663
-671
-1885
-2544
-2820
-3450
-4999
-6077
-6315
-6516
-6635
-7743
-8438
-8028
-7864
-8056
-8174
-8040
-7589
-6873
-6644
-6681
-6016
-4978
-4107
-3713
-3865
-3216
-1853
-863
-559
-513
817
3144
4214
3455
3659
5970
7684
7151
5560
5673
8256
9649
8078
5979
5958
7696
8477
7192
5348
5752
7183
7220
6009
4356
3429
3234
2589
1081
-381
-1538
-2489
-2912
-3464
-4836
-5649
-5957
-6339
-6708
-7352
-7648
-7776
-7965
-8293
-8175
-7825
-7745
-7166
-6768
-6507
-5771
-4960
-4390
-4121
-3765
-2962
-2085
-1598
-1105
-301
983
2851
3738
3294
3589
5683
7458
6913
5711
5815
8083
9538
8156
6423
6100
7597
8404
7410
5795
5538
6955
7082
5951
4408
3278
3174
2629
1412
21
-1315
-2413
-2966
-3211
-4367
-5662
-6065
-6310
-6614
-7300
-7827
-7838
-7836
-7913
-7936
-7901
-7982
-7469
-6763
-6436
-6109
-5269
-4290
-3870
-3760
-3280
-2189
-1522
-1051
-500
645
2671
3709
3321
3454
5681
7453
6949
5844
5854
7981
9371
8093
6326
6204
7604
8351
7560
5829
5583
6823
6923
5840
4619
3726
3272
2698
1312
-66
-1316
-2577
-3242
-3181
-4041
-5445
-6020
-6379
-6408
-6947
-7695
-8028
-7949
-7680
-7804
-7775
-7853
-7310
-6368
-6356
-6306
-5496
-4229
-3666
-3759
-3432
-2468
-1492
-1006
-653
488
2669
3862
3334
3308
5246
7321
7053
5723
5586
7529
9240
8142
6363
6145
7414
8130
7218
5783
5859
6965
6875
5888
4858
4079
3338
2480
1382
403
-702
-2374
-3216
-3305
-3998
-5081
-6105
-6645
-6528
-6613
-7278
-8076
-8157
-7921
-7760
-7749
-8011
-7404
-6514
-6158
-6071
-5578
-4577
-3887
-3566
-3312
-2411
-1524
-936
-507
312
2435
3664
3303
3176
4938
7201
6934
5662
5512
7375
9243
8139
6488
6089
7348
8249
7288
5777
5593
6940
7010
5890
4665
3894
3561
2668
1269
283
-702
-2070
-3168
-3360
-3921
-5031
-5910
-6682
-6483
-6468
-7043
-7760
-8111
-7758
-7605
-7582
-8084
-7866
-6708
-5999
-5760
-5672
-4900
-3982
-3545
-3286
-2694
-1751
-907
-388
634
2414
3472
3266
3562
5619
7358
6932
5742
5968
8031
9019
7664
6279
6335
7700
8090
6942
5496
5692
7086
6858
5527
4316
3962
3813
2530
861
-81
-767
-1976
-3037
-3467
-3932
-4804
-5840
-6765
-6973
-6869
-7146
-7667
-8168
-8103
-7687
-7579
-7838
-7644
-6814
-6129
-5749
-5418
-4733
-4043
-3749
-3249
-2447
-1731
-1049
-477
775
2779
3549
3068
3529
5931
7564
6738
5585
5945
8171
9101
7426
6185
6565
7936
8102
6707
5420
5766
7112
6722
5385
4356
3854
3624
2493
1008
1
-967
-2165
-3117
-3329
-3950
-4872
-5573
-6518
-6730
-7017
-7411
-7807
-8041
-7731
-7559
-7454
-7751
-7340
-6520
-6227
-5817
-5285
-4496
-3918
-3711
-3119
-2391
-1648
-1106
-633
1056
3070
3626
2934
3635
6245
7273
6155
5191
6399
8888
8822
6789
5968
6897
7970
7611
6297
5458
6323
7042
6098
5028
4247
3772
3391
2075
795
-15
-1057
-2315
-3126
-3367
-4369
-5095
-5798
-6506
-6358
-6799
-7276
-7853
-7913
-7536
-7495
-7506
-7814
-6934
-6270
-6340
-6028
-5395
-4134
-3791
-3755
-2967
-2153
-1339
-1135
-597
1380
3128
3276
2675
4055
6732
7263
5929
5013
6656
9145
8668
6519
5816
7091
8231
7479
5786
5322
6784
7461
6420
5201
4184
3762
3232
2024
778
-332
-1355
-2343
-2794
-3608
-4956
-5500
-6086
-6208
-6251
-6791
-7309
-7800
-7568
-7487
-7614
-7918
-7618
-6477
-6166
-6226
-6113
-5358
-4133
-3775
-3754
-3213
-2178
-1129
-814
-124
1648
2931
2721
2745
5085
7071
6550
5392
5470
7763
9060
7466
5899
6234
7827
7953
6556
5271
5765
7320
6799
5550
4726
4201
3890
2798
1568
486
-636
-1617
-2291
-2457
-3785
-5205
-5425
-5927
-5975
-6486
-7159
-7355
-7537
-7235
-7392
-7593
-7827
-7155
-6076
-6236
-6109
-5608
-4701
-3800
-3803
-3565
-2896
-1810
-1021
-709
794
2376
2791
2421
3466
6086
6707
5563
4937
6644
8992
8412
6278
5403
7074
8432
7481
5779
5256
6943
7356
5898
4833
4406
4341
3391
2143
1331
-17
-1414
-2350
-2440
-3078
-4793
-5383
-5605
-5775
-6203
-7127
-7443
-7595
-7431
-7154
-7206
-7540
-7601
-6699
-6067
-5987
-5802
-5202
-4079
-3538
-3354
-3099
-2520
-1605
-1056
257
1733
2187
2154
3034
5462
6456
5617
5059
5949
8187
8587
6881
5486
6235
8163
8087
6183
4929
6360
7750
6675
5162
4420
4398
3707
2334
1578
579
-906
-2115
-2028
-1925
-3825
-5234
-5642
-5506
-5455
-6347
-6880
-7390
-7297
-7041
-7150
-7396
-7531
-6553
-5941
-5841
-5786
-5556
-4598
-4003
-3561
-3305
-2994
-2055
-1491
-257
1290
1843
1720
2345
5059
6394
5365
4545
5323
7717
8297
6691
5418
5967
7695
7864
6385
4829
5631
7554
7035
5337
4399
4581
4377
2688
1580
1110
96
-1526
-2331
-1975
-3125
-4556
-5377
-5779
-5534
-5969
-6392
-7052
-7403
-7066
-6830
-6860
-7312
-6777
-6052
-5897
-5569
-5257
-4658
-4243
-3876
-3273
-2990
-2285
-1647
-445
1395
1854
1607
2052
4493
6284
5429
4522
4979
7326
8331
6644
5403
5783
7452
7801
6586
5296
5578
7232
6886
5491
4338
4267
4659
3009
1464
972
476
-948
-2396
-2167
-2902
-4002
-4972
-5808
-5540
-6218
-6527
-6911
-7256
-6771
-6644
-6717
-7386
-6797
-6020
-6097
-5771
-5343
-4277
-3901
-4079
-3558
-3017
-2287
-2083
-762
1488
1904
1647
2031
4403
5921
4805
4198
4980
7511
8326
6407
5164
5547
7497
7513
5816
4985
5857
7542
6705
5159
4240
4072
4696
3277
1512
645
84
-547
-1889
-2406
-3338
-3723
-3929
-4937
-5213
-6120
-6226
-6363
-6965
-6818
-6753
-6429
-6955
-6366
-5488
-5845
-5585
-5365
-4223
-3570
-3952
-3630
-3037
-1987
-1867
-990
1004
1290
1305
2112
4432
5616
4309
3937
5076
7243
7552
5744
5058
5829
7486
7287
5368
4559
5939
7591
6664
5021
4201
4447
4583
2972
1557
696
44
-776
-1444
-1811
-3284
-3857
-4201
-4798
-5135
-5944
-6137
-6386
-6591
-6464
-6327
-6599
-7097
-6393
-5584
-5389
-5250
-4986
-4066
-3629
-3577
-3453
-3170
-2224
-1614
-291
1023
900
830
2051
4531
5174
3917
3525
4835
7318
7381
5338
4461
5716
7590
7148
5256
4217
5865
7546
6519
5013
4065
4287
4439
2879
1426
588
-92
-987
-1508
-1756
-3092
-3704
-4217
-4734
-4754
-5463
-5777
-6177
-6362
-6005
-5854
-6096
-6698
-5995
-5196
-5147
-4937
-4719
-3921
-3685
-3668
-3279
-2856
-2339
-1925
-247
1059
793
819
2244
4702
4945
3668
3523
4985
7228
6921
5022
4187
5401
7127
6592
4940
4396
5917
6998
6063
4795
3865
4013
4058
2879
1619
554
-99
-850
-1262
-1921
-3207
-3726
-4347
-4338
-4444
-5234
-5682
-6227
-6294
-6266
-6099
-6215
-6234
-5480
-5297
-5136
-5027
-4525
-3593
-3643
-3546
-3128
-2413
-1996
-1628
117
879
489
854
3040
5088
4099
3037
3739
5773
7140
5752
4315
4535
6282
7122
5659
4166
4623
6689
6641
5053
4366
4390
4691
3614
2072
1196
468
-181
-885
-1101
-2123
-3156
-3422
-4182
-4426
-4837
-5152
-5325
-5848
-5985
-5908
-5873
-6197
-5881
-5180
-5128
-5025
-4619
-3897
-3485
-3682
-3586
-3059
-2213
-2017
-1187
536
756
459
1170
3453
4700
3392
2765
3979
6292
6845
5092
3829
4445
6489
6625
4795
3647
5033
7075
6411
4567
3663
4165
4637
3202
1700
1070
377
-317
-856
-1191
-2565
-3382
-3422
-3653
-3848
-5109
-5472
-5265
-5564
-5587
-5879
-6000
-5878
-5048
-4597
-5123
-4950
-4349
-3355
-3125
-3629
-3345
-2624
-2097
-1897
-533
637
292
445
1981
4055
3989
2808
3211
4777
6315
5741
4193
3821
5111
6645
6051
4352
3930
5688
6662
5372
3958
3450
4114
3952
2382
1331
704
175
-637
-870
-1391
-2714
-3157
-3646
-3636
-3812
-4641
-5327
-5669
-5300
-5155
-5323
-6021
-5811
-4604
-4396
-4679
-4887
-4242
-3140
-3001
-3419
-3395
-2309
-1710
-1207
-26
3
22
1080
3133
4200
3059
2670
3908
5833
6070
4621
3948
4314
5758
6000
4714
3710
4387
6077
5911
4759
3739
3670
4079
3211
2040
1122
279
-363
-541
-704
-1971
-2837
-3264
-3583
-3641
-4373
-4969
-5320
-5292
-4962
-4997
-5530
-5863
-4993
-4374
-4580
-4503
-4136
-3294
-2902
-3156
-3272
-2882
-2145
-1603
-303
461
124
510
2053
3910
3613
2386
2866
4828
6516
5377
3574
3456
4981
6126
4964
3573
3645
5466
6174
4790
3575
3091
3671
3768
2291
1220
682
139
-442
-922
-1471
-2607
-2905
-3182
-3501
-3660
-4504
-4870
-5080
-5189
-5017
-5192
-5480
-5213
-4189
-4194
-4717
-4224
-3449
-2644
-2752
-3072
-2683
-1937
-1573
-839
369
77
-81
1325
3337
3883
2579
2296
3746
5694
5820
4050
3147
3929
5706
5640
3984
3136
4364
6030
5474
4127
3167
3259
3651
2733
1538
712
-88
-578
-578
-642
-1958
-3009
-3138
-2988
-2965
-3889
-4907
-4968
-4489
-4388
-4951
-5815
-5622
-4151
-3664
-4533
-4688
-3867
-2629
-2422
-3048
-3035
-2293
-1654
-1229
128
591
-12
497
2311
3855
3064
1928
2734
4636
5996
4865
3128
3103
4823
6132
4882
3024
3085
5049
5726
4539
3257
2919
3450
3242
2025
884
183
-296
-527
-499
-1382
-2716
-3122
-3157
-2963
-3295
-4160
-4740
-4606
-4275
-4301
-4832
-5490
-4691
-3407
-3681
-4527
-4279
-2958
-2031
-2403
-2978
-2634
-1579
-1345
-672
397
123
110
1381
3268
3501
2127
2212
3799
5374
5153
3535
2907
3660
5274
5239
3522
2711
4206
5723
4907
3475
2781
3172
3309
2158
1007
382
-6
-427
-659
-991
-2080
-2410
-2599
-3022
-3330
-3873
-4107
-4332
-4387
-4273
-4468
-5079
-5100
-3849
-3401
-4139
-4256
-3471
-2277
-2270
-2898
-2733
-1762
-1061
-1039
-109
364
-26
513
2255
3840
3099
1969
2657
4406
5497
4391
3113
3156
4454
5514
4530
2877
2753
4546
5339
4186
2801
2526
3390
3315
1888
571
-17
-306
-504
-554
-1454
-2499
-2546
-2604
-2827
-3435
-4148
-4255
-4155
-4046
-4150
-4641
-5285
-4884
-3624
-3621
-4207
-3866
-2679
-1734
-2323
-3003
-2633
-1561
-1136
-897
257
492
194
865
2711
3657
2520
1904
3091
5060
5498
3918
2757
3221
4994
5506
3919
2491
3470
5485
5246
3452
2149
2541
3328
2653
1192
233
-150
-316
-571
-1127
-2219
-2628
-2453
-2660
-2862
-3407
-3961
-4196
-4330
-4036
-3989
-4584
-4760
-3914
-3231
-3785
-4322
-3892
-2552
-1863
-2329
-2613
-2121
-1188
-947
-505
305
313
422
1418
3126
3353
2088
2138
3511
5029
4957
3479
2796
3589
5009
4828
3280
2561
3880
5296
4630
3133
2381
2881
3203
2153
751
89
-198
-449
-519
-1212
-2418
-2717
-2641
-2776
-3071
-3544
-3897
-4013
-3997
-3875
-4131
-4798
-4598
-3464
-3255
-3976
-3872
-2949
-2012
-1956
-2512
-2508
-1829
-1170
-1000
-428
337
560
746
1507
3100
3313
2255
2255
3449
4890
4685
3155
2704
3882
5230
4621
2924
2598
4208
5436
4334
2634
2332
3108
3202
1789
296
164
104
-456
-949
-1609
-2067
-2367
-2717
-2957
-3235
-3498
-4064
-4298
-4148
-4017
-4219
-4872
-4511
-3583
-3450
-3817
-3769
-2935
-2070
-1876
-2338
-2432
-1790
-1100
-849
-411
546
766
651
1345
2771
3059
2133
2337
3667
5022
4857
3378
2927
3875
5016
4470
2931
2691
4340
5553
4317
2570
2258
3081
3173
1693
526
545
321
-424
-1074
-1518
-1926
-2270
-2629
-2951
-3014
-3415
-4096
-4216
-4177
-4027
-4277
-4676
-4141
-3431
-3369
-3775
-3796
-3248
-2565
-2125
-2294
-2229
-1784
-1244
-851
-763
33
760
906
1194
2357
3261
2729
2500
3223
4429
4816
3646
3046
3647
4720
4731
3445
2771
3598
4951
4474
2945
2451
2924
3122
1862
509
370
147
-428
-861
-1158
-1803
-2512
-2671
-2743
-2974
-3679
-4192
-4019
-3921
-4027
-4474
-4683
-4302
-3717
-3465
-3819
-3657
-3110
-2533
-2073
-2286
-2235
-1767
-1175
-780
-937
-273
718
1028
1063
1859
3219
3225
2751
2904
3857
4814
4191
3428
3491
4372
4931
4131
3153
2997
4227
4514
3330
2670
2661
2923
2243
1009
547
254
-371
-755
-774
-1459
-2434
-2617
-2625
-2986
-3573
-3918
-3707
-3649
-4037
-4152
-4046
-4127
-4130
-3836
-3748
-3780
-3251
-2672
-2455
-2456
-2478
-2164
-1813
-1441
-1126
-647
391
905
882
1472
2879
3597
3130
2843
3457
4775
5132
4228
3619
3879
4885
5101
4071
3391
3949
4593
3809
2713
2271
2271
2036
1063
239
-251
-692
-1054
-1188
-1653
-2774
-3163
-3064
-3393
-3731
-3913
-3934
-4216
-4678
-4479
-4008
-4068
-4327
-3800
-3067
-3119
-3100
-2666
-2038
-1531
-1512
-1271
-904
-441
43
279
883
1203
1146
1463
2520
3577
3255
2555
2816
3973
4754
4063
3250
3535
4601
4819
3806
3048
3326
4177
3911
2909
2291
1994
1961
1230
187
-246
-575
-1004
-1483
-2133
-2951
-3200
-3100
-3475
-3881
-3954
-3840
-4025
-4544
-4642
-4170
-3913
-3940
-3624
-3251
-2931
-2458
-2086
-2030
-1935
-1449
-931
-608
-454
-101
371
787
1272
1257
1193
2272
3724
3781
2818
2565
3672
4762
4199
3111
3172
4374
4985
4177
3255
2955
3629
3950
3007
2015
1650
1917
1610
401
-575
-959
-1207
-1545
-1875
-2456
-2850
-2964
-3309
-3786
-4068
-4062
-4051
-4071
-4141
-4028
-3906
-4011
-3821
-3465
-3120
-2651
-2252
-2134
-1880
-1343
-940
-737
-680
-192
476
794
1199
1372
1303
1837
3133
3672
2960
2709
3527
4588
4365
3261
3130
3795
4350
4072
3288
2838
3202
3805
3228
2097
1587
1898
2042
991
-84
-436
-773
-1384
-1842
-2112
-2654
-3077
-3187
-3259
-3459
-3892
-4043
-3947
-3858
-3758
-3835
-3896
-3708
-3196
-2875
-2952
-2775
-2276
-1722
-1283
-1075
-1018
-851
-394
175
490
707
1339
1794
1815
2225
2771
2869
2746
3061
3773
4081
3931
3583
3392
3612
3895
3802
3152
2748
3170
3399
2550
1508
1356
1554
1230
353
-332
-590
-967
-1306
-1672
-2345
-2899
-2977
-2865
-3177
-3636
-3785
-3717
-3652
-3775
-3845
-3827
-3623
-3174
-2873
-2798
-2651
-2193
-1825
-1591
-1275
-1103
-830
-514
-104
406
468
742
1494
1956
1984
2121
2731
3136
3210
3177
3236
3750
4020
3760
3340
3238
3551
3601
3110
2579
2851
3071
2474
1884
1410
1131
885
332
-261
-784
-1209
-1519
-1812
-2358
-2725
-2707
-3024
-3499
-3685
-3651
-3620
-3672
-3768
-3864
-3631
-3308
-3095
-2947
-2837
-2401
-2065
-1922
-1519
-1135
-911
-704
-346
-28
100
358
895
1614
1813
1654
1892
2555
3410
3487
3008
3004
3562
4126
3814
3158
3046
3652
4046
3321
2519
2364
2661
2634
2031
1487
1125
990
574
-187
-914
-1553
-1751
-1819
-2047
-2414
-2874
-3181
-3351
-3367
-3443
-3588
-3564
-3495
-3336
-3136
-3312
-3560
-3186
-2527
-2072
-1944
-1890
-1519
-1263
-1121
-759
-431
-224
123
717
942
934
1316
1728
1970
2267
2868
3330
3158
2956
3215
3667
3624
3165
3009
3272
3522
3317
2805
2396
2402
2586
2324
1630
1034
876
807
273
-702
-1348
-1396
-1435
-1761
-2338
-2755
-2887
-2934
-2993
-3251
-3533
-3643
-3430
-3104
-3175
-3389
-3340
-3024
-2710
-2619
-2492
-2221
-1836
-1206
-743
-685
-769
-553
111
528
709
991
1385
1911
2119
2203
2443
2820
3278
3427
3322
3159
3283
3570
3473
3225
3177
3375
3292
2714
2296
2343
2340
1738
1085
757
546
232
-448
-895
-1153
-1541
-1825
-2239
-2620
-2877
-2961
-3081
-3432
-3512
-3504
-3370
-3359
-3602
-3472
-3227
-2950
-2759
-2631
-2419
-2168
-1667
-1364
-1158
-879
-488
42
147
381
830
1141
1430
1786
2365
2477
2287
2486
3015
3381
3253
3282
3572
3748
3494
2953
2793
2948
3067
2819
2396
2196
2101
1847
1287
651
205
0
-149
-473
-1075
-1605
-1888
-2281
-2683
-2995
-3037
-3012
-3244
-3338
-3377
-3454
-3453
-3370
-3216
-3062
-2866
-2680
-2491
-2348
-2111
-1728
-1418
-1020
-576
-248
-81
132
582
840
916
1197
1709
2199
2378
2456
2615
2839
3061
3153
3251
3292
3401
3594
3466
3132
2778
2610
2538
2329
2049
1782
1667
1296
698
224
-157
-352
-669
-1111
-1461
-1736
-2060
-2498
-2830
-3073
-3092
-3017
-3077
-3177
-3388
-3385
-3192
-3089
-3033
-2934
-2568
-2195
-1937
-1707
-1546
-1173
-834
-633
-398
-129
349
588
654
938
1316
1738
1917
2101
2352
2431
2567
2727
2989
3098
3031
3127
3233
3283
3034
2662
2492
2386
2283
1966
1620
1395
1166
841
314
-69
-365
-692
-1042
-1471
-1772
-2034
-2213
-2436
-2759
-2854
-2806
-2781
-2933
-3066
-2974
-2920
-2909
-2819
-2588
-2333
-2205
-2085
-1925
-1633
-1204
-877
-672
-439
-86
288
490
691
1044
1366
1540
1597
1740
2009
2238
2497
2760
2829
2718
2600
2779
3078
3039
2771
2605
2696
2613
2153
1698
1448
1370
1097
572
82
-119
-201
-620
-1209
-1603
-1615
-1621
-1983
-2410
-2650
-2677
-2793
-2975
-2973
-2810
-2609
-2628
-2694
-2587
-2379
-2193
-2009
-1646
-1287
-1071
-937
-697
-267
50
207
338
564
918
1323
1714
1884
1902
2030
2264
2405
2323
2296
2485
2616
2570
2472
2404
2272
2097
2046
1977
1713
1382
1162
993
748
455
130
-166
-403
-701
-1047
-1362
-1516
-1568
-1846
-2267
-2426
-2316
-2329
-2558
-2767
-2796
-2616
-2466
-2467
-2448
-2310
-2078
-1833
-1686
-1546
-1201
-734
-359
-145
-18
272
737
996
970
1080
1472
1855
2017
2069
2308
2648
2715
2584
2608
2744
2753
2629
2496
2422
2285
2064
1863
1681
1465
1222
1036
765
334
-129
-566
-819
-961
-1211
-1560
-1775
-1813
-2008
-2326
-2525
-2502
-2415
-2520
-2617
-2603
-2548
-2505
-2447
-2369
-2334
-2093
-1728
-1453
-1306
-1255
-969
-497
-93
176
391
718
983
1151
1307
1524
1850
2024
2071
2126
2236
2424
2480
2503
2553
2541
2457
2248
2112
2017
1833
1634
1349
1071
835
653
516
271
-4
-320
-594
-797
-1193
-1574
-1663
-1571
-1624
-1932
-2178
-2278
-2329
-2358
-2362
-2258
-2123
-2002
-1918
-1936
-1902
-1726
-1435
-1157
-1046
-904
-577
-207
-2
48
230
555
843
1046
1234
1502
1687
1670
1654
1794
2053
2225
2270
2344
2363
2228
2070
1972
1903
1857
1784
1575
1303
1055
762
438
170
14
-169
-531
-841
-905
-951
-1284
-1677
-1815
-1860
-1912
-1912
-1938
-2012
-2037
-2044
-2130
-2256
-2187
-1849
-1619
-1636
-1587
-1364
-1124
-986
-835
-571
-252
51
167
231
452
765
1100
1248
1324
1553
1782
1885
1837
1853
1967
2032
2099
2076
2083
2132
2102
1996
1663
1390
1330
1215
1002
678
424
278
42
-298
-690
-915
-882
-887
-1129
-1444
-1558
-1544
-1663
-1870
-1974
-1878
-1698
-1654
-1744
-1892
-1924
-1787
-1675
-1561
-1317
-967
-735
-735
-697
-501
-295
-114
89
413
730
882
972
1046
1173
1381
1515
1573
1735
1984
2021
1782
1597
1703
1878
1792
1613
1594
1624
1477
1061
642
467
409
258
-46
-316
-398
-530
-846
-1148
-1219
-1045
-1006
-1200
-1367
-1463
-1526
-1639
-1757
-1777
-1716
-1591
-1475
-1430
-1457
-1482
-1371
-1143
-914
-791
-720
-544
-295
-68
134
330
532
742
919
1019
1037
1114
1386
1680
1736
1603
1567
1684
1734
1625
1499
1484
1476
1370
1190
994
908
906
805
495
152
36
26
-138
-449
-700
-759
-745
-788
-919
-1087
-1158
-1148
-1192
-1362
-1500
-1459
-1410
-1476
-1566
-1479
-1238
-1122
-1138
-1130
-986
-733
-618
-566
-389
-108
182
283
280
351
472
616
686
759
964
1248
1444
1389
1288
1367
1490
1447
1242
1226
1395
1396
1210
955
812
733
574
419
172
-17
-31
-71
-137
-304
-457
-541
-681
-770
-904
-1022
-983
-913
-929
-1139
-1300
-1247
-1111
-1024
-1066
-1057
-988
-967
-956
-902
-733
-593
-516
-381
-194
-35
37
169
339
441
526
642
838
918
900
956
982
961
915
1028
1199
1179
1105
1001
919
788
669
709
712
683
511
226
36
-43
45
26
-97
-162
-271
-363
-524
-628
-639
-711
-746
-831
-907
-991
-1131
-1136
-1102
-1008
-870
-733
-556
-516
-515
-503
-534
-499
-425
-286
-140
-38
111
211
284
342
342
412
576
790
842
721
722
790
792
731
745
883
899
813
694
555
473
396
387
386
369
361
222
49
-84
-126
-64
-44
-69
-213
-426
-535
-560
-571
-712
-902
-902
-767
-654
-681
-757
-730
-665
-662
-730
-702
-452
-210
-198
-316
-358
-257
-143
-25
132
226
289
365
467
545
546
546
511
494
572
631
639
663
712
664
447
279
323
443
493
441
393
351
247
144
54
23
79
95
-4
-200
-342
-305
-262
-332
-409
-379
-317
-383
-520
-581
-543
-472
-412
-354
-333
-376
-437
-478
-479
-411
-314
-209
-88
-41
-61
-50
34
134
144
148
227
324
361
267
129
103
234
390
406
394
457
470
375
245
222
322
384
331
270
224
111
-21
-77
-7
37
-10
14
80
75
-26
-176
-308
-359
-247
-157
-230
-315
-339
-309
-347
-427
-369
-275
-232
-232
-223
-188
-194
-200
-219
-203
-118
-76
-40
-34
-16
82
108
115
179
292
379
302
210
175
128
104
109
195
293
330
398
423
336
229
180
227
299
306
269
274
313
218
-26
-165
-92
33
29
-77
-119
-106
-137
-243
-379
-407
-258
-102
-151
-307
-367
-375
-450
-510
-378
-146
-50
-101
-202
-256
-262
-288
-256
-197
-137
-60
-71
-111
-81
25
120
112
187
385
525
489
302
217
281
321
325
302
255
251
278
306
297
204
135
120
102
74
35
-25
-122
-165
-82
25
31
-39
-85
-101
-141
-188
-179
-165
-174
-156
-130
-163
-273
-348
-316
-258
-220
-176
-119
-116
-176
-221
-226
-176
-96
-31
-1
-18
28
181
282
230
89
34
95
167
244
307
313
242
143
128
177
219
263
322
376
337
185
29
-32
2
58
60
12
-28
-35
-76
-180
-240
-132
30
22
-120
-194
-175
-189
-270
-309
-290
-279
-253
-235
-245
-255
-198
-76
-12
-66
-145
-184
-205
-208
-180
-144
-96
-27
85
209
266
271
299
336
345
342
369
393
363
301
241
209
185
147
136
139
137
142
148
153
162
146
42
-99
-177
-170
-81
20
37
-36
-130
-189
-217
-243
-261
-228
-168
-217
-379
-495
-490
-407
-318
-257
-212
-163
-127
-130
-123
-70
3
67
53
-19
-37
0
48
86
132
167
198
272
329
360
342
257
208
197
212
216
177
131
65
38
44
50
102
160
251
272
101
-85
-179
-125
-17
-7
0
-25
-37
-54
-163
-217
-219
-94
54
-35
-191
-321
-328
-269
-301
-216
-100
-10
78
12
-50
-122
-143
-36
-44
-22
36
100
200
161
160
134
49
111
177
282
276
158
154
150
228
251
169
144
102
138
76
-112
-192
-182
-35
29
-51
-107
-152
-76
-31
-71
-109
-211
-243
-262
-289
-261
-244
-141
-129
-255
-301
-241
-51
46
-12
-33
-78
-69
-44
-51
18
56
131
175
105
97
115
183
225
222
299
290
234
236
273
316
212
131
179
212
221
132
-1
-109
-127
17
84
-6
-85
-72
-58
-186
-332
-336
-258
-140
-8
45
-28
-158
-185
-121
-152
-226
-232
-180
-126
-155
-136
-38
45
111
68
-20
-116
-146
-9
94
103
67
84
215
234
186
152
87
73
23
27
85
68
136
173
135
88
16
116
229
269
313
206
61
-96
-210
-183
-195
-157
-98
-130
-164
-193
-132
-70
-93
-102
-166
-222
-216
-161
-68
-108
-177
-148
-81
8
14
-22
-42
-40
68
134
49
-69
-80
98
238
221
170
94
77
102
117
217
279
290
308
180
57
5
-8
133
186
157
161
50
12
-5
-96
-117
-151
-99
-9
-93
-178
-186
-145
-111
-222
-320
-295
-224
-108
-46
-96
-175
-248
-247
-217
-238
-212
-135
-69
-22
20
73
53
-25
-7
79
163
200
188
216
207
166
182
134
102
153
214
320
290
238
295
257
209
151
108
133
77
88
136
114
84
41
87
61
-98
-206
-237
-166
-116
-127
-171
-251
-271
-270
-254
-244
-225
-160
-227
-316
-329
-318
-244
-254
-224
-111
-85
10
78
68
59
-36
-29
33
57
163
210
187
148
117
184
226
190
182
194
219
250
240
186
155
166
231
238
120
126
106
-29
-9
-1
53
114
-26
-19
-112
-263
-86
-4
22
-71
-284
-222
-209
-169
-133
-197
-91
-208
-296
-281
-351
-143
-155
-216
-63
-169
-211
-138
17
73
-99
-23
55
-8
9
91
272
261
183
273
288
259
199
162
193
230
328
320
236
184
92
150
246
216
239
242
176
96
-16
-35
20
15
-74
-164
-185
-206
-258
-357
-419
-334
-258
-227
-175
-149
-131
-143
-222
-277
-293
-263
-110
-7
-119
-245
-247
-193
-145
-62
76
146
149
100
61
46
-11
18
64
109
177
194
310
365
315
309
241
231
247
208
188
114
108
85
44
116
121
142
132
71
89
10
-84
-171
-197
-49
-7
-85
-180
-249
-233
-195
-128
-119
-125
-99
-127
-197
-323
-307
-143
-16
19
-105
-143
-99
-140
-157
-171
-72
67
103
135
83
46
93
128
149
134
128
119
115
144
172
194
174
177
197
210
256
243
218
162
50
-15
-40
22
91
113
96
-15
-119
-177
-181
-171
-199
-185
-139
-84
-91
-157
-214
-223
-103
-18
-64
-169
-246
-190
-182
-176
-88
-57
-4
-8
-4
34
-18
-3
-53
-112
-70
-49
53
78
65
112
93
160
182
178
216
139
97
62
52
100
82
168
274
258
206
144
155
116
-9
-49
-60
-39
57
128
121
55
50
91
17
-48
8
58
26
-75
-152
-219
-297
-277
-225
-257
-304
-317
-300
-295
-268
-158
-100
-103
-90
-81
-67
-101
-126
-50
59
160
156
91
73
44
38
57
81
119
140
167
157
99
131
245
328
333
303
309
292
231
216
231
211
154
117
115
93
50
4
-100
-238
-278
-208
-143
-145
-150
-139
-235
-393
-453
-394
-304
-241
-204
-182
-198
-202
-181
-193
-198
-157
-76
8
29
42
61
46
24
-11
2
64
115
196
238
226
185
101
64
76
140
274
372
396
322
188
120
109
150
201
174
133
106
137
181
132
72
4
-80
-153
-209
-187
-152
-113
-55
-85
-159
-219
-197
-112
-88
-85
-123
-202
-234
-258
-236
-200
-190
-146
-136
-102
-54
-70
-36
-8
-1
23
35
96
80
23
83
160
226
220
128
45
-34
-2
138
238
280
247
178
125
60
28
3
-38
-10
51
84
64
9
-18
-64
-131
-111
-29
54
75
6
-96
-212
-263
-218
-159
-69
4
-3
-92
-224
-274
-257
-209
-87
-1
15
-27
-120
-169
-214
-217
-128
-22
110
184
148
111
74
99
163
218
343
449
477
417
263
172
141
118
122
143
239
298
242
177
136
135
114
18
-38
-48
-58
-91
-167
-194
-183
-172
-160
-196
-201
-134
-98
-137
-231
-282
-285
-314
-284
-238
-270
-321
-339
-268
-174
-122
-65
-84
-143
-131
-66
14
22
-25
-48
-41
52
204
307
317
249
213
226
229
232
238
246
234
196
163
123
83
94
150
167
97
14
1
57
115
129
123
102
36
-64
-161
-198
-172
-106
-35
-29
-83
-144
-185
-193
-161
-78
-4
-22
-106
-174
-222
-263
-282
-243
-141
-35
48
82
52
7
-10
-1
39
107
197
268
256
189
123
103
136
189
218
215
164
101
91
121
136
85
24
20
38
36
5
-36
-78
-124
-125
-64
15
63
28
-67
-208
-334
-384
-379
-314
-233
-165
-114
-122
-144
-179
-211
-180
-102
7
44
-36
-94
-64
31
79
40
30
86
172
234
219
174
110
71
74
90
132
141
106
47
11
67
160
244
294
280
234
137
46
22
46
114
125
64
1
-58
-63
-89
-146
-148
-141
-97
-77
-130
-174
-258
-314
-297
-261
-154
-80
-22
26
-33
-105
-188
-193
-64
50
150
146
57
-18
-113
-117
-31
89
214
228
190
142
89
72
57
82
138
166
187
182
167
138
76
52
89
151
179
134
83
55
44
44
4
-42
-59
-66
-47
-79
-158
-232
-290
-260
-194
-154
-122
-141
-165
-204
-290
-324
-297
-188
-49
-35
-68
-122
-155
-95
-67
-15
46
60
109
76
48
67
63
125
100
37
26
28
162
257
287
307
257
292
319
306
306
233
196
129
25
-32
-78
-35
27
32
14
-51
-80
-91
-99
-74
-71
-77
-113
-183
-207
-204
-172
-129
-114
-98
-113
-146
-171
-178
-137
-83
-45
-24
-34
-58
-86
-96
-41
32
81
97
58
67
110
150
192
139
79
69
85
181
209
148
59
-49
-21
60
123
162
82
14
-42
-96
-58
-32
52
135
114
78
-41
-143
-166
-171
-79
17
90
132
47
-62
-164
-233
-210
-181
-135
-95
-98
-97
-129
-167
-174
-163
-88
-3
67
112
91
44
-12
-58
-50
-7
46
101
119
108
82
56
38
35
40
60
121
209
263
250
160
42
-7
3
51
101
99
112
136
141
169
137
69
0
-111
-171
-174
-151
-66
-29
-48
-101
-178
-195
-184
-164
-135
-112
-71
-63
-94
-135
-148
-89
-39
-48
-109
-187
-167
-80
13
91
81
71
92
112
173
174
140
144
153
170
158
124
138
193
219
167
77
-9
-49
-46
-53
-45
-24
-4
13
-6
-32
-25
-1
15
11
-20
-62
-84
-91
-105
-134
-152
-134
-92
-65
-78
-127
-186
-228
-269
-296
-268
-161
-16
65
71
22
-22
7
61
121
143
105
46
-63
-105
-43
56
174
204
224
246
221
245
234
206
187
156
181
159
149
174
142
100
13
-28
-54
-94
-41
-3
71
127
103
71
-56
-116
-108
-110
-44
-71
-116
-190
-305
-299
-302
-223
-93
-62
-25
-86
-148
-181
-271
-233
-200
-152
-39
-20
29
13
-14
36
0
54
106
111
133
10
-65
-86
-37
161
254
296
232
88
61
12
52
128
162
228
162
86
29
-40
14
54
111
161
129
124
46
-26
-39
-70
-49
-59
-67
-70
-138
-167
-172
-118
-4
29
10
-85
-208
-238
-208
-106
-7
7
2
-61
-113
-109
-107
-52
1
29
30
-57
-116
-137
-138
-79
-23
74
160
210
277
286
283
235
116
6
-86
-69
34
146
223
206
170
121
63
21
-4
63
143
166
107
-47
-178
-245
-211
-95
7
88
80
-1
-94
-161
-130
-49
39
53
-28
-116
-187
-200
-179
-148
-112
-112
-107
-98
-83
-67
-74
-85
-78
-34
38
92
78
27
-32
-47
17
99
186
225
223
221
151
77
7
-13
52
87
115
95
42
25
10
17
0
-29
-43
-82
-141
-199
-204
-128
-11
90
116
57
-44
-103
-118
-98
-66
-57
-47
-56
-72
-88
-126
-131
-111
-62
15
68
116
116
88
61
17
19
17
43
129
205
289
273
185
89
0
16
23
38
70
86
157
160
147
119
47
24
-40
-64
-39
-26
16
-34
-101
-140
-150
-68
-56
-69
-93
-143
-112
-117
-93
-48
-66
-40
-95
-166
-199
-252
-190
-147
-79
54
83
117
33
-90
-124
-181
-105
-26
39
144
115
81
-22
-109
-38
35
172
224
194
182
98
76
44
3
19
1
56
117
145
151
48
-39
-70
-37
58
94
97
64
1
-41
-88
-68
16
84
113
29
-91
-141
-121
-31
29
37
44
2
-59
-158
-256
-221
-89
106
228
186
86
-45
-92
-62
-18
72
100
105
67
-39
-91
-142
-105
-13
67
193
214
171
72
-72
-94
-64
35
122
70
-7
-146
-224
-191
-133
14
100
133
137
33
-56
-162
-229
-198
-162
-56
10
16
15
-50
-53
-62
-66
-26
-43
-33
-64
-106
-85
-50
73
175
208
192
105
57
28
17
23
-15
-56
-85
-72
-3
64
97
87
22
-8
28
116
229
245
176
49
-89
-114
-96
-37
28
58
126
140
125
65
-49
-81
-104
-68
-12
6
85
108
102
48
-55
-45
-3
73
97
-6
-94
-153
-127
-64
-74
-102
-152
-161
-93
-47
-21
-26
-54
-41
-28
-22
-18
-49
-60
-51
-21
47
85
94
77
23
-24
-48
-46
-53
-96
-134
-136
-59
44
79
51
-40
-56
22
103
188
127
38
-39
-142
-128
-172
-145
-65
-43
89
81
94
117
24
77
19
28
93
53
121
23
-61
-79
-94
72
151
217
249
198
166
69
12
-27
-18
10
-6
28
17
32
45
7
66
90
103
112
1
-46
-99
-160
-98
-81
-24
6
-77
-75
-111
-101
-14
18
107
109
54
29
-44
-22
-4
-3
17
-58
-104
-181
-234
-184
-138
-14
55
48
27
-80
-125
-163
-177
-106
-81
5
81
96
87
-63
-148
-150
-125
-2
-7
-65
-91
-160
-75
-14
-11
61
14
82
187
154
198
73
-34
7
8
191
291
293
333
194
142
110
41
96
54
65
71
-20
-16
-91
-105
-55
-54
43
21
-23
-65
-178
-126
-100
-25
63
7
27
-32
-59
-21
-90
-72
-119
-148
-79
-70
17
48
44
89
63
97
102
56
59
33
81
134
137
135
54
-6
-39
-75
-64
-94
-105
-77
-35
52
77
51
-3
-94
-126
-133
-125
-94
-105
-119
-129
-113
-55
-3
11
-15
-32
-15
54
105
82
15
-82
-101
-56
-14
8
-58
-78
-32
43
142
84
-25
-139
-216
-119
-53
23
90
70
154
189
208
235
133
70
-2
-63
-5
43
133
201
162
123
39
-29
-30
-25
17
61
71
88
55
2
-40
-99
-109
-109
-101
-51
-29
8
13
-35
-66
-100
-54
19
26
-8
-129
-204
-196
-146
-29
18
74
104
65
44
-78
-167
-204
-192
-47
39
113
91
-61
-151
-241
-165
13
145
269
218
151
112
60
91
37
-7
17
78
263
351
334
241
76
67
114
190
225
91
-32
-182
-272
-234
-182
-41
31
33
7
-96
-130
-168
-164
-101
-79
-20
-48
-125
-218
-316
-254
-173
-80
-62
-161
-168
-174
-82
24
15
70
35
33
71
-11
8
-31
-25
91
107
224
246
182
171
51
59
113
150
273
247
197
118
-46
-104
-148
-96
64
162
233
193
56
-64
-167
-184
-128
-35
65
111
81
-23
-127
-203
-207
-147
-97
-23
-4
-9
4
-48
-35
-17
-7
34
-41
-104
-131
-147
-50
12
54
90
62
89
117
91
59
-24
-99
-80
-28
72
170
141
91
5
-95
-62
-41
33
119
66
38
-32
-72
18
69
158
201
162
163
76
-37
-132
-252
-234
-171
-120
-63
-114
-151
-153
-171
-134
-118
-72
14
51
48
-27
-95
-94
-37
49
81
87
74
72
65
16
-10
-27
32
124
163
206
180
169
180
108
52
-20
-39
30
56
59
-21
-102
-117
-107
-19
33
67
86
21
-15
-76
-102
-40
-2
63
70
16
-12
-74
-65
-40
-27
8
-41
-75
-133
-190
-151
-124
-32
25
-15
-59
-166
-180
-103
-4
133
160
137
80
-10
-36
-63
-51
-11
-7
20
15
23
64
78
107
88
51
55
69
105
103
58
8
-11
40
130
194
178
122
69
75
128
142
121
45
-46
-80
-91
-64
-39
-21
35
69
75
29
-63
-132
-164
-143
-92
-74
-91
-136
-163
-151
-147
-154
-187
-232
-238
-197
-112
-21
36
36
-4
-43
-54
-19
47
97
95
35
-21
-56
-74
-41
-5
34
101
129
136
123
80
55
8
-23
-19
-20
57
121
136
170
138
101
72
37
54
76
94
67
-20
-61
-38
26
90
104
77
77
109
88
50
-19
-103
-105
-99
-74
-47
-32
15
-5
-18
-38
-92
-43
-5
27
49
-1
-58
-140
-144
-93
-43
67
68
10
-51
-138
-118
-72
25
93
83
99
17
-44
-65
-84
-7
35
82
97
82
106
39
-21
-71
-92
8
57
73
26
-82
-111
-132
-99
-33
-21
2
-42
-109
-147
-180
-142
-82
-31
-12
-55
-103
-131
-108
-61
-17
13
12
19
18
54
156
225
273
241
140
99
59
60
92
87
128
138
115
131
121
119
92
3
-47
-34
24
109
142
113
63
-12
-76
-85
-56
20
94
88
37
-37
-100
-94
-78
-60
-46
-91
-139
-175
-181
-122
-84
-93
-128
-175
-163
-113
-83
-81
-128
-162
-146
-84
8
68
74
17
-73
-136
-153
-96
-7
74
128
139
143
119
91
79
100
193
259
270
175
-6
-100
-115
-28
86
105
113
68
25
44
36
84
105
63
23
-75
-119
-118
-129
-94
-95
-74
-45
-80
-88
-104
-66
28
69
116
129
107
95
32
7
50
78
98
35
-66
-106
-131
-66
37
92
125
29
-81
-120
-124
-12
65
99
118
66
54
7
-50
-26
7
66
64
-27
-124
-213
-220
-124
-11
69
93
34
-48
-134
-198
-160
-112
-53
15
20
32
5
4
61
48
20
-55
-136
-138
-123
-35
30
46
96
112
121
94
57
68
20
-24
-13
17
76
94
75
33
-44
-49
42
148
233
255
202
100
-65
-168
-173
-171
-103
-39
28
83
43
36
-2
-59
-47
-24
74
113
62
0
-120
-156
-109
-20
95
89
43
-13
-72
-63
-49
1
43
48
50
11
-16
-33
-13
76
132
147
104
31
-17
-63
-51
-3
29
62
53
39
10
-69
-140
-207
-208
-154
-89
7
27
-38
-126
-188
-142
-71
5
79
70
44
-28
-126
-170
-212
-168
-77
19
118
104
73
39
3
36
74
136
143
96
55
-29
-54
-51
-25
38
26
26
-3
-17
42
27
39
30
20
111
149
225
225
135
112
37
42
48
-13
-8
-67
-51
5
7
59
37
42
104
118
152
98
10
-21
-58
-30
-5
-20
-13
-45
-68
-70
-81
-62
-61
-97
-137
-188
-190
-133
-85
-54
-87
-148
-166
-160
-89
-7
35
51
-9
-49
-32
27
148
221
218
158
67
12
-10
12
30
33
39
10
-15
-34
-51
-22
-6
-13
-32
-58
-71
-85
-91
-105
-108
-80
-59
-19
-11
-59
-117
-180
-201
-168
-101
-28
30
88
103
86
51
26
87
177
238
215
117
50
33
91
135
140
146
103
70
9
-81
-101
-93
-4
119
210
285
269
206
92
-17
-31
-28
38
94
101
114
29
-66
-128
-151
-68
-7
62
87
13
-55
-152
-154
-69
-4
53
-17
-113
-150
-155
-66
-41
-74
-81
-134
-136
-153
-174
-113
-100
-75
-58
-68
-25
-76
-129
-138
-149
-80
-78
-77
-29
-23
55
78
49
21
-71
-62
-34
-28
14
-4
24
47
33
96
158
246
270
177
101
42
81
172
224
248
204
144
84
14
-27
-25
18
60
46
-15
-61
-89
-104
-93
-85
-57
-32
-37
-28
-22
5
58
88
102
55
-27
-75
-89
-69
-54
-63
-69
-71
-65
-45
-19
1
18
21
23
12
-8
7
26
46
37
-5
-9
-15
3
42
42
46
-1
-35
-24
-43
-22
-3
-3
-17
-106
-147
-118
-50
47
60
43
28
28
100
139
126
56
-46
-80
-78
-20
61
91
89
33
-13
-21
-23
8
34
45
40
-41
-163
-283
-353
-310
-225
-117
-10
16
29
-15
-95
-112
-110
-23
76
103
129
92
94
138
139
153
106
97
162
172
183
101
-7
-51
-118
-87
-58
-29
52
72
149
175
146
151
66
36
-28
-124
-141
-200
-145
-97
-82
-16
-38
3
-21
-77
-21
-14
81
126
87
85
-47
-98
-102
-93
20
11
53
92
39
34
-86
-123
-79
-46
105
140
168
180
85
75
3
5
77
81
162
122
76
55
-46
-25
-66
-83
-40
-82
-56
-122
-187
-188
-236
-168
-118
-50
13
-54
-93
-167
-173
-83
-14
98
98
15
-92
-214
-182
-88
33
120
61
11
-38
-29
26
3
14
10
33
105
106
131
107
82
80
17
5
-7
17
107
146
164
94
-32
-97
-121
-42
56
111
129
83
71
99
162
219
184
95
-44
-144
-178
-167
-98
-54
7
56
83
130
109
66
-7
-69
-42
-18
21
19
-30
-47
-75
-48
3
44
86
28
-91
-222
-278
-167
-4
138
152
35
-91
-195
-198
-142
-81
-23
-15
1
9
7
-2
-48
-66
-46
15
77
87
53
-26
-107
-178
-193
-143
-49
75
150
185
167
102
60
12
11
27
21
44
42
76
130
144
158
107
55
30
1
8
-22
-55
-64
-63
-16
10
16
-5
-52
-73
-62
7
73
90
65
3
-29
-40
-27
21
50
72
29
-50
-82
-100
-67
-33
-22
15
-7
-23
-27
-33
-8
-56
-97
-92
-60
18
22
2
-13
-45
-22
-7
17
29
-34
-68
-92
-81
-68
-107
-91
-43
22
85
78
62
30
-24
-29
-6
60
141
176
219
220
147
44
-65
-74
19
121
201
206
144
86
49
71
111
103
36
-69
-137
-133
-74
-15
-26
-60
-104
-99
-38
-3
19
-49
-153
-210
-232
-161
-109
-89
-64
-75
-46
-29
-23
5
-2
33
66
91
99
17
-44
-84
-67
17
57
103
100
61
56
18
24
22
-9
-2
-36
-43
-45
-76
-54
-66
-35
41
59
99
46
-50
-87
-126
-43
57
113
165
77
-17
-104
-183
-120
-59
48
142
121
111
14
-57
-46
-32
86
138
127
94
-5
6
25
59
114
89
125
119
88
48
-79
-118
-119
-58
63
103
153
140
88
48
-60
-69
-29
28
92
20
-51
-119
-159
-112
-138
-145
-148
-160
-92
-96
-105
-146
-247
-226
-187
-88
25
12
-1
-78
-113
-52
-27
55
67
11
14
-5
47
70
40
65
51
106
183
219
282
256
223
186
152
176
132
83
10
-56
-62
-64
2
23
21
8
-40
-24
-32
-15
-5
-22
21
0
-16
-50
-126
-131
-139
-91
-44
-66
-68
-124
-114
-61
-40
-11
-47
-48
-19
13
72
54
4
-52
-76
-30
13
36
4
-47
-85
-78
-30
33
121
163
182
152
67
-4
-111
-115
-34
61
166
121
43
-25
-70
-3
-12
-54
-110
-187
-126
-44
36
75
-12
-66
-96
-65
43
84
102
44
-62
-97
-98
-4
111
170
190
125
55
-5
-52
-41
-8
49
89
75
30
-33
-62
-40
-1
37
41
23
23
31
44
31
-4
-9
17
63
70
9
-59
-100
-88
-49
-1
67
130
169
117
0
-98
-95
43
188
236
150
-3
-99
-141
-111
-77
-64
-25
-9
-4
-75
-197
-273
-311
-232
-97
25
129
116
47
-63
-193
-200
-159
-74
5
-9
-21
-88
-137
-122
-129
-74
-30
8
46
5
-6
-17
12
113
176
225
197
157
158
146
157
130
107
88
51
30
-37
-78
-70
-11
81
125
151
119
63
8
-56
-57
-49
-5
40
62
105
107
117
95
30
17
24
102
136
63
-49
-197
-219
-156
-61
20
-29
-47
-51
-23
29
-58
-123
-208
-192
-12
87
189
122
-43
-133
-241
-140
-26
46
135
47
13
-53
-115
-54
-97
-56
-13
15
91
3
-18
-14
5
106
113
135
66
-77
-157
-219
-126
15
136
208
156
104
-4
-86
-83
-54
31
57
67
44
-58
-114
-171
-135
-49
-11
39
5
-27
-82
-173
-145
-119
-43
41
87
200
196
143
62
-79
-96
-105
-52
36
22
38
-10
-37
-7
-35
7
21
55
165
200
232
154
6
-58
-78
54
214
281
286
169
67
19
-24
-4
-4
-13
-11
-55
-85
-128
-169
-144
-116
-73
-48
-81
-98
-106
-86
-37
-29
-26
-51
-113
-154
-211
-217
-148
-49
94
174
191
168
80
27
-11
10
112
203
289
261
143
20
-93
-83
-26
45
130
131
131
91
27
-5
-66
-77
-88
-96
-56
-35
17
39
11
-33
-125
-159
-146
-113
-78
-115
-144
-165
-147
-78
-44
-14
-22
-53
-83
-145
-171
-155
-62
77
142
126
3
-138
-205
-205
-103
8
87
142
144
153
144
126
130
109
105
116
107
81
13
-38
-58
-57
9
81
133
152
81
-5
-75
-92
-45
10
81
97
90
130
158
176
158
103
49
-5
-9
-3
-6
0
-3
27
58
56
21
-39
-64
-74
-57
-28
-23
-13
-2
11
3
-45
-113
-140
-97
-20
67
103
64
-6
-82
-98
-97
-66
-3
27
75
68
8
-42
-114
-114
-81
-24
57
61
28
-69
-181
-220
-216
-140
-63
-32
-23
-45
-65
-98
-151
-180
-165
-74
51
118
105
18
-71
-106
-86
3
89
121
93
2
-61
-74
-31
49
86
120
131
134
135
74
19
-34
-23
67
135
197
157
50
-41
-119
-74
16
130
249
275
259
137
-7
-83
-128
-65
2
62
110
99
117
90
56
38
22
87
114
102
29
-97
-139
-142
-59
20
23
27
-6
-8
-19
-86
-113
-146
-98
-10
19
38
-44
-89
-57
-19
87
95
67
12
-109
-155
-233
-250
-191
-142
-13
25
12
-12
-104
-87
-65
-10
72
46
33
-53
-144
-144
-134
-16
50
45
40
-44
-44
-38
-52
-31
-80
-40
29
69
114
32
-16
-18
5
120
163
186
173
98
68
-2
-56
-60
-46
39
99
121
106
30
-30
-56
-33
25
75
97
74
15
-39
-43
-11
43
80
80
66
30
5
18
41
74
85
64
30
-27
-82
-135
-176
-162
-96
9
95
102
45
-55
-134
-151
-111
-12
105
204
237
185
72
-40
-76
-43
22
54
34
6
-17
2
27
35
50
34
29
24
-7
-14
-48
-70
-76
-89
-52
-40
-34
-25
-62
-60
-77
-113
-117
-149
-115
-67
-50
-36
-110
-160
-169
-141
-29
22
36
9
-80
-108
-144
-146
-75
1
140
219
200
116
-32
-93
-60
49
190
247
229
140
46
0
-7
36
68
84
68
42
41
24
19
-21
-41
1
33
74
13
-86
-122
-133
-19
73
100
117
27
-32
-96
-126
-28
65
189
221
153
100
25
16
5
-11
11
21
54
36
20
24
31
87
68
72
54
14
16
-69
-77
-90
-104
-77
-152
-138
-110
-57
26
-21
-43
-91
-88
-13
10
46
-23
-124
-228
-308
-232
-128
5
55
9
-12
-65
-56
-55
-76
-42
-25
45
95
96
98
44
35
49
69
129
131
148
160
139
119
22
-55
-78
-55
35
47
16
-38
-95
-60
-39
-15
-18
-72
-67
-62
-16
20
-17
-50
-95
-63
16
47
46
-43
-105
-92
-48
46
92
101
93
51
35
30
59
122
175
208
181
108
47
23
49
115
149
123
78
8
-18
-10
13
96
157
221
215
124
42
-66
-111
-145
-174
-146
-162
-146
-176
-233
-211
-205
-144
-86
-60
3
14
-4
-86
-204
-259
-247
-133
8
102
104
-4
-145
-219
-181
-73
25
16
-82
-172
-187
-95
40
147
157
101
32
-36
2
62
99
126
52
16
20
25
82
47
14
22
15
100
143
184
237
190
166
113
79
118
135
147
151
170
191
185
111
-5
-49
-29
56
108
66
20
-46
-79
-74
-77
-17
34
49
40
-47
-105
-139
-176
-176
-200
-194
-136
-75
1
4
-28
-68
-110
-107
-119
-98
-79
-87
-71
-110
-98
-70
-35
29
-2
-22
-80
-113
-40
-16
60
68
11
-1
-70
-21
29
40
99
51
70
62
-33
-72
-181
-152
-35
25
124
63
5
-5
-53
20
40
106
222
237
272
182
56
-23
-125
-91
-36
50
166
162
149
51
-38
-37
-35
51
91
95
98
34
15
-27
-50
0
35
125
149
92
18
-98
-112
-99
-88
-75
-132
-133
-113
-70
8
17
43
58
86
148
140
102
-5
-147
-223
-269
-208
-88
2
59
-2
-101
-169
-195
-114
-23
66
129
100
46
-67
-157
-145
-94
9
41
-8
-67
-121
-79
-1
67
124
116
110
95
64
20
-50
-71
-58
8
73
90
89
58
90
143
182
205
131
64
-19
-77
-55
-52
19
68
77
106
47
26
-17
-78
-72
-107
-75
-37
-45
-25
-69
-74
-45
-32
31
39
41
47
5
-1
-25
-39
-44
-110
-148
-165
-126
-19
27
62
50
19
59
69
97
85
26
39
41
73
76
-9
-50
-110
-111
-31
19
97
83
45
66
76
150
160
92
16
-112
-143
-99
-30
76
120
154
153
65
-39
-177
-238
-187
-95
19
38
-44
-169
-270
-240
-110
38
127
91
-18
-111
-158
