SAMPLES:	12968
BITSPERSAMPLE:	16
CHANNELS:	1
SAMPLERATE:	16000
NORMALIZED:	FALSE
-55
-48
92
189
138
-13
-150
-197
-147
-44
14
3
0
51
116
100
-17
-133
-138
-31
121
244
234
21
-263
-360
-164
154
312
253
135
72
27
-85
-223
-268
-201
-96
-2
84
178
211
99
-120
-250
-118
207
428
294
-100
-379
-300
-8
160
61
-104
-82
92
193
99
-31
24
228
329
180
-84
-236
-229
-190
-187
-152
-28
82
56
-80
-179
-144
-77
-83
-124
-83
70
189
144
10
-7
149
303
264
68
-92
-119
-96
-100
-74
27
101
-37
-373
-611
-465
24
500
616
343
-50
-305
-316
-103
206
456
535
424
211
-32
-287
-492
-500
-194
265
509
298
-200
-541
-449
-90
170
159
5
-69
-24
62
128
183
210
127
-73
-229
-167
75
218
49
-313
-523
-360
62
418
479
250
-62
-241
-186
22
195
197
56
-58
-36
54
50
-99
-235
-177
76
331
376
196
-46
-182
-191
-143
-110
-105
-107
-109
-91
-32
57
134
160
145
119
84
21
-64
-115
-106
-77
-97
-153
-128
31
214
199
-40
-245
-176
122
307
180
-89
-181
-27
108
11
-200
-274
-148
20
97
155
306
462
402
51
-381
-559
-360
8
210
120
-87
-177
-80
97
240
298
223
22
-211
-307
-169
79
210
108
-113
-216
-64
211
310
86
-274
-390
-129
235
351
170
-46
-92
-49
-80
-171
-183
-75
68
184
285
315
155
-167
-407
-377
-186
-65
-51
28
239
405
346
120
-79
-144
-156
-202
-249
-184
23
261
359
222
-72
-311
-305
-66
202
286
134
-125
-300
-251
44
398
501
182
-351
-628
-403
89
416
377
115
-97
-147
-79
30
88
41
-87
-179
-121
46
137
43
-125
-160
10
242
340
225
-27
-282
-404
-292
6
272
273
21
-204
-144
135
290
130
-170
-301
-142
147
347
338
120
-196
-420
-405
-197
25
152
224
307
327
182
-104
-351
-393
-240
-2
203
296
226
7
-223
-291
-150
83
232
230
130
11
-82
-135
-152
-125
-55
41
108
102
32
-66
-135
-149
-71
97
286
335
138
-181
-328
-155
127
177
-67
-310
-239
116
426
415
128
-209
-427
-467
-309
33
408
588
425
21
-313
-335
-82
147
116
-75
-148
-25
89
28
-85
-41
104
110
-62
-177
-42
213
317
196
26
-50
-89
-185
-290
-271
-106
71
151
166
171
141
-3
-237
-359
-249
9
215
231
88
-88
-186
-140
37
216
233
64
-93
-55
134
224
72
-172
-268
-191
-105
-81
-31
130
280
237
19
-149
-98
69
150
103
60
96
130
65
-94
-233
-263
-174
-15
120
120
-76
-360
-496
-350
-34
159
101
-44
12
324
603
546
159
-225
-300
-93
125
139
-22
-173
-192
-95
22
85
113
168
256
282
130
-160
-381
-366
-147
98
199
145
58
13
-18
-93
-206
-269
-204
-14
201
329
298
97
-204
-458
-510
-287
90
402
499
365
129
-18
-8
76
59
-155
-409
-422
-120
241
321
79
-160
-95
170
293
121
-158
-264
-179
-77
-21
63
177
187
37
-136
-154
-32
68
37
-74
-136
-84
40
152
170
34
-205
-385
-362
-161
54
163
213
319
441
371
21
-389
-489
-158
319
511
232
-281
-600
-469
3
479
674
507
116
-271
-487
-463
-234
55
218
178
60
18
49
10
-147
-255
-125
235
520
452
64
-352
-522
-443
-297
-202
-112
64
318
508
504
277
-63
-313
-317
-99
122
145
-23
-176
-135
42
113
-34
-254
-295
-58
266
404
267
22
-107
-48
81
98
-33
-181
-200
-89
52
136
167
169
109
-19
-142
-170
-116
-60
-57
-75
-70
-57
-49
28
202
339
258
-56
-329
-294
1
221
132
-116
-203
-33
123
-1
-281
-343
-15
437
586
293
-153
-344
-167
140
281
169
-43
-178
-165
-44
81
110
6
-165
-258
-179
-10
91
61
-22
-39
59
191
251
216
93
-52
-138
-137
-68
-21
-83
-204
-244
-166
-68
-42
-43
55
242
346
262
66
-57
-27
50
38
-26
-29
48
100
13
-164
-263
-222
-112
-28
13
75
132
95
-29
-141
-132
15
155
138
0
-107
-39
219
475
526
281
-213
-703
-858
-539
76
534
452
-20
-376
-264
225
598
466
-1
-331
-237
176
488
413
44
-356
-529
-415
-176
56
199
168
-37
-273
-355
-180
114
241
139
-42
-150
-151
-112
-65
72
326
534
530
287
-58
-310
-397
-318
-103
94
86
-133
-308
-173
224
467
256
-197
-418
-194
230
452
389
254
159
-3
-278
-469
-361
-21
232
213
25
-155
-278
-367
-341
-120
143
206
42
-105
-48
98
120
21
-21
56
119
91
80
142
118
-165
-522
-567
-198
267
456
349
173
85
50
14
29
125
208
143
-74
-271
-263
-54
171
222
70
-113
-138
0
160
197
107
-19
-100
-135
-172
-168
-59
96
167
135
120
183
210
32
-312
-540
-424
-62
206
154
-141
-392
-343
26
502
791
715
289
-270
-635
-601
-250
101
202
61
-115
-119
33
142
92
-37
-148
-225
-240
-118
162
428
394
7
-397
-399
41
502
562
212
-203
-344
-170
45
37
-158
-323
-306
-113
134
303
351
309
227
110
-45
-220
-353
-324
-55
282
376
144
-183
-296
-113
143
188
3
-178
-183
-32
166
266
197
22
-168
-295
-297
-152
33
156
218
196
86
-41
-120
-136
-98
-41
-20
-24
31
132
193
170
81
-1
-29
-49
-152
-292
-303
-145
79
243
278
221
145
42
-93
-153
-71
17
-26
-155
-236
-169
10
159
221
261
288
194
-43
-267
-338
-246
-84
32
78
106
133
95
-12
-104
-134
-74
75
216
192
-26
-270
-318
-72
280
402
176
-161
-322
-252
-77
97
256
374
336
26
-442
-709
-508
63
603
731
400
-51
-258
-181
-46
-56
-195
-290
-213
-29
150
258
238
50
-217
-322
-106
305
529
332
-83
-316
-227
-54
-47
-186
-261
-154
66
262
329
217
-53
-293
-258
52
330
250
-139
-445
-387
-54
266
369
276
132
58
64
71
-45
-332
-605
-567
-140
384
599
384
9
-130
53
287
270
-17
-355
-491
-322
32
322
346
109
-150
-162
93
324
226
-119
-354
-242
108
359
292
-41
-395
-540
-419
-103
264
503
513
316
12
-271
-430
-408
-214
25
137
47
-137
-203
-51
212
375
326
145
10
-22
-60
-187
-285
-175
72
160
-16
-181
-37
310
433
145
-263
-365
-55
353
465
159
-344
-639
-478
22
453
476
150
-172
-222
-26
164
125
-155
-450
-458
-123
247
274
-69
-391
-307
129
501
491
169
-108
-100
101
211
96
-103
-188
-142
-101
-116
-112
-20
103
183
189
143
69
-22
-86
-77
18
157
255
226
41
-205
-345
-252
40
330
382
130
-250
-472
-388
-150
-22
-101
-234
-198
65
405
576
451
153
-88
-147
-104
-94
-130
-148
-167
-249
-337
-246
87
422
441
135
-148
-119
143
305
171
-89
-217
-145
32
182
232
138
-89
-315
-367
-197
56
177
84
-123
-286
-268
-77
161
302
294
227
166
79
-53
-167
-150
-19
59
-6
-98
-55
73
90
-51
-156
-47
206
359
261
3
-249
-388
-364
-133
244
502
369
-73
-421
-376
-64
154
126
25
49
146
131
-53
-270
-356
-265
-91
42
89
84
111
217
340
366
202
-112
-420
-529
-372
-66
173
227
171
143
152
92
-66
-169
-36
267
440
262
-163
-511
-543
-275
70
278
301
204
103
53
25
-8
-72
-183
-292
-286
-90
185
294
117
-187
-343
-237
2
192
237
160
47
-31
-26
56
152
160
35
-162
-296
-246
-27
216
334
281
113
-85
-224
-253
-166
12
210
309
223
2
-207
-295
-247
-118
13
79
72
71
141
164
-16
-345
-518
-314
111
408
404
223
46
-81
-158
-137
-8
120
85
-116
-264
-149
169
378
244
-90
-264
-119
165
294
154
-111
-301
-282
-44
243
317
73
-302
-453
-227
179
416
278
-65
-228
-19
305
336
-21
-453
-580
-328
75
355
376
200
16
-18
63
98
-16
-178
-217
-101
40
64
-29
-94
-7
145
155
-7
-124
-15
196
224
-5
-245
-246
-33
133
84
-91
-183
-99
63
159
156
116
62
-55
-231
-329
-224
41
259
251
74
-81
-90
14
113
133
111
73
-29
-194
-317
-264
-35
182
246
192
144
119
30
-172
-346
-299
-35
222
255
110
-7
10
42
-64
-234
-233
29
335
398
148
-169
-283
-181
-48
-39
-109
-97
38
177
182
55
-64
-62
23
70
29
-16
11
48
-39
-251
-395
-249
175
572
591
183
-344
-589
-415
-33
270
367
323
231
106
-67
-231
-293
-233
-142
-98
-59
59
248
366
292
76
-123
-201
-184
-138
-103
-73
-55
-54
-8
145
340
395
190
-154
-359
-251
50
237
118
-216
-451
-355
33
433
546
280
-175
-512
-533
-240
188
531
611
379
-46
-428
-542
-349
-32
204
282
239
131
-17
-165
-235
-155
29
182
178
2
-240
-382
-307
-16
374
644
614
279
-155
-410
-377
-203
-88
-88
-90
25
194
268
195
11
-173
-245
-145
91
306
296
21
-292
-381
-172
155
321
211
-43
-233
-251
-152
-67
-46
-27
22
63
59
29
16
13
-34
-73
44
318
509
353
-94
-483
-587
-466
-257
59
464
721
579
100
-311
-364
-145
52
85
42
17
40
106
206
289
223
-71
-438
-596
-396
42
374
365
102
-138
-163
-46
-28
-198
-386
-345
-23
327
415
207
-52
-124
-33
12
-91
-208
-176
-1
158
165
54
-31
9
141
258
212
-42
-341
-441
-227
169
463
452
165
-190
-347
-181
144
301
125
-219
-397
-234
119
362
340
135
-77
-178
-180
-148
-113
-58
26
113
174
159
52
-72
-117
-57
13
-30
-170
-234
-85
175
305
195
-6
-65
33
79
-81
-317
-342
-70
280
401
229
7
-76
-71
-139
-319
-396
-165
253
518
414
48
-226
-179
19
66
-62
-160
-125
-52
-61
-78
82
363
490
311
-72
-433
-590
-498
-165
306
637
584
174
-294
-488
-343
-41
225
353
302
64
-248
-402
-251
48
187
56
-146
-133
136
412
407
92
-294
-449
-291
-27
109
80
44
103
166
82
-112
-205
-85
96
151
83
33
40
-31
-210
-309
-129
229
439
307
-22
-268
-329
-269
-140
65
295
394
241
-58
-228
-158
9
66
-71
-249
-229
33
333
394
142
-184
-276
-144
-40
-104
-225
-181
45
253
302
226
95
-54
-166
-157
-17
82
-42
-286
-328
-31
367
499
273
-21
-131
-110
-123
-178
-134
51
244
318
277
185
67
-60
-180
-286
-337
-256
-21
235
331
225
75
4
-53
-190
-345
-351
-171
39
140
162
190
211
125
-101
-325
-321
-28
333
465
247
-157
-433
-384
-72
253
330
96
-229
-311
-41
348
473
193
-250
-492
-373
-12
303
313
23
-274
-287
-20
267
334
162
-58
-148
-190
-317
-413
-263
112
466
533
289
10
-60
-5
-74
-310
-485
-344
140
673
797
369
-280
-696
-648
-205
308
512
356
100
-44
-76
-77
-131
-217
-140
127
328
294
93
-154
-327
-327
-214
-108
3
148
233
182
20
-199
-374
-343
-94
191
351
367
275
151
54
-54
-176
-230
-152
-8
81
64
-35
-136
-152
-46
163
368
392
124
-281
-485
-311
91
357
285
38
-79
9
80
-62
-312
-396
-215
45
171
146
90
44
-118
-363
-402
-64
453
700
445
-62
-351
-230
78
261
211
5
-223
-353
-319
-105
200
387
323
67
-177
-249
-151
-12
49
37
40
105
171
193
187
162
76
-152
-474
-654
-492
-49
373
479
245
-92
-267
-213
-69
5
2
41
163
285
276
119
-49
-114
-123
-166
-221
-196
-67
76
116
52
-24
-72
-108
-128
-81
55
198
267
245
173
94
25
-19
-18
36
71
12
-93
-160
-138
-44
51
90
92
84
16
-153
-362
-457
-291
120
542
684
447
43
-207
-178
-14
45
-69
-197
-155
8
91
18
-84
-58
89
183
102
-48
-72
7
6
-136
-306
-363
-275
-147
-57
52
228
365
328
130
-97
-207
-161
-74
-22
15
26
-37
-176
-267
-166
109
355
368
166
-39
-90
-12
46
-32
-210
-340
-265
35
383
541
386
14
-306
-380
-250
-79
52
153
252
322
279
100
-85
-132
-38
69
34
-132
-261
-198
38
230
171
-116
-409
-470
-228
159
453
477
234
-85
-259
-171
70
223
162
-35
-183
-180
-99
-67
-91
-64
53
174
186
76
-38
-52
18
90
112
98
65
-15
-150
-291
-328
-189
64
277
324
198
-17
-185
-235
-184
-92
-27
-23
-31
23
133
204
151
1
-115
-80
53
146
129
43
-11
5
67
93
24
-147
-367
-479
-335
60
474
617
401
3
-300
-363
-245
-78
66
151
152
79
12
34
94
78
-40
-152
-147
-77
-66
-98
-46
143
308
256
5
-236
-297
-198
-67
32
118
198
214
130
3
-89
-134
-135
-91
-25
35
67
81
98
101
53
-45
-123
-109
-20
40
12
-56
-71
13
113
111
0
-103
-73
75
161
37
-216
-379
-278
23
287
333
170
-35
-132
-82
34
100
55
-60
-149
-152
-83
8
80
117
110
70
24
13
14
-30
-104
-128
-46
96
203
234
180
67
-62
-170
-234
-239
-162
20
255
370
246
-42
-260
-244
-81
10
-65
-184
-170
7
226
316
189
-67
-251
-237
-98
-1
21
70
177
205
55
-166
-265
-176
9
181
277
256
100
-107
-217
-170
-47
42
90
134
173
161
49
-140
-280
-245
-15
263
358
175
-129
-326
-327
-189
-16
141
252
298
276
191
29
-201
-373
-325
-64
168
160
7
-51
29
69
-77
-285
-272
26
337
358
54
-294
-380
-173
88
187
134
56
-1
-106
-261
-334
-230
-1
197
232
103
-91
-246
-294
-238
-135
-32
89
245
371
428
392
314
248
138
-65
-324
-494
-396
-46
338
567
551
312
-8
-224
-241
-104
74
196
250
249
165
1
-155
-215
-193
-166
-147
-111
-91
-155
-291
-377
-292
-101
-2
-79
-201
-184
-23
103
93
72
215
468
564
305
-164
-470
-382
-9
314
325
61
-195
-213
7
224
203
-33
-236
-175
142
483
613
473
179
-97
-240
-225
-121
-70
-136
-238
-226
-61
93
38
-234
-528
-612
-423
-81
209
269
73
-199
-292
-110
172
310
253
156
125
61
-140
-367
-382
-102
261
439
343
83
-145
-168
89
464
638
398
-86
-354
-158
277
470
203
-284
-554
-438
-114
120
175
159
202
278
203
-67
-408
-522
-302
103
368
276
-20
-232
-148
129
333
300
92
-112
-243
-366
-497
-522
-298
123
444
444
128
-172
-248
-138
-21
13
46
74
43
-120
-261
-227
-19
134
76
-59
-90
133
353
424
252
7
-113
-236
-266
-293
-59
387
684
665
222
-164
-195
-134
132
-43
-42
-274
-462
-335
-292
417
418
513
119
-31
176
60
76
-244
-285
-114
-198
-124
-280
-217
21
-143
-36
-428
-396
-416
-222
257
488
603
252
-257
-451
-500
-202
54
150
434
404
577
316
80
-117
-281
-180
-265
-202
-89
72
271
175
175
225
391
451
103
-164
-285
79
424
452
110
-341
-464
-299
53
283
216
-74
-466
-606
-389
-8
229
108
-152
-297
-192
-30
63
-8
-91
-152
-61
136
320
338
10
-371
-571
-357
36
308
356
239
146
75
49
125
284
459
452
242
-47
-264
-271
-127
129
294
252
-8
-311
-351
-145
140
214
69
-65
-76
36
34
-67
-180
-211
-132
-72
-2
6
-12
-50
-73
-32
-9
-38
-159
-249
-234
-128
-53
-72
-123
-125
-73
-24
-96
-153
-109
118
437
581
566
264
44
-134
-89
18
39
57
-88
-143
-307
-421
-444
-349
-100
17
69
66
221
511
630
628
354
299
269
499
599
397
-139
-936
-1122
-895
-157
82
-25
-335
-393
-197
-124
-135
-258
-183
46
410
756
984
944
673
212
-137
-411
-460
-512
-504
-448
-277
-5
176
146
-36
-202
-272
-138
-66
41
-5
-28
-15
205
641
966
1049
640
206
5
149
432
496
383
85
-255
-558
-690
-545
-410
-451
-666
-925
-977
-882
-537
-72
267
255
-87
-258
-180
13
45
-188
-396
-548
-472
-166
155
283
102
-76
-87
33
77
-27
-65
37
226
402
325
215
3
-174
-435
-634
-289
504
1477
1979
2275
2685
3109
2947
1931
672
-162
-632
-1128
-1779
-2136
-1960
-1602
-1485
-1781
-2034
-1838
-1036
42
1016
1593
1757
1569
1037
244
-562
-1101
-1215
-937
-389
375
1091
1342
837
-148
-1070
-1588
-1841
-2157
-2422
-2344
-1666
-479
801
1818
2402
2679
2591
2014
1026
32
-445
-466
-391
-392
-374
-174
74
186
69
-186
-511
-765
-760
-478
-58
382
808
1044
1130
1096
1058
909
446
-148
-545
-583
-413
-227
-14
94
62
-105
-432
-676
-855
-762
-472
-161
194
476
730
678
331
23
-164
-172
-289
-537
-697
-582
-69
468
652
397
-128
-378
-377
-327
-313
-587
-691
-540
217
1114
1413
1069
192
-37
18
61
-28
-175
16
-76
-129
-90
220
424
-145
-866
-1300
-1089
-416
59
309
205
242
277
281
229
-8
-105
-211
-288
-365
-270
-258
-76
119
294
204
156
234
72
-165
-505
-220
291
477
311
129
463
536
431
96
-305
-476
-676
-392
87
736
1281
1710
1983
1840
1636
1352
854
295
-231
-512
-886
-1377
-1781
-1998
-1853
-1608
-1398
-1322
-1145
-733
48
693
869
588
290
163
9
-300
-623
-1034
-1232
-1012
-628
-162
17
157
150
-29
-213
-1183
-1861
-3043
-2580
1440
4124
5013
5296
7089
8289
6983
3250
-872
-2213
-2536
-3804
-4881
-5534
-5182
-4045
-3253
-3107
-3111
-747
1168
2117
3151
3687
3959
4029
2580
657
-715
-1719
-1617
-648
-535
-523
1152
2291
1926
-268
-2667
-4077
-4963
-5568
-5730
-4790
-2601
476
3811
6102
6448
5778
5342
4133
1394
-1411
-3246
-2950
-2002
-1831
-1129
267
1009
958
152
-1260
-1926
-1976
-1724
-1208
-718
164
2030
3648
3651
3004
2328
2317
1725
-90
-1752
-2743
-2167
-857
-406
-303
-453
-702
-1003
-1518
-1799
-1265
180
1180
1733
1776
2071
3106
3163
1860
105
-1551
-2248
-2057
-1796
-1384
-952
-257
274
244
-354
-1235
-1713
-2000
-2057
-2007
-1027
700
1993
2720
2620
2435
2476
1944
737
-773
-1849
-2078
-1618
-1204
-925
-332
267
534
236
-446
-892
-937
-792
-433
215
1011
1571
1853
1705
1297
678
164
-164
-431
-469
-448
-471
-573
-678
-672
-396
-222
-270
-589
-874
-967
-628
147
909
1447
1438
973
356
-197
-691
-846
-873
-933
-986
-863
-500
-1
271
-11
-702
-1416
-1581
-1004
728
2898
4389
5076
5635
6008
5472
3860
1639
-450
-2134
-3688
-4894
-5237
-5072
-4742
-4248
-3708
-3262
-2200
-524
825
1852
3010
4091
4640
3987
2314
834
-20
-405
-396
-364
-525
-208
705
855
-465
-2489
-3991
-4641
-5278
-5639
-5002
-3200
-883
1356
3512
5109
5846
5576
4184
2143
-175
-1591
-1854
-2030
-2469
-2447
-1146
601
1212
574
1076
2499
2957
2889
3814
5302
5671
4118
1534
-117
-744
-1610
-2770
-3734
-4462
-4530
-4053
-3886
-4037
-2966
-971
579
1424
2120
2800
3445
3377
2132
797
-197
-526
126
926
955
887
1035
212
-1965
-4287
-5792
-6210
-6117
-5851
-4825
-2757
-294
2023
3698
4383
4515
4463
3670
2049
389
-545
-232
453
572
182
124
200
-85
-784
-1567
-1637
-1160
-907
-180
1099
2296
3512
4957
6349
6572
5670
4025
2258
518
-1304
-2696
-3366
-3627
-3875
-4109
-4060
-3822
-3013
-1680
-553
605
1674
2652
3223
3228
2597
1705
628
-763
-1512
-1911
-2269
-2321
-1995
-1749
-2161
-2854
-3435
-3904
-4337
-4738
-4282
-3198
-1912
-519
1065
2673
3427
3578
2969
2519
1884
1195
2630
5285
6612
6649
7150
7666
6234
2513
-2026
-5194
-6311
-7235
-7853
-7553
-6674
-5066
-2673
-646
327
2086
4681
5917
5662
4894
4365
3876
2186
-170
-1779
-2248
-1927
-694
491
674
734
1173
848
-1211
-3892
-5724
-6539
-6695
-6240
-4536
-1715
1147
3506
5131
5777
5266
4271
2755
445
-2036
-3524
-3586
-2970
-2423
-1735
-477
876
1428
1158
739
463
260
-235
-606
-757
-756
-650
752
3556
5821
6743
6944
7235
6774
4865
1759
-1232
-3020
-3970
-4736
-5062
-4895
-4212
-3418
-3248
-3335
-2476
-196
2026
3071
3291
3544
3585
2412
221
-1671
-2860
-3352
-3095
-2149
-1079
-82
1370
2181
1112
-1457
-3952
-5593
-6886
-7666
-7117
-4914
-2023
427
2685
4667
5705
5605
4557
2795
339
-1764
-2749
-2758
-2427
-1917
1171
6233
9210
9259
8943
9474
8441
4622
-503
-4307
-5393
-5510
-5702
-5553
-5103
-4096
-2642
-1858
-2374
-2093
211
2293
3341
4265
5380
5873
4807
2579
402
-1224
-2041
-1474
-223
329
783
2123
2382
186
-3455
-6573
-8564
-10219
-10922
-9618
-6026
-1622
2808
6782
8865
8859
7415
5167
1934
-2165
-5430
-6498
-5548
-3825
-2035
421
2518
3572
3150
1656
-338
-2413
-1706
995
3168
4349
6683
10027
10685
7839
3637
782
-561
-2523
-5056
-6647
-7013
-6112
-4952
-4584
-5181
-4135
-1048
1036
1766
2674
4332
5674
5431
3999
2366
552
-771
-1455
-1720
-2249
-1872
-347
44
-1422
-3558
-4560
-4976
-5699
-6479
-6586
-5264
-3087
-240
2855
4724
5149
5242
5076
3648
1532
-135
-1098
-1742
-2510
-2460
-1323
-204
-31
380
3566
6832
7826
7397
7887
8455
6629
3535
628
-976
-1950
-2966
-3899
-4757
-5630
-6031
-6060
-6285
-6148
-3808
-599
1263
2580
4780
6387
5545
2915
795
4
-224
727
2573
3905
3344
2816
2643
688
-3597
-7870
-10487
-12167
-13085
-12304
-9209
-4942
-472
4213
7928
8908
7482
5609
3772
796
-2392
-4203
-3844
-2545
-1198
744
2596
3023
2104
1068
516
-390
335
2822
4747
5213
6130
8633
9373
6850
2705
429
-122
-1280
-3324
-4833
-5791
-6237
-5996
-5563
-5474
-4395
-1834
237
1089
2093
3920
5238
4825
3289
2542
2077
1771
1467
1351
509
-551
-729
-1392
-3300
-5940
-7619
-8434
-9292
-9644
-8704
-5859
-2326
910
3648
5429
6289
6311
5504
3463
896
-1158
-1973
-1843
-1796
-1383
-129
1142
1581
1436
917
1147
3390
4968
5342
5900
7757
9264
7988
4366
598
-1017
-1463
-2599
-4329
-5495
-5653
-5481
-5630
-6121
-5694
-2623
1035
2832
3141
3606
4097
4014
2445
896
177
-64
865
1968
2550
2216
2501
2103
-457
-4340
-7799
-9552
-10998
-12156
-11627
-9015
-4909
-551
3591
6276
6969
6734
6175
4460
1099
-1994
-3294
-2980
-2467
-1620
94
2017
3154
3188
2545
1244
1207
3246
4544
4300
3953
6139
8400
7354
3856
1026
557
204
-1602
-3858
-5337
-5840
-5439
-5039
-5445
-5130
-2259
787
1868
2085
2988
3976
3861
2252
1084
289
-215
262
1319
1949
1498
1544
822
-1849
-5400
-7790
-8643
-9638
-10218
-9161
-6471
-3171
-184
2701
4447
4771
4834
5144
4347
1945
-750
-2245
-2153
-1608
-681
786
2258
2885
2917
2594
2058
3392
5756
6394
5061
4209
5467
6162
4580
1180
-910
-1107
-1720
-3353
-4695
-5042
-5055
-4736
-4690
-4892
-3598
-521
2168
3226
3632
4096
3863
2387
477
-126
-327
-158
548
1581
1957
1646
1565
49
-3199
-6976
-9281
-10038
-10319
-9666
-7728
-4608
-1446
1615
4873
6571
6446
5514
4365
2102
-1027
-3288
-3638
-2838
-2110
-1135
262
1961
3163
3578
3178
2429
3540
5733
6329
4947
4556
7417
8900
6379
1660
-862
-1025
-2107
-4399
-6317
-6724
-6170
-5213
-4844
-5066
-3925
-537
2300
3101
3756
5242
5583
3469
597
-690
-1222
-1281
-665
649
949
708
1535
1223
-1364
-4917
-6870
-7809
-9452
-10732
-9888
-6912
-3581
94
4088
6610
7196
6779
5899
3405
-111
-2686
-3113
-2684
-2707
-1965
468
3281
4726
4787
4231
2960
2915
4212
4413
3421
3125
5252
6575
5011
1575
-241
-22
-717
-2925
-4771
-5302
-5074
-4542
-4230
-4271
-3382
-606
1845
2381
2394
2918
3067
1861
-426
-1138
-877
184
1248
1945
1538
641
1322
930
-1593
-5388
-7932
-8940
-9832
-9659
-8024
-5062
-1702
1382
3936
4759
4577
4500
4121
2041
-773
-2465
-2494
-1939
-1572
-569
1308
3529
4552
4509
3617
2822
3978
5551
5581
4417
4362
5883
6021
3657
378
-821
-720
-1539
-3115
-4403
-4864
-4771
-4509
-4889
-5046
-3176
178
2381
2722
2688
3039
2540
1132
90
-89
-215
-126
1129
2442
2410
1788
1188
-352
-3419
-6508
-8173
-9343
-10273
-9982
-7858
-4983
-2293
1018
3919
5170
5214
5132
4722
2458
-692
-2540
-2470
-1759
-1462
-373
1772
4004
5224
4866
3792
3151
4581
5834
4984
3044
2937
4648
4912
2823
253
-565
-640
-1626
-3090
-3949
-4250
-4224
-4380
-4617
-4504
-2502
461
2221
2533
2664
3010
2539
631
-1119
-1644
-1441
-490
1069
2524
2442
2096
1618
33
-2975
-6243
-8243
-9280
-9684
-8867
-6462
-3238
-366
2301
4370
4848
4256
3770
2760
292
-2524
-3942
-3214
-1813
-336
1390
3434
4912
5213
4915
4016
3936
5011
5542
5054
4193
4806
5322
4006
948
-1676
-2202
-2221
-2999
-3945
-4250
-4095
-3734
-3348
-3073
-2097
-60
1385
1641
1512
1884
2163
1509
19
-820
-1145
-590
955
2767
3326
2262
1186
-304
-3022
-6505
-8670
-9300
-9550
-9327
-7880
-4975
-1944
682
3093
4645
4797
4224
3832
2617
427
-1833
-2694
-2166
-1417
-15
1912
3925
4984
5087
4793
4235
4892
5433
5014
3945
3827
4786
4339
2098
-664
-1647
-1094
-1021
-1795
-2779
-3451
-3879
-4402
-5161
-5322
-3381
-569
1181
1800
2492
3009
2517
848
-499
-744
-652
-73
1138
2298
2458
2381
1977
58
-3408
-6858
-8847
-9640
-9595
-8520
-6584
-3932
-1114
1980
4270
4968
4469
3821
2820
702
-1325
-2326
-1929
-1238
-395
1203
3071
4516
4807
4184
2992
2592
3774
4508
4261
3470
4121
5320
4900
2774
456
-402
-665
-1687
-3047
-3892
-4093
-3890
-3934
-4344
-4131
-2014
391
1340
1344
1492
1639
1072
-147
-566
-364
383
1478
2623
3192
2620
1823
566
-1782
-4887
-7445
-8814
-9609
-9731
-8828
-6921
-4241
-1377
1735
3871
4579
4572
4527
3605
1442
-793
-1874
-1450
-653
344
1854
3624
4975
5251
4731
3571
3477
4543
4722
3634
2713
4023
5083
4110
1550
-158
-66
-200
-1436
-3133
-4446
-4934
-4596
-4122
-4136
-3392
-1084
889
1547
1651
1908
1617
178
-1308
-1677
-1497
-486
1123
2984
3231
2643
2271
962
-1758
-5433
-7884
-9421
-10287
-9980
-8308
-5399
-2260
1145
4078
5187
4655
3849
3227
1498
-982
-2706
-2634
-1495
-328
1288
3161
4669
5134
4920
4098
3399
4293
4904
4440
3413
3981
5219
4738
2399
-180
-949
-897
-1213
-2181
-3183
-3863
-4046
-4085
-4445
-4471
-2578
-109
1339
1559
2004
2402
1716
564
-113
-211
-839
-157
1880
3176
2567
1643
1021
-807
-3798
-6722
-8547
-9828
-10272
-9195
-7109
-4573
-1637
1954
4434
4830
4268
4197
3509
1011
-1395
-2546
-2226
-1338
149
2384
4071
5178
5605
5571
4137
2748
3545
4107
3775
2759
3728
5128
4417
1938
-348
-810
-1122
-1862
-2657
-3345
-4156
-4532
-4179
-4099
-3695
-1453
1136
2247
1991
2017
2083
1133
-375
-1029
-938
-731
371
1993
2286
1288
680
317
-1452
-4506
-6982
-8128
-8860
-8911
-7633
-5264
-2685
-130
2604
4197
4294
3598
2937
1551
-785
-2432
-2311
-1082
-146
928
2745
4608
5672
5656
4712
3209
3125
4180
4744
4141
3666
4690
5108
3623
814
-882
-1096
-1511
-2559
-3562
-3972
-3996
-3912
-3932
-4303
-3111
-276
2162
2681
2291
2211
1973
964
-674
-1736
-2350
-1474
378
2335
2469
1892
1558
330
-2484
-5957
-7958
-9015
-9600
-9500
-7974
-5001
-1642
1444
3766
4738
4661
4192
2967
214
-2487
-3676
-2748
-1081
459
2068
3597
5176
5765
5699
4523
3855
4882
5260
4743
3395
3801
4957
4710
2589
-161
-1055
-1031
-1627
-2885
-4078
-4542
-4193
-3564
-3347
-3015
-994
1270
2072
1777
1589
1455
660
-830
-1660
-1717
-874
467
1868
2306
1446
779
138
-1476
-4559
-6892
-7848
-8856
-9434
-8499
-5753
-2639
-38
2481
4052
4417
3630
2687
1077
-1496
-3225
-3067
-1265
86
1498
3479
5639
6765
6500
5980
4764
4463
4272
3814
3189
3476
5105
5237
3093
-341
-2187
-1954
-1768
-2707
-4302
-5117
-4787
-3909
-3117
-2865
-1204
1249
2670
2487
2087
2287
2073
493
-1716
-2571
-2065
-695
598
1378
1016
715
824
-71
-2593
-5324
-6549
-7262
-8195
-8189
-6454
-3298
-315
1813
3094
3457
3172
2437
1122
-1023
-2987
-3585
-2560
-1071
381
2281
4543
6317
6582
6077
4804
4327
5073
4997
4340
3499
4483
5131
4051
1466
-988
-1662
-2055
-3292
-4705
-5495
-4996
-3739
-2725
-2624
-2138
171
2210
2704
2382
2633
2656
1652
-905
-2567
-3256
-2539
-1204
296
1323
1480
1933
1066
-1184
-4221
-6243
-7243
-8309
-8897
-8205
-5770
-2431
675
3218
4220
4284
3715
2873
968
-1347
-3124
-3778
-2896
-1401
1279
4025
6239
7151
6666
5562
4127
4438
4987
4785
4300
4341
5458
4913
2942
153
-1614
-2271
-3032
-3712
-4248
-4459
-4124
-3349
-3022
-3097
-1816
642
2099
2212
2244
2894
2642
476
-2082
-2978
-2559
-1737
-713
400
607
886
1109
302
-2031
-4698
-6156
-7177
-8010
-8167
-6522
-3832
-1613
672
2914
4261
4326
3250
1368
-1041
-2985
-3831
-3188
-1885
-72
2352
4916
6524
6699
6535
5545
4976
5226
5064
4461
3775
4584
5028
3827
1329
-1076
-1932
-2569
-3486
-4111
-4553
-4539
-4289
-3761
-3316
-2002
726
2940
3480
2921
2859
2784
1327
-1254
-2826
-2770
-1791
-832
488
1281
1452
1236
-57
-2301
-4862
-6208
-6960
-7951
-8365
-7185
-4181
-1232
870
2556
3424
3437
2420
964
-923
-2585
-3219
-2786
-1272
336
2416
4472
6065
6489
5886
4991
3640
4029
4644
4560
3969
4440
5928
5700
3572
866
-814
-1781
-3272
-4694
-5323
-5347
-4557
-3504
-2899
-2868
-1289
1575
3105
2752
2397
2840
2398
147
-2055
-2765
-2532
-2278
-1468
-154
614
1299
1589
431
-2266
-4849
-5953
-7042
-8399
-8667
-6772
-3361
-916
1037
2861
4092
4089
3086
1459
-786
-2507
-3096
-2616
-1840
-671
1789
4672
6433
6306
5685
4890
4866
5627
5406
4637
3663
4627
5544
4570
1730
-728
-1544
-2182
-3461
-4665
-5111
-4826
-4136
-3466
-3358
-2632
-168
2238
3418
3180
3353
3315
1890
-1049
-2959
-2944
-2167
-1253
-368
567
1446
1873
926
-1460
-4398
-6156
-7022
-8182
-8791
-7736
-4939
-1937
466
2613
3915
4263
3392
1667
-369
-2118
-2866
-2858
-2047
-897
1259
3786
5510
6235
6172
5671
4196
4033
4307
4445
4095
4478
6225
6297
4093
1114
-601
-1587
-3046
-4362
-4944
-4993
-4662
-3923
-3182
-2997
-1224
1509
3174
2577
1947
2359
2034
35
-2332
-2860
-2562
-1852
-1018
-234
-131
0
452
-159
-2411
-4661
-5502
-6146
-7366
-7753
-6128
-3375
-1054
982
2686
3427
3323
2603
1252
-759
-2099
-2339
-1737
-1203
-208
2024
4665
6014
5822
5383
4656
4981
5797
5822
4930
4487
5638
6028
4229
1084
-1085
-1618
-2602
-4273
-5570
-6021
-5693
-4814
-3401
-2531
-1054
1335
3111
3400
2917
3035
2880
1003
-1835
-3528
-3401
-2178
-573
741
978
990
1095
610
-1552
-4532
-6450
-7443
-8361
-8521
-6640
-3413
-790
1024
2508
3312
3306
2840
1819
-245
-2413
-3273
-3022
-2165
-933
1208
3785
5340
5820
5941
5465
4806
5281
5759
5528
4598
5175
6160
5325
2425
-269
-1398
-2247
-3693
-5018
-5510
-5528
-5105
-4356
-3514
-2597
22
2785
3886
3388
3227
3323
2429
-42
-2304
-3183
-3050
-1903
-640
-72
-256
32
296
-1054
-3855
-5743
-6226
-6750
-7514
-7226
-5381
-2706
245
2786
3954
3636
2852
2123
553
-1811
-3102
-2941
-1876
-858
703
3086
5352
6385
6150
5272
4059
4656
5668
6040
5287
5406
6791
6423
3608
111
-1740
-2378
-3575
-5084
-5962
-5960
-5181
-4331
-3522
-2865
-831
2002
3598
3359
3130
3280
2966
952
-1671
-3343
-3712
-2505
-981
-131
-279
179
760
-187
-2964
-5439
-6185
-6633
-7208
-7288
-6083
-3595
-925
1619
3189
3481
3474
3402
2078
-838
-3167
-3525
-2771
-1917
-581
1801
4413
5964
6214
6122
5147
4829
5478
5702
5147
4482
5720
6211
4541
1571
-334
-1036
-2336
-4274
-5553
-5976
-5813
-5031
-3908
-3033
-1511
1498
3933
4275
3446
3233
2736
1095
-1559
-3079
-3409
-2704
-1356
-503
-652
-786
93
253
-1777
-4682
-6209
-6617
-7148
-7285
-6088
-3692
-1273
643
2216
2841
3003
2911
1913
-325
-2444
-2590
-1496
-385
300
1420
3091
4568
5287
5457
4786
3971
4737
5631
5953
5150
5730
6941
6246
3269
163
-1127
-1774
-3188
-4900
-6182
-6578
-5837
-4300
-2857
-2034
-96
2150
3500
3017
2838
3123
2219
-614
-3293
-4022
-3528
-2474
-1269
-572
-567
165
958
172
-2808
-5229
-5625
-5718
-6608
-7140
-5665
-2799
-113
2169
3491
3518
3060
2274
835
-1424
-2905
-2794
-1710
-738
497
2590
4776
5592
5057
4670
4512
5624
6432
6288
5066
4603
5636
5789
3991
763
-1359
-2132
-3018
-4619
-5887
-6317
-5667
-4454
-3163
-2211
-317
1989
3485
3361
2978
3046
2814
1191
-1601
-3318
-3886
-2918
-1723
-848
-734
-142
895
546
-1879
-4593
-5732
-6123
-6839
-7226
-6092
-3456
-667
1480
2701
2928
2759
2387
1226
-1209
-2972
-2889
-1488
-429
317
1827
4004
5616
5639
5096
4189
4069
4880
5476
5585
5152
5978
6480
5301
2586
107
-950
-2221
-4278
-6043
-6498
-5783
-4932
-3817
-2916
-1550
979
3382
4270
3547
2970
2420
1291
-1373
-3508
-4174
-3472
-2314
-1368
-709
-304
511
662
-741
-3228
-4940
-5342
-5812
-6614
-6561
-4805
-1989
373
2024
2644
2706
2543
1826
184
-1742
-2480
-1990
-1081
-264
1064
3084
4935
5545
5110
4487
4028
4810
5485
5487
4786
4940
6313
6185
4077
1073
-823
-1749
-3017
-4668
-5955
-6534
-5995
-4596
-3045
-1983
-42
2536
3869
3290
2418
2493
2244
420
-2083
-3323
-3502
-2891
-2131
-1372
-866
-24
1075
810
-1478
-3871
-4502
-4734
-5748
-6775
-6185
-3879
-1519
357
1581
2041
2020
1844
1211
-322
-1448
-1349
-521
-266
-334
738
2714
4458
4965
5012
4643
4326
4783
5142
5237
4815
5708
6685
5662
2744
-62
-1275
-2301
-4031
-5429
-5816
-5559
-4918
-3984
-3111
-1932
687
3540
4513
3522
2650
2455
1533
-1002
-3141
-3966
-3748
-3118
-2083
-921
54
1367
1936
710
-2049
-4250
-5015
-5720
-6669
-6614
-4807
-2245
-405
994
2155
3038
3140
2168
328
-1547
-2223
-1781
-1105
-764
116
2286
4509
5604
5180
4167
3313
3276
4158
4575
4483
4447
5737
6661
5306
2618
476
-693
-2395
-4660
-6067
-6273
-5551
-4591
-3702
-2996
-1544
1144
3396
3829
3190
3217
2758
834
-2165
-3889
-4217
-3795
-2661
-1364
-62
694
1624
1534
-239
-2373
-3603
-4214
-5544
-6635
-6171
-4464
-2705
-1454
74
1493
2410
2626
1962
539
-827
-1219
-1078
-595
-6
1487
3216
4211
4168
3497
3363
3343
4171
4933
4881
4575
4987
6471
6548
4687
1939
-88
-1498
-3535
-5197
-5786
-5425
-4711
-3831
-2952
-2141
-353
2036
3439
3080
2286
2261
1807
-213
-2587
-3490
-3512
-3273
-2670
-1518
-17
1491
2479
1517
-802
-2863
-3655
-4366
-6153
-7435
-6893
-4823
-2735
-951
599
1714
2562
2661
1753
317
-639
-664
-587
-518
-177
1294
3150
4470
4953
4390
3757
3096
3669
4189
4085
3911
4701
6302
6251
4445
1810
-7
-1383
-2960
-4321
-5084
-5135
-4421
-3307
-2638
-2154
-471
1745
2812
2292
1961
2071
1036
-1117
-3123
-3625
-3687
-3183
-2043
-615
588
1573
2210
1302
-664
-2385
-3307
-4450
-6027
-6688
-5897
-4362
-2901
-1287
311
1466
2157
1956
1015
-294
-834
-401
357
861
998
1938
3402
4512
4479
3443
2434
1808
2439
3421
4011
4171
4617
5803
6077
4797
2674
1017
-445
-2353
-4025
-4998
-5191
-4739
-3810
-2726
-1728
-361
1076
1813
1686
1733
2062
1334
-706
-2722
-3340
-3204
-2676
-1793
-520
812
1904
2549
2049
519
-1500
-3363
-5308
-7101
-7780
-6925
-5173
-3540
-1986
-347
1133
1944
1820
1350
790
497
419
535
879
1296
2317
3453
4445
4435
3657
2826
2282
2579
2998
3522
3841
4630
5677
5839
4661
2542
748
-812
-2276
-3463
-4116
-4248
-4254
-4033
-3544
-2588
-998
622
1639
1765
1648
1369
419
-1136
-2488
-2936
-2935
-2615
-1878
-759
526
1696
2434
2141
782
-1099
-3022
-4971
-6552
-7067
-6549
-5629
-4590
-2971
-758
1243
2408
2812
2730
2122
1132
282
-135
296
1148
2415
3430
3902
3798
3202
2697
2126
2485
3215
4038
4449
4784
5351
5142
3970
2042
470
-636
-1778
-2892
-3828
-4300
-4144
-3527
-2882
-2312
-1178
125
946
1087
1311
1371
753
-698
-2068
-2622
-2831
-2184
-1014
475
1394
1913
2205
1544
226
-1562
-3426
-5484
-7429
-8072
-7425
-5904
-4231
-2266
-4
1509
2195
2293
2206
1624
850
463
656
1288
1791
2418
3091
3773
4020
3556
2607
1615
1879
2936
3832
4058
4460
5515
5836
4665
2368
426
-911
-2079
-3107
-3819
-3909
-3674
-3163
-2802
-2470
-1697
-609
440
785
932
930
605
-274
-1454
-2268
-2870
-2696
-1580
53
1373
2028
2464
1988
376
-1985
-4152
-5600
-6558
-6617
-6187
-5340
-4199
-2425
-409
1036
1997
2540
2783
2239
1386
842
955
1569
1987
2288
2382
2733
3135
3020
2448
1518
1668
2400
3173
3465
4149
5812
6745
5971
3631
1616
110
-1297
-2739
-4014
-4891
-5255
-4778
-3860
-2981
-1957
-707
474
831
1012
1128
916
-76
-1457
-2356
-2885
-2265
-945
570
1193
1507
2169
2231
1006
-1369
-3606
-5466
-6932
-7529
-7402
-6494
-5019
-2840
-707
679
1873
2985
3799
3417
2443
1678
1388
1387
1332
1540
1988
2589
2947
2637
1986
1448
1893
2862
3551
3765
4438
5864
6422
5321
3305
1927
935
-398
-2100
-3426
-4127
-4267
-4104
-4041
-4064
-3338
-1529
208
884
906
1126
1226
259
-1351
-2514
-2810
-2250
-1120
121
768
1459
2343
2597
1299
-1196
-3584
-5341
-6825
-7957
-8179
-7104
-5175
-2928
-876
844
2567
3858
4220
3399
2120
1364
1289
1338
1133
1135
1743
2674
3512
3111
1830
750
1180
2702
3742
4141
4613
5945
6553
5532
3537
1768
626
-537
-2003
-3445
-4436
-4589
-4444
-4522
-4634
-3708
-1696
-2
751
1190
1811
1801
853
-754
-2139
-2925
-2471
-987
368
1062
1601
2618
2924
1541
-851
-3200
-5111
-6854
-7915
-7976
-7000
-5238
-3085
-859
837
2163
3065
3461
2997
2167
1747
1621
1517
1189
1178
1648
2167
2415
2067
1756
1723
2556
3711
4210
4162
4381
5510
5926
4882
2920
1482
514
-834
-2442
-3676
-4162
-4253
-4258
-4381
-4286
-3146
-1073
620
1059
1003
1245
1253
358
-1204
-2264
-2652
-2100
-996
178
1015
1690
2529
2332
805
-1460
-3269
-4636
-6261
-7610
-7911
-6665
-4663
-2607
-716
790
2153
3191
3646
3178
2037
1099
754
866
1006
1368
1949
2431
2570
2319
2124
2059
2505
3120
3693
4238
5270
6555
6686
5194
2988
1409
428
-746
-2332
-3741
-4610
-4855
-4844
-4711
-4424
-3308
-1510
58
909
1425
1851
1609
330
-1295
-2299
-2474
-2025
-1318
-309
716
1983
2899
2604
893
-1386
-3374
-5246
-7103
-8216
-7976
-6608
-4983
-3074
-800
1387
2991
3644
3683
3227
2693
2208
1608
949
346
617
1615
2526
2763
2331
2118
2231
3162
3935
4156
3836
4091
5094
5572
4697
2925
1357
-6
-1481
-2735
-3356
-3601
-3761
-4147
-4340
-4136
-2696
-794
692
1137
1337
1532
950
-502
-1888
-2169
-1990
-1710
-1117
1
1064
1860
2235
1589
-157
-2055
-3449
-4948
-6807
-7969
-7512
-5881
-4190
-2291
-235
1470
2569
3261
3531
3021
2196
1542
1099
973
926
1445
1973
2234
2204
1995
1992
1795
2321
2996
3686
3866
4334
5468
6014
5132
3257
1826
842
-423
-2068
-3702
-4844
-5190
-4760
-3976
-3496
-2595
-1161
294
763
947
1289
1158
-45
-1626
-2375
-2427
-1988
-1045
377
1504
2178
2624
2377
799
-1431
-3304
-4711
-6231
-7422
-7719
-6936
-5293
-2806
-114
1751
2753
3412
3898
3542
2510
1449
818
574
619
1053
1662
2072
2295
2194
1973
1666
1966
2731
3189
3273
3557
4686
5462
5205
4125
3069
2063
612
-1242
-3091
-4504
-5231
-5401
-5285
-4788
-3416
-1388
100
697
1005
1508
1541
738
-443
-1541
-2328
-2476
-1704
-459
614
1638
2466
2457
1162
-803
-2712
-4440
-5919
-7026
-7558
-7317
-5952
-3652
-1298
509
1936
3163
3815
3678
3032
2341
1696
1125
707
476
860
1659
2478
2500
2033
1706
2061
2985
3770
4363
4899
5704
6052
5395
3976
2625
1581
373
-1216
-2788
-3963
-4537
-4783
-4891
-4786
-3843
-2046
-290
742
1069
1113
602
-161
-942
-1420
-1852
-2036
-1678
-1012
-28
1186
2416
2615
1498
-461
-2610
-4538
-6116
-7105
-7571
-7257
-5949
-3822
-1363
834
2536
3443
3635
3323
2724
2122
1503
1044
727
816
1315
1819
2242
2294
2165
1772
1814
2408
2941
3239
3837
5510
6823
6566
4713
2834
1521
352
-1015
-2695
-4308
-5419
-5628
-5318
-4828
-3643
-1816
-281
354
714
1406
1499
734
-585
-1657
-2421
-2426
-1200
469
1503
1889
2302
2403
1257
-816
-2678
-4249
-5887
-7351
-7776
-7119
-5809
-3826
-1389
782
2314
3344
4118
4010
3176
2195
1429
803
153
69
691
1709
2583
2895
2618
1842
1328
1758
2465
2767
2913
4129
5850
6425
5591
4392
3423
1969
-52
-2082
-3846
-5128
-5650
-5555
-5337
-4879
-3404
-1525
-297
276
919
1432
994
14
-691
-1118
-1464
-1484
-1061
-628
-91
1150
2341
2231
556
-1320
-2849
-4439
-6062
-7107
-7257
-6759
-5488
-3350
-943
1019
2626
3921
4607
4196
3341
2511
1723
848
372
734
1535
2155
2536
2507
2069
1587
1804
2631
2886
2927
3494
5104
5957
5386
4062
2960
1942
661
-711
-2205
-3911
-5253
-5730
-5661
-5176
-4013
-1969
-412
349
710
1226
1157
325
-709
-1528
-2074
-2051
-1184
-78
768
1588
2525
2583
1248
-911
-2973
-4830
-6347
-7004
-6877
-6398
-5634
-4125
-1861
423
2464
3956
4578
4095
2905
1965
1337
945
774
1049
1734
2053
2194
2071
1768
1205
634
942
1430
2226
3313
4953
6346
6444
5872
4982
3975
2365
351
-1695
-3531
-4710
-5112
-5229
-5381
-5028
-3689
-1995
-872
-239
418
910
922
393
-387
-1234
-1773
-1549
-869
-39
824
1796
2320
1787
348
-1462
-3196
-4763
-6198
-7347
-7958
-7493
-5726
-3015
-243
1898
3205
3900
4165
4071
3573
2728
1775
931
575
759
1282
1769
2060
2060
1787
1555
1951
2589
2930
3171
4171
5701
6309
5598
4273
2990
1594
-16
-1725
-3403
-4726
-5163
-5010
-4951
-4864
-3974
-2429
-1158
-376
391
1045
1045
476
-260
-920
-1419
-1288
-531
260
973
1769
2404
2023
501
-1311
-3018
-4710
-6413
-7556
-7793
-7075
-5342
-2877
-330
1616
2992
3853
3994
3444
2675
2212
1789
1301
996
1282
2056
2736
3118
2676
1538
280
-110
566
1330
2081
3243
5036
6453
6573
5917
4882
3474
1490
-803
-2816
-4416
-5193
-5381
-5393
-5208
-4257
-2562
-1359
-999
-698
200
1046
1126
651
-100
-880
-1491
-1558
-1173
-526
582
1753
2228
1489
185
-1170
-2825
-4844
-6734
-7831
-7993
-7093
-5136
-2482
184
2458
4047
4660
4541
4104
3679
2756
1436
476
377
1071
1633
2083
2161
1747
1120
720
1151
1661
2114
2931
4444
6242
7089
6853
5559
3633
1627
-95
-1438
-2935
-4388
-5438
-6052
-6313
-5862
-4329
-2559
-1451
-811
2
809
1042
955
680
61
-796
-1177
-781
-270
308
1142
1931
1898
886
-508
-2369
-4702
-6862
-7975
-7919
-7073
-5339
-2967
-526
1502
3223
4666
5295
4947
3898
2736
1640
845
619
837
1290
1598
1659
1201
362
-238
-98
728
1292
1636
2537
4437
6461
7209
6732
5544
4291
2740
593
-1777
-3887
-4970
-5297
-5383
-5584
-5502
-4520
-3183
-1853
-609
853
2174
2505
1778
447
-521
-965
-917
-514
-65
478
1083
1771
1794
713
-1120
-3099
-4825
-6414
-7411
-7516
-6661
-5054
-2946
-613
1332
2954
4153
4725
4430
3578
2888
2235
1573
823
477
646
961
1228
913
200
-667
-842
-63
992
2183
3665
5842
7661
8038
7039
5427
3854
1959
-162
-2324
-4157
-5247
-5678
-5872
-6223
-5948
-4544
-2655
-1206
-155
1134
2112
2110
1279
481
-103
-776
-1160
-1012
-312
734
2005
2728
1944
-3
-2055
-3610
-5078
-6456
-7223
-7246
-6620
-5336
-3074
-280
2384
4426
5583
5703
4777
3574
2471
1538
719
274
386
500
549
580
620
281
-435
-630
127
1492
2802
4319
6288
7836
7967
6829
5339
3746
1891
-157
-2268
-4322
-5933
-6587
-6636
-6587
-6075
-4665
-2788
-1194
289
1797
2806
2809
1996
948
-239
-1283
-1582
-1025
-271
409
1376
2007
1422
-340
-2318
-3889
-5239
-6536
-7619
-7700
-6466
-4197
-1470
947
2707
3872
4527
4538
3983
3250
2624
2023
1394
752
524
732
740
315
-458
-867
-657
365
1896
2934
3540
4380
6136
7703
7813
6659
5002
3406
1322
-1066
-3102
-4513
-5447
-6248
-6865
-7037
-6158
-4317
-2355
-821
493
1989
3194
3227
1869
121
-991
-1229
-972
-786
-533
129
1064
1477
888
-427
-2027
-3615
-5320
-6900
-7670
-7108
-5377
-3225
-994
1287
3431
4764
4934
4432
3680
2907
2090
1289
567
101
297
852
1055
514
-288
-700
-594
225
1623
2994
3936
4815
6004
6941
7020
6304
5080
3252
778
-1737
-3745
-5218
-6246
-6803
-7004
-6652
-5330
-3333
-1444
-29
1296
2616
3305
2921
1798
568
-498
-1101
-1117
-841
-376
287
990
1195
449
-992
-2578
-4109
-5678
-6969
-7350
-6512
-4779
-2719
-620
1388
3163
4434
4909
4448
3298
2058
1165
730
543
492
609
607
319
88
244
510
481
564
1306
2573
4044
5647
7212
7908
7335
6024
4365
2338
76
-1903
-3480
-4967
-6318
-7144
-7195
-6516
-5140
-3247
-1326
357
1873
3042
3347
2518
1022
-393
-1346
-1810
-1861
-1592
-1154
-461
530
1298
1138
-39
-1583
-3113
-4751
-6293
-7103
-6726
-5257
-2930
-163
2204
3569
4147
4385
4209
3445
2421
1563
879
313
108
364
677
721
592
369
-11
-189
457
1758
2940
3918
5365
7101
7869
7166
5660
3918
1867
-421
-2450
-4072
-5399
-6347
-6821
-6915
-6434
-4844
-2456
-450
776
1862
3001
3322
2401
975
-285
-1355
-2111
-2097
-1425
-592
298
1226
1609
796
-807
-2401
-3893
-5452
-6698
-6924
-6093
-4461
-2172
326
2285
3372
4033
4416
4086
3075
2025
1275
517
-222
-340
131
597
726
736
786
890
1429
2401
3191
3678
4611
6164
7019
6255
4695
3398
2227
555
-1379
-3117
-4550
-5540
-5961
-6020
-5972
-5317
-3558
-1318
507
1816
2776
2989
2128
832
-233
-1040
-1730
-2064
-1832
-1368
-692
434
1554
1599
247
-1643
-3352
-4777
-5718
-5769
-5035
-3985
-2593
-697
1227
2532
3190
3418
3097
2316
1713
1603
1411
783
223
257
582
705
831
1088
1140
791
602
1092
1999
3125
4537
6047
6848
6363
5042
3602
2244
760
-990
-2980
-4850
-6010
-6257
-6006
-5594
-4711
-3121
-1243
284
1436
2371
2776
2335
1166
-200
-1334
-1951
-1922
-1471
-960
-386
592
1668
1924
867
-963
-2647
-3876
-4789
-5308
-5164
-4417
-3310
-1965
-430
1233
2789
3780
3884
3152
2159
1513
1140
553
-309
-806
-569
190
824
998
1106
1462
2251
3109
3797
4379
5040
5671
5567
4810
3614
2433
1132
-524
-2250
-3714
-4567
-5207
-5695
-5961
-5410
-3769
-1788
-107
1098
2222
2867
2561
1406
51
-936
-1716
-2036
-1987
-1567
-776
518
1794
2006
1096
-505
-1973
-3346
-4549
-5380
-5610
-5030
-3738
-1842
-80
1344
2470
3176
3345
2855
2210
1565
941
269
-109
270
1086
1848
1805
1169
654
915
1862
2743
3206
3515
4475
5768
6183
5181
3392
1829
532
-837
-2418
-3880
-4925
-5359
-5189
-5098
-4869
-3895
-2094
-390
665
1516
2169
2206
1261
78
-791
-1477
-1838
-1897
-1663
-1130
120
1682
2258
1408
-259
-1646
-2870
-4158
-5149
-5356
-4624
-3327
-1682
-194
1102
2284
3107
3276
2575
1739
1272
1202
1051
723
641
736
1082
1199
1042
610
311
842
1962
3170
4004
4932
5856
6023
5197
3884
2743
1431
-264
-2058
-3628
-4672
-5049
-4858
-4764
-4793
-4094
-2468
-789
237
1124
2110
2401
1707
647
-264
-1184
-2057
-2286
-1963
-1297
-380
796
1485
1096
287
-612
-1730
-3493
-5134
-5948
-5858
-4838
-3052
-754
1086
2289
2986
3265
3018
2245
1575
1099
860
654
656
837
881
879
864
1058
1299
1942
2930
3624
3738
3925
5054
6088
5869
4401
2680
1061
-657
-2153
-3343
-4218
-4941
-5237
-5324
-5315
-4515
-2617
-394
820
1287
1643
1826
1411
613
-14
-833
-1734
-2147
-1776
-1110
-472
417
1103
1075
321
-603
-1800
-3514
-4915
-5343
-4864
-3990
-2644
-848
741
1768
2338
2740
2794
2476
2063
1544
908
240
56
438
986
1422
1623
1595
1274
1237
1944
2967
3625
4062
4935
5700
5349
4051
2814
1893
592
-1155
-2955
-4569
-5525
-5455
-4731
-4310
-4016
-2899
-1181
171
963
1747
2235
1738
590
-448
-1173
-1738
-1891
-1544
-1045
-389
664
1630
1473
187
-1229
-2264
-3247
-4205
-4816
-5066
-5070
-4420
-2650
-300
1697
2966
3598
3441
2560
1653
1270
1144
779
478
587
867
999
1090
1270
1310
1542
2363
3406
3913
4167
4991
5928
5823
4594
3185
1912
345
-1468
-3045
-4191
-4941
-5145
-4855
-4538
-4024
-2839
-1168
7
513
938
1382
1293
589
-209
-998
-1768
-2137
-1794
-1076
-341
445
1140
1114
245
-868
-1811
-2910
-4287
-5401
-5582
-4759
-3214
-1288
496
1738
2510
3150
3480
3160
2379
1711
1229
658
200
297
831
1213
1178
980
950
1465
2539
3475
3632
3642
4575
5787
5691
4177
2625
1551
277
-1393
-2890
-3997
-4759
-4943
-4669
-4411
-3977
-2739
-1151
-208
234
998
1826
1740
820
-165
-953
-1539
-1703
-1421
-1074
-579
417
1375
1286
168
-1022
-2064
-3451
-5006
-5795
-5511
-4642
-3411
-1792
-90
1303
2459
3380
3569
2866
1962
1525
1300
923
790
1240
1778
1673
1081
655
757
1466
2513
3388
3805
4322
5287
5866
5232
3800
2516
1338
-257
-2074
-3490
-4319
-4708
-4717
-4491
-4139
-3364
-1973
-549
218
583
995
1157
574
-422
-1199
-1714
-1941
-1717
-1060
-357
337
1081
1382
895
-119
-1133
-2324
-3790
-4988
-5432
-5095
-4283
-2953
-1287
423
1980
3213
3865
3552
2647
1751
1304
1151
1028
1053
1190
1420
1519
1631
1748
1875
2162
2489
2776
2949
3541
4441
4856
4283
3135
2211
1248
-86
-1710
-3089
-3988
-4485
-4513
-4388
-4062
-3375
-2174
-931
-106
611
1126
963
-156
-1361
-1851
-1772
-1430
-957
-373
89
573
1146
1345
810
-206
-1314
-2691
-4266
-5408
-5590
-4906
-3679
-2164
-800
208
1029
1966
2849
3393
3516
3147
2347
1281
547
463
945
1644
2110
2166
1732
1450
1802
2619
3292
3760
4573
5288
5061
3782
2320
1168
108
-903
-1958
-3034
-3832
-3981
-3882
-4057
-3998
-3032
-1505
-486
-48
384
807
607
-319
-1264
-1894
-2036
-1553
-626
87
352
736
1129
968
299
-357
-1150
-2661
-4380
-5336
-5281
-4613
-3543
-2109
-850
-7
848
1954
2817
2885
2495
2058
1589
1225
1339
1988
2513
2500
2000
1335
986
1360
2334
3028
3108
3243
3996
4691
4310
3023
1801
1043
333
-610
-1659
-2682
-3568
-4056
-4090
-3879
-3346
-2278
-1073
-357
-6
416
683
293
-569
-1301
-1853
-2270
-2161
-1316
-223
617
1328
1865
1769
876
-421
-1835
-3290
-4383
-4740
-4605
-4411
-3928
-2691
-956
495
1321
1789
2145
2370
2460
2441
2234
1900
1688
1697
1746
1777
1882
1872
1604
1543
2121
2824
3000
2938
3334
3982
4156
3727
2914
1715
181
-1284
-2386
-3125
-3350
-3067
-2900
-3231
-3362
-2561
-1449
-953
-789
-284
232
89
-531
-1146
-1735
-2185
-1990
-1122
-185
634
1534
2103
1675
474
-764
-1955
-3372
-4640
-5117
-4891
-4428
-3681
-2437
-1054
23
955
1935
2640
2793
2696
2637
2433
2043
1786
1814
1962
2162
2462
2503
2194
2038
2290
2517
2440
2722
3649
4248
3616
2269
1311
837
161
-868
-1943
-2810
-3334
-3444
-3314
-3180
-2757
-1841
-962
-590
-390
28
177
-481
-1517
-2203
-2292
-1936
-1272
-550
55
829
1857
2452
1940
646
-742
-2131
-3513
-4430
-4574
-4301
-3981
-3401
-2411
-1293
-253
767
1693
2242
2337
2266
2227
2124
1920
1833
1995
2245
2384
2307
1952
1686
2034
2720
2957
2635
2617
3214
3689
3365
2304
1000
-180
-1031
-1547
-2055
-2659
-3025
-2994
-2783
-2364
-1495
-604
-328
-476
-403
-115
-169
-756
-1564
-2236
-2588
-2422
-1716
-804
174
1258
2098
2189
1571
599
-669
-2204
-3572
-4274
-4236
-3734
-3102
-2548
-2120
-1584
-633
531
1297
1481
1557
1917
2439
2705
2566
2259
2109
2337
2689
2678
2102
1637
1949
2573
2731
2518
2720
3263
3411
2822
1792
697
-250
-849
-1320
-2011
-2726
-2936
-2661
-2471
-2272
-1621
-829
-546
-574
-292
-1
-319
-1187
-1992
-2528
-2783
-2550
-1850
-924
149
1529
2599
2583
1591
324
-906
-2271
-3459
-4130
-4221
-3987
-3439
-2519
-1572
-760
-106
621
1257
1625
1807
1853
1891
1791
1807
2000
2299
2568
2668
2717
2462
2209
2306
2672
2814
2780
3276
3765
3350
2089
1033
484
-155
-928
-1711
-2392
-2933
-2940
-2556
-2279
-1844
-943
-59
-133
-656
-712
-475
-702
-1463
-2094
-2585
-2897
-2690
-1704
-362
838
1965
2606
2307
1148
-112
-1170
-2373
-3552
-4304
-4386
-4132
-3552
-2419
-1165
-314
32
382
748
960
1145
1412
1808
2032
2244
2499
2699
2750
2607
2407
2084
2179
2758
3236
3095
2860
3338
3923
3671
2429
1172
275
-588
-1514
-2229
-2481
-2524
-2386
-2221
-2070
-1698
-937
-163
-9
-212
-276
-322
-879
-1832
-2565
-2926
-2963
-2539
-1548
-438
567
1490
2013
1672
692
-236
-1158
-2290
-3416
-4056
-4196
-3951
-3255
-2267
-1277
-405
493
1185
1329
1132
1042
1198
1417
1835
2419
2815
2811
2559
2425
2389
2642
3153
3531
3274
2632
2502
2991
3328
2745
1549
325
-593
-1264
-1838
-2306
-2573
-2495
-2298
-2172
-1832
-902
283
804
494
38
-229
-754
-1790
-2690
-2999
-2809
-2446
-1930
-1212
-213
1179
2371
2439
1218
-242
-1186
-1960
-2860
-3598
-3848
-3732
-3329
-2508
-1459
-500
201
691
912
826
636
605
821
1187
1705
2304
2662
2650
2499
2425
2380
2415
2792
3266
3426
3289
3428
3791
3668
2899
1931
1027
-42
-1158
-2063
-2653
-2892
-2761
-2554
-2570
-2374
-1421
-241
194
-70
-165
35
-142
-1011
-2192
-3159
-3518
-2998
-1892
-777
124
954
1523
1463
864
169
-609
-1767
-3090
-3935
-4077
-3791
-3174
-2276
-1362
-671
-102
426
772
903
1063
1345
1536
1573
1686
2035
2575
3167
3569
3491
3096
2916
3104
3287
3247
3238
3339
3181
2477
1518
639
-175
-1009
-1816
-2422
-2692
-2602
-2438
-2444
-2325
-1554
-245
643
642
297
238
229
-341
-1390
-2498
-3196
-3228
-2567
-1632
-863
-21
1004
1747
1559
714
-189
-1194
-2397
-3514
-4031
-3995
-3471
-2455
-1299
-453
-72
278
643
781
659
519
510
506
848
1669
2630
3111
3007
2799
2698
2999
3448
3751
3511
3113
3320
3807
3679
2352
889
-55
-636
-1311
-2105
-2761
-3280
-3216
-2673
-1958
-1283
-487
466
944
883
505
164
-282
-1011
-1823
-2710
-3316
-3472
-2809
-1632
-327
848
1386
1226
531
-131
-925
-2018
-3098
-3726
-3639
-3190
-2455
-1601
-751
-123
195
559
967
1195
879
285
44
499
1469
2338
2776
2773
2779
2857
2903
3040
3295
3552
3544
3450
3564
3645
3107
1943
680
-235
-879
-1558
-2189
-2702
-2870
-2608
-2284
-1999
-1531
-777
-69
228
357
590
540
-157
-1321
-2461
-3104
-3208
-2831
-2146
-1341
-273
902
1514
1162
178
-794
-1485
-2067
-2531
-2820
-2997
-2951
-2510
-1680
-703
26
446
725
878
1027
1007
717
390
349
892
1749
2523
2912
2942
2790
2839
3301
3721
3706
3273
3147
3381
3324
2589
1339
263
-437
-866
-1261
-1811
-2493
-2974
-3057
-2919
-2381
-1300
-10
684
639
545
608
421
-422
-1472
-2338
-2961
-3210
-2872
-1970
-967
106
910
1067
585
-23
-557
-1525
-2696
-3413
-3277
-2801
-2392
-1843
-1135
-382
160
612
788
599
381
423
753
1025
1366
1720
1991
2143
2359
2786
3010
3086
3227
3415
3262
2983
3224
3658
3494
2442
1236
310
-452
-1131
-1695
-2134
-2517
-2583
-2416
-2337
-2266
-1572
-342
428
523
470
441
-68
-1015
-1806
-2268
-2555
-2617
-2248
-1696
-1079
-230
808
1423
1215
553
-369
-1570
-2813
-3496
-3457
-3014
-2346
-1565
-911
-611
-326
283
939
1143
960
902
1074
1210
1220
1276
1441
1669
2043
2493
2763
2823
3022
3435
3706
3787
3787
3479
2535
1280
380
-204
-944
-1812
-2374
-2544
-2490
-2271
-1948
-1650
-1201
-436
152
94
-197
-65
233
-38
-869
-1667
-2186
-2469
-2291
-1599
-715
75
729
1014
628
-42
-527
-1024
-1939
-2850
-3168
-3016
-2755
-2296
-1398
-404
370
830
987
753
259
-53
-60
257
899
1779
2433
2543
2447
2465
2585
2564
2639
2917
3178
3320
3450
3650
3300
2239
1039
220
-291
-937
-1636
-2331
-2855
-2820
-2262
-1641
-1380
-1013
-385
7
54
197
628
474
-530
-1736
-2413
-2521
-2330
-1915
-1628
-1331
-741
105
481
35
-578
-1044
-1439
-1964
-2237
-2096
-1923
-1856
-1768
-1288
-586
110
616
765
604
334
452
871
1298
1595
1890
2189
2305
2424
2511
2448
2191
2148
2518
2759
2746
2807
3192
3281
2599
1604
658
-161
-1050
-1830
-2349
-2584
-2441
-2144
-1883
-1618
-982
-102
468
550
484
441
-55
-1063
-2098
-2626
-2641
-2342
-1774
-1263
-827
-331
364
775
518
41
-333
-717
-1534
-2381
-2784
-2697
-2388
-2072
-1635
-1159
-515
175
726
894
773
797
1044
1347
1404
1391
1499
1828
2238
2565
2714
2676
2795
2998
3153
3088
2998
2829
2210
1307
513
109
-326
-964
-1614
-2006
-1900
-1548
-1348
-1585
-1645
-892
213
736
485
200
13
-440
-1202
-1910
-2364
-2578
-2368
-1846
-1388
-969
-240
611
793
205
-544
-1165
-1905
-2687
-2902
-2523
-1957
-1585
-1285
-982
-661
-152
392
813
964
1036
1138
1105
1037
1095
1613
2292
2657
2599
2296
2139
2035
2261
2602
2691
2475
2374
2603
2389
1602
716
154
-333
-806
-980
-1127
-1437
-1652
-1491
-1267
-1173
-790
-265
-57
-247
-221
-83
-424
-1139
-1667
-1895
-2243
-2327
-1763
-890
-412
-284
-119
-29
-73
-83
-209
-885
-1859
-2307
-2220
-2150
-2192
-1821
-1013
-385
-65
191
488
528
420
592
944
1123
1141
1490
2126
2505
2393
1943
1567
1520
2083
2836
3009
2475
1955
2083
2353
2115
1284
283
-559
-1124
-1353
-1502
-1693
-1730
-1482
-1109
-851
-478
9
249
67
-181
-272
-497
-982
-1485
-1792
-1920
-1845
-1603
-1322
-944
-223
598
832
239
-665
-1356
-1817
-2108
-2135
-2001
-1909
-1922
-1777
-1354
-754
-61
589
1065
1180
1081
1073
1193
1263
1231
1388
1723
1987
2169
2465
2822
2881
2652
2249
1767
1442
1733
2390
2414
1476
374
-131
-273
-515
-968
-1518
-1916
-1803
-1214
-723
-566
-469
-343
-438
-704
-719
-592
-698
-1127
-1604
-1967
-2060
-1621
-944
-533
-454
-224
155
191
-213
-723
-1159
-1645
-2011
-2061
-1896
-1741
-1524
-1101
-676
-352
20
557
980
1073
1051
1103
1153
1077
1116
1423
1825
2055
2106
2104
1957
1689
1550
1720
1900
1727
1390
1244
1243
1180
1170
1275
1113
379
-658
-1498
-1900
-1773
-1224
-712
-566
-611
-577
-581
-662
-576
-339
-291
-554
-960
-1423
-1802
-1749
-1258
-794
-579
-356
-68
-53
-398
-787
-1058
-1390
-1774
-1947
-1851
-1695
-1560
-1293
-888
-482
-94
362
789
1003
1071
1222
1441
1499
1423
1534
1903
2216
2252
2064
1793
1616
1751
2033
1964
1472
1149
1283
1338
910
389
249
251
-90
-760
-1319
-1430
-1089
-656
-581
-874
-1021
-688
-220
-86
-294
-647
-1081
-1505
-1739
-1736
-1614
-1419
-1182
-1028
-917
-545
100
517
317
-303
-958
-1501
-1829
-1793
-1508
-1310
-1243
-1012
-511
34
445
716
827
775
796
1161
1695
1926
1748
1542
1571
1711
1807
1910
2047
2094
2002
1793
1368
734
295
384
702
714
377
6
-296
-536
-580
-426
-388
-590
-731
-624
-493
-519
-585
-613
-708
-862
-946
-1015
-1203
-1416
-1452
-1331
-1136
-820
-396
-131
-213
-424
-464
-375
-406
-646
-1036
-1468
-1714
-1558
-1118
-742
-541
-356
-137
20
132
319
527
640
774
1089
1425
1531
1535
1706
1988
2092
2005
1968
2033
2021
1796
1407
1039
857
849
745
367
-47
-198
-183
-320
-617
-789
-750
-695
-732
-779
-771
-731
-652
-570
-582
-637
-586
-523
-712
-1052
-1156
-973
-821
-884
-1005
-1029
-943
-740
-464
-282
-330
-499
-678
-918
-1172
-1240
-1091
-943
-844
-601
-165
225
414
541
783
1171
1556
1705
1528
1264
1285
1644
2035
2172
2082
1951
1845
1703
1475
1133
674
189
-159
-250
-114
133
247
-18
-582
-1008
-948
-592
-371
-485
-821
-1082
-991
-560
-149
-106
-368
-664
-892
-1088
-1202
-1179
-1115
-1053
-888
-608
-429
-455
-540
-586
-648
-716
-674
-556
-536
-702
-984
-1231
-1226
-822
-203
219
303
372
740
1255
1586
1615
1428
1160
997
1088
1383
1698
1910
2011
1972
1769
1510
1274
993
603
251
124
130
57
-140
-292
-260
-74
135
166
-90
-512
-840
-935
-864
-711
-517
-377
-409
-581
-749
-843
-941
-1116
-1325
-1442
-1321
-958
-568
-413
-554
-812
-947
-895
-764
-679
-709
-821
-889
-842
-739
-645
-476
-129
312
607
655
639
830
1270
1683
1777
1588
1453
1602
1893
1994
1795
1518
1395
1439
1543
1616
1478
932
98
-617
-979
-1103
-1130
-1094
-1042
-1021
-917
-638
-358
-308
-476
-664
-712
-560
-223
79
-18
-534
-994
-984
-667
-483
-580
-746
-751
-580
-402
-392
-531
-671
-726
-744
-748
-690
-591
-521
-465
-321
-84
108
160
171
337
679
1037
1222
1189
1116
1275
1762
2249
2302
1884
1357
987
736
542
444
401
252
13
-95
17
164
162
17
-199
-383
-361
-71
214
129
-351
-853
-992
-710
-285
-58
-134
-374
-622
-832
-1056
-1288
-1421
-1354
-1172
-1108
-1222
-1279
-1081
-744
-487
-342
-204
-90
-79
-129
-146
-177
-304
-499
-668
-710
-517
-106
303
548
715
1017
1467
1853
1988
1913
1845
1879
1861
1644
1309
1021
845
817
921
989
772
264
-260
-581
-684
-691
-690
-687
-649
-554
-420
-283
-135
26
122
33
-255
-565
-722
-735
-731
-846
-1105
-1366
-1433
-1276
-1057
-950
-959
-931
-706
-325
-35
-23
-176
-207
-78
16
-21
-66
20
179
266
279
345
491
621
713
879
1158
1399
1433
1330
1337
1549
1758
1666
1245
763
469
322
153
-77
-303
-462
-597
-770
-916
-919
-749
-483
-207
-24
37
62
154
319
435
311
-134
-737
-1158
-1152
-859
-691
-882
-1280
-1529
-1453
-1237
-1128
-1120
-1026
-763
-426
-157
19
136
197
206
217
246
221
134
140
325
560
674
664
605
488
324
265
497
1024
1605
1938
1917
1686
1456
1288
1068
713
304
-3
-126
-130
-149
-232
-307
-262
-96
56
72
-42
-207
-356
-430
-375
-223
-125
-195
-364
-509
-614
-752
-940
-1081
-1078
-976
-889
-866
-866
-853
-886
-1027
-1153
-1019
-555
-37
185
88
6
213
581
756
637
447
410
505
551
481
387
349
345
328
365
585
934
1165
1080
722
369
287
469
669
674
501
312
202
150
75
-81
-288
-432
-354
-73
151
38
-393
-773
-780
-498
-281
-317
-431
-376
-186
-125
-334
-607
-613
-359
-186
-387
-825
-1083
-902
-426
-83
-130
-436
-662
-545
-62
527
861
774
406
41
-68
153
549
870
929
699
296
-50
-151
-27
143
227
242
306
508
726
711
429
144
167
498
797
703
232
-192
-184
200
534
461
-9
-509
-675
-484
-225
-159
-275
-348
-215
27
81
-202
-597
-737
-493
-114
26
-182
-481
-585
-494
-424
-529
-734
-817
-642
-295
-1
53
-141
-408
-490
-275
113
438
569
553
493
427
325
196
136
177
214
132
-33
-122
-12
269
561
687
591
369
219
298
593
887
941
691
281
-61
-187
-92
115
262
216
-16
-277
-384
-312
-190
-139
-140
-99
-49
-145
-461
-815
-941
-765
-455
-229
-142
-100
-50
-22
-65
-165
-289
-418
-492
-424
-195
10
-6
-207
-329
-129
299
592
514
186
-64
-41
148
282
240
49
-160
-258
-160
95
337
375
217
126
321
715
964
816
386
33
-13
148
235
124
-44
-92
43
231
295
198
13
-182
-346
-441
-416
-232
61
322
396
247
12
-161
-227
-230
-235
-234
-185
-111
-145
-375
-683
-820
-634
-240
61
55
-187
-394
-379
-168
59
135
42
-119
-252
-298
-246
-125
-3
17
-68
-120
33
390
726
808
603
293
50
-80
-100
31
351
718
839
523
-80
-564
-627
-271
247
616
683
497
235
85
86
105
42
-49
-24
120
183
-8
-373
-622
-567
-310
-110
-102
-213
-321
-380
-377
-270
-76
83
83
-70
-226
-259
-184
-86
-7
71
140
163
107
-23
-157
-200
-107
74
196
134
-83
-298
-314
-107
174
336
298
162
103
196
351
426
366
256
218
250
228
64
-151
-220
-92
46
9
-135
-104
225
611
665
288
-190
-369
-172
134
277
212
46
-145
-356
-562
-677
-613
-408
-186
-38
44
102
110
-13
-265
-490
-507
-316
-132
-131
-257
-308
-187
4
103
100
124
235
313
181
-151
-480
-606
-467
-154
208
533
763
833
694
395
96
-34
48
250
433
472
312
-14
-344
-450
-205
275
657
680
380
69
7
163
262
125
-141
-278
-166
32
60
-147
-408
-500
-407
-306
-341
-467
-471
-239
89
235
48
-321
-548
-443
-131
111
152
117
201
396
492
319
-32
-294
-304
-160
-74
-123
-217
-247
-195
-109
-2
178
456
700
723
468
113
-63
26
177
144
-84
-280
-217
52
243
127
-223
-499
-479
-203
60
101
-55
-208
-179
45
309
422
318
64
-166
-244
-168
-28
60
30
-112
-277
-319
-141
182
415
370
121
-78
-89
-42
-119
-282
-291
-12
351
453
198
-171
-327
-194
27
117
48
-45
-74
-34
25
44
8
-52
-70
13
141
172
83
13
101
309
404
223
-110
-296
-203
-4
42
-103
-202
-84
132
215
134
89
216
363
275
-52
-342
-365
-197
-83
-143
-270
-294
-204
-115
-92
-79
15
189
323
282
36
-303
-576
-643
-449
-79
300
521
507
322
114
-2
-2
60
72
-26
-205
-389
-477
-403
-166
155
451
625
629
514
349
167
-19
-172
-216
-118
58
155
53
-178
-357
-346
-112
219
450
460
256
-50
-292
-369
-287
-145
-42
-37
-113
-170
-113
61
252
303
155
-51
-122
-50
-25
-198
-479
-601
-443
-124
147
294
378
419
340
115
-123
-189
-56
111
126
-20
-126
-31
193
321
179
-167
-418
-342
2
329
344
50
-261
-337
-189
-26
-15
-91
-81
63
232
281
154
-52
-184
-161
-29
74
30
-106
-162
-36
204
391
421
326
172
6
-126
-172
-98
58
186
211
153
53
-72
-178
-204
-112
47
125
49
-95
-189
-194
-156
-119
-61
29
81
29
-103
-201
-161
1
158
160
-22
-260
-401
-386
-290
-235
-235
-178
32
348
567
527
274
17
-31
147
375
418
190
-136
-301
-209
-2
97
27
-60
-13
105
114
-40
-207
-165
128
438
479
178
-275
-566
-503
-146
269
468
323
-40
-341
-370
-157
101
209
128
-52
-256
-398
-383
-165
184
458
439
142
-151
-184
11
156
34
-265
-452
-407
-269
-208
-196
-58
240
484
452
194
-17
-2
115
88
-161
-433
-501
-345
-120
27
103
178
258
288
235
156
134
153
136
83
83
212
408
499
397
195
49
53
141
142
-3
-201
-334
-309
-168
-61
-46
-47
-5
59
54
-128
-376
-416
-176
173
344
198
-91
-277
-324
-362
-458
-511
-377
-92
135
142
-46
-245
-278
-104
170
391
435
293
98
-7
-26
-43
-112
-143
21
306
457
316
-6
-188
-75
142
219
113
-27
-53
17
41
11
20
85
174
204
169
175
213
153
-69
-373
-593
-570
-338
-73
107
181
171
96
-30
-174
-275
-253
-64
173
252
112
-117
-244
-144
77
151
-3
-178
-183
-44
54
-20
-177
-217
-48
196
304
261
182
98
-13
-82
0
282
620
677
302
-235
-568
-566
-360
-134
56
216
295
226
73
28
170
339
337
173
42
45
65
-37
-251
-401
-332
-119
76
190
225
162
-34
-332
-591
-609
-307
137
406
327
-30
-403
-514
-299
55
269
208
-38
-302
-444
-461
-409
-312
-173
-33
61
136
227
333
402
389
306
193
65
-55
-91
27
209
243
42
-204
-215
66
373
420
232
74
117
248
255
100
-55
-65
53
220
359
389
204
-175
-489
-477
-176
74
14
-251
-454
-464
-361
-225
-49
139
232
172
71
73
121
37
-194
-364
-302
-129
-99
-274
-457
-443
-249
-53
36
95
200
317
377
367
325
252
138
58
121
345
549
504
169
-212
-301
-32
313
371
69
-308
-420
-211
61
109
-101
-317
-277
38
391
484
236
-127
-273
-61
289
398
90
-453
-844
-846
-513
-82
227
315
168
-128
-393
-444
-256
1
147
140
71
1
-91
-207
-236
-81
158
267
148
-73
-179
-113
-2
43
55
108
157
120
24
5
142
344
432
346
190
89
62
92
154
215
207
95
-54
-102
18
237
399
406
293
131
-24
-142
-228
-290
-314
-263
-106
105
229
148
-120
-434
-595
-506
-244
-3
22
-192
-435
-484
-328
-135
-44
-38
28
200
367
397
267
78
-67
-172
-295
-403
-375
-160
115
222
114
-6
71
314
470
375
141
10
57
145
145
84
77
166
250
226
137
66
6
-117
-312
-443
-347
-71
126
54
-206
-362
-225
95
330
327
172
78
151
292
294
68
-263
-450
-351
-106
9
-128
-331
-320
-50
210
186
-54
-215
-102
170
344
306
139
-19
-110
-151
-143
-79
21
84
73
11
-41
-35
35
127
155
53
-154
-313
-269
-35
226
359
354
305
265
213
110
-7
-68
-63
-72
-154
-242
-221
-61
128
200
150
92
115
164
117
-74
-308
-401
-270
-38
81
-47
-340
-581
-623
-473
-239
15
253
394
328
75
-208
-327
-234
-78
13
57
125
207
233
178
82
3
-34
-62
-73
1
159
269
191
-21
-124
81
469
706
625
404
272
186
-15
-283
-367
-137
213
356
175
-124
-275
-251
-198
-198
-225
-179
-35
87
94
38
28
31
-80
-278
-336
-75
332
486
197
-278
-558
-545
-390
-243
-160
-147
-194
-275
-309
-163
155
444
517
344
58
-143
-167
-109
-102
-112
-24
158
313
341
229
70
-42
-101
-103
-19
105
169
191
208
137
-125
-452
-513
-130
474
814
611
72
-368
-450
-240
18
147
123
13
-122
-237
-234
-25
292
473
356
36
-191
-151
27
75
-100
-305
-315
-111
93
84
-94
-210
-130
50
122
37
-69
-57
109
323
427
318
5
-349
-519
-423
-218
-141
-255
-340
-153
244
517
423
86
-127
-21
236
344
231
70
23
60
86
99
148
157
4
-281
-457
-306
57
279
141
-211
-437
-346
-33
242
264
50
-172
-208
-52
125
169
91
6
-27
-84
-237
-423
-471
-297
15
282
356
248
87
16
74
138
85
-55
-84
129
434
500
173
-290
-469
-215
202
380
184
-179
-416
-392
-146
172
393
412
267
101
20
-33
-140
-214
-75
262
472
236
-363
-849
-848
-439
9
200
155
61
40
85
117
100
83
140
305
489
525
309
-97
-453
-530
-303
33
236
185
-57
-326
-467
-441
-308
-103
159
408
503
358
95
-55
-5
105
91
-34
-122
-144
-192
-328
-472
-490
-355
-130
103
251
199
-46
-260
-187
171
509
515
247
25
7
64
0
-141
-142
28
148
85
-37
-10
181
291
174
-9
-7
234
503
522
262
-64
-261
-268
-148
-23
37
52
43
29
25
-30
-174
-351
-484
-471
-278
-18
172
212
133
79
135
227
227
72
-169
-326
-286
-106
55
41
-155
-363
-400
-230
25
200
231
193
185
221
256
244
187
111
8
-132
-280
-362
-311
-129
83
228
254
148
-51
-268
-419
-431
-305
-93
143
316
362
302
244
288
434
506
291
-161
-543
-590
-357
-173
-241
-368
-248
125
467
472
174
-113
-168
-22
154
234
249
248
181
24
-157
-280
-315
-281
-197
-24
181
207
-33
-345
-457
-286
-3
196
294
345
328
217
100
91
170
195
51
-176
-297
-238
-69
89
126
33
-113
-175
-72
91
149
61
-50
-39
103
220
175
-45
-284
-313
-101
129
112
-129
-262
-87
192
214
-68
-292
-162
151
249
-17
-356
-399
-105
298
535
478
181
-187
-390
-309
-92
11
-82
-179
-80
126
208
86
-61
-22
141
233
211
197
260
274
106
-160
-321
-316
-242
-193
-146
-35
107
195
141
-44
-236
-259
-29
301
397
106
-331
-496
-213
255
493
347
20
-163
-77
122
217
116
-93
-264
-335
-310
-177
40
218
213
24
-130
-56
187
330
212
-7
-98
-43
21
-12
-109
-194
-257
-295
-226
-1
292
461
397
182
-33
-152
-192
-180
-137
-103
-95
-101
-50
107
326
465
388
90
-302
-562
-481
-85
333
443
168
-218
-336
-67
311
408
124
-284
-462
-249
173
452
360
-61
-525
-720
-530
-77
389
634
569
270
-60
-240
-260
-213
-164
-99
12
81
-3
-214
-344
-217
92
349
368
196
-3
-109
-121
-88
-37
45
138
202
212
148
78
84
144
210
202
94
-37
-144
-202
-183
-75
84
145
14
-216
-304
-43
436
719
544
46
-371
-402
-158
33
-21
-247
-428
-398
-156
131
282
237
28
-185
-219
-125
-94
-190
-278
-190
64
233
111
-162
-255
-62
233
362
211
-39
-186
-232
-206
-104
59
209
265
164
-61
-251
-302
-217
9
342
623
664
352
-188
-614
-660
-346
64
334
381
284
188
157
178
221
211
71
-144
-259
-165
6
21
-179
-387
-297
63
354
323
65
-119
-101
-58
-167
-334
-306
-32
235
238
-8
-253
-291
-150
46
209
328
375
252
-55
-398
-596
-563
-368
-144
16
102
133
134
145
198
302
385
348
167
-74
-235
-222
-64
114
217
256
291
331
290
85
-225
-427
-344
-60
174
197
65
-71
-153
-212
-234
-131
104
297
272
66
-109
-103
-16
-29
-152
-209
-90
90
155
93
46
91
120
36
-72
-61
39
61
-91
-304
-409
-369
-251
-87
154
414
496
293
-35
-223
-186
-74
-9
41
147
288
334
232
81
-41
-184
-356
-399
-166
196
317
41
-352
-466
-224
85
163
22
-64
91
365
483
307
-50
-336
-350
-110
153
192
-18
-266
-335
-153
146
329
251
-20
-270
-345
-242
-47
161
336
415
324
100
-75
-30
175
235
-19
-385
-516
-314
-20
94
23
-50
-27
3
-72
-180
-138
73
272
315
266
223
158
-6
-210
-268
-99
139
205
47
-168
-245
-110
136
295
205
-85
-306
-252
6
216
219
76
-61
-115
-88
-13
39
-16
-175
-284
-182
110
365
371
