SAMPLES:	13166
BITSPERSAMPLE:	16
CHANNELS:	1
SAMPLERATE:	16000
NORMALIZED:	FALSE
62
75
57
21
10
37
101
198
293
301
209
100
0
-66
-54
32
105
68
-36
-112
-143
-133
-101
-57
-13
15
17
-9
-53
-92
-93
-52
-6
9
9
35
85
120
131
137
149
181
232
264
227
141
59
-25
-119
-179
-172
-149
-153
-160
-151
-167
-235
-268
-221
-143
-83
-64
-84
-123
-115
-3
144
244
281
259
214
170
118
38
-41
-85
-84
-99
-158
-183
-132
-60
-25
-24
-26
-7
40
115
201
274
312
305
255
182
120
87
77
55
19
-37
-115
-146
-122
-112
-134
-203
-289
-310
-287
-236
-143
-56
-1
24
26
32
55
85
90
56
46
79
111
136
116
67
33
-28
-55
-4
69
105
38
-86
-112
-52
-12
-35
-84
-88
-56
-6
60
107
146
158
131
117
83
46
21
-37
-94
-124
-108
-43
-16
-55
-111
-165
-183
-165
-147
-114
-72
-29
9
10
29
46
50
109
156
183
187
142
108
63
20
-21
-77
-88
-73
-16
58
118
151
126
111
116
112
83
50
56
39
-10
-72
-100
-55
-9
15
-34
-143
-200
-154
-63
-67
-147
-215
-216
-129
-30
47
40
-38
-65
-46
3
46
70
80
58
78
115
110
61
-7
-28
-57
-82
-33
51
88
70
60
73
52
-15
-88
-126
-125
-79
-4
36
24
26
79
148
174
175
139
32
-93
-127
-34
82
105
43
-57
-162
-220
-190
-91
-6
25
35
58
61
28
0
17
34
-17
-64
-20
88
158
139
67
-24
-95
-95
-18
67
87
30
-62
-112
-82
27
141
167
81
-59
-156
-161
-89
-29
-30
-59
-52
4
75
127
143
103
21
-77
-148
-147
-78
-2
33
49
54
3
-89
-137
-109
-35
20
46
56
20
-44
-71
-19
20
5
8
51
83
60
16
0
-7
-16
-17
14
64
73
40
-2
-15
7
26
28
7
15
56
68
56
18
-28
-57
-48
-10
16
26
25
-24
-80
-106
-97
-50
-24
-39
-43
-23
-10
-33
-72
-91
-45
45
107
123
108
70
50
83
121
97
26
-63
-125
-93
28
166
216
155
80
43
50
57
-7
-74
-102
-122
-140
-169
-161
-107
-30
29
1
-42
-47
-46
2
62
53
22
-11
-42
-22
37
100
116
79
29
-33
-86
-123
-148
-114
-57
-61
-95
-106
-74
-1
67
118
137
130
125
97
65
81
82
38
-44
-140
-173
-141
-76
-12
-10
-21
-26
-26
23
26
-11
-5
25
85
121
108
100
68
48
55
45
58
68
78
99
62
22
1
-26
-55
-84
-87
-84
-84
-73
-78
-73
-40
-38
-50
-39
-29
-62
-118
-142
-105
-16
111
201
183
85
-13
-68
-82
-72
-25
9
3
9
-3
-48
-83
-64
28
126
191
220
186
123
84
56
46
64
76
56
-2
-83
-179
-231
-206
-161
-101
-39
-9
-5
-7
-27
-67
-59
8
40
35
43
39
36
49
69
88
94
115
104
34
-19
-28
-20
-30
-53
-39
-54
-98
-79
-20
-6
-44
-41
2
-4
-19
16
75
91
29
-31
-17
17
16
21
80
124
79
-14
-107
-168
-169
-165
-157
-112
-38
35
95
134
115
56
37
48
49
63
119
160
98
-46
-139
-118
-57
-17
-22
-62
-73
-46
-40
-27
1
-24
-75
-54
51
164
220
193
73
-62
-83
14
130
175
124
25
-88
-179
-171
-76
13
79
125
97
1
-89
-147
-178
-158
-95
-41
-46
-32
32
31
-57
-117
-109
-75
-28
32
101
133
122
124
106
35
-1
39
61
40
23
28
29
-7
-45
-15
72
125
108
52
-35
-88
-52
-26
-72
-92
-41
18
66
87
57
29
43
17
-53
-92
-93
-88
-91
-108
-104
-39
30
46
52
45
4
-34
-55
-67
-73
-63
-49
9
101
134
108
88
80
73
45
-1
-33
-28
-8
16
37
30
5
-14
-48
-74
-19
67
71
27
0
-48
-121
-158
-148
-112
-70
-46
-56
-92
-123
-70
69
154
118
57
36
35
33
14
-20
4
78
88
47
36
47
45
49
65
62
72
103
88
31
1
11
18
17
19
17
-6
-77
-122
-94
-54
-28
9
19
-45
-94
-69
-7
67
118
104
38
-31
-82
-114
-118
-95
-58
-47
-69
-66
-25
19
53
52
22
27
74
74
-20
-106
-99
-39
8
43
69
45
6
40
108
113
61
16
-16
-47
-39
-28
-75
-112
-88
-81
-127
-114
-30
24
41
31
-6
-1
92
153
93
37
45
64
102
143
121
68
61
70
46
8
-21
-48
-80
-96
-81
-81
-70
-6
53
69
45
7
-4
-4
-5
1
-17
-67
-87
-93
-107
-54
44
91
84
77
65
51
24
-18
-61
-111
-143
-152
-136
-82
-17
10
5
-16
-70
-96
-73
-55
-57
-74
-90
-78
-49
-14
-1
-10
7
76
164
194
148
82
50
62
75
106
123
96
53
39
98
183
227
173
47
-51
-109
-146
-138
-93
-77
-104
-106
-96
-96
-64
-12
78
185
245
236
169
132
116
33
-56
-68
-39
-3
26
5
-39
-46
-37
-42
-79
-159
-209
-205
-192
-180
-150
-72
15
65
100
92
30
11
57
91
64
-4
-61
-97
-122
-133
-97
-28
-13
-95
-212
-253
-170
-48
33
53
35
42
62
89
117
67
-18
-18
56
138
197
210
176
108
52
46
70
90
97
89
60
29
20
37
51
27
-12
-15
-24
-9
72
127
87
-20
-112
-127
-87
-18
21
-26
-126
-190
-188
-156
-88
-13
20
35
63
91
120
114
74
5
-67
-65
-3
74
113
77
1
-115
-211
-194
-122
-52
31
101
117
56
-63
-160
-177
-113
0
86
98
80
60
45
26
-14
-39
-34
-26
-18
-23
-24
-10
7
41
79
90
79
62
1
-84
-145
-158
-108
-59
-33
-15
-15
11
59
83
107
127
137
141
115
67
-14
-149
-239
-235
-169
-64
16
64
70
15
-8
25
71
117
101
50
32
12
12
19
-17
-24
-29
-21
67
153
185
162
61
-29
-81
-143
-140
-76
-15
62
100
104
144
164
181
198
139
76
22
-57
-122
-196
-234
-130
8
72
49
-69
-137
-99
-77
-66
-65
-96
-93
-100
-118
-87
-64
-58
-64
-133
-177
-136
-45
71
103
32
-36
-81
-101
-102
-76
43
175
212
192
122
58
43
21
22
33
8
8
32
45
46
4
5
82
123
117
70
-8
-51
-81
-97
-52
8
61
92
81
55
26
8
12
-5
-25
-23
-38
-91
-154
-153
-77
-1
69
135
181
179
96
10
-18
-18
9
45
41
-39
-148
-164
-65
33
65
68
67
33
-3
21
96
136
84
-10
-83
-120
-129
-140
-142
-118
-95
-73
-58
-51
-64
-99
-115
-89
-17
49
53
28
10
26
74
127
183
191
120
53
40
32
-4
-22
3
21
21
8
-19
-63
-89
-38
68
154
179
145
71
-12
-66
-99
-103
-73
-58
-70
-62
-44
-60
-105
-127
-93
-45
-41
-70
-80
-77
-80
-51
7
29
22
20
48
90
95
81
114
147
109
41
-7
-44
-74
-99
-91
-25
61
132
197
234
178
61
-41
-77
-49
-22
-43
-58
-48
-73
-117
-130
-102
-54
-19
-9
2
-6
-50
-91
-106
-95
-51
24
83
71
7
-61
-68
7
90
117
93
44
0
8
61
113
139
121
58
-11
-38
-34
-17
28
100
189
237
182
88
29
-1
-28
-65
-91
-83
-69
-96
-134
-128
-91
-71
-88
-80
1
119
193
172
116
72
80
114
126
90
19
-50
-114
-139
-132
-139
-176
-227
-237
-192
-116
-51
-48
-88
-162
-196
-145
-38
81
116
42
-85
-134
-72
18
87
106
120
146
152
102
-11
-95
-99
-30
62
131
164
143
104
70
3
-79
-119
-113
-95
-42
32
44
-2
-52
-58
-45
-14
44
92
124
154
178
168
127
118
100
25
-37
-29
1
12
49
99
130
150
146
86
17
1
-6
-60
-112
-129
-157
-187
-159
-104
-108
-126
-83
-27
1
21
23
11
19
32
-3
-55
-37
24
29
-35
-84
-68
-17
-6
-38
-56
-27
33
91
111
96
87
98
101
102
137
142
63
-29
-61
-35
25
71
19
-102
-150
-111
-92
-112
-113
-105
-96
-54
-6
-2
-14
-19
-40
-46
2
23
-36
-106
-81
6
71
84
32
-45
-99
-89
-45
-42
-86
-132
-124
-44
69
141
102
9
-35
-37
-13
18
28
15
10
58
116
135
128
89
43
33
72
120
124
116
103
63
26
-5
-12
-5
17
51
53
37
10
-21
-48
-62
-58
-77
-103
-115
-105
-79
-40
36
118
170
199
194
175
143
101
57
1
-51
-99
-116
-89
-38
26
77
82
-1
-118
-172
-140
-63
-13
-15
-59
-114
-108
-42
28
54
11
-62
-148
-184
-117
13
105
86
0
-76
-106
-88
-30
41
77
71
37
-14
-65
-98
-107
-116
-129
-92
5
86
90
30
-22
-49
-63
-57
-35
-6
7
-5
-37
-82
-97
-38
62
142
182
214
249
240
145
32
-22
-21
-6
9
29
24
-5
1
31
39
29
50
95
96
73
84
102
52
-52
-116
-113
-79
-41
7
61
90
97
72
17
-37
-48
-51
-93
-146
-165
-134
-80
-28
21
51
60
49
13
-24
-25
12
32
3
-47
-58
-36
-23
20
97
143
119
73
65
53
-19
-108
-169
-214
-227
-191
-121
-76
-63
-26
14
30
42
92
142
119
63
46
51
22
-34
-65
-67
-61
-14
72
110
64
-7
-40
-48
-81
-106
-79
-51
-35
18
115
202
211
147
80
43
67
114
97
11
-83
-120
-128
-126
-90
-67
-59
-45
-26
-24
-81
-100
-31
35
42
-12
-39
-7
26
46
33
14
33
79
115
87
37
-7
-59
-59
-40
-18
-10
-55
-71
-75
-67
-11
34
73
21
-85
-102
-113
-108
-28
94
214
234
233
192
39
-35
17
134
184
109
45
-23
-71
-56
-45
-39
-66
-48
14
-4
-26
-44
-77
-97
-127
-97
-40
15
52
21
1
8
26
52
38
7
-24
5
81
100
79
15
-42
-100
-216
-261
-244
-142
12
92
111
14
-86
-92
-56
19
65
96
96
20
-18
-3
53
106
95
60
-21
-65
-21
9
-2
-47
-76
-55
-14
37
55
19
-35
-88
-103
-53
62
155
125
39
-23
-30
36
118
148
74
-51
-111
-107
-69
-20
10
31
45
65
92
105
129
141
104
17
-84
-138
-147
-150
-133
-85
-20
33
62
39
-40
-108
-144
-139
-85
-4
77
103
83
22
-55
-74
-25
6
-1
19
60
80
71
73
97
113
123
128
115
105
101
81
54
57
69
37
-19
-115
-193
-181
-142
-94
-43
-50
-132
-214
-216
-136
-28
62
97
74
48
48
25
-24
-18
15
21
17
-27
-120
-140
-42
55
99
102
96
74
37
15
-9
-24
-10
-7
-33
-17
23
4
-59
-96
-74
17
105
95
58
65
101
137
141
32
-107
-115
-67
-71
-84
-56
-45
-39
-40
-58
-45
48
109
43
-4
-19
-57
-111
-96
-43
63
148
116
17
-49
-7
72
166
157
82
-2
29
44
-15
-81
-87
76
209
153
-80
-137
-17
144
184
114
22
-57
-37
-84
-168
-240
-204
-166
-135
-204
-326
-340
-207
52
195
216
109
31
9
99
167
170
179
180
188
134
84
20
24
15
-17
-129
-278
-364
-344
-180
-26
41
-60
-146
-155
10
255
405
401
277
267
248
124
-133
-212
-82
50
20
-185
-282
-307
-208
-119
64
211
226
150
39
30
-6
60
52
104
134
140
20
-134
-129
-75
44
-9
-30
-72
-24
-69
-173
-147
29
248
179
34
-138
-128
-96
-40
18
112
208
116
-18
-151
-107
-110
-165
-282
-307
-186
-39
14
-88
-83
68
297
329
183
-17
-111
-61
27
57
-48
-152
-152
-27
53
40
0
21
61
68
66
29
26
98
203
153
-10
-73
77
241
201
40
-52
19
92
79
-28
-123
-108
5
103
68
56
155
307
253
24
-132
-127
-62
-90
-53
15
55
-87
-330
-496
-524
-339
-77
183
226
98
-76
-171
-190
-197
-121
49
258
307
133
-143
-298
-247
-38
141
255
228
165
58
-51
-149
-178
51
268
398
279
193
103
95
138
134
172
93
67
-105
-160
-298
-428
-449
-381
-167
11
322
363
228
-29
-218
-272
-229
35
259
434
227
-186
-565
-653
-484
-278
-2
151
200
-48
-353
-555
-328
268
740
796
487
232
77
112
119
211
342
384
192
-205
-557
-771
-540
-34
438
491
263
1
-54
279
721
998
925
661
291
-16
-266
-487
-476
-298
-284
-679
-1197
-1562
-1551
-1105
-491
-87
-31
-157
-305
-224
154
641
990
1097
982
695
340
92
45
205
315
178
-241
-720
-991
-952
-726
-499
261
1389
1966
1520
890
772
1078
1363
1175
944
953
977
244
-1385
-3043
-3425
-2480
-1472
-1126
-1481
-1909
-1802
-1137
-378
423
1272
1950
2316
2079
1455
1015
1053
1459
1875
1648
555
-914
-2148
-2549
-2139
-1594
-1343
-1300
-1330
-1248
-967
-438
475
1620
2542
2886
2498
1632
920
652
688
702
339
-473
-1376
-2044
-2339
-2251
-1913
-1418
-860
-419
-143
102
406
912
1611
2230
2429
2092
1454
937
674
461
173
-253
-773
-1274
-1646
-1878
-1920
-1661
-1133
-505
-10
254
372
564
891
1273
1536
1567
1399
1014
504
26
-306
-580
-846
-1039
-1199
-1395
-1574
-1532
-1240
-743
-183
273
540
620
718
918
1156
1264
1208
989
647
254
-133
-447
-686
-837
-948
-967
-918
-873
-731
-431
-66
291
601
803
896
864
778
722
649
538
406
207
-115
-412
-598
-735
-799
-767
-663
-516
-404
-279
-42
196
347
450
540
639
721
727
646
482
259
41
-111
-250
-446
-628
-662
-553
-411
-324
-252
-137
1
188
358
409
379
382
402
373
282
165
75
27
-3
-96
-258
-392
-435
-387
-336
-314
-365
-436
-347
-148
23
28
42
42
118
174
218
167
58
401
707
564
-218
-706
-687
-398
-276
-339
-144
-32
72
-234
-605
-731
-112
717
976
679
202
67
171
390
546
701
684
634
340
-185
-547
-392
-7
348
452
105
-381
-939
-930
-440
251
502
327
10
-218
-62
-51
23
71
365
468
219
-306
-699
-375
14
282
-21
-337
-522
-406
-273
-168
106
205
339
128
-69
-202
83
348
390
284
94
15
-164
-215
-126
311
403
85
-462
-848
-643
-94
467
583
416
111
3
31
-12
123
406
605
355
-129
-467
-499
-278
-92
112
18
-436
-910
-1083
-876
-468
74
205
-18
-374
-486
-350
-189
167
657
1211
1012
269
-330
-365
119
495
530
170
0
1
-52
-236
-357
-93
70
-50
-265
-154
505
1757
2960
3086
2380
1544
946
582
339
279
516
550
-358
-2008
-3791
-4840
-4413
-3089
-2000
-1522
-1611
-1740
-1412
-630
447
1701
2722
3094
2788
1829
923
538
701
909
718
-209
-1487
-2592
-3091
-2651
-1819
-1119
-838
-575
-487
-271
81
906
1760
3267
6298
8536
7548
4260
1663
440
448
-38
-716
-359
-135
-1407
-4516
-8525
-10305
-7524
-3070
13
654
-799
-1651
-850
515
2429
4490
5474
5734
4659
1761
-632
-1283
-459
1215
1855
182
-2761
-5634
-6664
-4987
-2327
-548
145
-29
-364
-171
585
2118
4134
5868
6380
5202
2413
-302
-1320
-887
-103
-236
-1698
-3791
-5292
-5577
-4446
-2375
-429
1029
1799
1811
1577
1774
2579
3694
4608
4584
3438
1415
-613
-1691
-1799
-1603
-1861
-2536
-3269
-3734
-3822
-3244
-1986
-560
787
1754
2277
2315
2324
2433
2564
2502
2185
1809
1175
292
-907
-1978
-2605
-2532
-2168
-2133
-2477
-2661
-1875
-535
754
1888
3134
4249
4639
4203
3185
2462
2115
2012
1823
897
-779
-2991
-5095
-6491
-6701
-5885
-4579
-3571
-3121
-2845
-2369
-1404
107
1706
2956
3730
3826
3123
2130
1491
1135
907
431
-394
-1480
-2855
-3956
-4644
-4536
-4204
-2171
4039
10411
11343
7750
4857
4549
6314
7032
6736
8022
8756
5591
-2269
-12736
-19043
-16000
-8855
-4085
-4126
-8217
-10965
-9448
-5775
-400
5730
9894
12375
11844
7359
3558
3062
5213
8486
8984
4519
-2929
-10371
-13680
-11337
-7240
-4725
-4237
-5462
-6558
-5886
-3287
1435
7049
11842
14001
12028
6930
2273
1182
3102
4852
3616
-759
-6460
-10882
-12299
-10860
-7724
-4621
-2579
-1731
-1719
-1472
438
4166
8181
11092
11680
9666
6079
2644
1121
1564
1644
-207
-3554
-7000
-9275
-9754
-8435
-6057
-3602
-1687
-460
199
865
2321
4421
6590
7657
7601
6157
4071
2929
1934
339
-1816
-2550
-2651
-2816
-3602
-4110
-3094
-1503
-500
-584
-758
15
2343
4262
4281
2914
1089
-328
-1112
-1944
-2866
-3467
-4201
-4797
-5136
-5485
-4996
-3451
-1394
373
1808
2553
2940
3354
3892
4871
5250
4346
2683
1018
-581
-2044
-3081
-3394
-3390
-3472
-3604
-3585
-3270
-2485
-1145
334
1367
1916
2426
2891
3171
2762
2081
1261
869
1696
3974
6430
7209
5967
3554
1790
880
960
1904
3344
4336
3400
-334
-5628
-9383
-9359
-6090
-2892
-1987
-3079
-5147
-6833
-6533
-4092
-619
2884
5007
4911
3090
1149
1145
3064
5182
5756
4046
342
-3845
-6565
-7002
-5825
-4792
-4542
-4696
-4960
-4789
-3254
-52
3558
6549
7952
7467
5959
4502
3497
3143
2948
1783
-339
-3265
-5783
-6849
-6379
-5103
-3980
-3530
-3284
-2276
-829
759
2360
4325
6374
7808
7877
6880
6018
5401
4835
3665
1865
-138
-1601
-2766
-3661
-4062
-4158
-3871
-3440
-2575
-1205
515
1812
2378
2399
2379
2642
2756
2319
1265
-162
-1821
-3283
-4426
-5145
-5318
-5208
-5125
-5112
-5008
-4593
-3671
-2437
-971
516
1666
2115
2151
2098
2363
2723
2918
2636
1620
46
-1711
-2879
-3518
-943
5327
10849
10759
6575
2985
2257
3527
4294
5590
7687
8628
5230
-3086
-12736
-16973
-13308
-6726
-2811
-3876
-7422
-9647
-9129
-6496
-2009
3190
7704
10342
9116
4974
2162
2751
5516
7975
7360
3407
-2230
-7293
-9347
-8113
-6019
-4737
-4521
-5226
-5498
-4556
-1670
3130
7957
10939
11518
9646
6314
3831
3038
3340
3066
969
-2849
-7059
-10075
-10707
-9374
-7485
-5892
-4603
-3572
-2389
-661
2383
8069
14440
17745
16381
12624
9019
7169
6403
5285
3880
1856
-1841
-7809
-14985
-19987
-19517
-15044
-10642
-8437
-8257
-8019
-5954
-2387
1672
5667
9105
11493
11851
9562
6619
4733
4069
3913
3030
298
-4129
-8372
-10663
-10327
-8717
-7230
-5919
-4758
-3242
-1003
1907
5156
8333
10743
11501
10425
7951
5469
3481
1645
-556
-3120
-5883
-8484
-10062
-9907
-5892
1135
6992
8170
6296
5215
6434
9033
10465
11335
12420
12093
7614
-1303
-10687
-14862
-12577
-8770
-7734
-10332
-13943
-15166
-13445
-9953
-5124
263
5165
8449
8483
6451
5891
7823
10458
11641
9854
5292
-388
-5228
-7588
-7403
-6897
-7364
-8315
-8986
-8683
-6949
-3760
383
4443
7151
8092
7419
5993
5203
5606
5945
4832
1725
-2399
-6222
-8778
-9263
-7467
-2835
3281
7083
5790
2474
1703
4586
8577
10957
12147
12664
10940
5583
-2401
-9553
-11395
-8296
-5583
-6892
-11347
-15192
-15222
-12259
-8593
-4713
-749
2869
5483
5949
5240
6076
8917
11905
12671
9694
4343
-762
-4083
-5138
-4860
-5344
-7180
-9128
-10382
-9877
-7302
-3101
1540
5237
7008
7054
6093
5220
6066
7814
8390
6316
2071
-2948
-6820
-8541
-8309
-5576
-512
4336
5639
3414
1220
2224
6046
9642
11383
11784
10845
7456
817
-6769
-11079
-10464
-7985
-7400
-9445
-12311
-12946
-10549
-6883
-3276
-170
2280
4142
4834
4353
4371
5701
7257
7588
5786
2314
-1271
-4011
-4954
-4196
-3727
-4698
-6343
-7442
-7233
-5429
-2548
854
3858
5925
6994
6969
6115
5526
5811
5666
4139
1387
-1681
-4766
-7152
-7936
-7385
-4626
799
6547
8591
7231
6036
7038
9315
10430
10838
11277
10553
6691
-581
-9154
-14397
-14025
-11116
-9326
-10301
-12340
-12640
-10715
-7893
-4464
-734
2827
5833
6731
5714
4786
5251
6771
7790
6767
3488
-768
-4388
-5901
-5594
-5157
-5642
-6694
-7528
-7608
-6347
-3599
289
4387
7720
9438
9041
7366
5888
5730
5742
4510
1871
-1692
-5431
-8451
-9459
-9217
-6354
-242
6252
8870
7598
6445
7338
9890
11182
11773
12287
11771
8045
231
-8870
-14647
-14454
-11690
-9707
-10438
-12411
-12696
-10934
-8114
-4905
-1024
3010
6549
7566
6146
5058
5413
6835
7687
6843
3958
-9
-3633
-5370
-5153
-5093
-5881
-6921
-7574
-7554
-6447
-3958
-401
3527
6840
8636
8356
6689
5428
5433
5513
4368
1577
-1953
-5568
-8364
-9504
-8954
-5284
1121
6949
8276
6845
6113
7426
9696
10993
11849
12254
10993
6149
-1693
-9612
-13387
-12272
-9777
-9149
-10870
-12787
-12906
-11183
-8512
-4876
-899
3001
5811
6096
4988
4739
6206
8147
8996
7584
4189
80
-3424
-4926
-4974
-4889
-5325
-6500
-7964
-8636
-7625
-4687
-520
3703
6963
8515
7980
6601
5983
6193
6274
4991
2045
-1801
-5436
-7743
-8693
-8115
-4350
2045
6907
7444
5966
5560
7511
9886
11181
11819
11781
9924
4888
-3045
-10682
-13340
-11296
-8537
-8324
-10750
-12876
-12581
-10418
-7303
-3736
-221
3167
5390
5044
3836
3739
5276
7283
7954
6255
2622
-1562
-4657
-5117
-4547
-4482
-5454
-7115
-8245
-7807
-5662
-2362
1486
4989
7611
8528
7531
6165
5981
6638
6514
4544
1212
-2362
-5555
-7422
-8017
-6800
-2462
3637
7223
6518
5033
5599
8353
10351
10989
11594
11807
9759
3828
-4498
-11573
-13790
-12362
-10587
-10887
-12877
-14117
-13414
-11455
-8591
-4704
-402
3744
6126
6302
5770
6234
7668
9111
9405
7732
4461
272
-2886
-3866
-3919
-4540
-5852
-7293
-8216
-8125
-6866
-4176
-368
3559
6511
7897
7587
6930
6651
6358
5559
3809
1228
-1947
-5236
-7624
-8854
-8667
-5734
-180
4546
5996
5892
6636
8884
10872
12006
12769
13097
11709
7461
79
-7818
-12019
-11959
-10318
-10303
-12310
-13955
-13727
-11967
-9134
-5627
-1789
2355
5619
6685
6005
5108
5885
7767
8924
7628
4084
-230
-3557
-4915
-5409
-6135
-7276
-7861
-7877
-7642
-7161
-5208
-1508
2747
6411
8263
8195
7418
7081
7084
6520
5033
2751
-151
-3563
-6412
-8055
-8389
-5691
-462
4574
6551
6347
6323
7931
9861
10723
11579
12278
11759
8097
857
-7314
-11811
-11756
-10213
-9916
-11786
-13447
-13305
-12011
-10008
-7214
-3212
1540
5498
6164
4973
4473
5657
8054
9311
8424
5611
1879
-1897
-3819
-4544
-5306
-6231
-7353
-8134
-8435
-7763
-5751
-2042
2098
5661
7691
7659
6821
6291
6203
5861
4725
2561
-545
-3869
-6969
-8713
-9318
-7785
-2947
3272
7520
8098
7455
7682
9853
11699
12652
13335
13373
11368
5544
-2859
-10182
-12726
-11648
-10006
-10313
-12533
-14329
-14292
-12361
-9018
-4873
-660
3051
4976
4595
3991
4792
7236
9721
10094
7597
3178
-1192
-3892
-4509
-4775
-5464
-6598
-7994
-9302
-9801
-8369
-4414
914
5379
7854
8222
7651
7415
7694
7663
6895
5230
2572
-1258
-5607
-8874
-9694
-7425
-2555
2675
5138
4768
4315
5373
7456
9359
11045
12563
12912
10397
4429
-3133
-9029
-10569
-9311
-8551
-9860
-12325
-14021
-13784
-11651
-8642
-5070
-1168
2364
4500
4861
4725
5831
8154
10173
10460
8090
4064
324
-1835
-2811
-3922
-5629
-7476
-8847
-9807
-9594
-7838
-4531
-466
3393
6352
7582
7717
7816
8235
7934
6543
4241
1221
-2311
-5850
-8161
-9286
-9722
-8817
-5102
693
5631
7911
8269
9024
10645
12261
13288
13824
13806
12210
7670
-158
-8098
-12636
-12894
-11167
-10742
-12414
-14613
-15200
-13929
-10915
-6829
-2260
2314
5215
5804
5101
5488
7564
9930
10661
8956
5446
1023
-2460
-4191
-4887
-5775
-7274
-8925
-10220
-10504
-9139
-6029
-1526
3306
7188
8817
8491
7804
7947
8606
8420
6467
2719
-1607
-5257
-7939
-8719
-5943
-359
4346
5003
3094
2033
4181
7619
10197
11850
12964
12611
8631
1144
-6970
-10782
-9666
-7012
-6790
-9802
-13259
-14399
-12885
-10075
-6702
-3196
218
2713
3154
2720
3254
5472
8335
9781
8652
5515
2132
-521
-1511
-2083
-2958
-4311
-5902
-7475
-8560
-8228
-6210
-2719
647
3531
5242
5608
5470
5695
6196
6232
5306
3239
123
-3467
-6288
-7422
-7181
-4846
-167
4368
6306
5898
5673
7126
9482
11116
12232
13002
12126
8388
1684
-5756
-10182
-10639
-9544
-9532
-11489
-13697
-14145
-12890
-10597
-7379
-3702
29
3169
4215
3705
3795
5476
7992
9244
8062
5287
2353
-178
-1754
-2642
-3699
-4735
-5777
-7041
-8104
-8096
-6382
-3023
841
4023
6216
7239
7396
7075
6425
5742
5086
3678
842
-3145
-6954
-8976
-9255
-7374
-2862
2526
5614
6224
6228
7328
9580
11552
13141
14324
13940
10489
4057
-3933
-9775
-11506
-10847
-10438
-11487
-13205
-14023
-13341
-11546
-8331
-4155
179
3883
5447
5042
4643
5726
7659
8993
8497
6030
2472
-1123
-3193
-3944
-4502
-5364
-6305
-7170
-8018
-8422
-7441
-4552
-733
3102
6085
7262
6909
6332
6176
6173
5576
3916
1212
-2256
-5521
-7555
-8058
-6247
-1500
3802
6438
6225
5668
6844
9348
11299
12623
13669
13331
10010
3188
-5040
-10390
-11077
-9711
-9448
-11407
-13662
-14462
-13713
-11934
-8939
-4732
219
4367
5352
4382
4045
5565
8023
9475
8893
6491
3368
116
-2063
-3253
-3888
-4329
-5315
-6599
-8028
-8485
-7548
-4683
-862
2937
5748
6505
6313
5927
6067
5996
5430
3792
1117
-2261
-5612
-7714
-8405
-6726
-2520
2467
5263
5628
5398
6645
9200
11292
12450
13126
12901
10347
4867
-2511
-8160
-10044
-9515
-9430
-11076
-13507
-14704
-13705
-11448
-8382
-4960
-1416
1914
3916
4288
4445
5544
7489
9185
9029
6661
3336
132
-1825
-2423
-2967
-4086
-5737
-7429
-8671
-8843
-7801
-5170
-1475
2047
4713
5936
6083
6014
6486
7088
7048
5483
2391
-1357
-4797
-6740
-7111
-5914
-2772
1711
4789
5131
4679
5713
8439
11065
12421
12663
12055
10032
5698
-716
-6900
-9974
-10088
-9935
-11187
-13321
-14440
-13780
-11673
-9050
-6177
-2920
693
3680
4687
4676
5431
7366
8941
8937
7118
4224
1285
-841
-1928
-2791
-4006
-5274
-6385
-7508
-8287
-7721
-5419
-1727
1856
4402
5716
6047
6247
6317
6158
5196
3879
1949
-548
-3674
-6594
-8137
-8116
-5856
-1653
3179
5985
6743
6906
8097
9994
11337
12408
13225
12907
9889
3891
-3624
-9333
-11205
-10620
-10080
-11132
-13048
-14257
-13887
-11708
-8233
-4092
-163
3157
4844
4651
4250
5241
7576
9478
9296
6768
3074
-596
-2674
-2957
-2666
-3385
-5323
-7551
-9480
-9984
-8355
-4852
-659
3271
5880
6686
5914
5149
5596
6650
6894
5117
1653
-2445
-5780
-7661
-7851
-6334
-2758
2047
5346
5691
4871
5794
8858
11933
13200
13068
12054
9537
4835
-1472
-7161
-10110
-10415
-10085
-10792
-12544
-13818
-13319
-11373
-8650
-5305
-1626
1823
3840
4453
4777
5941
7520
8541
8467
7048
4744
1620
-1253
-3046
-3523
-3798
-4987
-6943
-8844
-9434
-8022
-5047
-1731
1503
4418
6415
7182
6922
6526
6375
5697
4011
1229
-2236
-5363
-7050
-7548
-7408
-6312
-3387
1090
4873
6780
8093
10226
12316
13148
12658
12153
12084
10844
6802
-184
-7542
-12036
-12676
-12000
-12275
-13474
-14210
-13455
-11804
-9621
-6415
-2040
2324
5404
6215
5570
5657
7231
9036
9358
7554
4215
741
-1786
-3061
-3772
-5116
-7086
-8949
-10330
-10513
-9059
-5908
-1722
2451
5469
6634
6567
6525
7496
8476
8078
5785
2029
-1825
-4890
-6512
-5914
-2612
1769
4370
4067
2673
2913
5571
9138
11454
12068
11508
9836
5767
-608
-6531
-9068
-8312
-7312
-8256
-11097
-13635
-13890
-11661
-8542
-5650
-2746
233
2620
3229
3180
4173
6384
8549
9017
7046
3636
1040
-93
-351
-1328
-3080
-4792
-6088
-7230
-7882
-7252
-5359
-2138
1247
3622
4463
4476
4888
5866
6376
5621
4029
1732
-1155
-4197
-6863
-8288
-8161
-6411
-2725
1992
5436
6841
7599
9297
11554
12982
13069
12881
12776
11136
6621
-887
-8211
-11853
-11954
-11414
-12288
-13925
-14621
-13392
-11416
-9253
-6031
-1798
2683
5658
6093
5328
5615
7325
9160
9251
7061
3803
653
-1798
-3019
-3567
-4829
-6752
-8824
-10279
-10634
-9650
-6737
-2136
2549
5706
7005
6877
6623
7236
8008
7838
5857
2278
-1744
-5156
-7328
-6948
-3785
705
3744
4301
3653
4000
6228
9123
11839
13295
13209
10865
6293
376
-4789
-7493
-8448
-9013
-10185
-11824
-13111
-13333
-12008
-9553
-6467
-3322
-294
2082
3551
4730
5773
6762
7205
7238
6264
4361
2038
323
-680
-2052
-4006
-6180
-7385
-7623
-7238
-6619
-5497
-3276
-104
3224
5250
5918
6191
6550
6681
5713
3815
1384
-853
-3149
-5422
-7095
-7719
-6296
-2755
1631
4642
6014
6966
8706
11027
12362
12534
12406
11852
9906
5325
-1187
-7209
-10249
-10835
-10882
-11772
-13464
-13900
-12728
-10707
-8539
-5783
-2245
1656
4605
5500
5524
5871
7173
8487
8535
6723
4176
1525
-685
-2080
-3588
-5185
-6823
-7885
-8921
-9330
-8943
-6731
-2907
886
4075
5812
6552
6666
7097
7237
6480
4538
1749
-982
-3623
-5299
-4895
-2097
1607
4055
4566
4129
4410
5956
8413
10565
11675
11403
9177
4772
-1086
-6006
-8426
-8698
-8641
-9269
-10562
-11886
-12217
-11070
-8535
-5315
-2269
334
2139
3267
4137
5139
5970
6092
5820
5018
3561
1282
-667
-1624
-2136
-3202
-5075
-6713
-7153
-5958
-4314
-2769
-1364
837
3393
5175
5592
5492
5677
5574
4801
2786
274
-2287
-4188
-5510
-6482
-7025
-6026
-2483
2286
5786
7430
8289
9588
11083
11885
11828
11511
11248
9725
5565
-1524
-8213
-11664
-11931
-11237
-11591
-12762
-13324
-12375
-10538
-8387
-5929
-2274
2565
6076
6650
5494
4919
5873
7613
8317
6987
4290
1095
-1114
-2655
-4225
-5788
-6667
-7071
-7793
-8683
-8888
-6971
-3292
1128
4483
5864
6139
6482
7031
6866
5704
4083
1997
-575
-3363
-5538
-5672
-2871
1707
4733
5213
4387
4666
6448
8825
10902
11845
11747
9954
5710
-771
-6667
-9429
-9140
-8237
-8669
-10654
-12538
-12711
-10892
-8013
-5322
-2546
310
2600
3456
3735
4514
5575
6475
6313
5250
3155
892
-596
-1461
-2148
-3177
-4230
-5631
-6345
-6192
-5074
-3467
-1781
508
2813
4469
4759
4864
4977
5045
4312
2433
224
-2067
-3861
-5220
-6044
-6456
-5102
-1453
3065
6402
7964
8605
9248
10221
11211
11767
11727
10994
8691
4041
-2505
-8157
-11161
-11601
-11079
-11033
-11986
-13110
-12837
-10937
-7897
-4517
-770
2885
5222
5899
5772
6079
6907
8028
8007
6170
3208
132
-2051
-3228
-4005
-5036
-6155
-7488
-8610
-8791
-7630
-5017
-1565
1637
4105
5486
6013
6420
6634
6409
5613
4069
1478
-1640
-4331
-5867
-5720
-3583
258
3778
5285
4982
4896
6438
9123
11395
12377
11774
9565
5748
257
-5217
-8523
-9088
-8599
-8939
-10908
-13030
-13295
-11380
-8027
-4912
-2435
52
2415
3684
4115
4835
5838
6853
6827
5531
3250
662
-1138
-1871
-2204
-3312
-4817
-6171
-6825
-6773
-5909
-4053
-1681
862
3059
4667
5259
5355
5385
5132
4296
2712
723
-1681
-3865
-5331
-6156
-6114
-4433
-316
4036
6945
7996
8402
9267
10269
11251
11750
12018
10872
7757
2185
-4449
-9266
-11101
-10963
-10858
-11668
-12908
-13369
-12707
-10625
-7473
-3675
108
3326
5182
5788
6107
6720
7688
8234
7844
6014
3009
-517
-2841
-3837
-4215
-5238
-6853
-8156
-8775
-8196
-6622
-4139
-1196
2021
4760
6266
6322
5947
6132
6422
5647
3494
466
-2536
-4710
-6168
-6525
-4311
45
4080
5608
5232
5586
7559
10051
11721
12586
12445
10938
7059
687
-5688
-9267
-9575
-8967
-9814
-12010
-13603
-13429
-11568
-8901
-6020
-3007
198
2899
4324
4810
5465
6756
7598
7280
5823
3400
729
-1432
-2411
-2950
-4009
-5702
-7299
-8028
-7594
-5858
-3575
-1223
1088
3628
5667
6417
6290
6439
6839
6343
4471
1466
-1756
-4404
-5984
-6904
-7807
-7462
-4315
914
5210
6802
7433
8634
10696
11910
12132
12253
12407
11501
7283
269
-6973
-10822
-11419
-10940
-11356
-12599
-13300
-13094
-12005
-10339
-7645
-3580
1491
5322
6273
5745
5691
7058
8632
8808
7597
5087
2114
-738
-2558
-3938
-5197
-6537
-8066
-9080
-9763
-9064
-6811
-3295
533
3802
5753
6198
6164
6260
6913
6782
5078
2038
-1117
-3440
-4806
-4901
-3287
5
3028
4696
4797
4933
6571
9337
11451
11905
10949
9113
6082
1325
-3791
-7202
-8423
-8621
-9260
-10843
-12294
-12582
-11173
-8965
-6649
-4432
-1622
1048
2955
4219
5313
6371
6785
6493
5369
3895
1855
123
-1079
-2104
-3366
-4834
-6153
-6887
-6502
-5278
-3525
-2000
-376
1815
3925
5104
5403
5370
4964
4207
2965
1266
-910
-3208
-4469
-5176
-5801
-5185
-1668
3455
7098
8310
8324
8763
9609
10626
11442
11753
10960
8518
3285
-3955
-9930
-12157
-11208
-10009
-10308
-11896
-13162
-13058
-10952
-7474
-3783
-217
3146
5229
5541
5110
5395
6738
8229
8493
6498
2509
-1462
-3361
-3328
-3462
-4676
-6126
-7302
-7761
-7698
-6423
-3724
-3
3594
5995
6648
6106
5938
6136
5971
4859
2724
-85
-3352
-6592
-8423
-8413
-7141
-4090
522
4638
6793
7462
8538
10425
12452
13644
14254
13844
11572
7071
237
-6611
-11021
-12078
-11634
-11552
-12637
-14023
-14391
-13261
-10502
-6827
-2746
1458
4825
6326
6383
6472
7235
8288
8543
7161
4444
1181
-1400
-3105
-4302
-5437
-6334
-7257
-8183
-8737
-8010
-5470
-2074
1368
3943
5704
6403
6646
6713
6693
6257
4759
2417
-824
-4165
-6619
-7352
-6142
-2744
1683
4818
5787
5600
6158
8282
10771
12435
12898
12184
9758
5186
-954
-6662
-9488
-9869
-9551
-10411
-12353
-13938
-13930
-11994
-9061
-5964
-3164
-85
2752
4339
5148
6080
7564
8741
8596
6841
4225
1684
-170
-1246
-2568
-4231
-6065
-7520
-8454
-8496
-7112
-4670
-1878
730
3523
5574
6567
6644
6362
6258
5816
4583
1979
-1244
-4223
-5928
-6965
-8188
-7818
-4294
1361
5475
7047
7535
8825
10975
12460
12997
12875
12731
11438
7099
-448
-7904
-11773
-12091
-11108
-11066
-12232
-13637
-14152
-13082
-10366
-6585
-2240
2246
5261
5866
5207
5098
6479
8413
9411
8301
5341
1553
-1550
-3120
-4080
-4922
-6133
-7429
-8901
-9962
-9513
-7091
-2986
1273
4526
5974
6203
6360
6827
7293
6976
5530
2695
-988
-4226
-6153
-5713
-2528
1854
4875
5171
4028
3644
5235
8092
10894
12598
12265
10001
5266
-1232
-6797
-8959
-8315
-7459
-8294
-10539
-12360
-12798
-11525
-9055
-6137
-3018
63
1970
2538
3175
4475
6432
7786
7886
6716
4367
1909
183
-592
-1837
-3347
-5132
-6642
-7471
-7648
-6739
-5114
-2684
66
2700
4270
4781
5032
5258
5225
4475
3203
1491
-816
-3308
-5001
-5583
-5057
-2657
1469
5062
6654
6971
7473
8609
9956
11190
12184
12010
9825
5534
-482
-6444
-10114
-10821
-10472
-10620
-11807
-12948
-12968
-11746
-9382
-6201
-2604
995
3877
5058
5112
5451
6456
7498
7748
6510
4063
962
-1460
-2613
-3131
-4055
-5372
-6427
-7081
-7440
-6882
-5045
-1967
1615
4553
6187
6385
6162
5976
6010
5116
3415
1265
-1182
-3761
-6303
-8127
-8465
-6150
-1296
3846
6496
7094
7996
10022
11779
12650
13137
13527
12783
9292
2754
-4659
-9894
-11774
-11920
-12497
-13736
-14539
-14256
-13161
-11159
-8293
-4222
384
4026
5922
6277
6532
7432
8575
8935
8080
5787
2507
-608
-2695
-3697
-4712
-6045
-7565
-8646
-9091
-8581
-6708
-3785
-328
2999
5626
6817
6910
6927
7126
7000
5602
2986
-201
-3564
-6202
-7741
-7449
-4527
434
4380
5499
5176
5800
8331
11179
13013
13858
14073
12273
7653
224
-6843
-10228
-9962
-8993
-10101
-12767
-15013
-14902
-12972
-10090
-7099
-3989
-234
2893
4382
4708
5463
7214
9331
10119
8375
4960
1548
-465
-1461
-2490
-4470
-6447
-7989
-8885
-9072
-8300
-6130
-2845
1047
4120
5894
6490
6910
7868
8198
7221
4904
1853
-1048
-3582
-5543
-7309
-8391
-8021
-4933
212
4232
6382
7469
9072
10991
12251
12975
13448
13473
11647
7243
171
-7050
-11399
-12233
-11365
-11162
-12393
-14203
-15158
-14531
-11741
-7464
-2744
1651
4717
5758
5577
5992
7604
9773
10917
9856
6727
2584
-1172
-3053
-3770
-4510
-5816
-8115
-10452
-11500
-10200
-7092
-3164
591
3745
5797
6145
6095
6460
7273
7596
6403
3323
-789
-4262
-6152
-5406
-2402
1654
4342
4534
3115
2821
4863
8259
11476
13022
12540
9915
5165
-996
-6092
-8309
-7728
-6734
-7626
-10632
-13453
-14184
-12319
-8968
-5937
-3331
-1037
888
2226
3654
5430
7352
8608
8251
6746
4207
1716
286
-135
-646
-2232
-4724
-7272
-8568
-8265
-6443
-4253
-2284
-274
1902
3735
4574
4712
4690
4766
4590
3812
1884
-995
-3658
-4716
-4950
-5081
-3893
-143
4597
7212
7613
7427
8349
9829
11404
12358
12115
10661
7022
1297
-5371
-9782
-10796
-10050
-10170
-11864
-13382
-13827
-12629
-10374
-7291
-3743
-61
3042
4354
4520
4797
6218
7967
8825
8128
5591
2267
-818
-2375
-2980
-3556
-4632
-6237
-7414
-8182
-7545
-5766
-2952
235
3205
5419
6015
5899
5599
5830
5570
4440
2393
-238
-3044
-5391
-6731
-7272
-6177
-2348
3093
6609
7418
7108
8200
10332
12240
13200
13241
12229
9280
4056
-3125
-9194
-11879
-11609
-10908
-11845
-13820
-14874
-14199
-12042
-8885
-5052
-896
3023
5448
6177
6322
6685
7836
9130
9244
7090
3390
-298
-2213
-2862
-3818
-5303
-6964
-7919
-8488
-8401
-7614
-5259
-1680
2123
5265
6397
6305
5900
6137
6453
6040
4228
1213
-2164
-5301
-7242
-7375
-5005
-479
3914
5824
5628
5160
6259
8862
11887
13953
14391
12632
8117
1471
-5360
-9223
-9582
-8552
-8898
-11067
-13878
-15326
-14317
-11440
-7732
-4064
-697
1957
3399
3958
5239
7316
9044
9534
8466
5897
2809
263
-1012
-1602
-2834
-4938
-7348
-9038
-9684
-8487
-6162
-3267
-131
2350
4223
5001
5523
6196
6876
6671
5345
3275
219
-2769
-4967
-6080
-6834
-6553
-3904
760
4813
6589
7430
8304
9542
10734
11948
12892
12927
11244
7023
507
-6354
-10581
-11525
-10933
-10762
-11763
-13431
-14642
-14165
-11594
-7493
-2933
1220
4068
4987
5061
5758
7375
9158
9985
9072
6020
1960
-1353
-2817
-3130
-3802
-5129
-7226
-9307
-10299
-9172
-6314
-2974
416
3517
5679
6077
5713
5783
6413
6852
5962
3374
-515
-4090
-6246
-6799
-5885
-2513
2259
5295
5337
4454
5396
7857
10611
12172
13139
12983
10739
5572
-1638
-7409
-9608
-8842
-8544
-9935
-12472
-14378
-14356
-12810
-10111
-6901
-2921
903
3267
3713
4045
5725
8111
9930
9666
7810
4801
1927
-345
-1663
-2843
-4166
-5661
-7608
-9155
-9670
-8271
-5473
-2137
1039
3613
5154
5684
6064
6715
7068
6244
4197
1374
-1634
-4062
-5456
-6204
-6539
-5291
-1735
2416
4643
5682
7052
9399
11472
12303
12202
12029
11599
9579
4958
-1925
-7565
-9945
-10279
-10820
-12206
-13773
-14259
-13513
-12009
-9629
-6386
-2342
1841
4577
5176
5569
6811
8439
9338
8939
7339
4696
1466
-1215
-2603
-3583
-4748
-6462
-8399
-9931
-9813
-7955
-5271
-2284
901
4085
5723
5908
5512
5774
6511
6545
5170
1919
-1643
-4316
-5368
-5389
-4129
-924
2686
4950
5176
5455
6814
8896
10964
12306
12629
10909
7599
2779
-2380
-6661
-9054
-9761
-10178
-10950
-12187
-13048
-13057
-11427
-8378
-4890
-1751
852
2822
4267
5452
6570
7602
8107
7775
6399
3977
1138
-1010
-2190
-3088
-4421
-6152
-7540
-8130
-7909
-6810
-4820
-2015
1233
3995
5316
5503
5469
5747
5904
5085
3322
1036
-1491
-4011
-5762
-6575
-6067
-3533
650
4314
5851
6205
7434
9644
11445
12169
12474
12573
11340
7453
872
-5701
-9532
-10291
-10128
-11104
-12946
-14254
-13980
-12603
-10426
-7502
-3709
452
3427
4560
4724
5604
7543
9342
9398
7760
5165
2453
141
-1407
-2471
-3402
-4843
-7011
-9459
-10991
-10052
-6842
-2734
656
3217
4692
5229
5171
5201
5886
6576
6299
4036
212
-3777
-5884
-5872
-4847
-2811
309
3388
4924
5179
5701
7809
10590
12420
12575
11538
9605
6646
2110
-3337
-7445
-9343
-9850
-10553
-11859
-13319
-13567
-12154
-9905
-7448
-4865
-1671
1647
3840
4885
5480
6174
7114
8165
8124
6232
3264
471
-758
-1675
-3237
-5393
-7049
-7854
-8147
-7947
-7233
-4888
-1375
2552
5001
5412
5076
5319
6271
6266
5007
2652
294
-2058
-4335
-5808
-6780
-5821
-2604
2355
5505
6109
5858
7003
9809
11793
12842
12616
12361
10660
6423
-537
-7140
-10273
-10078
-8776
-9727
-12404
-14873
-15081
-13040
-9974
-6749
-3132
912
3735
4554
4112
4573
6889
9503
10387
8788
5671
2382
-6
-1432
-2603
-4072
-6037
-8062
-9937
-10980
-10166
-7371
-3465
394
3376
4740
5008
5160
5976
7270
7703
6395
3298
-424
-3229
-4438
-4496
-3351
-325
3150
4651
3783
3508
5686
8898
10888
11036
10557
9565
7218
2851
-2158
-6033
-7683
-8053
-9153
-11201
-12897
-12886
-11373
-9382
-7785
-5884
-3128
-56
2215
3745
5012
6212
6837
6877
6698
5912
4304
2229
731
-548
-2092
-4244
-6104
-7096
-7490
-7236
-6479
-4879
-2548
364
3029
4707
5178
5164
5430
5345
4663
3072
805
-1623
-3678
-4974
-5846
-5914
-3812
712
5141
6959
6880
7217
9114
11190
12294
12669
12307
10854
7286
1435
-5316
-9854
-10899
-10305
-10460
-12326
-14256
-14622
-13191
-10393
-6900
-3339
160
2973
4338
4701
5452
6880
8642
9485
8488
5905
2635
167
-1231
-1915
-3373
-5409
-7719
-9777
-10724
-10120
-7605
-4092
-349
2453
4407
5259
5532
6135
6901
7490
6720
4292
566
-2857
-4943
-5631
-5365
-4013
-726
2942
4940
5174
5515
7388
9994
11970
12657
12331
10942
7911
2881
-3275
-8144
-10203
-10112
-9858
-10871
-12703
-13819
-13115
-10923
-7855
-4434
-982
1889
3429
4218
4860
5905
7176
8429
8507
6764
3625
615
-1099
-2123
-3126
-4643
-6505
-8198
-9098
-8784
-7309
-4536
-797
3005
5405
5836
5646
5868
6847
7077
5875
3333
248
-2570
-4868
-6194
-7002
-6817
-5460
-2283
1619
4457
6365
8204
10600
12140
12377
11883
11962
11984
10349
5919
-1063
-7621
-11172
-11780
-11641
-12297
-13409
-13939
-13520
-12467
-10154
-6478
-1886
2494
5043
5450
5267
6408
8607
10435
10397
8715
5832
2275
-988
-3092
-4460
-5765
-7490
-9626
-11666
-12265
-10523
-6666
-2030
1971
4703
5776
6059
6402
7295
7998
7880
6227
3015
-919
-4177
-5813
-5589
-3399
49
2788
3424
2948
3478
5987
8901
10745
11371
11301
10165
7423
2799
-2482
-6025
-7286
-7401
-8334
-10647
-12854
-13209
-11700
-9508
-7465
-5482
-2882
-203
1653
2946
4170
5579
7364
8609
8417
6607
4044
2084
825
-495
-2667
-4879
-6905
-8050
-8394
-8223
-7428
-5679
-2450
1050
3725
4674
5139
5732
6374
6373
5266
3524
1325
-793
-2948
-4402
-5522
-5939
-4720
-1442
2683
5438
6747
7435
8749
9968
10903
11643
12115
11643
9103
3921
-2846
-8526
-11101
-10984
-10387
-11091
-12805
-14069
-13999
-11969
-8486
-4362
-555
2316
3686
3958
4613
6486
9114
10999
10804
8338
4549
1054
-1103
-2061
-3151
-5125
-7850
-10690
-12523
-12388
-9810
-5665
-1304
1981
4168
5382
6124
7100
8206
8790
8080
5786
1884
-2337
-4960
-5687
-5602
-4994
-2615
723
2774
3276
4171
6822
9864
11967
12507
12242
11471
9850
6008
-51
-5637
-8317
-8536
-8936
-10645
-12807
-13720
-13002
-11190
-9213
-7128
-4179
-662
2071
3253
3935
5442
7547
9180
9581
8634
6236
3503
1280
-525
-2422
-4788
-7180
-9372
-10994
-11603
-10233
-7125
-3171
753
3721
5100
5494
6159
7303
8099
7761
6217
3522
151
-3190
-5273
-6277
-6490
-5211
-1955
1690
3684
4622
5896
8043
9693
10665
11504
12403
12460
10224
5057
-1530
-6572
-8827
-9260
-9919
-11312
-12559
-13158
-13067
-11862
-9416
-6200
-2662
559
2426
3246
4328
6650
9234
10778
10767
8890
5660
2299
274
-938
-2647
-5447
-8455
-10906
-12736
-12822
-10386
-6176
-1979
1299
3403
4560
5452
6712
8285
9032
8315
6086
2631
-1259
-4081
-5256
-5395
-4305
-1721
1472
3186
3436
3662
5319
8016
10415
11979
12466
11783
9322
4709
-1334
-6248
-8411
-8378
-8047
-9040
-11263
-13280
-13699
-11938
-8721
-5490
-2644
-366
916
1812
3318
5494
7761
9480
10138
9005
6117
2664
388
-609
-1700
-3595
-6541
-9538
-11515
-11399
-9459
-6309
-2565
965
3692
4811
5328
6227
7578
8279
7613
5485
2252
-1039
-3684
-5218
-6039
-6597
-5826
-2916
1071
4085
5841
7430
9116
10452
10860
11222
11789
12173
10756
6073
-1079
-7526
-10333
-10344
-10079
-11008
-12268
-13084
-13114
-12248
-10118
-6729
-2642
1133
3155
3642
4100
6230
9144
11303
11517
9466
5823
1724
-1103
-2312
-3160
-5044
-7925
-10976
-13084
-13031
-10578
-6668
-2184
2026
5153
6418
6392
6702
7918
9082
8874
6905
3337
-729
-4145
-6029
-6832
-7074
-5939
-2649
1212
3319
4395
5892
8390
10476
11612
12271
13021
12912
10419
5254
-1398
-6603
-8857
-9118
-9571
-11117
-12874
-13636
-13255
-11968
-9789
-6851
-3570
-205
2323
3727
4846
6630
9049
11006
11161
9241
5863
2317
-114
-1558
-3253
-5987
-8897
-11350
-12405
-12043
-10101
-6667
-2450
1658
4566
5931
6259
7055
8558
9387
8438
5842
2498
-814
-3522
-5252
-6627
-6680
-4431
-337
2825
3968
4284
5457
7659
9432
10978
12304
13213
11869
7549
743
-5305
-8264
-8436
-7810
-8703
-10796
-12978
-13835
-13051
-10619
-7600
-4546
-1387
925
2397
3680
5435
8029
10357
11394
10336
7562
3808
1046
-202
-1595
-3982
-7482
-10794
-13043
-13282
-11290
-7579
-3421
396
3626
5349
5935
6616
8289
10046
10259
8123
4269
131
-3108
-4967
-6127
-7675
-8359
-6110
-1447
2473
4157
5152
6841
9168
10458
11053
11891
13221
13156
9677
2529
-5059
-9324
-9948
-8986
-8889
-10320
-12370
-13553
-13494
-11827
-8964
-5495
-1598
1333
2857
3937
5691
8109
10521
12137
11584
8778
4387
865
-943
-2359
-4598
-7597
-10536
-12880
-13594
-12271
-9037
-4858
-584
3098
5162
5788
6456
8210
9990
10248
8425
5119
1286
-2107
-4207
-5625
-5483
-3292
306
2304
2094
1793
3197
6055
8115
9783
11235
12404
11242
6947
409
-5065
-6979
-6572
-6168
-7548
-9833
-11626
-12081
-11476
-9915
-7792
-5247
-2578
-641
768
2312
4695
7323
9524
10213
9238
6762
3732
1768
622
-701
-3238
-6459
-9601
-11610
-12042
-10594
-7565
-4047
-470
2475
4111
4655
5305
6753
8349
8671
7168
4225
603
-2377
-3703
-4394
-5092
-4072
-759
2729
4058
4090
4700
6752
8967
10610
11646
11728
10765
7787
2440
-3896
-7911
-8876
-8296
-8399
-9963
-11727
-12592
-11994
-10102
-7534
-4989
-2267
238
1752
2883
4387
6436
8494
9642
9427
7442
4251
1198
-371
-1413
-3095
-5538
-8425
-10868
-12010
-10949
-8225
-4582
-807
2757
5250
6169
6565
7439
8487
8658
7436
4940
1644
-1635
-4384
-6221
-7650
-8671
-7217
-3067
1804
4767
6241
7238
8695
10209
11414
12951
14173
14192
11089
4541
-3730
-9487
-10985
-9896
-8997
-10167
-12678
-14882
-15153
-13237
-9631
-5529
-1403
2155
3832
4048
4844
7255
10387
12644
12480
9469
4730
453
-1882
-2782
-4080
-6413
-9512
-12603
-14544
-14015
-10726
-5874
-891
3041
5510
6404
6969
8144
9971
10926
9971
7028
2648
-1771
-4781
-5905
-6342
-5335
-2739
245
1643
1951
2982
5494
8473
10306
11481
12154
11950
9617
4757
-1034
-5022
-6347
-6562
-7432
-9476
-11600
-12698
-12782
-11912
-10130
-7588
-4526
-1761
136
1632
3796
6412
8885
10449
10597
9262
6627
3700
1054
-1031
-3121
-5416
-7882
-10306
-11671
-11520
-9484
-6385
-2605
1043
3897
5758
6688
7551
8202
8593
7635
5471
2460
-354
-2627
-4591
-6203
-7855
-7971
-5253
-151
4028
6008
6678
7569
9100
10155
11041
12293
13449
12529
8065
655
-6517
-10154
-10149
-8874
-9000
-11245
-13680
-14682
-13734
-11229
-7667
-3576
331
2860
3581
4245
6182
9297
12130
12928
10817
6689
2272
-863
-2401
-3440
-5258
-8265
-11787
-14283
-14264
-11478
-6937
-2134
2094
4890
5919
6145
7032
8768
10481
10468
7969
3696
-784
-4294
-6060
-6886
-6865
-4813
-1404
1384
2231
2805
4344
7152
9496
11186
12614
13389
12730
9123
2792
-3748
-7163
-7569
-6892
-7441
-9824
-12466
-14089
-13901
-11928
-9004
-5978
-2863
-53
1635
3024
4769
7186
9788
11508
11280
8609
4577
1051
-519
-1400
-3190
-6276
-9782
-12198
-12820
-11475
-8666
-4730
-186
3623
5446
5515
5752
7314
9384
10034
8073
4670
1085
-1527
-3495
-5303
-7500
-8697
-6548
-1883
2219
3683
4472
5960
8262
9784
10729
11886
13195
13341
10396
3785
-3828
-8123
-8465
-7288
-7759
-10247
-13050
-14545
-14182
-12083
-9091
-5915
-2437
469
1988
2970
4863
8013
11062
12528
11552
8376
3946
353
-1139
-1688
-3253
-6478
-10400
-13585
-14374
-12313
-8241
-3861
-58
2943
4738
5609
6335
7916
9708
10538
9233
5680
1326
-2557
-4527
-5478
-5469
-3973
-1239
1053
1575
2041
3322
5712
7544
8868
10427
11983
12143
9127
3401
-2740
-6123
-6598
-6163
-6945
-9021
-11032
-12004
-12056
-11415
-9823
-7234
-3875
-962
850
2110
3778
6093
8559
10295
10195
8330
5177
2266
417
-823
-2379
-4785
-7745
-10646
-11993
-11281
-8637
-5054
-1168
2428
4666
5230
5263
6211
7672
8471
7637
5203
1912
-1229
-3655
-5210
-6555
-6974
-4725
-337
3401
4703
4930
5576
7544
9625
11314
12382
12731
11774
8171
1884
-4923
-8612
-8868
-7577
-7711
-9916
-12806
-14356
-13726
-11310
-8008
-4880
-1705
984
2714
3776
5249
7497
9848
11103
10140
7047
3037
-199
-1546
-2398
-4350
-7484
-10652
-12554
-12612
-10642
-7394
-3222
973
4456
6425
6881
7164
8071
9129
9065
7635
4661
986
-2455
-5014
-6470
-7815
-7856
-5039
-252
3039
4260
4998
6535
8740
10203
11411
12736
13766
12302
7676
524
-5671
-8323
-8398
-8038
-9200
-11386
-13477
-14125
-13605
-11642
-8392
-4748
-1168
1175
2544
4112
6397
8960
10941
11631
10187
7039
3246
282
-1335
-2766
-4809
-7739
-10865
-13237
-13338
-10966
-6899
-2522
1274
4001
5529
6526
7624
9029
9829
9521
7447
4113
325
-3126
-5248
-6416
-7421
-7083
-3884
702
3262
3737
4096
6072
8567
10199
11665
13008
13527
11438
5957
-1433
-6633
-7971
-7147
-6926
-8837
-11888
-14051
-14433
-13235
-10684
-7479
-3818
-376
1467
2193
3668
6711
10112
12157
11915
9494
5742
1902
-305
-1288
-2777
-5419
-8744
-11853
-13526
-12850
-9783
-5448
-1174
2329
4669
5681
6107
7316
9095
10169
9357
6849
3260
-538
-3529
-5397
-6504
-8075
-8364
-5560
-722
2894
4448
5484
6665
8367
9745
11370
12868
13699
12489
8075
1023
-5662
-8506
-8335
-7502
-8341
-10864
-13505
-14601
-13689
-11332
-8168
-4892
-1364
1184
2411
3772
6158
9126
11417
12055
10287
6820
2817
195
-677
-1752
-4261
-8117
-11797
-13928
-13262
-10238
-6290
-2439
773
3375
4882
5753
6975
8883
10326
9859
7477
3710
-54
-2884
-4278
-5185
-6275
-5520
-2150
1435
2456
2513
3665
6279
8733
10018
10970
11549
11511
9226
4207
-2114
-6292
-6961
-6351
-6754
-8979
-11433
-12886
-12758
-11473
-9548
-7117
-4244
-1164
873
2240
3896
6258
8731
10241
10255
8374
5223
2043
58
-1155
-3046
-5676
-8654
-10937
-11882
-10818
-7906
-4216
-628
2112
4226
5531
6504
7490
8401
8503
7180
4950
1981
-1033
-3614
-5090
-6268
-7493
-6579
-2865
1713
4175
5140
5947
7567
9002
9968
11340
12729
12986
10429
4792
-2191
-6802
-8079
-7499
-7576
-9314
-11672
-13177
-13527
-12554
-10311
-7417
-3789
-417
1548
2367
3863
6633
9897
11920
11567
8991
4793
1083
-933
-1659
-3125
-5771
-8943
-11567
-12687
-11996
-8995
-4856
-512
2991
5295
6238
6416
6880
7805
8861
8512
6599
3212
-746
-4325
-6247
-6794
-7269
-6531
-3513
1036
3812
4688
5108
6739
9089
10826
12033
12478
12249
10388
6211
-186
-5852
-8403
-8305
-7704
-8976
-11597
-13590
-13951
-12852
-10823
-8090
-4707
-848
1905
3511
5095
7043
9288
10836
11036
9150
5770
2090
-398
-1863
-3729
-6260
-9295
-11826
-12837
-11569
-8510
-4809
-1355
1595
4290
6211
7247
7810
8421
8886
8391
6473
3243
-301
-3376
-5324
-6727
-8042
-7262
-3263
1713
4156
4393
4672
6308
8559
10085
11680
13271
14003
11873
6139
-1463
-6773
-7801
-6674
-6533
-9026
-12323
-14481
-14679
-13577
-11320
-8315
-4745
-1297
726
2296
4285
7325
10151
11999
11716
9037
5076
1673
254
-890
-3007
-6459
-9661
-12067
-12678
-11253
-8372
-4827
-1394
2119
4716
6261
6944
7977
9307
9664
8537
6051
3012
-291
-3052
-5217
-6768
-8366
-8554
-5578
-586
3338
4839
5558
6558
8395
9897
11325
12773
13770
12780
8546
1419
-5352
-8339
-7897
-6792
-7886
-10977
-14061
-15136
-14354
-12160
-9094
-5516
-1572
1427
2877
3911
5817
8636
11178
12023
10324
6695
2898
369
-991
-2967
-5702
-8550
-10976
-12622
-12544
-10110
-6405
-2602
574
3378
5335
6546
7650
8807
9492
8997
7453
4614
777
-2886
-5064
-5742
-6630
-6714
-4512
-485
2494
3580
4372
5982
8173
9432
10648
11944
12866
11782
7858
1617
-3887
-6353
-6508
-6238
-7822
-10536
-12813
-13728
-13490
-12166
-9933
-6832
-2907
303
2350
3866
5530
7684
9750
10920
10020
7159
3615
1097
-560
-2821
-5615
-8362
-10235
-11172
-10913
-9248
-6550
-3146
538
4079
6217
7000
7388
8125
8761
8223
6538
4021
1114
-1935
-4344
-6077
-7478
-8714
-7980
-3917
1307
4686
5993
6945
7965
9202
10019
10996
12413
13360
12183
7331
-195
-6582
-8705
-8123
-7729
-9145
-12014
-14301
-14891
-13989
-11711
-8285
-4090
76
2785
3718
4613
6434
8828
11050
11595
9842
6159
2149
-1052
-2944
-4597
-6637
-8671
-10861
-12145
-11729
-9300
-5810
-1818
2154
5286
6868
7047
7509
8692
9639
9121
6849
3140
-1012
-4253
-5760
-6219
-6977
-6504
-3408
891
3323
3815
4389
6180
8755
10467
11543
12165
12158
10744
6839
928
-4281
-6279
-6385
-6841
-8875
-11758
-13722
-14078
-13107
-11444
-9223
-6111
-2329
760
2643
4200
6149
8476
10463
11150
9755
6654
2919
-156
-2256
-4268
-6374
-8541
-10177
-11228
-11084
-9462
-6312
-1929
2461
5786
7017
7084
7295
8066
8418
7761
6022
3370
109
-3364
-6004
-7097
-7642
-7186
-4228
240
3463
4547
5393
6548
8198
9344
11008
12764
13552
12391
8566
2371
-3830
-6695
-6995
-6984
-8792
-11488
-13762
-14750
-14599
-12836
-9784
-6229
-2235
980
2883
4125
5887
8307
10520
11518
10271
7243
3311
-76
-2032
-3803
-5864
-8235
-10239
-11686
-11902
-10259
-6905
-2489
1707
5073
6916
7407
7637
8457
9188
8847
7164
4370
656
-3278
-6101
-7098
-7525
-7592
-5457
-1212
2536
3970
4647
5808
7875
9705
11325
12781
13493
12777
9441
3663
-2719
-6200
-6908
-6826
-8210
-11067
-13724
-15016
-14732
-13281
-10516
-6883
-2664
819
2627
3708
5342
7852
10431
11803
10973
7928
3991
343
-1917
-3447
-5020
-7251
-9984
-12298
-13190
-11448
-7701
-2818
1491
4779
6568
6913
6881
7538
9048
9728
8537
5441
1219
-2925
-5884
-6715
-6636
-6956
-6093
-2787
1588
3899
4641
5506
7481
9619
10973
12183
12985
12895
10794
6402
-117
-5454
-7663
-7522
-7754
-9969
-12858
-14778
-14903
-13930
-11467
-8288
-4555
-553
2313
3714
4650
6415
9054
11344
11626
9260
5272
1095
-1652
-3113
-4675
-7006
-9499
-11371
-12254
-11464
-8772
-4409
181
4004
6393
7198
7225
7889
9370
10064
8984
6150
2492
-1434
-4583
-6235
-6586
-6927
-7693
-6502
-2667
1938
4529
5813
6897
8595
10394
11566
12437
12894
12897
10755
5688
-1450
-6807
-8584
-8356
-8820
-10928
-13430
-14822
-14589
-13123
-10591
-7368
-3455
449
2854
3685
4881
7487
10598
12017
10871
7657
3788
305
-2105
-3655
-5520
-7461
-9639
-11578
-12476
-10963
-7037
-2387
1631
4247
6091
7080
7820
8755
9364
9013
7401
4777
1355
-2098
-4515
-5548
-5996
-6987
-7816
-5970
-1810
2682
5124
5998
6769
8085
9831
11183
12508
13027
12826
10205
4483
-2572
-7464
-8802
-8535
-8735
-10565
-12834
-14676
-14902
-13120
-9885
-6154
-2112
1517
3077
3595
4830
7657
10613
11743
10362
6776
2515
-1044
-2624
-3588
-5314
-7542
-9697
-11157
-11360
-9471
-5740
-1385
2218
4655
5838
6025
6494
7843
8938
8697
6831
3897
234
-3171
-5017
-5581
-5632
-6364
-5931
-3027
997
3726
4566
5539
7002
9133
10758
11646
11983
11844
10881
7181
835
-5285
-8028
-7955
-7765
-8978
-11398
-13398
-13918
-12840
-10560
-7922
-4635
-743
2211
3432
4074
5540
7731
9407
9690
8157
4857
885
-1956
-3312
-4795
-6655
-8170
-9185
-9696
-9075
-6864
-3618
-248
2914
5649
7198
7446
7490
7648
7264
6145
4460
2203
-595
-3112
-4639
-5515
-6111
-6973
-6369
-3276
1538
5557
7073
7460
8054
9965
11127
11472
11323
11602
10883
6917
80
-6646
-9740
-9778
-8838
-9573
-11943
-14127
-14420
-12952
-10548
-7552
-3838
211
2869
3833
4526
6098
8140
9877
10109
8143
4286
92
-2602
-3792
-4802
-6351
-7988
-9391
-9753
-8685
-6198
-3105
186
3245
5629
6654
6632
6777
7366
7718
6824
4574
1675
-1014
-2864
-3876
-4350
-5120
-6269
-5176
-1511
2691
4549
5098
5919
7586
9411
10024
10403
10790
11180
9472
4475
-2248
-6997
-8053
-7370
-7353
-9114
-11559
-13227
-13298
-11930
-9393
-6212
-2651
338
1709
2337
3415
5659
8009
9604
9243
6801
2974
-783
-2661
-3219
-3651
-4835
-6524
-8445
-9355
-8329
-5379
-1678
1461
3680
4797
5024
4974
5621
6543
6886
6144
4040
1162
-1572
-3163
-3745
-3799
-4225
-4986
-4105
-952
3035
5134
5872
6394
7706
9002
9184
9299
9596
10066
8675
4206
-2382
-7426
-8771
-7794
-6967
-8309
-10803
-12510
-12566
-11146
-8842
-6055
-2769
481
2142
2500
3137
4938
7493
9166
8895
6254
2430
-1185
-2838
-2955
-3463
-4691
-6559
-7934
-8561
-7548
-5045
-1797
1449
3913
5536
5578
5074
5455
6411
6629
5444
3609
1316
-914
-2644
-3471
-3721
-4333
-5272
-5036
-2307
1848
5126
6481
7101
7742
8562
8651
8684
9295
10239
9655
5719
-660
-6484
-8782
-8128
-7063
-7817
-10214
-12431
-13093
-12031
-9719
-6970
-3776
-689
1364
2078
2701
4276
6560
8565
9074
7429
3739
-41
-1955
-1870
-2061
-3650
-6058
-7924
-8560
-7778
-5485
-2641
153
2437
4083
4650
4612
5087
6170
6863
6350
4753
2696
564
-1264
-2584
-3529
-4215
-4801
-3890
-1277
1929
3894
4745
5379
5847
6586
7185
8507
9967
10779
9190
4451
-1627
-5839
-6522
-5729
-5524
-7064
-9491
-11660
-12577
-11816
-9634
-6881
-3965
-1242
108
480
1466
3684
6295
8187
8486
6671
3490
354
-879
-670
-1020
-2836
-5439
-7410
-8086
-7141
-5089
-2521
-201
1903
3331
3663
3533
4129
5560
6425
5999
4348
2451
678
-587
-1498
-2450
-3399
-4458
-4066
-1829
1611
4204
5229
5445
5373
5860
6530
7563
8661
9528
8818
5112
-668
-5456
-6854
-5858
-4943
-5693
-8128
-10763
-12092
-11556
-9602
-7179
-4324
-1599
-9
290
947
3020
5666
7807
8579
7345
4228
914
-935
-996
-1152
-2338
-4476
-6563
-7779
-7401
-5544
-3218
-621
1659
3280
3545
3377
3902
5277
6325
6200
5046
3220
1176
-547
-1776
-2734
-3492
-4306
-3823
-1701
1455
3710
4448
4302
4642
5995
7132
8068
8960
9639
8436
4652
-606
-4459
-5686
-5344
-5182
-6440
-8759
-10919
-11891
-11608
-10013
-7697
-4890
-2150
-598
46
1203
3566
6233
8140
8520
7202
4565
1578
-306
-1014
-1651
-2932
-4724
-6511
-7636
-7382
-5826
-3422
-969
1167
2838
3822
4370
4824
5586
6298
6596
5871
4256
2160
-25
-1650
-2768
-3529
-4544
-4561
-2649
495
2672
3253
3597
4459
5945
6886
7616
8348
9046
8631
6105
1583
-2803
-4827
-4958
-4989
-6337
-8634
-10784
-11855
-11911
-10849
-8937
-6374
-3460
-1284
-53
1281
3496
5999
7935
8747
8102
5930
3032
750
-237
-1104
-2636
-4719
-6694
-7876
-7770
-6371
-4457
-2257
111
2503
4035
4627
4854
5455
6371
6936
6613
5100
2799
433
-1368
-2784
-3941
-4962
-5151
-3439
-535
1967
2811
2912
3178
4496
6367
7920
9103
9511
9158
7084
3071
-1473
-4023
-4152
-3797
-4793
-7513
-10630
-12541
-12452
-10768
-8663
-6792
-4607
-2453
-1056
94
1927
4600
6925
8198
7800
5889
3111
947
255
-18
-884
-2653
-4786
-6612
-7035
-5788
-3620
-1632
-49
1439
2704
3416
3812
4490
5521
6273
6164
4784
2459
129
-1148
-1730
-2445
-3486
-4304
-3449
-1149
1557
2949
3294
3303
4054
5246
6148
7223
8115
8411
6675
2960
-1307
-3750
-4065
-3679
-3918
-5690
-8223
-10223
-10685
-9764
-8003
-5956
-3809
-2028
-1366
-790
801
3151
5270
6462
6311
4377
1459
-793
-1108
-530
-753
-2074
-4019
-5520
-5838
-4565
-2389
-128
1819
3294
4014
3737
3408
3905
5074
5856
5411
3530
920
-1119
-2085
-2344
-2709
-3431
-4197
-3862
-1788
1211
3585
4475
4805
5077
5502
5793
6512
7652
8541
7833
4550
-177
-4305
-5811
-5471
-4809
-5422
-7083
-8866
-9954
-9854
-8703
-6422
-3708
-1125
173
348
719
2001
4074
5875
6355
4792
1870
-789
-2026
-1888
-1759
-2231
-3408
-4618
-5168
-4687
-3090
-976
1406
3388
4475
4326
3842
3907
4626
5383
5135
3968
1971
-146
-1779
-2772
-3402
-3607
-3540
-3343
-2013
412
2924
4029
4085
4202
5166
6264
6891
7330
7357
6640
4179
503
-3150
-4983
-4766
-3997
-4479
-6481
-8450
-9260
-8687
-7291
-5393
-3387
-1530
-328
-111
-94
726
2457
4175
4748
3470
1243
-723
-1658
-1488
-1067
-1244
-2243
-3347
-3984
-3662
-2455
-467
1665
3202
3716
3474
3217
3345
3936
4482
4400
3243
1440
-403
-1777
-2488
-2738
-2615
-2510
-2571
-1911
27
2348
3806
4462
4887
5363
5668
5726
6024
6262
5746
3981
954
-2354
-4398
-4697
-4288
-4238
-5186
-6572
-7700
-8066
-7277
-5458
-3183
-1303
-305
-439
-696
-112
1463
3129
3764
3127
1541
-351
-1850
-2248
-1830
-1575
-1915
-2639
-3142
-2992
-2084
-428
1473
3028
3874
3991
3540
3190
3484
4091
4417
3711
1878
-245
-1797
-2523
-2682
-2628
-2494
-2356
-1761
-258
1834
3477
4230
4811
5361
5717
5395
5107
5002
4753
3946
1956
-859
-3722
-5018
-4869
-4226
-4394
-5279
-6232
-6841
-6499
-5340
-3796
-2337
-976
-273
-249
-290
247
1532
2733
3104
2250
361
-1470
-2289
-2054
-1765
-1729
-2028
-2298
-2332
-2042
-1032
468
2066
3143
3677
3505
3238
3296
3591
3726
3196
2004
442
-985
-2036
-2408
-2155
-1765
-1620
-1070
468
2509
3788
4201
4411
4841
5125
5093
4898
4476
3937
2954
1252
-1414
-3717
-4593
-4219
-3865
-4287
-4948
-5631
-6068
-6026
-5091
-3652
-2185
-1037
-606
-679
-689
-6
1084
1933
2100
1407
-10
-1642
-2420
-2184
-1584
-1235
-1292
-1576
-1813
-1382
-162
1416
2692
3449
3699
3424
2908
2586
2698
2884
2674
1812
470
-1027
-2161
-2520
-2145
-1400
-945
-346
758
2253
3389
3858
4202
4572
5025
4933
4657
4223
3665
2719
1014
-1126
-3084
-3937
-3933
-3735
-4047
-4668
-5306
-5661
-5477
-4686
-3440
-2135
-1098
-754
-861
-929
-394
745
1628
1653
808
-395
-1475
-1946
-1842
-1570
-1226
-1190
-1408
-1680
-1487
-504
972
2379
3190
3512
3302
2956
2692
2594
2651
2545
1928
595
-848
-1771
-1867
-1429
-1108
-966
-393
1100
2987
4107
4379
4419
4574
4392
3641
2968
2817
2915
2443
881
-1660
-3860
-4624
-4113
-3221
-2864
-3216
-3903
-4650
-5068
-4635
-3466
-2006
-779
-432
-875
-1214
-870
120
1043
1357
953
-83
-1434
-2344
-2355
-1950
-1520
-1273
-1204
-1147
-758
77
1193
2235
2900
3263
3204
2744
2340
2218
2149
1922
1257
263
-530
-897
-845
-574
-365
133
1240
2480
3305
3598
3618
3703
3805
3649
3448
3224
2792
2001
574
-1249
-2686
-3198
-3146
-2983
-2926
-3125
-3576
-4250
-4750
-4544
-3723
-2711
-1695
-1197
-1275
-1198
-771
-225
363
877
1003
419
-806
-1822
-2050
-1915
-1811
-1721
-1682
-1466
-895
-56
739
1340
2018
2765
3249
3127
2802
2556
2368
2237
1950
1273
225
-410
-371
-85
19
284
1231
2252
2699
2718
2841
2963
3034
3148
3158
2965
2421
1656
621
-670
-1692
-1901
-1733
-1918
-2376
-2930
-3443
-3877
-4064
-3948
-3707
-3423
-2990
-2485
-2211
-1861
-1182
-337
326
567
408
-22
-630
-1182
-1346
-1400
-1592
-1793
-1910
-1806
-1318
-448
600
1494
2023
2335
2478
2405
2388
2547
2630
2446
1983
1375
787
447
478
750
850
817
1055
1544
2049
2407
2783
3032
2977
2533
2089
2029
2119
2110
1597
627
-571
-1376
-1630
-1744
-2081
-2632
-2944
-3172
-3468
-3838
-4030
-3903
-3458
-2677
-1906
-1478
-1348
-986
-403
-41
-80
-397
-728
-1007
-1219
-1509
-1940
-2289
-2169
-1609
-1044
-582
23
876
1754
2333
2396
2184
2153
2511
2895
2769
2108
1528
1423
1403
1201
994
966
1032
1267
1724
2043
2008
1907
2089
2288
2121
1863
1951
2264
2300
1866
879
-438
-1387
-1603
-1392
-1499
-2148
-2963
-3414
-3574
-3756
-3877
-3760
-3201
-2398
-1815
-1666
-1580
-1180
-565
-115
-170
-437
-500
-464
-570
-941
-1521
-1976
-2005
-1791
-1555
-1187
-537
415
1260
1678
1840
1942
1987
2116
2359
2421
2336
2262
2190
2027
1743
1388
1211
1368
1701
2043
2121
1807
1349
1066
1091
1502
1978
1995
1632
1303
1047
632
68
-320
-289
-254
-783
-1869
-3013
-3705
-3681
-3216
-2878
-2873
-3028
-3058
-2930
-2677
-2167
-1237
-192
433
337
-354
-1056
-1235
-934
-679
-826
-1333
-1799
-1971
-1829
-1313
-530
261
946
1492
1707
1673
1695
1954
2391
2669
2590
2330
2043
1799
1673
1654
1678
1745
1782
1706
1662
1633
1482
1205
1039
1239
1661
1779
1368
910
873
1079
929
278
-456
-813
-891
-1109
-1676
-2420
-2889
-2938
-2876
-3157
-3597
-3615
-3134
-2535
-2188
-1992
-1619
-1109
-769
-714
-925
-1203
-1173
-843
-628
-810
-1296
-1651
-1560
-1152
-574
132
831
1503
2122
2504
2617
2623
2626
2591
2559
2529
2487
2335
2098
2100
2275
2346
2198
1899
1588
1364
1318
1319
1155
762
431
421
396
46
-355
-339
69
233
-198
-919
-1502
-1762
-1795
-1921
-2416
-3078
-3422
-3422
-3467
-3673
-3596
-2951
-2111
-1532
-1272
-1041
-579
-2
310
138
-258
-410
-194
19
-128
-489
-717
-686
-502
-269
130
816
1632
2252
2434
2216
1904
1800
2016
2494
2989
3238
3202
2948
2607
2363
2238
2161
2152
2069
1671
966
170
-418
-676
-735
-680
-648
-802
-993
-900
-612
-544
-836
-1208
-1367
-1418
-1615
-2066
-2698
-3217
-3352
-3186
-3063
-3098
-3033
-2656
-2139
-1737
-1420
-1027
-480
116
462
365
-22
-309
-231
50
174
137
203
373
530
743
1118
1610
2091
2455
2582
2409
2130
2119
2390
2638
2754
2787
2650
2325
1994
1870
1962
2065
1941
1420
547
-311
-786
-925
-965
-985
-989
-1130
-1494
-1743
-1487
-852
-327
-290
-748
-1429
-1995
-2232
-2222
-2271
-2427
-2579
-2783
-3045
-3158
-2848
-2126
-1411
-1005
-750
-447
-59
403
744
847
802
683
527
396
335
448
713
833
784
790
872
1069
1529
2175
2668
2743
2440
2138
2113
2264
2459
2553
2382
1994
1574
1225
960
747
515
193
-265
-839
-1388
-1693
-1620
-1313
-1090
-1184
-1514
-1725
-1541
-1049
-625
-599
-904
-1236
-1466
-1682
-1918
-2033
-1957
-1868
-1976
-2237
-2316
-1961
-1342
-787
-382
-36
289
569
794
989
1140
1167
1075
899
629
398
334
289
243
377
625
885
1180
1498
1823
2125
2338
2347
2107
1830
1767
1833
1765
1490
1185
996
879
729
481
83
-479
-1045
-1486
-1705
-1558
-1184
-918
-866
-1041
-1288
-1317
-1073
-621
-107
138
-50
-530
-1087
-1533
-1749
-1740
-1676
-1774
-2039
-2193
-2033
-1639
-1137
-624
-224
15
184
458
828
1086
1198
1190
1026
827
714
644
602
600
625
658
680
744
891
1082
1314
1585
1743
1686
1556
1550
1632
1621
1404
1006
592
296
149
52
-142
-453
-799
-1132
-1428
-1583
-1449
-1108
-869
-834
-882
-910
-820
-488
-32
179
-10
-391
-740
-993
-1069
-876
-630
-742
-1249
-1737
-1851
-1537
-974
-439
-71
200
416
507
526
685
1015
1318
1343
998
472
130
182
446
600
548
342
11
-251
-99
506
1177
1559
1564
1236
823
679
874
1146
1295
1297
1047
464
-159
-406
-318
-270
-450
-772
-1104
-1324
-1317
-1134
-975
-889
-748
-591
-535
-464
-194
168
304
113
-208
-459
-600
-672
-753
-926
-1137
-1203
-1093
-956
-789
-532
-271
-86
103
405
745
991
1149
1215
1111
832
528
385
433
546
598
502
258
-50
-255
-210
77
508
932
1145
1014
630
353
421
656
760
681
526
278
-63
-317
-438
-549
-663
-722
-774
-835
-736
-470
-338
-435
-481
-328
-184
-216
-248
-109
90
159
34
-198
-368
-378
-359
-510
-786
-968
-926
-710
-496
-381
-255
-53
140
309
494
677
862
959
798
414
64
-68
-30
37
-13
-186
-360
-435
-283
131
648
1039
1161
1019
718
448
381
481
666
842
715
212
-345
-639
-603
-377
-160
-126
-251
-392
-508
-535
-425
-288
-187
-126
-126
-143
-66
202
526
690
641
363
-38
-355
-551
-693
-809
-911
-960
-931
-846
-753
-604
-309
62
378
580
654
640
623
630
570
369
116
-36
-87
-118
-155
-194
-212
-227
-246
-130
144
375
523
640
585
410
337
333
355
421
419
279
-24
-448
-632
-411
-103
63
-16
-299
-483
-479
-384
-192
-22
75
226
303
260
339
506
585
538
329
84
-29
-98
-175
-302
-583
-859
-957
-913
-737
-432
-113
75
88
33
45
162
328
408
342
180
6
-120
-165
-117
-40
-43
-126
-228
-291
-186
118
425
560
501
247
-13
-90
-1
203
397
380
145
-158
-336
-231
14
165
196
94
-120
-273
-248
-77
119
235
284
261
138
68
187
368
471
458
303
91
-40
-98
-176
-317
-484
-569
-539
-467
-358
-158
46
91
1
-45
3
98
218
279
223
43
-202
-408
-506
-496
-432
-371
-337
-353
-379
-263
-14
160
235
311
317
241
239
303
346
333
235
100
-36
-117
-42
119
209
174
54
-35
-31
73
233
344
376
344
256
140
87
207
407
489
435
259
17
-156
-242
-280
-336
-435
-540
-636
-628
-466
-280
-140
-105
-145
-126
-77
-5
100
143
111
28
-91
-230
-417
-509
-391
-227
-143
-143
-148
-78
17
141
321
496
580
454
210
127
186
249
279
257
237
287
378
378
195
-25
-147
-126
11
123
166
175
99
-95
-265
-203
18
172
262
321
264
86
-83
-146
-182
-219
-242
-307
-454
-623
-673
-522
-266
-73
-9
-27
-46
-54
-82
-115
-148
-160
-140
-125
-181
-270
-277
-203
-158
-166
-156
-80
60
211
303
303
254
214
205
255
359
450
469
379
209
64
64
209
385
500
514
423
255
82
5
45
127
159
135
89
28
-35
-44
30
93
56
-50
-141
-231
-348
-408
-372
-338
-399
-495
-511
-454
-371
-279
-187
-98
-18
2
-70
-200
-285
-251
-175
-129
-142
-162
-122
-55
15
35
8
38
163
342
430
399
371
345
247
110
43
99
181
206
198
168
167
193
197
257
364
437
395
226
96
100
193
264
196
64
-26
-81
-139
-267
-409
-459
-418
-302
-196
-189
-251
-333
-364
-317
-251
-188
-190
-251
-315
-375
-375
-336
-311
-292
-262
-169
-39
44
61
7
-50
-48
2
112
200
206
156
110
186
313
400
482
533
542
469
316
223
200
199
201
178
210
292
368
433
435
387
242
8
-111
-65
40
63
-49
-175
-256
-322
-377
-417
-381
-301
-253
-221
-220
-259
-310
-338
-297
-230
-189
-178
-208
-275
-339
-324
-241
-139
-30
16
-27
-108
-150
-112
-72
-35
-5
34
105
104
71
99
199
379
536
601
557
439
347
227
70
-3
13
80
128
127
134
112
90
138
256
419
482
372
166
-28
-100
-116
-167
-160
-115
-109
-142
-201
-237
-260
-257
-215
-188
-152
-126
-158
-195
-212
-217
-216
-210
-211
-279
-361
-373
-349
-310
-241
-194
-230
-288
-230
-108
-29
78
212
285
297
324
385
357
228
136
139
168
211
264
242
153
63
3
10
76
173
228
221
264
387
504
494
346
246
236
214
182
114
-8
-111
-187
-224
-228
-250
-280
-294
-291
-259
-218
-202
-216
-228
-198
-161
-155
-148
-144
-167
-238
-281
-266
-294
-349
-373
-353
-296
-216
-116
-41
8
79
160
211
245
307
366
349
263
167
109
132
233
317
295
156
-9
-68
13
156
265
329
383
407
382
347
308
236
144
89
89
100
71
4
-76
-139
-163
-201
-290
-381
-408
-375
-350
-355
-315
-206
-98
-74
-140
-226
-288
-310
-263
-192
-180
-257
-378
-472
-489
-398
-266
-185
-139
-70
21
108
190
283
377
477
569
574
494
429
400
376
348
322
263
159
57
9
23
73
147
204
189
161
203
281
337
346
295
184
54
-22
11
61
-2
-125
-259
-403
-508
-536
-525
-502
-461
-384
-296
-262
-275
-229
-132
-68
-22
-10
-57
-129
-229
-325
-386
-432
-394
-278
-209
-152
-60
25
105
179
274
404
520
601
606
514
352
230
243
296
318
306
231
180
168
124
89
45
-5
39
103
111
56
-21
-6
104
214
228
155
66
-46
-122
-152
-202
-259
-357
-448
-434
-407
-404
-409
-423
-357
-223
-86
34
119
169
171
115
46
-46
-147
-214
-224
-195
-230
-321
-360
-312
-178
-48
7
6
-10
28
133
278
405
428
359
324
422
618
732
654
450
229
77
31
57
86
75
38
10
-7
-17
2
80
180
230
186
75
-17
-50
-52
-97
-212
-316
-335
-315
-344
-416
-449
-418
-378
-354
-346
-335
-320
-308
-289
-263
-226
-171
-117
-55
35
121
126
39
-43
-73
-93
-106
-70
8
65
108
197
282
313
316
332
399
483
543
537
437
336
301
274
252
257
276
276
205
115
24
-105
-201
-222
-195
-135
-42
82
136
62
-26
-81
-156
-233
-302
-342
-373
-422
-430
-413
-381
-329
-316
-303
-251
-167
-44
67
142
164
163
212
222
122
-54
-206
-206
-117
-62
-71
-138
-206
-197
-66
136
263
251
183
181
271
356
399
442
460
411
315
226
156
77
41
30
-30
-117
-172
-185
-215
-244
-210
-110
1
51
67
99
145
166
107
-19
-132
-190
-238
-276
-277
-270
-264
-273
-273
-250
-213
-127
-15
34
10
-3
31
104
184
191
145
72
-8
-30
-23
-34
-56
-94
-122
-111
-47
54
167
254
255
204
163
173
235
289
304
281
223
113
-18
-120
-162
-96
42
153
161
60
-51
-105
-99
-47
-15
-38
-82
-86
-43
6
21
-18
-73
-113
-123
-108
-108
-133
-216
-337
-426
-453
-400
-269
-101
23
34
2
44
154
247
265
214
89
-37
-65
-34
-45
-106
-114
-39
4
-17
-44
-43
-1
50
97
150
226
347
471
545
525
411
253
133
159
276
334
290
160
-5
-151
-235
-237
-245
-293
-277
-181
-129
-166
-184
-137
-64
8
32
15
-50
-116
-111
-103
-146
-220
-308
-388
-451
-450
-368
-250
-151
-92
-28
29
72
126
148
117
50
-2
11
42
69
131
184
204
200
190
180
218
317
377
379
346
292
245
209
209
202
115
11
-22
-1
-18
-66
-116
-185
-194
-129
-99
-119
-168
-204
-206
-216
-210
-202
-208
-151
-23
88
131
131
56
-65
-130
-181
-254
-325
-341
-266
-201
-163
-123
-99
-45
55
174
215
205
251
303
310
239
133
9
-100
-87
-3
67
61
26
30
32
83
173
237
247
172
79
9
-4
53
118
169
191
218
217
147
36
-79
-105
-87
-122
-213
-321
-379
-368
-288
-191
-136
-103
-49
30
79
67
28
-1
-8
-7
-28
-85
-171
-227
-240
-217
-143
-51
25
87
163
243
280
271
231
142
34
-15
-14
-18
-3
46
60
11
-10
30
37
13
25
70
123
171
187
132
54
43
72
86
88
66
-23
-112
-128
-107
-116
-144
-148
-162
-210
-258
-308
-315
-226
-57
99
146
93
6
-55
-42
46
134
171
167
132
88
61
45
15
-39
-83
-66
-5
55
90
81
36
-21
-59
-65
-36
1
20
9
-9
-7
-10
-34
-75
-104
-91
-68
-66
-70
-43
35
112
110
58
47
100
154
162
130
80
11
-51
-86
-76
-16
59
80
3
-125
-254
-338
-308
-136
100
270
322
250
90
-39
-51
33
147
235
234
112
-42
-131
-169
-216
-248
-201
-73
72
166
181
160
173
197
183
152
132
110
56
-24
-125
-231
-271
-220
-161
-134
-76
2
3
-104
-216
-243
-210
-169
-145
-123
-50
99
226
227
121
11
-19
57
184
239
150
-32
-214
-351
-418
-363
-194
-18
85
126
113
82
104
181
239
240
202
152
116
103
92
60
37
46
75
65
12
-31
-82
-130
-109
-15
72
115
145
145
90
18
-33
-39
-3
61
102
52
-63
-159
-226
-278
-293
-228
-104
7
60
32
-44
-74
-44
-22
-28
-38
-65
-114
-118
-39
50
74
44
9
-45
-107
-110
-26
74
122
101
30
4
73
175
220
178
91
22
21
70
114
107
57
22
-8
-72
-117
-119
-121
-99
9
122
173
221
260
225
104
-44
-178
-288
-311
-220
-88
-14
-20
-60
-93
-90
-28
42
49
-8
-92
-159
-203
-178
-88
4
63
73
57
44
60
86
76
60
63
72
79
40
-30
-83
-52
53
143
187
200
221
254
243
171
50
-57
-97
-75
-33
-8
16
36
13
-45
-97
-106
-51
57
121
60
-35
-77
-67
-63
-77
-109
-185
-254
-276
-267
-245
-214
-181
-156
-130
-84
-39
-23
-12
-8
-29
-45
5
96
154
186
196
169
99
11
-63
-105
-69
38
151
220
205
132
27
-55
-50
37
170
260
270
210
132
121
171
212
180
92
15
-24
-46
-107
-189
-209
-168
-98
-40
-22
-46
-75
-75
-62
-57
-62
-98
-124
-114
-93
-64
-49
-60
-89
-86
-53
-36
-54
-97
-140
-120
-44
38
113
144
104
57
48
24
-28
9
108
115
76
61
62
96
150
129
16
-56
-17
54
106
107
31
-43
-54
-22
50
132
139
60
14
18
23
72
122
66
-8
-17
-41
-89
-74
-71
-146
-178
-151
-166
-177
-129
-94
-105
-120
-155
-191
-167
-125
-121
-88
11
70
31
-44
-102
-123
-75
20
88
136
173
140
79
63
63
49
30
-2
-15
42
96
100
82
29
-10
27
64
70
149
294
398
432
365
193
41
-15
-34
-54
-52
-33
-11
9
-6
-42
-47
-44
-80
-135
-157
-133
-84
-38
-25
-45
-56
-33
1
-8
-58
-121
-179
-224
-255
-271
-281
-310
-345
-322
-229
-125
-10
107
185
217
192
115
54
60
106
170
220
198
157
176
211
219
214
180
103
43
16
-10
-34
-62
-61
-29
9
52
91
121
127
115
64
-17
-67
-91
-115
-152
-173
-140
-70
-30
-32
-25
-8
11
23
-4
-75
-140
-132
-92
-99
-163
-262
-329
-296
-146
-10
-16
-50
23
129
160
