SAMPLES:	15603
BITSPERSAMPLE:	16
CHANNELS:	1
SAMPLERATE:	16000
NORMALIZED:	FALSE
-4
-5
4
5
10
9
2
5
7
2
-7
-11
-2
1
-5
-1
5
12
15
2
-7
1
7
11
16
16
12
-2
-15
-15
-16
-11
-10
-11
-7
-5
-4
-1
-1
4
9
4
5
12
11
8
1
-5
-12
-16
-17
-18
-2
6
-2
-7
-6
1
13
8
11
18
14
11
4
2
6
13
13
5
0
-2
2
0
5
16
12
10
-1
-12
-3
-8
-13
-10
-5
5
-2
-10
-11
-13
-12
-12
-12
3
4
-2
-1
0
0
-15
-19
-10
5
4
-12
-9
-4
-6
-9
-5
-4
-1
-4
-7
-7
-7
-4
-4
1
3
2
5
6
4
6
3
10
26
27
22
18
11
12
7
3
9
10
3
-2
-2
-8
-4
2
0
14
23
15
3
10
15
14
9
4
6
2
0
-5
-9
-3
-3
-5
-6
-9
-5
0
-1
-2
-12
-17
-14
-11
-12
-17
-13
-11
-11
-11
-12
-17
-14
-4
-9
-6
-1
0
8
-3
-10
0
9
9
1
-9
-14
-16
-17
-12
-2
13
24
8
2
12
3
-6
-3
-1
2
4
-2
-6
-8
-10
-3
2
8
10
12
18
11
9
12
14
15
17
15
12
6
8
10
2
2
8
4
5
7
3
0
-6
-4
-3
0
-3
-3
0
-9
-6
-10
-7
-13
-20
-14
-20
-7
-13
-20
-12
-11
-4
-1
-1
1
2
12
12
7
15
22
24
15
6
6
3
0
0
1
4
7
8
7
7
10
15
22
9
-9
-10
-9
-6
-10
-19
-9
-7
-10
-18
-13
-3
-12
-18
-20
-21
-15
-13
-16
-9
-4
-11
-13
-10
-13
-8
-6
-2
16
19
20
8
2
5
7
12
6
8
14
13
15
12
10
15
10
8
3
0
5
-2
10
18
11
8
-2
-2
3
-1
4
8
8
3
-3
1
10
0
-7
-8
-11
-2
-10
-14
-10
-10
5
-4
-13
-9
-13
-19
-19
-9
5
3
5
8
0
7
2
-1
7
1
2
-6
-21
-10
-4
-3
1
0
1
4
4
0
-4
8
8
-4
1
2
10
8
1
9
5
9
2
-5
8
9
2
5
-1
0
5
-2
12
16
11
18
6
6
0
-5
-3
-14
-13
-6
-6
-11
-10
-9
-2
0
-1
-5
-14
-14
-21
-20
-16
-11
-9
-19
-25
-17
-18
-16
-14
-3
13
3
1
-5
0
4
-1
-1
7
16
15
8
1
9
22
16
3
10
7
4
2
2
7
17
25
29
38
29
26
29
18
14
10
14
12
2
11
9
4
3
4
8
5
0
2
-3
-4
0
-6
-7
-23
-32
-33
-38
-32
-23
-14
-3
-1
-7
-9
-14
-16
-23
-27
-27
-28
-26
-32
-31
-18
-15
-20
-22
-17
-7
3
10
9
12
15
0
-7
-8
-7
11
19
13
13
10
10
7
13
26
30
36
33
24
11
6
13
17
24
23
20
27
14
3
9
7
12
3
-12
-3
2
13
22
11
4
-3
-8
-5
-14
-24
-13
11
12
5
-1
-17
-21
-15
-6
4
-9
-24
-15
-9
-5
-10
-11
2
2
-9
0
-3
-10
-3
-8
3
4
-4
3
-7
-4
-5
-24
-24
-19
-16
-1
9
12
8
0
-4
-11
-13
-14
-11
2
-2
-2
6
4
-5
-8
-7
-1
6
4
10
12
4
-1
-8
1
12
17
16
7
11
6
5
11
3
13
19
16
12
7
8
8
10
2
3
12
11
2
0
5
7
-1
-9
-6
-1
0
0
1
0
1
-2
1
8
-2
-4
-13
-13
0
-2
-5
-5
-6
0
-6
-12
-10
1
1
-4
3
2
-5
-10
-17
-12
-3
3
-6
-1
5
-4
-4
-6
-8
-8
-15
-9
2
-4
-12
-9
3
10
6
-2
3
9
8
6
4
8
1
-2
-1
1
15
22
12
4
-4
-5
-4
-9
0
15
19
5
-12
-10
-2
-3
-6
-2
-1
-1
-7
-6
-7
-7
-3
1
7
11
17
13
10
0
-11
6
16
9
4
0
-1
4
-6
-4
5
-3
-3
-7
-4
-1
-4
2
4
1
6
1
-1
-15
-11
-8
-13
-1
4
3
-1
-6
-9
-10
-7
-9
-12
-3
8
7
-2
3
14
12
12
6
4
0
-1
0
-2
2
6
6
8
7
9
18
15
7
2
8
4
4
12
0
-3
-13
-9
13
3
-5
-5
-2
-3
-12
-8
1
1
-8
-19
-24
-26
-22
-18
-21
-8
3
4
3
-1
-7
-6
-3
-15
-17
-19
-6
5
-5
-4
-2
-4
-1
-5
-2
14
13
21
15
7
5
-7
1
8
9
15
10
25
30
21
28
27
24
22
11
12
9
3
5
-2
6
14
5
0
-8
-9
-4
-3
1
-3
-6
1
-4
-1
-12
-20
-15
-19
-17
-12
-7
3
8
-7
-20
-15
-15
-10
0
1
5
-2
-18
-20
-17
-14
-13
-9
-4
3
4
-10
-12
-11
-10
-7
-6
4
7
1
5
2
-3
-6
-1
17
21
14
13
10
20
17
6
19
16
10
13
2
-4
-1
4
17
25
32
34
12
0
2
1
5
2
0
1
-9
-16
-29
-29
-20
-12
0
2
9
9
-1
0
-1
-1
3
-6
-15
-9
-8
-8
-16
-24
-13
-3
-3
-1
-1
0
-12
-20
-8
3
8
2
-3
-1
2
-2
-8
-11
-2
3
-6
-6
7
10
-1
5
11
10
15
16
17
18
10
13
5
4
10
8
0
-12
-12
-9
-3
2
9
17
12
10
3
-1
2
-6
-7
3
5
5
4
-7
-6
-2
4
-1
-2
4
-4
-5
0
1
-7
-14
-13
-9
1
0
-4
-2
-9
-12
-9
-4
5
5
4
1
1
6
4
6
-4
-8
-10
-13
-11
-6
2
2
1
5
3
-3
-6
-8
-9
-14
-9
-3
-1
3
-1
1
11
4
-10
-4
12
13
12
5
7
9
9
5
4
9
5
3
2
2
9
13
12
17
10
8
3
-10
-14
-10
1
3
-3
-1
-2
5
6
2
10
9
4
-2
-2
3
-2
-7
-9
-7
-4
-9
-14
-15
-13
-11
-3
0
3
10
6
5
-3
-16
-12
-11
-18
-15
-23
-14
-5
-6
0
-1
3
1
-1
-1
-7
2
1
-7
6
12
10
12
5
7
6
10
14
9
16
13
8
10
12
14
8
5
10
5
-2
-1
5
12
6
-11
-16
-10
-9
2
8
8
14
6
-1
2
4
9
12
8
4
-6
-15
-17
-8
1
-2
-5
-8
-14
-11
-20
-21
-18
-10
-3
-9
-10
-7
-2
-6
-13
-8
2
0
-14
-13
2
12
13
11
12
9
7
-1
-1
12
4
-6
-11
-16
-14
-17
-14
1
1
1
13
26
27
25
13
6
7
-1
-8
-15
-15
-15
-8
9
28
32
26
21
14
8
19
22
9
-6
-8
-11
-21
-12
-12
-3
-3
-11
-6
4
17
19
18
13
-2
-12
-20
-24
-9
15
26
14
0
-11
-12
-15
-25
-16
-2
4
-5
-19
-16
-11
-10
-16
-17
-10
-11
-18
-22
-16
-14
-7
-2
-6
-1
0
7
16
15
17
7
7
9
11
19
11
7
6
11
17
14
11
3
-2
-10
-9
-5
4
21
25
27
22
15
11
6
10
14
5
7
10
2
-4
-15
-6
7
3
4
0
2
11
5
0
-9
-12
-12
-20
-13
-13
-12
-4
-14
-12
-8
-15
-20
-26
-28
-16
-6
-11
-16
-17
-10
-9
-17
-6
-5
-5
-1
-6
-2
10
9
6
15
16
3
-3
2
-4
4
8
6
12
1
8
12
12
19
15
8
4
2
16
21
12
23
29
23
13
1
12
9
4
12
9
10
2
-6
-5
-17
-15
-10
-13
-10
-5
-4
1
5
3
-9
-16
-12
-20
-21
-25
-28
-21
-12
-5
-1
8
5
-3
-7
-1
4
-6
-12
-8
-2
-3
-2
3
8
14
4
-9
5
7
-3
-2
-6
1
3
-6
-5
-1
5
11
10
19
27
25
18
16
18
13
19
20
25
21
6
11
8
11
2
-3
2
-4
-9
-18
-11
-10
-20
-23
-20
-12
-12
-11
-9
-12
-16
-18
-21
-16
-7
-7
-15
-16
-5
-5
-10
-7
-1
-2
-5
-8
-4
3
8
5
-4
2
2
-6
-5
-8
-3
-5
-1
14
6
8
7
7
15
16
19
20
22
25
10
0
1
5
8
1
5
5
1
3
0
10
14
11
17
7
10
5
-11
-13
-14
2
10
9
14
18
6
3
-3
-6
2
0
4
2
2
-4
-19
-14
-9
-3
0
2
-1
-7
-14
-23
-26
-26
-26
-23
-20
-27
-23
-21
-14
-5
-4
5
4
-1
3
-8
-7
5
1
9
8
1
2
-1
2
0
-5
-7
0
15
18
8
14
11
3
7
6
8
4
-2
5
15
15
15
13
19
25
19
19
15
21
26
21
20
19
18
13
1
-12
-9
-4
-7
-9
-4
1
-12
-15
-19
-32
-26
-24
-27
-21
-17
-15
-14
-15
-13
-22
-21
-13
-11
0
9
11
2
-9
0
0
-6
4
3
5
5
2
9
12
17
12
3
4
0
-4
1
7
11
15
6
0
-2
-7
0
3
1
-2
-1
-4
-12
-10
-9
-11
-7
-2
0
-7
-22
-23
-5
8
16
4
2
15
2
1
3
5
19
12
12
12
7
14
20
28
28
25
28
21
14
2
-2
11
17
11
9
6
5
11
2
-2
-2
1
-3
-24
-29
-21
-18
-26
-29
-23
-18
-18
-15
-4
-5
-3
-7
-24
-30
-39
-38
-37
-26
-14
-14
-14
-21
-13
-4
-2
2
-2
-1
-9
-14
-14
-10
3
6
15
20
20
23
15
18
31
30
16
12
22
34
39
34
33
42
34
23
29
21
21
14
4
6
9
14
3
-4
-14
-24
-18
-9
-2
-3
-7
-5
-4
-15
-24
-16
-9
-26
-24
-21
-16
-13
-16
-8
-10
-13
-16
-23
-9
6
13
9
-12
-13
-18
-19
-9
-9
-8
-3
-4
-1
0
5
14
8
12
10
5
3
-4
-9
-4
0
-1
7
13
18
10
5
9
9
5
-9
-16
-5
6
5
7
6
9
7
3
4
5
11
13
6
-2
5
4
-7
-3
4
13
9
3
5
5
13
14
12
13
15
1
-9
-12
-15
-3
5
1
-2
-7
-11
-4
-14
-4
10
9
15
14
18
4
-12
-11
-13
-13
-10
-19
-23
-23
-18
-15
-19
-17
-14
-10
-14
-6
0
-11
-13
-12
-14
-14
-9
-6
-1
2
7
14
12
9
17
19
21
20
17
19
10
8
13
20
20
15
20
27
20
6
4
1
4
0
-6
-4
-3
-4
-10
-8
-5
-8
-2
-4
-6
-3
-6
-10
-18
-17
-13
-6
-8
-6
-2
5
4
-5
5
2
3
8
-2
-5
-8
-8
-3
2
7
8
6
11
7
-1
-6
-6
5
7
0
-5
-8
-2
-1
-1
3
0
0
-5
-6
-5
-3
-3
-6
1
-1
1
-4
-9
-6
4
5
-2
-3
0
5
-1
-12
-11
-2
2
12
23
20
16
11
18
13
0
-8
-9
-8
-6
7
17
19
8
-2
6
6
13
15
9
7
-3
-2
-10
-16
-5
-4
-6
-5
-6
-5
2
2
0
1
-2
-10
-18
-17
-4
3
-2
-14
-13
-13
-15
-14
-8
-9
-13
-3
-4
-11
-13
-11
-5
-7
-14
-12
0
3
4
5
8
11
11
11
7
7
11
18
17
10
19
20
3
0
-1
4
11
20
26
21
19
10
4
-5
-5
7
2
-4
0
4
9
7
1
-3
-3
-1
0
-3
-12
-15
-11
-8
-7
5
4
0
9
3
-11
-16
-16
-6
-3
2
1
-9
-11
-22
-20
-3
-8
-4
-10
-12
-6
-25
-19
-17
-15
-1
-7
-7
-4
-7
-5
-10
-3
13
13
8
-10
-14
0
0
-1
8
19
34
34
17
20
15
15
23
17
22
25
20
19
9
10
7
3
11
10
5
1
5
14
8
6
9
9
8
-7
-18
-13
-11
-9
-6
-11
-5
-1
-11
-24
-35
-27
-24
-18
-7
-6
-7
-11
-11
-9
-9
-18
-22
-26
-25
-16
-15
-4
0
2
7
15
24
11
-3
-11
-18
-9
-10
-8
4
2
1
-4
3
19
30
26
22
16
8
2
0
2
10
11
5
7
16
14
13
18
14
16
17
10
7
0
-11
-7
-6
0
3
-1
-3
0
12
5
-3
2
3
2
4
-3
-5
-8
-14
-8
-7
-5
-4
-4
4
6
4
5
-5
-10
-21
-16
-10
-11
0
1
0
-7
-11
-9
-8
-5
-13
-18
-19
-19
-14
-7
6
12
16
21
17
14
7
-2
4
6
7
-2
0
9
7
4
2
7
11
12
9
2
-3
-2
-5
-10
-15
-4
0
3
5
7
7
-2
5
10
13
16
2
-7
-12
-8
-2
-7
-3
-2
-9
-13
-12
-13
-9
-5
1
1
-16
-22
-26
-20
-15
-14
4
15
20
10
0
5
4
-7
-3
1
7
9
-1
7
8
7
15
10
12
12
0
4
6
1
4
2
8
7
9
20
21
21
28
23
19
20
5
-8
-15
-22
-13
-3
2
14
21
25
8
-4
-3
-3
2
-5
-9
-9
-13
-23
-21
-24
-26
-21
-27
-24
-20
-16
-18
-17
-18
-27
-21
-16
-15
-6
-7
1
4
-8
8
11
7
4
-2
12
11
2
-3
-6
-1
5
-2
12
17
10
0
4
13
6
1
-5
-4
7
1
1
13
20
25
16
16
26
24
20
19
14
6
-1
-6
2
12
16
21
17
21
23
3
-5
0
6
5
-9
-1
-7
-11
-11
-14
-10
-11
-11
-17
-18
-12
-8
-8
-11
-19
-13
-10
-17
-12
-5
-6
-14
-24
-23
-11
-17
-25
-26
-25
-18
-17
-16
-4
2
6
3
6
-6
-8
-3
-5
3
8
11
15
18
21
23
16
14
15
22
21
13
17
27
29
17
21
23
21
32
30
18
17
9
10
6
3
4
2
-1
-7
-1
3
3
3
2
-7
-13
-12
-5
-1
0
-5
-17
-21
-31
-32
-30
-33
-30
-21
-15
-17
-16
-20
-27
-21
-24
-22
-16
-19
-18
-21
-6
3
-4
-1
-3
-4
1
8
7
-2
-2
-6
-5
3
11
14
11
12
8
11
20
25
28
28
22
12
2
1
4
3
9
18
23
27
29
36
31
29
25
16
20
18
16
9
8
15
11
6
2
-1
-2
-2
6
3
-2
-1
0
4
-5
-9
-13
-26
-23
-28
-37
-34
-34
-32
-25
-20
-19
-14
-20
-22
-24
-26
-14
-15
-9
-13
-12
-14
-23
-17
-18
-20
-10
-11
-10
0
-2
-1
-2
-1
6
4
8
6
7
17
12
13
24
24
23
14
9
13
12
20
26
26
25
17
10
18
19
21
18
9
13
13
7
4
8
13
4
0
-3
-4
-5
-9
-10
2
5
9
3
-4
1
0
7
3
5
12
-1
-9
-2
-4
0
-11
-32
-31
-27
-27
-28
-31
-10
-1
-15
-13
-14
-11
-14
-23
-8
6
3
-11
-19
-18
-7
-9
-13
-4
4
7
1
-2
8
13
18
18
14
24
23
20
18
8
14
21
18
23
18
11
8
1
7
6
11
15
9
13
9
4
-4
-12
-7
-4
1
9
7
3
3
4
-1
-6
-4
6
-3
-12
-8
-9
-9
-18
-16
-15
-17
-18
-25
-22
-22
-35
-39
-30
-16
-14
-16
-11
-13
-11
-14
-16
-13
-8
5
4
-4
-10
-7
9
24
31
32
27
26
21
9
13
14
15
17
10
16
19
14
8
11
28
36
32
26
16
7
-2
5
14
14
15
14
4
2
4
3
8
11
12
5
2
-2
-10
-4
-12
-17
-5
-9
-16
-22
-24
-8
-10
-19
-22
-19
-10
-7
-10
-11
-11
-12
-17
-26
-33
-25
-16
-28
-31
-24
-15
-10
-21
-22
-1
6
-13
-17
-13
-4
7
-1
3
5
0
2
-6
-2
8
14
25
27
30
28
24
20
12
8
12
21
23
19
17
17
6
-3
4
20
28
21
20
21
18
8
5
11
21
24
9
3
-6
-8
-5
-15
-10
-5
-1
-3
-12
-12
-18
-22
-17
-10
3
2
-10
-13
-22
-17
-8
-10
1
4
-7
-17
-20
-14
-7
-8
-2
0
0
-3
-8
-7
-2
3
5
9
10
1
-12
-14
-16
-7
0
12
10
-2
-2
-9
-3
5
0
-2
8
10
5
9
13
14
3
-10
-15
-20
-9
2
-7
-3
-1
6
13
6
9
12
10
9
5
7
8
5
2
-4
5
13
10
16
15
10
5
-3
-1
-3
-2
5
11
11
-7
-18
-23
-18
-7
3
8
7
0
-4
-11
-12
-9
-7
6
5
1
1
2
-1
-6
3
9
11
3
-2
-7
-15
-16
-22
-22
-30
-24
-15
-3
10
9
7
3
-3
-5
-5
-5
5
7
7
8
8
13
8
7
11
18
17
10
9
18
23
17
5
-3
0
4
3
5
16
22
13
0
-5
-6
-9
-12
0
7
5
2
-5
-5
-7
-11
-8
-5
-8
-12
-18
-7
-8
-9
-5
-9
-9
-12
-10
-8
-5
-2
-6
-13
-16
-11
-13
-13
-14
-9
-2
-4
-7
-10
-8
0
11
10
8
1
-5
-5
4
10
16
25
17
17
16
15
18
8
7
9
4
6
9
8
9
13
15
12
5
3
2
-2
-6
-3
-2
1
1
3
3
-4
8
-5
-23
-14
-5
29
7
-6
-10
-9
6
-25
-8
-10
15
4
4
-3
-46
-8
-20
68
44
-9
-51
-73
-14
-25
24
57
101
37
-67
-97
-51
-45
-45
47
162
113
-19
-56
-4
0
-73
-62
3
-70
-86
121
373
339
-182
-514
-565
-2
329
510
261
-107
-196
-126
-10
-259
-235
141
416
272
-220
-277
-188
-16
85
371
649
144
-722
-1127
-536
563
1257
1114
216
-921
-1386
-870
518
1230
605
-298
-653
-14
338
94
-262
-484
193
492
586
-315
-1191
-985
657
2348
2072
-589
-3028
-3276
-285
2597
3108
730
-1681
-1846
-495
473
-65
-209
647
1763
1011
-587
-1933
-1448
-434
951
1863
2004
464
-2122
-3340
-1766
1446
3133
2142
-107
-1072
-688
-276
-1093
-1375
-358
1822
2528
931
-1292
-2174
-527
1192
1476
-29
-1934
-1858
-255
1839
2027
386
-975
-960
60
330
-719
-700
702
2770
2330
-1097
-4046
-4316
-721
2600
3193
1197
-1386
-1736
-824
831
2227
2585
2502
983
-463
-2377
-3716
-3994
-2427
800
3098
2855
50
-2802
-3182
-1322
1993
3803
4327
3133
1298
-623
-2686
-3015
-2756
-906
161
293
-451
-1349
-641
680
2336
2257
858
-534
-769
115
966
908
515
-180
-913
-1662
-1967
-1001
171
1778
2296
1909
39
-1913
-1977
-261
2183
2217
389
-1860
-2235
-1040
-112
703
306
771
965
1220
463
-635
-488
-320
594
296
445
539
550
-17
-314
62
-87
-168
-396
9
45
146
-637
-1485
-1520
-1640
-343
252
1163
704
-281
-1383
-2571
-1126
-20
1232
751
16
-539
-602
-382
-1024
-1415
-1463
-900
-413
-266
-564
-108
572
657
713
501
191
-380
172
962
1447
1286
307
-624
-2244
-2974
-2894
-922
2488
7743
11851
10930
6429
2190
1093
1508
2442
2066
1451
218
-1879
-5372
-9528
-11893
-10250
-4061
1857
4581
3922
1991
602
1257
3035
3052
566
-3123
-5076
-4940
-3662
-2583
-1512
-239
350
-126
-1896
-4693
-5703
-3698
151
2371
1159
-2193
-6176
-5716
-1785
2154
1583
-1290
-2352
-1827
-208
578
2195
4210
4555
2959
-1022
-3089
1317
13615
24232
22989
13062
2546
-2272
-2628
-167
1688
2948
2504
-356
-6393
-15027
-21289
-18707
-5668
8198
15429
12926
4556
-2879
-2756
2879
6419
4010
-3015
-8651
-9620
-6892
-3918
-1733
-302
465
43
-3182
-8738
-11518
-8249
-1471
4152
3967
-2451
-10714
-12728
-6291
3287
8868
7386
2537
-1574
-2194
612
5382
9273
10233
9073
6169
2216
-1738
-3221
-1135
2900
5480
3644
-1441
-6268
-7413
-4170
985
5034
6237
5497
3802
1958
785
586
2243
4247
5249
3214
-387
-3573
-4645
-3461
-1917
-768
-880
-847
-907
-900
-1523
-2488
-2710
-2009
-1033
-1094
-1893
-2797
-2313
-602
943
1178
469
162
540
1538
2148
1657
506
-830
-1376
-1751
-2028
-2611
-3038
-2974
-2555
-2266
-2700
-3009
-2499
-386
1720
2881
2537
1874
2097
3896
7117
9293
9202
7069
4494
2307
504
-818
-1872
-2604
-3282
-4189
-5568
-7443
-8804
-7718
-4073
77
2612
3206
2729
1911
1798
1855
1326
-372
-2640
-4115
-4685
-4553
-4131
-2757
-832
-87
-891
-2706
-4143
-4228
-3183
-1399
-212
-386
-1765
-2958
-2418
-1367
-518
-22
1387
4982
11027
18069
22183
21459
16970
11894
8165
5651
4126
3509
3489
2335
-1691
-8357
-15440
-18441
-15102
-6513
2317
7951
8897
6909
4232
2513
1613
51
-2390
-5732
-8148
-9365
-9267
-8179
-6019
-3634
-2300
-3301
-6578
-10124
-11191
-8573
-4751
-2397
-3440
-6559
-9445
-10080
-7111
-2312
1946
3130
2030
664
473
2722
6227
9908
11534
10830
7834
4173
1476
1032
1996
2395
838
-1988
-1951
19
4514
10669
17597
20232
16775
12490
8865
7917
8378
8520
8239
5027
-703
-10097
-17970
-21840
-18272
-7353
2655
6496
4123
1029
-2511
-3599
-3777
-4308
-6313
-8919
-10262
-9915
-7658
-6035
-3722
-925
593
-361
-3138
-6138
-6456
-2668
1807
2198
-1504
-6898
-10832
-10768
-6684
-1132
1718
870
-1275
-1313
870
3591
6937
10281
12109
11018
8336
5544
4170
4711
6469
7725
7413
5998
4863
6021
8364
10076
9463
7411
5008
3236
1951
-22
-2247
-3432
-4075
-5244
-8197
-10785
-10990
-6630
-835
2426
1796
-1383
-3617
-4332
-3468
-3767
-5449
-8134
-9640
-8581
-6130
-4220
-3767
-3416
-2250
-863
-1019
-2766
-3816
-2245
813
2772
1986
-933
-3597
-4324
-2709
19
2084
1977
320
-1325
-1393
-203
1999
3914
4571
4748
5884
13237
24437
31233
26924
16538
9075
5988
6004
4834
1991
374
-625
-3509
-12775
-24639
-31240
-24316
-7631
6199
11918
9493
3651
-1830
-1943
43
-795
-5916
-11681
-13484
-11657
-9305
-8206
-5660
-1631
1808
1136
-3669
-9218
-9874
-4243
2433
5482
2197
-5363
-12053
-11902
-4742
3462
7756
7206
4732
2809
2623
4536
8221
11131
11165
8510
4883
1730
795
2748
6352
9664
11175
12024
12605
12198
10097
8530
8247
8072
6616
3443
-673
-4202
-6756
-8650
-11377
-13702
-14530
-11244
-5234
363
3593
3110
568
-2844
-4507
-5278
-6533
-8983
-11742
-12872
-12249
-10743
-8969
-6805
-4051
-1188
829
613
-1054
-1697
465
3739
5467
3553
-874
-5257
-6672
-4548
-1138
1009
755
164
486
1293
2115
3429
4877
5900
6562
7376
7562
11465
20342
28462
27771
18812
10305
6060
5843
4953
2750
1139
277
-1377
-7915
-18530
-27723
-26360
-13330
754
9064
8917
4120
-2079
-4548
-3704
-3299
-5655
-10083
-11829
-10158
-8013
-7711
-6583
-3678
-114
1644
-659
-6755
-10652
-7992
-1127
3944
3176
-2724
-9760
-12152
-8253
-915
4403
5371
4824
4737
5291
5924
7736
10656
12343
12428
9474
4926
224
-1611
98
4110
12244
20361
22988
16185
6906
2617
4016
7724
8711
7284
4321
457
-5311
-13891
-22050
-24734
-17121
-4955
3860
6018
3727
47
-3582
-4059
-3336
-3978
-7920
-12713
-14867
-13672
-11226
-8594
-5625
-2369
-654
-1252
-3954
-7264
-6730
-2424
3323
6094
3780
-2352
-8305
-8464
-3166
3426
6387
5164
2392
249
403
2439
5595
7439
7516
6179
3831
1665
937
3840
8825
16112
24400
28744
25176
15369
8301
6522
8334
8928
6315
2433
-2631
-8619
-16800
-24829
-27744
-22180
-10203
-837
2766
2779
2370
2160
2747
3305
1251
-3799
-9726
-13256
-13957
-12913
-11203
-8061
-4287
-2160
-3361
-6636
-9365
-7907
-2615
2136
3825
1951
-1987
-6713
-8790
-5998
-937
2937
3503
3006
3056
3512
4968
7633
10372
11742
11795
9182
3405
-1663
-1514
2848
7505
11613
15046
16943
15123
11256
7808
7180
8507
11356
12797
10316
3435
-5133
-13742
-21475
-23024
-17028
-8147
-3219
-2510
-2463
-1954
-517
708
1535
929
-2691
-7077
-10556
-11550
-11384
-9418
-6159
-3232
-2332
-4276
-7995
-10247
-7245
-699
4745
5448
2264
-1951
-5260
-5201
-1581
2979
4937
3072
807
-818
-926
258
2331
4501
5346
4921
3229
1356
536
2081
5807
9747
11513
12604
14719
16678
16841
15731
14162
12214
9847
6932
3048
-1264
-5183
-9051
-13440
-17894
-20855
-18728
-12476
-5031
1066
4653
5854
4117
1389
-1625
-4138
-6446
-9059
-10466
-10666
-10025
-9398
-7914
-5554
-3029
-849
-565
-1970
-3385
-2554
669
2834
2119
-2003
-5929
-6887
-4612
-518
1454
1462
381
878
2355
3656
4573
5371
6972
7735
6942
4252
1809
2060
5152
8888
11813
15385
18871
19519
16695
12942
11014
10286
9462
6506
1908
-3157
-7972
-12675
-18142
-22253
-21863
-15271
-6566
120
3583
4637
3954
3023
2095
347
-3698
-8799
-12133
-12181
-10621
-10090
-9814
-8983
-6680
-4372
-2913
-3172
-4390
-3907
-895
2907
3532
165
-4618
-7207
-5702
-1965
948
1359
142
-295
381
2014
3474
4812
6337
7459
8037
6766
4853
3924
5123
8038
10863
14547
17672
19174
17826
15010
13368
11917
10058
6406
2969
35
-3072
-6999
-13176
-19226
-21824
-17778
-10713
-4497
-625
1372
2590
2718
2658
1444
-646
-4588
-8390
-10372
-10565
-9817
-8476
-6063
-4556
-4172
-5281
-7123
-8730
-8595
-5824
-1993
1091
907
-1978
-5316
-6204
-3443
902
3812
3550
2019
576
657
2450
4907
6166
5676
4713
4210
4140
3715
3306
4580
7578
10798
14376
17585
18933
17383
15085
13406
11475
8987
5381
2018
-560
-2626
-5581
-10888
-16779
-20636
-18192
-11533
-4287
828
3672
4302
2941
1761
92
-2418
-6463
-9682
-10602
-9338
-7952
-7615
-7155
-6420
-4957
-3821
-3872
-5178
-5481
-3171
88
1810
303
-3327
-6417
-6434
-3469
117
1538
237
-1342
-896
1390
3867
5259
5380
5337
5910
6926
7071
6507
6281
6975
8642
9508
11153
13795
16290
16013
12771
9669
6879
5311
3343
1391
-637
-2717
-5174
-10153
-15575
-18695
-15458
-8513
-1543
3210
5443
5511
3141
786
-1494
-4071
-7831
-10915
-12241
-12496
-12401
-11911
-10109
-7273
-3623
-1310
-1199
-2314
-1943
687
3720
5251
4126
1022
-2902
-5310
-4778
-2538
-1053
-1772
-3052
-3470
-2550
-483
2243
5361
7786
9421
9995
9921
9462
8848
8393
8032
7415
8367
11737
14951
14447
10835
7105
4815
4538
4795
3849
1582
-1257
-4301
-8641
-13857
-18091
-17331
-11147
-3838
1677
4080
3506
967
412
1511
861
-3263
-8741
-12394
-13197
-12435
-11197
-9043
-6683
-4768
-3901
-4093
-5522
-5089
-1061
4270
7579
6550
2293
-2936
-5580
-4817
-2520
-1158
-2168
-3629
-4069
-2905
-581
2915
6577
9017
10052
9495
8356
6808
6387
6759
7750
7664
7288
9623
12570
13732
11478
9420
7882
7029
6795
5308
3059
-786
-4255
-7498
-11114
-14251
-15088
-10839
-5355
-368
3036
4303
3639
1669
423
-2215
-6071
-10722
-13807
-14088
-12490
-10051
-7612
-4942
-2650
-785
-6
-654
-1166
-71
1711
2483
1588
-1362
-5973
-9517
-9535
-6811
-4160
-3347
-3778
-3742
-1858
1428
5254
8238
9887
10441
10558
10068
8839
6931
5073
4184
4602
5264
7005
10553
13282
13072
10251
7862
6549
6627
6760
5687
4016
1734
-1030
-5859
-12025
-16680
-15986
-9416
-1568
4568
6380
4900
1438
-1155
-2853
-5166
-8416
-11770
-12716
-11848
-10218
-9009
-7304
-4931
-2218
-231
-199
-1704
-2416
-968
1843
3622
2134
-2797
-8557
-11119
-9565
-5897
-3550
-3307
-3393
-2480
-725
1049
3210
5560
8448
11035
12407
11265
7963
4908
4072
5968
8517
11825
14581
14422
11031
6950
5743
6123
6930
6594
5161
3318
233
-3143
-8319
-12934
-14913
-11767
-5290
422
4013
4380
2618
-346
-2140
-2476
-3767
-6960
-10964
-12720
-11541
-8818
-6169
-4267
-2494
-1095
-785
-2122
-3909
-3818
-1700
480
1360
-660
-4847
-9777
-11203
-8288
-3658
-556
-664
-1150
-1055
150
2293
4982
7880
9438
10344
9638
7579
4997
3250
3906
6060
8440
10378
12480
13330
11820
9551
8509
8522
8908
8139
5445
2046
-1015
-3973
-7517
-11265
-13893
-13422
-8923
-3365
1174
3098
2305
-214
-2207
-2993
-4514
-7019
-10180
-11639
-10341
-7672
-5923
-5502
-4814
-3518
-2171
-1490
-2304
-2850
-2291
-1233
-626
-1713
-3934
-7133
-8528
-7344
-4751
-1724
-459
-76
-98
1171
3968
7085
9593
9792
9082
8570
8340
7669
5783
4307
3930
5364
7453
10657
13131
13039
11253
10377
11118
10685
8945
5447
2187
-360
-2470
-5187
-9953
-14773
-16511
-12264
-5582
-579
1896
1801
856
-331
-497
-1871
-4990
-8967
-11954
-11962
-10591
-9322
-8580
-7409
-5522
-3716
-2588
-2742
-3275
-1908
142
1659
1273
-1441
-5423
-8946
-8740
-5897
-2503
-1197
-1813
-1915
-913
1897
5273
7745
8698
8831
9829
10292
9829
7880
5846
5608
6646
8693
11491
14472
15324
12781
9680
8243
8286
7852
5278
3105
1960
821
-2455
-8906
-14941
-17286
-12648
-5323
-305
1480
775
463
-405
-1044
-2893
-5767
-9142
-12351
-12810
-11406
-9297
-7654
-6058
-4184
-3097
-2919
-4062
-5019
-3580
-851
1512
1566
-1055
-5215
-8726
-8287
-5676
-2392
-964
-1452
-1828
-1246
1293
4135
6847
8217
8583
9099
9278
9065
8025
6919
6998
8246
9856
11741
13673
13652
11114
9046
8637
8606
8083
6109
2925
-13
-1902
-3696
-7483
-11760
-14119
-11337
-5758
-1450
844
1150
622
-582
-685
-1587
-4554
-9015
-12721
-13523
-11630
-9032
-7059
-5781
-4710
-3738
-2511
-1946
-2730
-2526
-1056
545
469
-1198
-4282
-7653
-8375
-6401
-3291
-1694
-1718
-1975
-953
1622
4927
7808
8513
7870
7652
8567
9464
9669
8547
6204
4473
4383
6486
10556
13792
13766
10950
8534
7122
6436
5544
3530
1979
1682
1041
-2789
-9440
-15145
-15893
-10432
-3465
1258
2498
934
-1624
-3215
-3405
-5031
-8013
-11095
-11944
-10096
-7382
-5975
-5511
-4452
-2226
-135
333
-1310
-2820
-1845
137
1366
137
-3252
-7523
-9934
-9111
-6413
-3464
-1914
-1202
-304
1288
3374
5823
8008
9218
9916
10308
9802
8148
6466
5528
5978
6717
8150
10795
12625
11591
8686
7586
7994
8591
8366
6206
3154
-205
-2727
-6075
-10100
-13586
-13787
-9366
-4147
-89
1620
1646
-452
-2339
-2821
-3705
-6060
-9584
-11765
-11413
-9368
-7777
-6950
-5689
-3835
-2159
-1492
-2568
-3393
-2498
-809
199
-656
-2922
-6481
-8522
-8097
-5811
-2996
-987
519
1171
1675
2339
4558
7525
9354
10003
9683
9014
7969
7180
6427
5936
6300
7491
10751
13854
14329
11547
8943
8426
8168
7821
5394
2232
-648
-2450
-4568
-8508
-12316
-13951
-10351
-4227
321
1651
702
-858
-2214
-2091
-2887
-5644
-9534
-12126
-12130
-10123
-7936
-6546
-4987
-3061
-1837
-1827
-2636
-3588
-2662
-809
111
-950
-3643
-6815
-8966
-7955
-5025
-2181
-884
-1249
-1322
105
3096
6395
9189
10081
9590
8782
8035
7342
6331
5937
5345
5765
6501
8097
10600
12243
12242
10016
9000
8769
8691
7085
3687
935
-1026
-2328
-5862
-10823
-14337
-14083
-9087
-3541
147
799
256
-538
-895
-1389
-3549
-7085
-10011
-10749
-9804
-8518
-8264
-7907
-6505
-4109
-2684
-2603
-3322
-3333
-1486
507
1274
-323
-3214
-6140
-7159
-5360
-2614
-595
-517
-921
-398
1216
3201
5213
6855
7799
8077
8190
7946
7415
6904
6956
7683
8655
11252
14632
15522
12307
8637
8056
8891
8979
6838
2866
-930
-2919
-3631
-6445
-11264
-14930
-13086
-6662
-789
1735
1313
-182
-1403
-858
-559
-3693
-9019
-12948
-12916
-10570
-8718
-8328
-8102
-6146
-4009
-2574
-2885
-4211
-4445
-2506
366
1346
-65
-3782
-7245
-7593
-4909
-1669
-538
-1156
-2046
-1452
684
3127
5828
7764
8534
8221
7620
7426
7703
8544
9111
9443
10154
12208
15003
15350
11928
7946
7160
8603
8304
5189
789
-1969
-3123
-4250
-7323
-11866
-14035
-11081
-4409
608
2273
1531
283
-534
-631
-1022
-3685
-8170
-12498
-13445
-11341
-9287
-8724
-8106
-6205
-3936
-2465
-2568
-3572
-3006
-486
1927
1944
-789
-4653
-7113
-6486
-3901
-1534
-1314
-2506
-2725
-1182
1176
3188
5153
6395
6970
7518
8299
9062
9040
8608
7815
7298
7264
9162
12804
14878
13187
9374
7064
6565
6337
4870
2136
-240
-1588
-2591
-5198
-9446
-12867
-12226
-7639
-2717
610
1778
1212
-516
-1547
-2123
-4226
-7996
-11650
-12527
-10543
-8124
-6886
-6281
-5135
-3792
-2982
-2896
-3534
-3031
-1107
1205
1759
240
-2806
-5799
-6668
-5400
-2867
-1227
-1154
-1724
-1337
469
2420
4744
6384
7637
8229
8557
8839
8770
9159
8781
8753
8396
9579
12309
14221
13108
9046
6772
6226
6564
5050
2062
-614
-2533
-3420
-5800
-9434
-13242
-13156
-8164
-2463
961
769
-477
-2284
-2786
-2699
-3871
-6788
-10691
-12161
-11209
-8876
-7856
-7069
-5428
-2919
-970
-1251
-3111
-4147
-2196
726
2065
419
-2908
-6112
-6934
-5400
-2734
-649
-330
-821
-793
901
3211
6137
8597
9709
9581
9058
8910
8648
8276
7440
7118
7157
7843
9876
11975
11808
9349
7500
6965
6595
5340
3110
873
-485
-1558
-3480
-7235
-11744
-13912
-11026
-5556
-1163
1000
967
-612
-2391
-3296
-4649
-7183
-10317
-12087
-11226
-9359
-8400
-8040
-6807
-4660
-2351
-1003
-1643
-2897
-2177
303
2184
1756
-774
-4152
-6096
-5629
-3617
-2133
-2077
-2614
-1845
307
2289
4158
6095
7975
9232
10031
10234
9477
8819
8176
8422
8855
8929
9751
11551
12710
10250
7188
5724
5972
5995
4373
1791
-1087
-2586
-4047
-6656
-10199
-12630
-10469
-5445
-927
688
884
326
-1456
-2616
-3622
-5153
-8330
-11160
-11692
-10354
-8813
-8618
-8037
-6195
-3895
-2565
-2766
-3534
-3074
-604
1809
1472
-824
-3472
-5081
-5141
-4224
-2780
-2088
-1524
-1065
118
1616
2961
5145
7311
8919
9225
9007
8327
7406
7091
7141
7831
8349
9104
11498
13818
13248
9611
7058
6717
6670
5864
3377
446
-1832
-3146
-4969
-8444
-11521
-11690
-7420
-1878
1596
2161
518
-2298
-4319
-4503
-4800
-7216
-10698
-12134
-10874
-8485
-7361
-6708
-5666
-3934
-2280
-2059
-3051
-4000
-2584
77
1671
431
-2944
-6232
-7487
-6246
-3529
-1416
-1010
-1305
-939
543
2231
4398
6818
8759
9766
9428
8703
7590
6887
6888
7754
8875
8453
8277
9069
10801
10906
9533
7901
6721
6303
4949
2158
-830
-2445
-3286
-5101
-8320
-11197
-10602
-6367
-1314
1549
1836
150
-1939
-2922
-3823
-5704
-8913
-11912
-13101
-11440
-8655
-6909
-6212
-5121
-3196
-1371
-671
-1490
-1792
-776
1008
1275
-199
-3398
-6305
-6977
-5770
-3403
-2022
-1477
-1923
-1132
949
3384
5831
7265
8300
8696
9297
9231
8599
8083
8036
8893
9275
9638
10560
11360
10431
8136
7036
6976
6468
4589
1510
-965
-1975
-2585
-4807
-8752
-11113
-9773
-5388
-1452
-232
-348
-962
-1400
-2552
-3890
-5967
-8789
-11044
-11697
-10067
-8135
-7195
-6949
-5664
-3294
-2099
-2358
-3072
-2740
-1128
375
548
-1193
-3740
-5698
-5704
-3869
-2112
-1326
-1240
-836
571
2528
3939
4762
5598
6847
7774
8400
8303
7938
7664
7555
7840
8214
9421
11548
13533
13351
10758
8198
6353
4848
3686
2702
1958
304
-1816
-5252
-9058
-11676
-11074
-6725
-2322
151
308
-465
-2456
-4257
-4584
-4981
-7081
-10475
-12246
-11526
-9681
-8448
-7253
-5177
-2995
-1836
-1979
-2902
-3151
-1881
291
1063
-419
-3529
-6415
-7162
-5588
-2703
-908
-988
-1837
-1165
1158
3579
5711
7487
8962
9831
9833
9095
8253
8225
8533
8884
9061
9717
11636
12976
12020
9156
7208
6425
5976
5276
3346
811
-1373
-2663
-5057
-8868
-11915
-11738
-7377
-2467
655
923
-410
-2645
-3914
-3531
-4360
-7269
-11188
-13114
-12498
-10217
-8547
-7917
-6895
-4991
-3079
-2215
-2670
-3070
-1766
533
1751
642
-2073
-5188
-6264
-4403
-1543
214
-495
-1685
-1849
138
2633
4901
6609
7524
8255
8783
9367
9489
9720
9371
9175
9302
10319
12090
13557
12816
10061
7745
6450
5928
5362
3692
873
-1506
-2800
-4964
-8414
-11414
-11279
-7366
-2829
25
119
-1258
-3240
-3624
-3031
-3990
-6998
-10758
-12681
-12488
-10489
-8638
-7626
-6940
-5960
-4149
-3233
-4040
-4854
-3387
-353
1174
458
-2051
-4852
-6072
-4787
-2089
-301
-217
-824
-514
1024
3314
5484
6979
7398
7951
9026
9857
9818
9447
9509
9413
9175
9185
10624
12771
13129
11316
9079
7584
6347
4926
3472
1213
-551
-1814
-3577
-7007
-10531
-11247
-8142
-3874
-1414
-1181
-1221
-1864
-2943
-3996
-5398
-7664
-10504
-11975
-12200
-10826
-9496
-8307
-6972
-5152
-3723
-3255
-3488
-3527
-2225
-31
1100
308
-1964
-4941
-6532
-5770
-3289
-1286
-619
-1146
-1566
-79
2658
5474
7500
8630
9326
9744
10407
10406
9855
9138
8396
8686
8908
9865
10905
11820
11108
9129
7654
6118
5331
4500
3032
1030
-1027
-2331
-5122
-8822
-12222
-11911
-7122
-2113
614
-93
-1772
-3785
-4614
-5297
-7050
-9614
-11681
-12243
-11030
-9445
-8716
-8034
-6736
-4272
-2544
-1895
-3149
-3571
-1730
1012
2457
615
-2874
-6050
-6289
-4207
-1764
-283
-354
-600
-76
1437
3468
5704
7439
8363
9275
10564
10932
10194
9319
9161
9749
10006
10735
11938
12566
11070
8960
8316
7646
5916
3167
583
-1203
-2242
-2935
-5347
-8871
-11408
-10186
-6041
-2780
-1460
-989
-792
-2053
-3885
-5331
-6892
-9149
-11104
-11836
-11590
-10862
-9939
-7943
-5692
-3693
-2913
-2913
-3574
-3578
-1484
869
1583
-379
-2703
-4482
-5032
-4234
-2764
-1062
-672
-630
-228
902
2362
4467
7470
9695
10828
11050
10708
9942
9312
9528
10191
10965
12093
13528
13675
10973
7704
6402
6352
5786
4170
1961
-272
-1783
-2874
-5559
-8912
-11195
-9766
-5966
-2713
-1351
-1099
-1116
-2428
-3537
-4985
-7302
-10391
-11960
-11545
-10658
-10088
-9902
-8797
-6896
-5077
-3908
-3666
-4211
-4168
-2084
436
823
-885
-3020
-4625
-4791
-3431
-1426
-328
-288
-472
171
1701
3383
5790
7961
9393
9889
10520
10586
9328
8442
8433
9407
9965
10590
12118
13399
12904
9798
7574
6922
6814
5852
3275
602
-1653
-2508
-3943
-7185
-10514
-11865
-8708
-4245
-1084
-474
-1224
-2206
-3351
-3917
-5732
-9049
-12722
-14191
-13013
-10716
-9312
-8656
-7573
-5455
-3190
-2017
-2149
-2873
-2063
-299
766
-367
-2999
-5090
-5818
-4461
-2545
-1147
-1230
-1857
-1066
1118
3692
5448
6939
8217
9160
10110
10828
10895
10358
9902
10040
10067
9994
10879
12739
13668
11320
8096
6062
5573
5115
3663
1415
-1072
-2442
-3519
-5800
-9210
-11397
-8922
-3904
-282
-198
-1841
-3612
-4975
-4974
-5214
-6741
-10170
-12758
-13134
-11376
-9845
-8878
-7749
-6366
-4585
-3226
-2739
-3788
-3724
-1495
1240
1732
-925
-4152
-5665
-4601
-2312
-666
-349
-1172
-1128
381
2406
4179
5910
8178
9856
10782
10852
10394
9747
9442
9851
9893
9245
8845
10211
11868
11435
9142
7282
6596
5903
4359
2028
15
-1486
-2258
-4036
-7192
-10454
-10870
-7830
-4106
-1320
-385
-799
-2774
-4583
-5438
-6417
-8595
-11505
-12498
-11530
-10102
-9096
-8049
-6541
-4629
-2869
-1865
-2431
-2980
-2006
-4
1434
481
-1721
-4142
-5447
-5105
-3246
-1403
-879
-875
57
1859
3825
5848
7683
9150
10048
10676
10904
9934
8376
7519
8074
8890
8530
8710
9515
10288
9718
8534
7515
5927
5112
4095
2393
-156
-2566
-3858
-6189
-8861
-10839
-9514
-5772
-2553
-791
-1293
-3167
-5287
-5601
-5121
-6347
-9203
-11851
-12499
-11208
-9195
-7379
-5927
-4545
-3325
-2355
-2115
-2567
-2306
-569
1242
1547
-297
-2986
-5171
-5370
-3571
-1260
1
-493
-930
52
2210
5075
7236
8592
9076
9886
10945
10902
9867
8406
8473
9398
9521
8363
7962
9478
11016
10724
8806
6005
4071
3583
3208
1480
-1015
-3048
-5074
-7436
-9546
-10534
-8696
-5385
-2493
-1419
-1966
-3518
-5227
-5467
-6202
-8049
-10847
-12551
-12321
-10176
-7794
-6708
-6142
-5186
-3724
-2629
-2275
-2659
-2060
-544
610
-131
-2302
-4682
-5761
-4109
-1500
193
-74
-1027
-836
1151
4374
6925
8663
9509
9741
10258
10746
10409
9177
8595
8937
9212
9017
9366
10321
10823
9869
8792
7956
6410
4658
3357
2199
492
-1289
-3441
-6821
-10024
-11151
-8850
-5090
-2674
-1990
-2380
-3342
-4883
-5122
-5165
-6722
-9355
-11470
-11950
-10974
-9099
-7611
-6496
-5474
-4381
-3265
-2630
-3142
-3377
-1849
6
426
-1195
-3610
-5447
-4897
-2582
-683
-159
-495
-188
1178
3289
5705
7877
9356
9827
9897
9803
9416
8818
8333
8059
7774
7357
7094
7717
9451
11154
10942
8890
6822
5895
5438
4337
2250
79
-1769
-3374
-5980
-8832
-10667
-9484
-5904
-2849
-2180
-3294
-4330
-5280
-5521
-5807
-7251
-10094
-12524
-12576
-10311
-7611
-6087
-5313
-4077
-2740
-1989
-2193
-3068
-3420
-2010
62
567
-1211
-3787
-5348
-4873
-3149
-1289
29
308
442
1472
3767
6239
8307
9715
10002
9830
9354
8910
8410
8136
8511
8930
8051
6171
6562
9546
11796
10638
7835
5453
4341
4045
3315
1804
-606
-2711
-4197
-5876
-8442
-10265
-8697
-5267
-2443
-1657
-2688
-5047
-6996
-7010
-6379
-7188
-9883
-11675
-10896
-8332
-6143
-4622
-3911
-3770
-3276
-2330
-1818
-2634
-2967
-1937
-341
-253
-2344
-4703
-5758
-4357
-1776
661
1534
1067
1033
2255
4631
6659
8124
8661
8760
8869
8829
8540
7638
7225
7376
7857
7338
6863
8224
10768
11904
10141
7579
5337
4292
3534
2336
276
-2047
-3841
-5684
-7735
-9530
-9251
-6667
-4008
-2640
-2632
-3259
-4940
-6205
-6585
-6821
-8154
-10546
-11913
-11092
-8087
-5161
-3371
-3092
-3035
-2293
-1266
-1334
-2140
-1961
-955
-587
-1925
-3987
-5514
-5391
-3722
-1646
-135
327
522
1640
4007
6616
8318
9180
9317
9404
9380
9145
8445
7784
7700
7751
7546
6455
6447
8329
10779
10927
8710
6295
4526
3842
3250
2327
646
-1568
-3441
-5478
-7540
-9780
-9727
-7037
-3847
-2276
-3154
-4905
-6865
-7228
-6695
-6557
-8074
-10371
-11114
-9550
-6914
-5353
-4731
-4300
-3337
-2371
-2118
-2942
-3477
-2386
-534
221
-1255
-3553
-4993
-4381
-2416
-160
1423
1816
1892
2616
4373
6406
7885
8832
9012
9312
9474
9399
8297
6968
6546
6866
7027
6056
6115
8072
11019
11599
9315
6222
4459
4310
4241
3295
912
-2112
-4565
-6242
-7670
-9492
-9943
-8335
-5617
-3997
-4208
-5124
-6141
-6378
-6110
-5989
-7704
-10369
-11080
-8749
-5728
-4181
-3875
-3532
-3031
-2673
-2681
-3129
-3285
-2718
-1402
-1084
-2456
-4338
-4947
-4012
-2531
-720
820
1670
2246
3643
5739
7294
8154
8840
9519
9858
9502
8703
7727
7069
7151
7576
7411
5941
5462
7599
10711
11122
8588
5694
4262
4468
4584
2907
-697
-3775
-4791
-4932
-6314
-9137
-10178
-8067
-4899
-3404
-3786
-4851
-6240
-6428
-6031
-6547
-8870
-10832
-10333
-7782
-5221
-4353
-4560
-4646
-3697
-2124
-1272
-2446
-4121
-3846
-1880
-791
-1778
-3378
-4247
-3379
-1357
505
1098
809
1685
3867
6467
7789
8066
8557
9044
9680
9315
8352
6858
6085
6765
7309
6866
5280
5308
7569
10106
10540
8315
6066
4930
5369
5692
3779
283
-3326
-4896
-5929
-7592
-9755
-10610
-8767
-5837
-3551
-3500
-5308
-7262
-7403
-6198
-5718
-6799
-8080
-8106
-6797
-5668
-5482
-5658
-5154
-3475
-1407
-776
-2395
-4018
-3782
-2186
-1144
-1544
-3167
-4568
-4261
-2247
72
1334
1508
2282
4003
5843
6852
7532
8353
9011
10027
10103
9007
6736
5058
4784
4973
5281
4898
5712
8002
10336
10593
8206
6141
5510
6274
6117
3715
459
-2427
-3668
-4875
-6787
-9246
-10431
-8676
-6094
-4512
-4789
-5558
-5956
-5733
-4829
-4993
-6728
-8730
-8796
-6467
-4280
-3552
-4134
-4375
-3836
-3231
-2786
-3250
-3511
-3012
-1650
-1008
-2167
-3910
-4959
-4022
-1858
447
1784
1561
1294
2130
4664
7230
8405
8458
8036
8236
8493
8387
7455
6236
5856
5887
5512
4419
4433
6901
9856
10531
8206
5669
5056
5855
5858
3219
-646
-3190
-3350
-3332
-5567
-9101
-11034
-9785
-6838
-4723
-4224
-5082
-5776
-5265
-4050
-4150
-6663
-9260
-9255
-6288
-3442
-3010
-4469
-5314
-4202
-2050
-1029
-2197
-4081
-4582
-3078
-1471
-1302
-2555
-3614
-3141
-1236
911
1861
1715
2061
4135
6811
8301
8095
7406
7357
7948
8694
8531
7524
5795
4540
4324
4777
5456
5822
6922
8309
9288
8635
6639
5059
4232
4087
3015
843
-1949
-4494
-5714
-6876
-8421
-10170
-10053
-7703
-5451
-4629
-5521
-6437
-6900
-6327
-5182
-4993
-6094
-7275
-6584
-4559
-3030
-2992
-3897
-4342
-3665
-2390
-1900
-2795
-3806
-3590
-2479
-1644
-1707
-2123
-2225
-1409
574
2761
4147
4411
4528
5201
6398
7617
8310
8333
7961
7835
7716
7226
6122
5140
4719
4592
4716
5032
6150
7411
8370
8437
7651
6661
5373
4276
2618
557
-1645
-3728
-5241
-7291
-9344
-11167
-11189
-9443
-7200
-5552
-5411
-5704
-5773
-4970
-4147
-4495
-5721
-6727
-6235
-4985
-4115
-4019
-4351
-4221
-3834
-3173
-3111
-3532
-3839
-3105
-1542
-429
-358
-990
-1298
-718
925
2902
4322
4667
4703
4967
5810
6862
7904
8392
7986
7249
6436
5921
5242
4923
5093
5343
5296
4648
4873
6142
8131
8916
7725
6150
5241
5460
4251
1542
-1883
-4031
-4701
-5705
-7933
-11134
-12010
-9724
-6211
-4395
-5171
-6120
-6490
-5423
-4471
-4053
-4809
-6062
-6155
-5307
-3985
-3848
-4035
-4158
-3388
-2555
-2432
-3402
-4407
-4040
-2290
-605
-504
-1631
-2649
-2085
-200
2477
4428
5213
4849
4416
4925
6096
7507
7991
7803
7140
6578
5917
5004
4407
4590
5257
5455
4847
4880
6356
8612
9758
8822
6853
4830
3593
2498
866
-1343
-3502
-4726
-5926
-7759
-9893
-10690
-9499
-7297
-5017
-3910
-4013
-5116
-5333
-4560
-3627
-3821
-4825
-5507
-5698
-5065
-4139
-3066
-2913
-3163
-3196
-3156
-3583
-4248
-4069
-3059
-1688
-434
70
-259
-810
-95
2017
4299
5416
5323
4694
4370
5058
6142
6796
6435
6012
5845
5483
4868
3929
3737
4077
4825
5505
5725
6616
7475
8453
8216
7057
5703
4007
2821
880
-1230
-3537
-5443
-6443
-8113
-9378
-10292
-9366
-7379
-5530
-4099
-4186
-4374
-4466
-3543
-2822
-3257
-4072
-4628
-4450
-4391
-4118
-3661
-3381
-3329
-3296
-3120
-3425
-3698
-3212
-2081
-1205
-894
-785
-722
-732
-5
1586
3408
4516
4863
4791
4637
5140
6219
6903
6696
6160
6041
5729
4880
3692
3023
3177
3669
4332
4564
5364
6793
8654
8892
7013
4632
3278
3050
2053
-341
-3418
-5607
-6287
-6659
-7818
-9756
-10237
-8024
-4655
-2613
-3142
-4312
-4734
-3592
-2401
-2461
-4022
-5742
-6008
-4817
-3218
-2515
-2990
-3933
-4260
-3717
-2786
-2537
-2526
-2233
-980
251
766
309
-384
287
2021
3895
3999
3146
2332
2873
4673
6334
6876
5959
5105
4735
4736
4451
4145
4182
4466
4747
4897
4882
5234
6472
7986
8296
7087
5605
4213
2485
286
-1773
-3366
-4975
-6329
-7651
-8890
-9846
-9608
-7697
-5647
-3825
-2661
-1898
-2134
-3080
-3460
-3687
-3703
-4222
-4515
-4618
-4629
-4107
-3649
-3217
-3525
-3800
-3728
-3541
-3075
-2367
-997
49
605
794
893
1191
1513
2182
2953
3953
4896
5487
5676
5545
5684
6017
6258
6018
5409
4871
4370
3957
3737
3881
4097
4004
4038
5195
7194
8342
7480
5519
3936
2983
1767
-466
-3461
-5666
-6163
-5817
-6653
-8981
-10456
-9281
-6200
-3859
-3307
-3774
-3963
-3376
-2642
-2539
-3477
-4606
-5190
-5118
-4793
-4505
-4094
-3632
-3011
-2682
-2700
-3109
-3278
-2533
-1165
317
876
835
519
806
1765
2796
3546
3722
4113
4560
5162
5332
5358
5722
6250
6683
5936
4421
2749
2372
3551
4904
5413
4656
4414
5352
7193
8226
7419
5686
3938
3069
1935
-87
-2928
-5402
-6633
-7124
-7605
-8673
-9494
-8888
-6568
-3708
-1902
-1746
-2613
-3370
-3337
-2592
-2207
-2777
-4375
-5447
-5422
-4566
-3903
-4063
-4267
-4208
-3241
-2519
-2126
-2176
-1856
-724
647
1593
1151
411
371
1579
3111
3881
3949
3712
3882
4419
4952
5092
4894
4905
4991
4612
3777
3163
3328
3978
4455
4552
4441
4748
5847
7078
7455
6415
4798
3314
1802
69
-2127
-4101
-5397
-5770
-5662
-6323
-7282
-7698
-6483
-4444
-2748
-1794
-1858
-1928
-2018
-1726
-1927
-2708
-3697
-4558
-4718
-4568
-3915
-3654
-3512
-3506
-3061
-2504
-2290
-2172
-1650
-453
532
1072
948
564
473
1045
1962
2407
2320
2190
2554
3215
3416
3419
3598
4015
4299
4074
3614
2775
2549
3049
4223
5034
4992
5257
6147
7265
6850
5395
3443
1834
791
-45
-1121
-2999
-4857
-5952
-6331
-6565
-7031
-6395
-4744
-2843
-1447
-706
-648
-1664
-2412
-2554
-2165
-2186
-2878
-3746
-4335
-4270
-3933
-3397
-3221
-3356
-3252
-2485
-1859
-1621
-1377
-910
-298
236
556
441
714
1313
2043
2675
3045
3347
3625
4024
4031
4062
4250
4326
4446
4027
3070
2074
2336
3404
4280
4655
4361
4488
5402
6623
6603
5351
3764
2456
1601
35
-2330
-4568
-5395
-5287
-5332
-5925
-6990
-7179
-6067
-4020
-2299
-1501
-1383
-1994
-2571
-2951
-2739
-2556
-2950
-3661
-3936
-3546
-3315
-3401
-3499
-3435
-3135
-2598
-2104
-1971
-1847
-822
566
1499
1357
839
763
1228
2075
2834
3432
3498
3304
3439
3771
4021
4112
4438
4511
4098
3382
2761
2700
3097
3892
4496
4692
4268
3954
4513
5252
5167
4189
3062
1863
307
-1341
-3090
-4321
-5109
-5309
-5377
-5503
-5638
-5473
-4493
-3424
-2635
-1828
-1160
-1164
-1853
-2147
-2204
-2697
-3636
-4445
-4460
-4139
-3834
-3670
-3449
-3215
-2909
-2165
-1386
-1040
-670
-136
314
305
597
1406
2098
2194
1823
1831
2423
3223
3854
3976
3988
3983
4331
4536
4193
3574
3174
3144
3312
3866
4412
4431
3917
3973
5023
5958
5013
2731
976
561
524
-350
-2011
-4016
-4836
-4402
-3977
-4823
-6332
-6319
-4742
-2756
-1970
-1950
-2267
-2804
-2745
-2070
-1534
-2691
-4103
-4428
-3516
-2732
-2816
-3161
-3506
-3218
-2528
-1725
-1663
-1970
-1563
-283
758
744
442
543
1320
2417
3438
3518
2846
2433
3005
3824
3837
3392
3208
3592
3606
3146
2522
2371
3057
3967
4571
4399
4146
4218
4749
5289
5081
4064
2492
1155
43
-1110
-2577
-3914
-4443
-4052
-3338
-3242
-4086
-4989
-4588
-2963
-1538
-1116
-1315
-1591
-2042
-2517
-2903
-3245
-3683
-3767
-3232
-2729
-2766
-3202
-3294
-2944
-2230
-1551
-1381
-1811
-2231
-1561
-347
467
410
291
525
839
1098
1387
1964
2625
3304
3659
3510
3144
3056
3268
3225
2895
2429
2175
2011
2270
2986
3765
4043
3621
3224
3149
3701
4022
3677
2586
1482
590
-602
-2033
-3132
-3245
-2750
-2545
-2904
-3543
-3605
-2977
-1851
-963
-828
-1302
-1819
-1879
-1803
-1792
-2004
-2248
-2725
-3322
-3818
-3915
-3633
-2993
-2103
-1409
-1293
-1639
-1723
-1366
-699
-49
482
678
426
99
156
822
1690
2195
2180
1999
2119
2374
2512
2516
2671
2816
2745
2588
2505
2642
2933
3296
3312
2992
3181
4249
5162
4588
2928
1466
660
115
-434
-927
-1706
-2516
-2884
-2855
-3222
-3892
-3804
-2702
-1516
-933
-879
-1221
-1878
-2080
-1462
-942
-1633
-3083
-3912
-3743
-3170
-2796
-2745
-2971
-3100
-2710
-2105
-1935
-2098
-1651
-374
824
1103
505
-122
-125
609
1583
2016
1780
1468
1804
2672
3289
3262
2943
2769
2804
2958
3095
3040
2946
3099
3547
3793
3720
3807
4005
3964
3415
2799
2112
1153
97
-710
-1242
-1859
-2405
-2771
-3116
-3471
-3557
-2938
-2228
-1797
-1759
-1782
-1871
-2041
-1895
-1837
-2334
-3322
-3860
-3818
-3690
-3573
-3153
-2560
-2311
-2387
-2563
-2648
-2671
-2152
-1112
-253
-52
-94
222
392
608
1143
1963
2413
2447
2619
2974
3313
3250
3126
2964
2667
2591
3083
3574
3534
3408
3529
3644
3589
3794
4288
4727
4407
3375
2265
1297
564
84
-290
-1275
-2464
-3141
-3314
-3322
-3347
-3132
-2760
-2201
-1715
-1491
-1753
-2423
-2695
-2171
-1653
-2087
-3061
-3899
-4254
-4090
-3492
-3099
-3274
-3506
-3310
-2478
-1815
-1528
-1294
-966
-733
-689
-440
-243
78
674
1448
1848
1704
1604
1982
2877
3588
4102
4431
4469
4094
3612
3387
3343
3631
3762
3609
3147
2813
3044
3739
4325
3909
3008
2197
1728
1427
955
200
-854
-1742
-2448
-2918
-3488
-4100
-3955
-3105
-2139
-1816
-1914
-2384
-2971
-2917
-2500
-2104
-2455
-3183
-3840
-4236
-4293
-4328
-3871
-3398
-2868
-2487
-2419
-2553
-2655
-1796
-602
440
604
28
-508
-552
325
1396
2332
2611
2555
2592
2673
2955
3352
3933
4137
4049
3840
3607
3530
3581
3884
4051
4035
3872
3777
3781
3661
3483
3187
2686
1951
1264
597
-143
-885
-1397
-1842
-2483
-3062
-3445
-3396
-3132
-2744
-2464
-2561
-2882
-3135
-2963
-2922
-3032
-3148
-3176
-3234
-3449
-3546
-3847
-4095
-4032
-3463
-2715
-2423
-2412
-2319
-1800
-1186
-574
14
247
285
385
767
1152
1444
1833
2248
2645
2872
3159
3551
3724
3718
3741
3918
3996
3866
3599
3106
2724
2808
3279
3680
3662
3436
3125
2629
1972
1504
1348
1138
642
-115
-1010
-1924
-2518
-2617
-2502
-2476
-2430
-2270
-2215
-2352
-2497
-2498
-2452
-2344
-2274
-2399
-2840
-3399
-3610
-3476
-3290
-3239
-3145
-3039
-2990
-2857
-2531
-2032
-1485
-839
-312
-162
-384
-558
-296
358
1226
1989
2353
2165
1764
1799
2409
3144
3594
3810
3852
3714
3482
3273
3078
2907
2953
3225
3390
3218
2998
2988
2913
2501
1991
1786
1724
1340
485
-643
-1610
-2138
-2316
-2615
-3185
-3529
-3214
-2575
-2354
-2588
-2698
-2335
-1780
-1607
-2037
-2781
-3255
-3160
-2886
-2955
-3408
-3737
-3627
-3258
-2879
-2544
-2164
-1666
-1006
-396
-190
-336
-353
119
900
1667
2180
2237
1937
1746
2149
2962
3675
4160
4484
4551
4224
3723
3339
3135
3191
3493
3715
3499
2954
2482
2121
1778
1532
1506
1477
1296
1169
1047
520
-563
-1705
-2514
-2964
-3127
-2973
-2793
-2982
-3330
-3496
-3455
-3488
-3458
-3170
-2987
-3159
-3420
-3398
-3314
-3427
-3559
-3441
-3218
-3053
-2768
-2367
-1962
-1628
-1210
-820
-597
-277
384
1205
1725
2019
2356
2709
2829
2866
3230
4028
4977
5513
5326
4550
3967
4158
4806
5029
4624
4207
4127
3995
3249
2150
1170
839
1154
1630
1563
527
-679
-1341
-1332
-1437
-2037
-2971
-3933
-4303
-4146
-3713
-3852
-4386
-4616
-4392
-4084
-4310
-4521
-4462
-3937
-3358
-3177
-3451
-4020
-3917
-3173
-2245
-1848
-1921
-1962
-1887
-1460
-804
175
1078
1785
2242
2383
2565
2925
3595
4151
4587
4993
5240
5049
4358
3788
3766
4282
4807
5025
4876
4536
4229
3865
3354
2654
2069
1698
1383
995
522
64
-357
-670
-869
-982
-1119
-1402
-1932
-2649
-3276
-3658
-3928
-4232
-4561
-4828
-5032
-5143
-5004
-4601
-4054
-3493
-3003
-2777
-2962
-3251
-3109
-2441
-1722
-1374
-1444
-1691
-1798
-1521
-932
-317
280
924
1512
1757
1725
1880
2406
2993
3253
3231
3197
3336
3537
3615
3612
3791
4143
4223
3856
3373
3226
3360
3427
3213
2688
2040
1453
976
517
134
-18
-104
-377
-744
-963
-1137
-1441
-1627
-1504
-1417
-1726
-2253
-2636
-2913
-3214
-3485
-3682
-3747
-3486
-2829
-2198
-1975
-1934
-1676
-1336
-1254
-1277
-1093
-813
-685
-728
-850
-1032
-1165
-1065
-777
-433
34
727
1444
1809
1841
1850
1927
1919
1822
1805
1889
1995
2113
2208
2139
1882
1654
1652
1857
2103
2266
2205
1763
1069
371
-204
-527
-483
-170
24
-207
-731
-1141
-1144
-848
-618
-672
-924
-1118
-1177
-1316
-1765
-2305
-2474
-2110
-1478
-1010
-896
-986
-962
-711
-435
-373
-505
-525
-228
167
263
47
-197
-225
64
518
835
855
690
541
516
618
834
1108
1305
1336
1200
1029
939
934
1040
1228
1369
1294
979
617
414
432
580
681
652
425
48
-319
-616
-845
-1026
-1094
-1025
-960
-945
-862
-694
-578
-651
-892
-1277
-1672
-1746
-1426
-1088
-1065
-1181
-1122
-972
-946
-882
-504
121
706
1011
861
361
-16
109
513
698
636
559
540
495
480
646
900
1115
1244
1177
853
470
340
512
739
876
931
848
680
568
558
577
606
756
951
914
574
66
-432
-787
-940
-944
-974
-1069
-1126
-1150
-1230
-1351
-1384
-1250
-941
-553
-350
-511
-918
-1267
-1372
-1245
-1051
-959
-974
-934
-671
-305
-46
99
237
447
719
950
1067
1068
1111
1264
1335
1177
895
703
710
852
1047
1187
1210
1171
1117
1045
883
661
561
665
836
914
890
810
643
331
-25
-287
-406
-386
-287
-225
-328
-556
-790
-1016
-1226
-1353
-1363
-1384
-1574
-1836
-1965
-1896
-1731
-1583
-1479
-1388
-1231
-999
-825
-826
-899
-855
-699
-625
-700
-769
-587
-112
414
716
794
917
1239
1565
1594
1332
1116
1183
1402
1450
1217
991
1076
1440
1763
1786
1598
1420
1372
1345
1226
1077
1005
978
868
627
379
271
296
379
411
372
275
103
-103
-301
-455
-587
-788
-1116
-1483
-1673
-1621
-1482
-1494
-1674
-1808
-1770
-1614
-1516
-1519
-1519
-1447
-1360
-1427
-1635
-1729
-1605
-1332
-1156
-1144
-1076
-805
-360
27
210
307
448
639
784
835
909
1083
1280
1344
1274
1216
1314
1575
1810
1895
1841
1755
1697
1658
1641
1660
1661
1558
1321
1047
870
865
950
974
880
670
417
198
26
-72
-119
-206
-425
-790
-1166
-1386
-1402
-1330
-1343
-1528
-1777
-1948
-1970
-1916
-1897
-1902
-1892
-1822
-1724
-1676
-1658
-1594
-1431
-1228
-1090
-1029
-960
-776
-478
-218
-83
-26
87
367
754
1134
1415
1577
1645
1628
1586
1594
1697
1856
1940
1905
1798
1679
1589
1553
1587
1686
1795
1800
1652
1407
1177
1012
885
730
526
298
89
-89
-254
-397
-538
-681
-847
-1012
-1135
-1237
-1342
-1495
-1674
-1821
-1920
-1969
-2013
-2058
-2022
-1906
-1788
-1755
-1806
-1793
-1642
-1437
-1276
-1190
-1086
-913
-720
-548
-397
-206
31
250
431
595
772
980
1135
1227
1326
1460
1629
1740
1754
1740
1745
1794
1806
1743
1642
1566
1565
1584
1536
1420
1282
1175
1108
1031
915
768
613
431
232
43
-114
-259
-406
-557
-709
-821
-933
-1052
-1157
-1242
-1270
-1290
-1369
-1492
-1621
-1679
-1634
-1564
-1522
-1514
-1520
-1479
-1404
-1286
-1119
-967
-814
-674
-582
-507
-410
-295
-154
4
177
358
497
597
668
750
851
978
1096
1173
1236
1265
1277
1256
1177
1111
1080
1112
1186
1236
1241
1159
1015
874
760
705
699
698
671
582
419
185
-45
-210
-290
-322
-363
-436
-533
-661
-796
-945
-1107
-1208
-1222
-1140
-1028
-992
-1049
-1155
-1230
-1233
-1176
-1084
-952
-793
-650
-575
-592
-627
-597
-466
-251
-27
144
238
262
250
241
284
381
528
689
821
886
854
771
693
690
772
881
977
1031
1020
947
817
677
572
537
580
652
699
657
517
315
104
-50
-118
-102
-44
-12
-47
-174
-368
-541
-664
-701
-656
-608
-581
-616
-698
-783
-842
-867
-861
-836
-783
-709
-619
-532
-485
-496
-559
-601
-571
-437
-215
-4
129
141
67
-10
0
134
324
516
623
630
560
465
455
496
585
676
713
723
666
613
577
547
553
524
516
517
501
485
404
306
206
113
89
88
104
91
13
-128
-309
-437
-480
-457
-391
-348
-370
-472
-605
-726
-787
-757
-688
-595
-536
-528
-549
-588
-599
-569
-496
-399
-315
-236
-170
-123
-79
-29
30
94
154
201
255
300
347
384
408
428
435
445
457
468
493
506
494
468
437
425
421
418
423
417
403
361
312
303
280
279
282
250
203
123
47
-24
-92
-129
-154
-190
-246
-317
-398
-468
-517
-551
-584
-618
-663
-697
-716
-743
-746
-740
-732
-697
-655
-606
-564
-536
-487
-430
-372
-306
-234
-139
-44
40
119
180
248
315
385
481
583
683
744
774
807
818
849
885
916
958
978
983
966
928
882
823
762
713
658
590
506
406
300
192
91
-18
-129
-236
-349
-446
-542
-634
-720
-822
-905
-980
-1050
-1105
-1143
-1162
-1169
-1169
-1146
-1121
-1110
-1081
-1037
-978
-906
-816
-725
-634
-539
-446
-347
-250
-151
-34
96
217
337
448
548
624
684
753
823
890
972
1053
1138
1205
1202
1176
1149
1121
1116
1115
1125
1134
1103
1045
954
845
742
642
562
487
399
303
181
41
-101
-246
-384
-516
-622
-708
-806
-899
-999
-1093
-1180
-1266
-1320
-1344
-1347
-1349
-1334
-1296
-1256
-1219
-1172
-1109
-1010
-903
-815
-706
-585
-473
-361
-249
-141
-17
101
218
337
443
555
660
757
844
922
996
1053
1107
1137
1156
1176
1172
1158
1140
1116
1083
1030
967
898
822
746
670
587
501
415
309
208
99
-8
-86
-174
-258
-347
-443
-522
-609
-700
-772
-835
-877
-922
-977
-1022
-1044
-1046
-1055
-1060
-1043
-1013
-990
-959
-913
-848
-770
-697
-616
-519
-420
-311
-201
-87
36
143
248
344
444
535
616
687
753
812
856
898
943
985
1006
1019
1010
998
987
952
922
877
820
768
703
633
555
471
393
313
242
169
85
5
-86
-199
-304
-404
-496
-587
-672
-747
-813
-868
-925
-970
-989
-990
-1002
-1006
-1002
-989
-966
-945
-900
-849
-778
-686
-595
-497
-405
-321
-234
-155
-77
6
85
166
258
353
453
555
658
765
851
922
964
977
983
955
923
903
889
887
872
864
862
842
805
756
701
620
521
418
304
172
22
-114
-237
-339
-404
-441
-452
-459
-487
-534
-582
-636
-703
-772
-835
-887
-933
-962
-980
-983
-941
-898
-842
-769
-698
-610
-535
-462
-399
-340
-286
-232
-159
-89
-22
61
139
212
289
372
463
552
627
690
739
774
793
791
797
792
792
791
772
742
703
682
648
605
562
515
476
421
357
295
219
143
78
5
-64
-136
-204
-270
-344
-407
-469
-532
-574
-618
-649
-676
-696
-712
-744
-753
-749
-737
-709
-676
-629
-582
-539
-495
-459
-404
-336
-275
-219
-161
-110
-51
5
63
129
176
233
291
345
392
431
478
520
561
600
618
632
640
631
631
640
629
625
619
603
582
544
505
460
413
378
334
275
216
149
84
25
-34
-80
-134
-197
-246
-305
-364
-431
-503
-562
-616
-669
-719
-743
-748
-766
-772
-755
-743
-718
-691
-651
-610
-579
-523
-480
-429
-362
-302
-233
-166
-98
-19
48
118
194
258
326
382
445
511
547
574
612
649
676
692
697
705
708
700
685
672
653
616
583
558
516
471
423
360
310
253
199
148
82
37
-22
-93
-150
-215
-271
-321
-363
-396
-436
-487
-534
-572
-612
-635
-658
-669
-680
-688
-686
-684
-669
-651
-617
-584
-561
-518
-471
-425
-363
-308
-255
-195
-138
-73
-16
40
108
179
241
295
356
418
473
508
539
574
605
627
643
664
678
689
690
678
676
663
648
620
587
550
501
459
400
335
270
203
134
60
-13
-92
-173
-235
-300
-381
-443
-492
-537
-580
-623
-653
-672
-686
-690
-685
-663
-621
-593
-564
-536
-497
-451
-402
-346
-290
-237
-180
-126
-86
-31
21
67
119
170
210
252
294
320
351
382
404
420
428
445
457
463
464
448
443
424
395
377
353
316
277
242
212
175
134
94
53
20
-24
-64
-104
-135
-158
-188
-220
-238
-259
-285
-297
-313
-321
-322
-320
-317
-318
-305
-291
-282
-280
-267
-230
-201
-182
-151
-126
-100
-73
-54
-30
-6
19
49
72
95
121
143
167
181
187
206
226
241
247
257
268
263
258
248
235
239
243
227
218
195
175
159
138
120
96
62
44
21
-8
-33
-68
-92
-120
-137
-159
-190
-208
-226
-238
-252
-270
-278
-279
-287
-285
-276
-260
-248
-241
-222
-206
-189
-163
-143
-114
-90
-70
-41
-28
-16
-4
14
51
81
104
132
164
197
215
230
255
276
290
299
298
303
300
295
296
288
285
275
260
246
236
214
193
180
169
152
112
77
33
-11
-45
-91
-118
-149
-180
-214
-263
-297
-329
-353
-360
-381
-396
-406
-411
-425
-443
-432
-415
-399
-378
-365
-345
-316
-288
-255
-228
-195
-150
-116
-74
-38
8
54
90
137
175
219
263
297
325
353
388
414
445
465
472
491
498
499
499
488
477
476
465
447
418
393
367
339
325
281
231
187
140
95
34
-16
-59
-114
-162
-220
-275
-322
-367
-418
-466
-493
-519
-541
-560
-575
-576
-573
-569
-559
-538
-509
-479
-449
-409
-370
-325
-275
-226
-167
-112
-56
-2
46
87
127
162
178
219
264
288
311
328
354
370
375
380
397
415
429
425
411
405
387
368
339
307
287
252
218
194
171
151
119
89
54
17
-15
-51
-82
-104
-128
-155
-179
-201
-216
-240
-259
-272
-281
-278
-282
-277
-267
-272
-269
-254
-237
-216
-207
-183
-159
-147
-128
-120
-105
-83
-70
-39
-15
-4
18
26
42
65
76
110
125
139
158
171
183
181
182
186
184
187
187
177
171
157
144
140
123
99
83
68
61
53
32
19
11
-4
-23
-35
-50
-70
-74
-87
-106
-111
-124
-130
-134
-143
-133
-149
-158
-156
-160
-142
-137
-128
-94
-77
-66
-58
-47
-25
-22
-15
4
9
20
24
29
42
49
60
74
88
108
119
125
137
137
150
159
152
161
157
149
140
118
105
86
68
64
54
50
45
28
18
8
-5
-6
-23
-34
-41
-57
-67
-96
-117
-128
-144
-154
-158
-159
-165
-171
-170
-166
-163
-159
-145
-131
-123
-118
-114
-107
-98
-91
-87
-77
-59
-40
-18
1
26
46
55
71
91
114
133
146
153
168
169
170
179
181
189
192
187
186
187
182
176
165
158
138
122
108
91
77
53
38
21
-2
-24
-45
-66
-87
-101
-115
-131
-139
-143
-146
-159
-169
-183
-201
-198
-201
-209
-209
-198
-189
-181
-172
-160
-142
-132
-126
-114
-92
-79
-64
-45
-26
-8
10
26
40
65
87
103
125
142
160
166
161
171
170
170
180
195
193
186
183
180
180
170
165
158
156
145
125
110
99
89
85
73
48
27
-3
-22
-41
-63
-67
-81
-104
-122
-138
-155
-180
-195
-192
-196
-206
-209
-210
-208
-216
-220
-215
-207
-190
-189
-181
-155
-137
-115
-92
-66
-25
-1
14
33
46
61
76
96
116
126
141
156
169
186
182
187
188
191
203
201
207
204
191
179
160
144
134
122
110
107
86
68
56
34
25
0
-23
-35
-50
-60
-80
-101
-109
-124
-133
-154
-170
-163
-181
-189
-186
-185
-174
-177
-181
-177
-177
-171
-168
-157
-131
-120
-113
-104
-91
-70
-61
-46
-20
-3
16
37
58
72
89
105
117
131
143
153
157
162
166
172
175
172
187
192
185
169
148
137
115
105
105
87
81
73
56
41
19
13
6
-8
-11
-24
-36
-43
-67
-74
-85
-95
-93
-100
-105
-112
-132
-141
-140
-136
-132
-130
-125
-120
-121
-116
-104
-99
-87
-76
-71
-55
-39
-31
-24
-12
-8
7
17
20
25
26
32
39
58
74
71
75
74
78
79
73
66
66
79
80
71
69
73
74
76
76
74
68
57
51
52
54
47
32
6
-3
-7
-17
-24
-32
-24
-22
-32
-36
-49
-54
-63
-65
-57
-59
-61
-72
-67
-62
-72
-70
-65
-55
-52
-56
-49
-35
-24
-17
-12
-2
4
9
21
30
42
48
48
46
51
56
50
46
49
53
51
49
51
59
49
34
35
27
8
8
-6
-6
4
-9
-9
-19
-31
-35
-50
-47
-41
-40
-46
-68
-75
-67
-63
-54
-44
-42
-35
-38
-35
-26
-22
-16
-18
-12
0
9
15
18
19
22
19
27
43
53
57
54
59
57
49
54
59
61
60
51
52
53
54
60
52
52
52
32
22
17
24
24
9
-1
-11
-19
-31
-36
-31
-26
-27
-39
-52
-65
-73
-80
-87
-73
-61
-58
-60
-69
-55
-56
-60
-48
-43
-36
-39
-34
-26
-29
-25
-18
-20
-12
0
7
16
18
26
32
39
48
43
31
23
28
28
25
38
54
55
59
60
46
35
26
29
34
24
28
35
35
33
24
26
29
20
16
10
6
6
8
10
3
-1
-11
-22
-15
-9
-10
-16
-19
-19
-28
-31
-26
-27
-36
-43
-44
-42
-32
-29
-27
-31
-30
-32
-40
-39
-35
-19
-4
-6
-11
-8
-14
-18
-17
-10
5
4
1
-1
-2
-6
-6
3
1
15
31
25
20
27
32
31
42
44
42
34
26
21
15
19
27
33
31
37
32
26
24
14
21
13
3
3
-3
-1
0
0
-4
2
10
-1
-3
0
-3
-19
-32
-31
-28
-24
-35
-34
-23
-15
-16
-25
-27
-22
-22
-30
-33
-27
-23
-33
-33
-29
-26
-12
-13
-15
-6
-4
3
4
0
3
4
12
8
6
0
-4
0
9
26
25
20
17
16
26
25
19
16
17
15
11
17
22
23
12
9
15
20
22
17
13
9
9
5
1
8
-1
-4
3
2
9
14
12
12
12
0
-10
-23
-26
-21
-17
-14
-11
-3
-2
-6
-2
-7
-12
-5
-7
-9
-13
-27
-23
-24
-23
-14
-11
-4
-9
-2
7
5
10
8
11
13
-9
-7
-8
-20
-10
-9
-1
2
3
2
-6
-7
-9
-11
-13
-5
-10
-3
4
4
7
-4
-5
-2
9
16
17
22
14
11
7
1
14
17
5
0
-1
5
14
17
17
31
27
20
15
13
17
2
6
13
6
10
9
7
6
-1
-5
-7
-7
-4
-9
-7
-4
-9
-15
-23
-21
-11
-7
-11
-7
-19
-28
-31
-40
-43
-39
-26
-12
-7
-2
-3
-6
-5
-5
-1
-6
-5
6
4
8
-2
-10
3
7
13
13
10
18
11
0
15
30
28
20
6
14
17
18
15
18
34
29
21
27
22
12
8
4
15
26
31
21
8
10
14
9
15
5
-10
-15
-29
-25
-24
-26
-24
-22
-21
-32
-33
-29
-31
-36
-48
-47
-39
-33
-27
-29
-26
-22
-10
-12
-17
-10
-2
0
-8
-8
-9
-1
8
4
-4
4
17
20
20
17
22
28
24
22
25
35
34
23
21
8
7
12
17
26
23
22
19
22
22
12
10
11
11
13
8
12
17
8
2
-5
-3
9
14
14
15
9
6
2
-11
-21
-21
-16
-15
-11
-13
-9
-14
-28
-40
-43
-31
-31
-29
-24
-22
-16
-18
-19
-15
-19
-11
-14
-21
-18
-21
-17
-16
-17
-10
-4
-3
-7
0
8
16
16
18
16
7
10
7
14
6
7
11
7
19
17
22
26
21
26
25
19
18
17
9
12
12
19
22
18
21
18
21
18
15
12
0
0
0
-6
-10
-17
-18
-10
-7
-4
0
-5
-5
-9
-19
-18
-25
-32
-32
-18
-8
-20
-19
-16
-20
-10
-6
-1
0
-5
1
5
-11
-17
-13
-9
-8
-5
4
3
0
-5
-8
5
14
7
2
2
9
8
0
0
7
9
2
1
2
15
10
1
6
6
16
13
13
12
14
18
8
10
9
11
21
9
9
13
4
10
12
10
14
6
-3
-2
-6
-10
-9
1
8
-7
-14
-8
-7
-4
-2
-2
1
-6
-14
-20
-21
-15
-22
-20
-12
-5
-7
-18
-23
-22
-20
-17
-14
-9
-7
-4
-7
-21
-22
-18
-20
-13
3
3
4
6
10
13
11
12
13
18
21
14
12
13
13
9
10
17
16
12
14
10
14
14
13
19
22
28
22
14
21
24
22
18
4
1
0
3
6
1
4
1
-6
-15
-11
-4
-5
-1
-4
1
-7
-16
-21
-25
-16
-17
-21
-21
-17
-22
-22
-24
-23
-17
-23
-20
-20
-16
-14
-10
-10
-15
-8
-4
3
0
3
-3
-16
-12
-5
4
2
-5
2
5
5
7
-3
11
18
13
17
10
15
17
24
29
20
24
19
20
20
19
26
25
17
15
14
19
22
15
23
18
6
8
5
5
1
-16
-22
-19
-4
1
-12
-9
-5
-5
-8
-17
-11
-12
-24
-21
-20
-20
-18
-27
-23
-17
-16
-13
-24
-25
-21
-24
-23
-19
-11
-3
2
3
8
9
2
2
-3
-3
5
6
8
8
6
9
2
6
29
38
37
29
14
10
13
8
2
15
22
14
0
-10
1
7
11
12
5
7
1
-2
-1
-1
-1
-3
1
9
0
-15
-14
-15
-8
-8
-15
-6
-9
-9
-6
-9
5
5
0
2
-5
0
-3
-4
1
-1
8
1
-11
-8
-8
-7
-4
-13
-14
-1
-5
-3
-2
6
16
15
10
-1
-10
-2
-3
-3
-7
2
8
-3
-10
-4
6
6
-2
-7
3
10
15
9
9
10
2
-3
-13
-10
-1
4
2
1
1
-7
-10
-4
3
12
12
15
15
18
14
-4
1
2
-8
-2
-6
-4
2
-4
-2
1
1
3
4
0
-10
-14
-7
-1
-2
3
10
17
10
2
2
-7
-4
1
7
16
10
-3
-16
-28
-17
-13
-10
-9
-8
1
-12
-15
-16
-19
-14
-15
-19
-15
-14
-17
-15
1
17
25
29
21
12
15
18
13
22
20
15
15
13
11
6
5
11
4
1
0
-4
-1
-2
5
6
9
13
6
12
9
12
12
3
5
3
-6
-16
-25
-19
-10
-11
-15
-14
-11
-11
-12
-11
-6
-5
-12
-12
-5
-11
-17
-17
-17
-7
-12
-12
-9
-11
-3
0
7
5
-3
1
5
7
11
3
5
10
9
13
10
18
13
3
8
8
4
-4
-9
-4
1
2
2
2
14
22
16
17
14
14
15
4
3
-3
-7
-3
-7
-3
-1
-1
4
-3
-10
8
18
16
12
10
16
14
10
8
-1
0
-4
-9
-1
-1
4
2
-9
-10
-12
-14
-14
-22
-21
-8
-4
6
0
-14
-16
-15
-9
-17
-20
-28
-40
-35
-31
-25
-7
-12
-17
-15
-17
-7
-1
5
5
-8
-11
-11
-6
-1
5
21
22
19
27
26
23
30
29
27
30
29
21
11
2
13
20
17
19
9
18
31
28
13
9
14
10
4
4
9
8
3
-3
-8
-7
-2
-15
-22
-12
-11
1
0
-4
-8
-11
-8
-10
-8
-10
-8
-14
-34
-40
-39
-34
-30
-25
-14
-11
-15
-17
-12
-11
-12
-3
5
10
9
16
11
-3
5
11
9
9
-4
-1
18
20
22
18
10
11
0
1
-1
-1
9
14
17
14
9
4
4
12
11
12
7
13
11
-4
-6
-5
-3
-7
-15
-15
-9
-9
-5
-3
4
3
0
-1
-12
-10
-11
-17
-10
-10
-8
-14
-24
-20
-14
-12
-7
1
12
20
22
23
18
14
11
17
18
11
7
7
6
-1
0
-5
-9
-5
-4
4
8
-2
-7
-4
-4
3
-3
-2
4
5
11
-2
-5
0
0
0
1
7
2
-3
-1
-1
2
-8
-13
-4
1
3
7
7
4
-1
-7
-3
-5
2
7
1
5
0
-8
-12
-9
1
6
-1
1
1
-1
10
3
4
6
4
1
-6
0
6
5
2
2
-3
-2
-3
-14
-15
-12
-5
-8
-9
-6
-17
-8
-8
-8
-2
-4
-3
-10
1
8
-2
2
4
2
3
2
-1
-7
-16
-16
-10
-10
-5
-7
-10
-4
-4
7
16
16
17
16
10
9
8
7
10
9
15
10
14
24
22
29
28
34
24
20
22
15
15
18
15
12
9
-6
-3
-8
-7
4
2
9
6
-15
-26
-36
-33
-27
-23
-20
-14
-7
-11
-20
-20
-15
-16
-16
-14
-10
-6
-12
-15
-24
-29
-29
-27
-17
-15
-12
-12
-20
-22
-24
-16
1
3
3
5
-1
0
3
4
17
17
15
16
11
19
15
18
25
37
47
41
39
30
33
37
36
34
31
28
17
5
-6
-6
-1
2
4
3
6
1
-3
-2
-8
0
-2
-9
-18
-26
-26
-21
-13
-16
-12
-12
-14
-9
-11
-11
-13
-20
-22
-25
-27
-25
-15
-13
-16
-14
-13
-8
-11
-10
-2
-1
-7
-6
-1
-9
-7
-5
4
12
11
9
15
14
9
7
9
8
3
5
8
15
19
8
4
3
11
15
21
21
7
12
16
8
10
12
12
16
11
0
2
9
11
14
11
8
6
-3
-1
-3
2
4
-5
-4
-6
-2
0
-11
-10
-10
-18
-22
-24
-20
-21
-26
-21
-21
-18
-17
-17
-9
0
4
2
-3
-6
-3
-5
-9
-10
-11
-7
-2
-3
-6
-4
5
12
7
5
10
14
15
16
9
4
4
3
6
6
6
12
7
5
10
10
13
17
20
23
15
10
11
8
-2
0
-4
3
-3
-17
-16
-23
-13
-15
-15
-8
-7
-1
-4
-2
0
1
7
7
0
6
4
-3
0
-3
0
2
-1
2
1
-1
2
-5
-5
-3
1
-1
-3
2
2
-2
5
12
17
28
15
-2
-7
-2
1
4
2
5
3
-6
-9
-13
-7
-14
-8
2
-1
-2
-15
-21
-22
-28
-26
-30
-27
-17
-13
-2
7
7
2
-7
-5
1
6
17
17
19
18
19
22
18
14
10
11
5
6
7
21
23
11
11
8
12
12
11
17
17
20
12
2
1
-10
-18
-11
-8
3
8
-2
-4
-10
-13
-16
-18
-10
-3
-5
-9
-9
-15
-15
-18
-20
-17
-10
-3
-13
-30
-33
-24
-20
-11
-6
0
1
-5
-1
1
6
13
12
14
14
6
0
-4
-3
3
8
11
5
16
35
29
22
22
22
28
23
18
17
8
10
4
-10
0
10
13
11
3
4
-5
-11
-14
-10
-1
-4
-6
-10
-19
-15
-13
-6
8
-2
-7
-2
-10
-17
-19
-24
-15
-11
-5
0
-1
3
-5
-14
-7
1
4
4
3
-10
-24
-24
-18
-2
11
12
12
0
-10
-13
-12
-2
6
9
7
3
-3
-1
-7
-10
-1
-2
2
9
0
1
3
-1
5
4
11
14
6
12
12
19
20
20
23
14
21
23
12
7
10
20
23
13
5
14
18
14
12
10
7
-4
-11
-10
-8
1
4
-2
-9
-13
-18
-26
-28
-23
-14
-18
-23
-26
-29
-29
-19
-15
-22
-18
-16
-14
-11
-6
-2
-10
-15
-11
-17
-15
-1
-5
-3
6
2
9
4
-2
6
7
14
18
17
12
2
2
4
7
16
18
23
23
18
26
28
22
21
12
10
13
4
2
2
-2
7
-1
-7
-5
-3
12
12
11
8
2
-1
-10
-13
-14
-12
-11
-15
-14
-5
-8
-17
-22
-15
-6
-12
-14
-16
-8
1
-2
0
4
7
1
1
5
8
7
1
4
8
3
3
-1
-2
6
13
9
-5
-3
1
0
-7
-13
-5
2
5
-10
-12
-10
-12
-2
1
3
13
13
7
6
-2
-16
-12
-4
-1
9
14
12
11
7
9
9
-1
-3
-9
-3
1
-4
-4
-6
0
-4
-8
-7
-4
1
2
10
16
12
7
-1
-5
1
-6
-17
-17
-10
-10
-11
-12
-10
2
-5
-14
-12
-10
-7
-6
4
16
20
19
10
14
24
17
10
5
9
15
10
9
9
24
22
16
4
0
15
18
8
4
4
-11
-17
-16
-18
-13
-10
-12
-9
-7
1
0
-5
13
5
-1
-3
-17
-11
-15
-14
-10
-17
-6
-5
-18
-14
-13
-10
-8
-11
-6
0
6
6
3
-4
-11
-17
-7
-4
-4
6
2
3
-3
-4
4
2
5
4
2
5
5
8
11
9
10
9
4
-3
-6
0
14
11
12
20
19
25
19
11
21
14
9
11
2
5
6
0
3
4
4
-1
-3
-4
-9
-9
-9
-7
-6
-16
-17
-5
-8
-4
-6
-13
-11
-11
-1
1
3
8
-5
-10
-12
-13
-12
-10
4
21
17
9
3
-2
1
-3
2
3
5
16
10
-8
-6
-9
-14
-12
-19
-9
-1
-11
-2
0
6
8
-8
-6
-19
-20
-17
-18
-8
-11
-2
-5
-14
-9
-3
0
1
-1
5
2
-4
3
6
12
22
23
18
17
6
2
-2
1
16
18
25
35
35
30
20
11
15
19
12
14
23
22
21
7
2
9
3
-3
-14
-14
-6
1
-8
-10
-6
-11
-14
-30
-21
-19
-16
-17
-16
-14
-25
-29
-28
-20
-7
-9
-10
-13
-28
-26
-14
-8
-5
3
8
-1
-10
-17
-8
-3
-2
4
3
9
8
7
13
8
13
23
12
3
1
-2
6
11
9
14
11
3
-3
-5
1
1
0
5
6
14
22
10
0
-2
1
7
1
1
8
15
19
17
14
14
10
-3
-4
-4
2
4
-2
-8
-6
2
2
5
2
4
0
-12
-17
-16
-2
8
6
5
1
-3
-13
-26
-27
-13
5
9
1
-6
-8
-17
-19
-11
-11
1
0
-7
1
-4
-2
-2
-9
-8
-7
-5
-11
-12
-1
13
14
17
13
7
8
-2
5
3
-6
4
3
-2
-3
-13
-15
-14
-7
2
8
16
21
21
25
20
14
15
0
1
1
4
14
4
7
9
10
13
5
2
-6
-12
-11
-9
-3
-1
7
7
5
-4
-8
-3
-8
-4
-4
-4
-7
-18
-19
-23
-22
-29
-26
-16
-7
-2
8
15
13
15
7
0
-6
-19
-19
-17
-1
4
-3
3
-5
-6
-7
2
7
6
21
23
18
17
17
12
14
6
-2
-1
2
3
8
8
11
11
10
17
8
4
7
6
-4
-3
2
10
9
3
6
1
-10
-17
-9
-9
-9
-1
-5
-4
-3
-4
-3
-5
-9
-8
2
-2
-15
-22
-20
-16
-16
-11
-3
-6
-2
-4
-14
-14
-15
-1
8
4
8
3
-6
-10
-13
-8
0
8
9
16
27
19
7
-2
-5
4
10
7
7
9
17
12
6
0
-12
3
10
7
12
6
5
8
10
12
7
5
1
-7
-7
-6
2
2
-8
-7
-6
0
9
3
3
6
-5
-15
-20
-15
1
5
9
9
7
7
0
0
9
12
9
1
-8
-1
-3
-9
-6
-6
-7
-16
-19
-16
-9
-5
-4
-7
-3
-9
-17
-16
-31
-25
-20
-18
-9
1
0
-14
-16
-14
-7
-10
-10
-1
5
7
10
17
16
14
21
27
38
35
25
23
17
17
19
22
28
32
29
30
27
27
26
21
22
11
2
4
3
-6
-20
-22
-11
-16
-13
-10
-11
-15
-24
-24
-17
-9
-13
-18
-24
-17
-21
-27
-19
-16
-10
-17
-18
-21
-21
-15
-17
-7
5
7
3
-9
-19
-16
-19
-15
1
5
11
16
15
15
5
1
3
0
6
5
-2
4
2
3
1
6
23
27
23
10
8
12
7
5
1
9
26
23
16
17
19
22
18
24
29
26
15
-3
-6
0
4
-1
-3
-5
-4
-6
-21
-26
-23
-10
-3
-4
-3
-9
-15
-20
-33
-27
-13
-13
-6
0
-1
-8
-19
-18
-16
-11
-12
-6
-3
-1
11
3
-1
-6
1
14
-1
-1
7
4
-5
-12
-14
-8
-6
-9
-10
2
18
24
14
1
1
7
5
1
9
19
19
6
-5
0
14
23
22
17
9
-6
-6
0
6
18
20
28
31
19
7
1
3
-5
-3
0
-2
2
1
-6
-11
-15
-15
-20
-27
-14
-11
-18
-13
-14
-16
-19
-25
-24
-28
-25
-17
-6
3
-6
2
8
-1
-4
-3
-1
-10
-8
-2
5
14
18
15
5
12
8
5
7
6
15
18
18
11
3
6
13
15
9
12
15
18
16
15
22
19
15
8
5
2
-2
-2
-9
-10
-3
1
-9
-10
-9
0
-9
-28
-19
-15
-6
-2
-13
-7
-7
-5
-5
-10
-4
-8
-16
-14
-12
-14
-13
-14
-8
-6
1
19
11
4
8
3
7
-10
-20
-12
-8
1
-5
-7
1
0
2
9
17
21
5
-1
3
0
12
5
-5
1
-1
-6
-1
5
9
0
3
-5
-5
10
4
8
16
15
13
7
10
14
1
-2
0
-8
-6
-3
-3
5
9
14
16
13
21
17
12
11
17
32
24
8
1
-6
-13
-21
-9
-1
-5
-14
-23
-19
-7
-7
-7
-2
-6
-6
-18
-20
-10
-7
0
-9
-14
-12
-20
-20
-26
-25
-23
-28
-25
-14
-9
-12
-11
-1
5
1
-1
1
-5
-3
2
-3
2
14
14
13
4
-7
4
8
11
23
31
35
32
34
33
23
4
-3
0
9
10
1
5
25
25
5
10
15
10
5
-5
3
13
7
6
-2
1
4
-1
-2
-12
-13
-17
-24
-18
-24
-18
-10
-7
5
0
2
6
-10
-19
-21
-14
-9
-6
-8
-19
-15
-11
-4
1
-3
1
-5
-10
-8
-13
0
7
3
9
2
0
1
-4
1
0
-4
4
-2
-4
-6
-5
18
12
12
11
-2
-1
-11
-7
-1
4
18
14
12
11
9
16
21
15
13
12
9
8
9
20
20
10
16
5
-3
-2
-14
-1
9
3
-1
-8
0
0
-13
-11
-11
-17
-13
-25
-26
-20
-14
-10
-25
-24
-13
-4
0
-7
-13
-2
1
-5
-17
-16
-4
-7
-9
-13
-12
-8
-4
-5
-1
1
2
8
4
20
22
22
31
28
28
24
17
25
30
24
22
16
20
14
-1
-2
-6
3
5
-6
2
6
-2
-8
-15
-5
-2
-3
-2
-7
-6
-12
-14
-18
-17
-13
-14
-15
-19
-24
-24
-21
-21
-12
-5
5
17
16
2
-2
-7
-1
11
8
11
2
-7
-3
-4
2
3
4
3
-4
5
6
4
6
-4
2
13
4
10
3
6
17
4
6
7
0
5
-3
-8
-1
7
11
6
2
0
-6
-12
-12
-11
-7
-10
-3
9
3
-5
-14
-19
-9
0
9
10
8
11
7
15
20
19
12
3
0
-8
-5
4
12
12
6
9
1
0
2
-3
0
4
6
8
1
-13
-18
-25
-20
-9
-9
-8
2
3
-6
-4
-9
-11
-12
-17
-13
-8
-8
-10
-15
-6
2
-1
-1
6
5
-7
-18
-12
-3
3
13
9
13
11
-10
-20
-15
5
15
8
9
10
4
-4
-13
-6
7
19
21
18
27
23
8
2
4
14
19
10
5
4
1
7
11
6
13
16
17
12
-3
-1
4
-4
-2
3
5
2
-2
0
-4
-6
-3
-9
-5
-13
-19
-9
-15
-12
-8
-5
0
-4
-10
-14
-17
-19
-19
-21
-29
-34
-31
-25
-13
-14
-19
-22
-15
-6
-7
-4
-1
1
4
3
11
6
7
13
14
19
9
11
19
28
29
26
27
30
23
12
17
13
23
21
21
23
15
18
15
13
15
13
12
2
-6
0
-5
-3
-3
-11
-7
-7
-10
-15
-16
-11
-12
-21
-21
-20
-26
-27
-33
-32
-29
-29
-26
-17
-9
1
-2
-7
-14
-13
-9
-12
-3
-3
-3
-1
-1
9
17
18
15
18
13
12
10
13
10
4
7
7
16
19
18
25
15
9
0
-7
8
7
9
11
0
-4
6
10
15
15
14
12
0
-4
-14
-13
-2
9
4
-8
-15
-16
-7
-12
-9
1
1
-7
-21
-22
-17
-12
-4
-1
-4
-6
-15
-15
-11
-14
-3
1
4
6
-4
1
10
7
10
11
10
13
4
-8
-3
6
6
-2
-7
-4
1
-3
-7
-2
7
11
9
7
-1
3
13
15
15
6
8
8
3
-2
-4
-3
-2
1
13
16
8
3
-4
-4
-3
-2
-3
-3
2
-5
-4
-6
-5
6
1
-2
-1
-11
-11
-7
-9
-3
-7
-2
-3
-10
-9
-15
-12
-5
-6
-9
-14
-25
-17
-12
-11
-2
-3
-3
8
7
5
0
1
18
18
14
8
3
14
11
0
3
7
10
8
8
16
13
16
20
16
9
2
6
9
3
3
13
14
4
-1
-4
5
-3
-12
-14
-16
-6
-10
-2
3
-3
-4
-13
-10
-4
-5
-2
-8
-10
-1
-4
-12
-17
-18
-11
-9
-5
6
9
-1
-14
-13
-11
-4
3
5
14
10
-1
-2
-10
-12
-3
-1
10
22
17
3
-1
1
-2
3
-2
5
18
17
16
6
8
11
3
-4
-6
3
-1
-4
-2
-5
-3
-18
-20
-13
-8
3
1
10
13
9
12
10
10
8
6
1
5
4
6
12
8
10
8
-6
-1
-8
-4
3
-5
-2
-12
-14
-14
-18
-4
-2
2
13
8
0
-10
-16
-5
-7
-17
-11
-12
-3
-6
-13
-11
-13
-6
-3
-5
1
-5
-11
-11
-17
-5
3
5
3
-3
-1
-1
3
5
-3
0
6
1
5
9
13
23
24
18
20
23
22
29
27
20
23
20
12
12
12
15
16
4
-1
-8
-3
5
8
9
2
-10
-20
-19
-21
-12
-8
-6
3
-3
-11
-22
-20
-12
-9
-14
-21
-29
-26
-26
-27
-11
2
16
2
-8
-11
-19
-25
-27
-10
2
1
-5
-11
-4
-6
-5
-2
-2
15
9
-2
1
0
7
-4
-5
5
12
16
14
17
23
23
17
11
12
6
0
0
-3
1
-4
-4
6
11
22
18
25
35
33
24
9
15
14
9
13
7
7
7
5
10
13
8
6
0
-3
2
4
1
-6
-3
-8
-12
-19
-32
-31
-23
-21
-21
-24
-29
-31
-29
-24
-23
-16
-17
-15
-8
-11
-10
0
-2
-4
-10
-25
-23
-15
-3
-6
-14
-2
8
5
0
-3
4
13
3
-1
2
16
26
25
19
14
8
6
1
5
22
26
28
28
19
23
20
12
19
21
29
30
24
19
9
7
7
2
6
8
5
-1
-7
-4
-7
-7
-1
-1
2
