SAMPLES:	12209
BITSPERSAMPLE:	16
CHANNELS:	1
SAMPLERATE:	16000
NORMALIZED:	FALSE
50
-374
-528
-337
12
267
315
211
27
-193
-361
-324
-28
339
456
236
-105
-279
-249
-221
-272
-258
-74
142
174
48
3
152
303
212
-52
-186
-28
253
334
76
-331
-570
-440
-9
414
520
259
-133
-334
-235
-20
92
45
-45
-12
182
364
343
101
-165
-248
-140
-22
-15
-65
-58
41
145
150
45
-121
-232
-207
-96
-18
-59
-123
-50
158
326
316
166
-3
-116
-186
-211
-159
-66
-12
-26
-23
66
169
145
-9
-120
-50
152
292
247
78
-80
-128
-78
-48
-140
-320
-419
-263
97
391
415
229
71
53
64
-35
-252
-434
-417
-167
198
468
469
185
-175
-329
-170
120
238
75
-197
-335
-262
-84
90
225
291
217
17
-119
-50
91
62
-149
-281
-137
128
192
30
-80
29
172
114
-93
-216
-130
70
203
192
74
-98
-234
-205
-1
212
263
170
101
140
163
46
-138
-174
-26
121
118
7
-36
67
199
210
82
-79
-161
-134
-57
-24
-39
-41
-28
-52
-174
-343
-390
-220
36
114
-43
-218
-179
31
110
-94
-344
-337
-92
98
62
-24
106
409
535
268
-171
-385
-260
0
146
130
103
152
212
207
145
77
-18
-144
-229
-207
-56
135
219
118
-73
-175
-120
34
139
92
-63
-208
-248
-169
-3
171
251
178
-17
-216
-302
-238
-79
95
196
180
90
25
36
94
112
29
-135
-283
-274
-54
245
388
237
-109
-368
-309
27
353
417
200
-129
-331
-278
-19
274
394
229
-112
-368
-354
-138
78
156
127
113
174
227
142
-90
-322
-374
-182
78
149
16
-58
94
299
251
-102
-413
-306
109
348
178
-110
-154
17
89
-120
-377
-295
114
399
275
-70
-285
-206
38
180
105
-34
-96
-100
-52
62
156
124
5
-107
-153
-93
-28
-75
-167
-166
-65
73
194
207
138
148
239
224
29
-213
-340
-264
-31
162
155
20
-120
-195
-121
78
219
212
143
58
-84
-218
-205
13
334
476
245
-125
-235
-51
174
268
197
23
-133
-225
-250
-161
-51
-73
-164
-144
-15
97
126
89
83
190
290
223
34
-168
-301
-280
-125
21
44
-39
-113
-55
134
274
187
-98
-354
-389
-190
93
266
244
112
-3
-64
-99
-129
-141
-112
-30
108
256
291
82
-344
-708
-649
-119
465
622
288
-143
-247
11
293
299
65
-154
-195
-110
-63
-113
-145
-60
94
183
167
151
200
225
98
-138
-229
-22
263
278
-24
-329
-345
-85
172
203
63
-55
-34
91
209
212
74
-115
-228
-210
-145
-158
-257
-256
12
442
695
509
-1
-431
-452
-144
125
118
-62
-167
-117
-44
-50
-71
6
154
231
166
31
-53
-82
-93
-55
70
238
281
79
-285
-536
-474
-166
142
258
155
-31
-125
-105
-73
-116
-184
-140
67
316
398
235
10
-45
86
234
197
-84
-395
-443
-164
223
413
239
-115
-261
-29
339
451
167
-236
-363
-126
209
349
279
111
-94
-311
-430
-318
-21
231
224
-4
-233
-332
-335
-290
-192
-75
-10
-29
-59
45
285
467
436
204
-83
-271
-295
-150
82
228
145
-104
-305
-271
-23
267
456
477
304
5
-214
-150
134
346
254
-48
-235
-135
49
21
-231
-437
-315
63
355
321
36
-213
-269
-213
-175
-172
-103
52
186
229
240
281
246
-7
-366
-511
-288
91
282
206
79
68
74
-38
-178
-143
45
170
100
-31
11
204
282
84
-206
-300
-128
103
133
-58
-272
-290
-69
255
466
349
-92
-560
-702
-379
166
477
315
-95
-314
-136
248
451
324
42
-136
-141
-132
-226
-332
-244
99
487
581
264
-226
-524
-476
-204
67
198
219
210
202
169
78
-76
-227
-288
-192
16
188
226
149
72
61
43
-81
-256
-315
-156
115
267
177
-35
-137
-30
179
282
176
-60
-249
-238
-43
158
196
66
-85
-81
52
139
52
-138
-245
-156
41
187
208
140
69
28
1
-51
-147
-259
-329
-277
-88
147
267
141
-168
-433
-450
-195
112
251
185
76
99
246
323
202
-15
-133
-85
-31
-126
-262
-207
118
461
472
91
-369
-545
-361
-22
233
323
281
199
147
128
86
-15
-136
-178
-64
152
301
248
15
-266
-438
-435
-302
-122
18
72
67
79
134
200
212
125
-13
-118
-161
-158
-132
-90
-7
89
129
91
-8
-123
-187
-143
20
241
394
336
89
-164
-219
-61
135
205
135
41
11
-9
-96
-190
-166
18
234
258
19
-302
-468
-375
-106
161
308
348
295
133
-108
-318
-381
-248
-9
163
213
181
89
-37
-160
-233
-209
-104
-3
75
141
148
79
5
20
157
294
211
-114
-394
-374
-87
191
203
-24
-223
-222
-96
-5
-14
-47
11
127
180
138
68
22
33
102
190
259
213
-40
-374
-525
-360
10
334
418
273
29
-235
-425
-393
-112
239
438
384
179
45
56
82
22
-73
-135
-167
-211
-248
-195
-38
89
70
-44
-155
-232
-297
-306
-146
172
437
427
193
-10
-18
75
124
99
46
-16
-120
-257
-327
-257
-63
167
309
248
-23
-309
-310
86
611
831
568
62
-297
-333
-148
62
169
116
-85
-334
-506
-519
-447
-410
-373
-166
256
616
522
-64
-668
-750
-212
521
920
790
319
-131
-313
-229
-60
4
-53
-75
46
227
274
125
-86
-161
-55
95
152
128
96
115
178
215
144
-58
-277
-328
-150
89
129
-93
-375
-447
-210
177
417
329
-8
-358
-528
-447
-165
197
482
540
332
31
-146
-134
-51
-39
-114
-191
-173
-73
39
132
213
288
294
208
89
-10
-102
-200
-256
-196
-41
53
-16
-184
-271
-210
-85
-2
23
93
270
426
354
36
-316
-414
-212
59
145
7
-150
-135
22
155
169
115
93
103
83
4
-82
-138
-215
-271
-154
190
590
739
506
76
-253
-354
-327
-276
-171
13
156
99
-125
-301
-256
-44
123
155
159
174
121
-40
-249
-337
-209
-7
94
84
65
113
186
166
66
11
18
2
-90
-204
-185
-7
127
65
-102
-175
-55
148
199
60
-67
-36
108
194
82
-145
-251
-163
-10
83
73
16
27
106
150
113
-8
-132
-142
-31
57
-13
-184
-246
-95
123
197
119
65
105
151
99
-15
-92
-147
-229
-285
-203
45
318
411
262
-6
-230
-308
-206
7
196
244
126
-50
-129
-77
-13
-38
-123
-149
-6
240
377
273
-9
-262
-343
-251
-83
69
147
107
-59
-229
-199
83
398
471
266
17
-65
-51
-157
-401
-536
-321
135
424
334
37
-155
-112
5
-23
-162
-144
132
431
447
147
-221
-356
-190
39
45
-144
-263
-108
265
547
452
23
-376
-458
-289
-126
-102
-97
65
320
423
270
39
-42
17
38
-77
-230
-269
-157
-1
70
73
85
126
177
226
224
114
-91
-276
-308
-164
16
84
17
-64
-76
-36
6
48
103
152
118
-59
-284
-368
-244
-62
-30
-156
-180
94
522
744
535
54
-288
-271
-55
78
15
-135
-206
-219
-289
-348
-207
142
446
419
95
-165
-121
89
187
111
4
2
71
64
-25
-46
54
182
193
34
-150
-193
-119
-106
-239
-389
-359
-134
107
205
171
165
203
220
174
49
-18
10
71
46
-159
-384
-425
-203
158
411
447
316
86
-84
-125
-58
82
129
38
-117
-275
-261
-149
-20
64
19
1
26
167
301
298
145
-220
-425
-571
-340
17
138
216
-184
-95
74
332
608
206
164
-94
-125
31
-298
-154
-324
-165
132
6
162
-125
-138
18
-3
305
157
30
-193
-393
16
315
591
390
-93
-347
-512
-233
39
254
285
78
-11
-190
-221
-343
-324
-125
16
223
205
233
218
150
171
84
60
-70
-208
-296
-381
-299
-107
227
460
433
260
88
51
-31
-117
-121
0
119
55
-74
-164
-149
-61
12
22
-37
-163
-103
26
111
56
-110
33
62
60
-55
-154
55
-85
-34
63
377
773
428
143
-352
-464
-325
-520
-408
-686
-613
-351
-48
629
707
733
357
-34
15
-41
259
277
312
372
93
-230
-833
-1045
-775
-185
364
515
478
414
449
345
184
-152
-447
-633
-675
-317
-50
259
308
333
496
433
471
197
-61
-385
-720
-564
-326
142
235
62
-44
-149
126
283
419
338
61
-39
-19
288
378
114
-410
-861
-803
-434
13
190
161
187
325
495
361
1
-302
-360
-167
-163
-240
-288
-216
12
1
118
223
397
552
335
318
156
145
-42
-584
-828
-1019
-526
-6
247
352
139
373
508
525
365
14
83
117
89
-151
-498
-452
-371
-171
-24
-75
116
216
375
318
-137
-317
-380
102
440
270
261
228
673
904
796
582
31
-49
-101
-107
-197
-537
-509
-470
-446
-586
-831
-645
-392
-183
-162
-298
-118
120
467
574
280
-40
-502
-714
-864
-995
-927
-827
-374
161
545
580
89
-155
-387
-225
-34
-10
199
-63
141
-41
-145
-676
-401
1511
2971
4019
4364
5193
5716
4130
780
-2866
-4381
-4406
-4472
-4361
-4186
-3180
-1388
2
1096
1945
2974
3539
3516
3255
2363
1191
-479
-2586
-4632
-5931
-5701
-3975
-1643
312
1744
3484
4562
4641
3209
948
-1351
-3459
-3728
-3580
-2800
-1879
-449
1951
2774
2558
1556
1361
1546
-107
-1960
-3196
-2630
-969
96
1310
2010
2865
3063
1946
512
-1281
-2166
-2712
-3313
-3606
-3001
-657
2234
4203
4704
3933
3156
2183
462
-1552
-3281
-3445
-2979
-1952
-520
1456
4021
5730
6786
6534
5271
3057
265
-2257
-4410
-5627
-5826
-5106
-4103
-3237
-2355
-1152
219
1475
2458
2993
3075
2638
1608
136
-1583
-3388
-4671
-5292
-4924
-3515
-1381
1241
3296
4614
4705
3528
1947
-45
-1968
-3943
-5481
-5712
-4781
-2822
-746
1299
3113
4070
4389
3845
2849
1360
-250
-1493
-2499
-2328
-1611
-174
990
1312
1919
2590
3775
4020
3704
3821
3876
3946
2487
104
-1953
-3160
-3216
-3397
-3398
-3067
-2427
-1284
-471
539
1664
2722
3621
3766
3467
2457
983
-917
-3431
-5528
-6614
-6100
-4342
-2287
194
2643
4884
5659
4362
1792
-1219
-3275
-4685
-5505
-5763
-5168
-3285
-801
1763
3403
3983
3659
2531
1187
-179
-1074
-1587
-1956
-1925
-1430
-281
968
1685
1765
1240
775
562
394
4
-802
-1265
-773
338
1446
2251
3153
4230
4879
4795
3872
2506
1055
-427
-1576
-2391
-2952
-3167
-3023
-2537
-2034
-1616
-980
-155
981
2148
2983
3591
3496
2456
338
-2306
-4612
-6148
-6311
-5288
-3468
-1458
300
1881
2988
3206
2216
497
-1387
-3122
-4183
-4464
-3844
-2584
-954
919
2333
3149
3153
2524
1502
158
-49
1264
3415
5071
5692
6400
6755
5698
2469
-1728
-4567
-5849
-6096
-6073
-5550
-4000
-2039
-185
1090
2131
3394
4552
5288
5134
4123
2617
603
-1727
-4168
-5993
-6415
-5508
-3781
-1909
323
2895
4974
5547
4298
2125
-287
-2562
-4816
-6564
-7000
-5879
-3388
-728
1377
2768
3833
4438
3876
2373
574
-673
-1556
-2351
-2837
-2553
-1411
-462
28
-83
-168
16
189
517
701
1931
3930
5819
6908
6687
6224
4901
2549
-608
-3668
-5135
-5551
-5015
-3954
-2598
-799
613
1615
2167
2594
3179
3191
2626
1462
-140
-1793
-3588
-4928
-5765
-5953
-4967
-2894
-65
2312
3934
4925
5010
4038
1741
-1099
-3962
-6266
-7488
-7568
-6400
-4430
-1649
1326
3517
4633
4815
4659
3881
2397
734
-837
-2017
-2907
-2924
-1908
-753
-14
551
2286
4934
7017
7581
6879
6092
4833
2539
-653
-3527
-5000
-5559
-5554
-5151
-4023
-2409
-1004
227
1634
3577
5456
6406
6119
4787
2792
144
-3059
-6245
-8482
-8844
-7046
-3835
-360
2577
4953
6674
6785
4716
1054
-2658
-5442
-7503
-8680
-8402
-6227
-2700
620
2848
3789
4191
4552
4096
2521
115
-1664
-2261
-2490
-2574
-2898
-2620
-1832
-1121
-267
628
3172
6950
9820
10646
9631
9080
8077
4484
-1184
-6562
-8673
-8604
-8382
-7994
-6832
-4021
-826
1575
3296
4857
6952
8371
7974
5667
2228
-1276
-4719
-7813
-10264
-11092
-9256
-5148
-162
3912
6933
9257
9901
7605
2433
-3104
-7066
-9578
-11028
-11295
-9289
-4852
693
5392
7481
7337
6396
5273
3369
412
-2191
-3204
-2791
-2227
-1919
-1088
215
1382
1373
260
-802
-1518
-1368
-915
687
4577
8832
11909
11995
10400
8391
4719
58
-5067
-8341
-9217
-9050
-7485
-5438
-2904
-365
1612
3546
4780
5604
5885
5258
3586
696
-2579
-5611
-7672
-8734
-8743
-7504
-4738
-823
2717
5531
7345
7883
6184
2068
-2656
-6934
-10015
-11777
-11672
-9268
-5457
-867
3477
6797
8588
8732
7618
5028
1311
-2037
-3765
-3736
-3136
-2418
-1254
-35
732
315
-425
-981
-786
407
2689
6297
9001
10465
10596
10363
9409
5887
950
-4146
-7025
-8107
-8807
-8508
-7173
-4362
-1340
1095
3269
5301
7228
7734
6693
4597
1857
-1474
-5329
-8643
-10887
-10976
-8842
-4761
-14
3669
6612
8505
8676
5989
1095
-3457
-7084
-9821
-11822
-12109
-9641
-5528
-881
3173
6120
7854
8193
7284
4855
1463
-1379
-2856
-3090
-2863
-2417
-1504
-361
571
391
-437
-1326
-1473
-592
1566
5266
8591
10814
11279
11249
10322
7068
2191
-3228
-6760
-8737
-9646
-8960
-6961
-4050
-1673
-2
1915
4451
7027
8012
6853
4687
2022
-1026
-4687
-8014
-9888
-10016
-7928
-4460
-424
2618
4870
6950
7510
5690
1384
-2976
-6423
-9358
-11373
-11913
-9630
-5594
-938
3444
6746
8748
8920
7585
4845
1281
-1877
-3831
-4471
-4327
-3432
-1894
25
1410
1300
481
-408
-781
-653
224
3190
6898
10024
11585
11772
11882
10016
5922
413
-4870
-8384
-10724
-11052
-9598
-7403
-4557
-1868
1245
4570
7249
8923
8660
6969
3890
36
-3759
-7317
-9723
-10948
-9975
-6929
-2479
1852
4852
7254
8371
7555
3931
-1154
-5731
-9387
-11705
-12765
-11612
-8244
-3466
1779
6128
8865
9788
9340
7558
4288
259
-3014
-4733
-5217
-4881
-3844
-2321
-697
313
791
912
594
342
185
1843
5147
8410
10969
11593
11728
10245
6438
1405
-3917
-7054
-8956
-9767
-8895
-7311
-4392
-1337
1578
4335
6302
7885
7907
6390
3718
162
-3120
-6284
-8758
-10073
-9764
-7389
-3439
1029
4425
6794
8243
7870
4874
-250
-5138
-8687
-10983
-12342
-12331
-9723
-5262
105
4974
8279
9836
9600
7977
4986
1255
-1937
-3828
-4423
-4412
-3836
-2353
-493
634
402
-355
-902
-976
-516
412
3261
7114
10458
12110
11792
11061
8552
4215
-1204
-6461
-9300
-10564
-10180
-8341
-5728
-2088
1207
3968
6037
7337
8113
7463
5304
2088
-1441
-4610
-7424
-9802
-10893
-9798
-6405
-1556
2683
5768
7962
9162
8442
4722
-525
-5553
-9368
-11856
-13042
-11978
-8733
-4050
1095
5550
8477
9533
8988
7174
4044
289
-2730
-4313
-4724
-4657
-3881
-2331
-420
691
677
146
-593
-633
-207
1847
5363
8838
11551
12071
11708
9705
5606
438
-4957
-8196
-9719
-9910
-8583
-6467
-3193
-15
2600
4821
6391
7846
8088
6775
3963
156
-3586
-7094
-9549
-10771
-10135
-7657
-3873
369
3857
6722
8395
8313
5802
1362
-3196
-7259
-10381
-12327
-12307
-9587
-5143
-10
4433
7348
8776
8791
7704
5103
1322
-2107
-4063
-4341
-4047
-3224
-1836
-249
854
695
157
-595
-911
-308
1041
3962
7079
9795
11333
11027
10227
7764
3953
-1024
-6034
-8611
-9659
-9152
-7905
-6044
-2885
39
2782
4888
6488
7636
7117
5103
1885
-1608
-4832
-7563
-9350
-9769
-8197
-4878
-594
2901
5268
7015
8107
7367
3529
-1855
-6772
-10107
-12088
-12698
-10935
-6933
-1682
3244
6700
8567
8919
8091
5895
2349
-1261
-3584
-3972
-3437
-3030
-2478
-1640
-396
165
-306
-853
-1082
-387
488
1895
4815
8260
11389
12305
11437
9657
6379
2268
-2584
-6408
-8352
-9126
-8498
-7230
-4910
-1804
1198
4050
5978
7250
7540
6541
4501
1383
-2131
-5547
-8170
-9668
-9850
-8299
-4958
-848
2636
5284
7125
7750
5847
1666
-2956
-6956
-9895
-11953
-12326
-10491
-6978
-2161
2817
6903
9226
9619
8694
6299
2891
-445
-2815
-3839
-4140
-3782
-2889
-1956
-1158
-946
-857
-591
-33
986
2016
3961
6751
9663
11578
11583
10597
8194
4317
-545
-5250
-8116
-9455
-9415
-8102
-5848
-2660
477
3086
5110
6340
6981
6481
4671
2046
-850
-3315
-5453
-7330
-8460
-8235
-6262
-3107
224
3198
5577
6899
6238
3406
-453
-3924
-6673
-9135
-10820
-10733
-8257
-4060
387
4133
6428
7510
7689
6668
4536
1678
-742
-2242
-3129
-3575
-3502
-2859
-2165
-1670
-1777
-1901
-1617
-736
1030
2927
5758
8704
10910
12023
11561
10682
7989
3392
-2021
-6739
-8853
-9465
-8864
-7470
-5382
-2104
1224
4252
6206
6964
7043
5864
3851
907
-2301
-4902
-7178
-8464
-8967
-7903
-5186
-1942
1326
3592
5438
6380
5586
2955
-1097
-4776
-7806
-9867
-10855
-10155
-7227
-3050
1482
4940
7097
7970
7631
6206
3632
910
-1147
-2119
-2571
-2979
-2991
-2380
-1454
-948
-1093
-1395
-1294
-674
467
2209
5164
8905
12054
13350
12309
9924
6401
2058
-2537
-6590
-9021
-9934
-9206
-7140
-4275
-1105
1516
3473
4746
5472
5708
5034
3549
1564
-600
-2766
-4969
-6849
-8003
-7937
-6417
-3718
-386
2885
5565
6871
6142
3512
-214
-4093
-7563
-10140
-11212
-10369
-7670
-3596
932
4806
7338
8374
8074
6461
3747
870
-1491
-3003
-3758
-3991
-3544
-2985
-2318
-1732
-1534
-1344
-1211
-165
1539
3640
6371
8944
11177
11882
11162
9417
6210
2268
-2157
-5881
-8228
-9274
-8451
-6505
-3774
-787
1728
3845
5060
5704
5649
4591
2908
802
-1113
-3142
-5238
-6931
-7717
-7024
-5187
-2471
281
2698
4636
5543
4993
2618
-637
-3998
-6921
-9046
-10001
-9069
-6661
-3205
426
3625
6081
7138
7092
5929
4135
2071
-174
-1883
-3226
-3763
-3562
-3005
-2196
-1999
-1839
-1474
-715
522
1604
3285
5472
7848
9748
10324
10101
8724
6004
2097
-2258
-5446
-7192
-7646
-7070
-5604
-3201
-584
1531
2813
3484
4118
4613
4342
2979
992
-739
-2193
-3902
-6005
-7499
-7169
-5042
-2105
275
1971
3330
4274
4289
2689
72
-2787
-5355
-7418
-8773
-8662
-6930
-3856
-249
2967
5355
6567
6571
5213
2864
584
-893
-1549
-2158
-2916
-3222
-2747
-1647
-889
-922
-1185
-1146
-308
884
2397
4819
7647
10144
11005
10316
8973
6612
3324
-969
-4856
-7067
-7793
-7103
-5736
-3648
-1075
1194
2909
3789
4239
4462
4104
3244
1817
55
-1914
-4108
-5922
-7142
-7304
-6343
-4496
-2094
335
2794
4709
5442
4387
1723
-1553
-4860
-7380
-8867
-8971
-7481
-4895
-1481
1815
4409
6013
6477
5964
4310
1978
-193
-1577
-2281
-2693
-2930
-2813
-2357
-1855
-1383
-824
-49
675
1222
1793
3376
5966
8553
10031
9949
9183
7438
4490
577
-3393
-5938
-7072
-6877
-5633
-3832
-1491
626
2203
3146
3397
3571
3609
3492
2973
1706
-143
-2401
-4651
-6408
-7297
-6927
-5362
-3231
-847
1587
3858
5161
4659
2589
-419
-3558
-6424
-8520
-9155
-8166
-5744
-2648
479
3192
5101
6065
5731
4130
1889
-182
-1500
-2194
-2562
-2524
-2103
-1493
-1050
-1012
-1042
-861
-411
293
1163
2678
5184
7975
10026
10446
9571
8048
5577
2286
-1421
-4511
-6191
-6693
-5990
-4462
-2475
-348
1372
2623
3426
3905
4269
4150
3258
1720
-267
-2145
-4002
-5780
-7232
-7997
-7116
-4866
-1766
1310
3777
5497
5500
3785
850
-2347
-5127
-7541
-8966
-8971
-7346
-4384
-1036
1993
4140
5384
5943
5546
4205
2214
247
-1212
-2268
-2824
-2920
-2512
-2041
-1917
-2044
-1957
-1038
485
2322
4155
6116
7981
9116
9306
8481
6880
4309
1047
-2070
-4199
-5057
-5106
-4668
-3816
-2342
-414
1561
2990
3689
3843
3580
3157
2266
1013
-620
-2483
-4211
-5892
-6739
-6428
-4890
-2704
-809
1081
2802
4120
4289
2839
432
-2555
-5319
-7409
-8472
-8111
-6482
-3682
-536
2044
3730
4626
4994
4513
3078
1170
-453
-1310
-1572
-1528
-1394
-1198
-1049
-1029
-1183
-1259
-1032
-656
179
1536
4012
6913
9076
10220
9914
9104
6979
3575
-271
-3872
-5575
-6162
-5645
-4500
-3305
-1465
119
1635
2833
3603
4476
4602
3972
2605
566
-1544
-4111
-6715
-8607
-9230
-7875
-5183
-1811
1721
4670
6520
6278
4088
1034
-1932
-4504
-7017
-9133
-10001
-8873
-5952
-2003
1716
4416
5920
6188
5427
3567
1373
-268
-1196
-1754
-2203
-2081
-1367
-848
-1104
-1676
-1600
-683
344
1132
1874
3468
5841
8197
9720
9668
8749
6729
3989
723
-2677
-4820
-5987
-5734
-4745
-3372
-1476
132
1754
2694
3183
3661
4040
4275
3316
1252
-1406
-3886
-5799
-7246
-7875
-7382
-5444
-2605
477
3241
5233
6087
5137
2553
-952
-4473
-7358
-9432
-10071
-8847
-5904
-2025
1391
3770
5058
5641
5576
4454
2572
493
-967
-1809
-2252
-2375
-2258
-1920
-1784
-1793
-1680
-1180
-210
1015
2345
4102
6183
8244
9658
9799
9030
6973
4002
636
-2550
-4537
-5841
-6137
-5468
-4083
-1771
437
2375
3484
3725
3993
4185
4126
2897
534
-2030
-4275
-6016
-7335
-7876
-7296
-5425
-2767
313
3312
5520
6360
5143
2421
-1095
-4519
-7196
-8986
-9433
-8586
-6295
-2896
776
3852
5561
6133
5759
4608
2858
799
-903
-2213
-3015
-3116
-2733
-2113
-1857
-1783
-1452
-844
163
1215
2637
4645
6849
8739
9643
9653
8756
6721
3870
636
-2228
-4305
-5749
-6129
-5361
-3606
-1360
404
1717
2666
3599
4623
4946
4265
2580
371
-1873
-4084
-6138
-7608
-7987
-7030
-4912
-2328
573
3389
5408
6112
4915
2422
-883
-4417
-7422
-9674
-10367
-9280
-6544
-2807
580
3256
5044
5978
5995
4757
2952
959
-764
-1976
-2854
-2956
-2798
-2426
-1936
-1544
-901
-515
175
1167
2339
4128
6048
8353
9945
10097
9154
6889
3988
462
-2712
-4542
-5447
-5500
-5155
-4099
-2205
103
2407
3950
4644
4628
4359
3596
2061
50
-2195
-4107
-6117
-7755
-8366
-7619
-5140
-2105
1112
3893
5768
6422
5023
2219
-1385
-4825
-7503
-9335
-9758
-8741
-6185
-2680
807
3555
5179
5964
5980
5116
3381
1097
-1098
-2621
-3321
-3198
-2562
-1896
-1448
-1238
-807
-202
454
1123
2178
4178
6428
8264
9050
8969
8328
6664
4162
957
-2039
-4254
-5730
-6018
-5296
-3618
-1567
93
1479
2571
3681
4660
4949
4375
2703
534
-1885
-4453
-6795
-8467
-8431
-6877
-4287
-1530
1005
3588
5399
6045
4722
1876
-1540
-5071
-7746
-9665
-10118
-8897
-6236
-2519
925
3760
5543
6409
6283
4903
2957
812
-879
-2094
-2924
-3075
-2780
-2067
-1376
-960
-706
-639
-370
291
1448
3367
5713
7906
9391
9801
9490
8301
5867
2455
-1327
-4213
-5812
-6365
-5850
-4613
-2729
-632
1132
2645
3828
4729
5141
4437
2663
291
-2092
-4130
-6106
-7759
-8321
-7455
-5242
-2386
507
3347
5485
6434
5652
3006
-445
-4027
-6895
-8884
-9874
-9188
-7025
-3771
-402
2549
5110
6935
7479
6314
3866
1216
-770
-2025
-2835
-3378
-3496
-3025
-2245
-1603
-1194
-816
-32
1139
2111
3434
5334
8170
10690
11047
9868
7367
4824
1263
-3450
-7092
-8852
-7613
-5570
-3626
-1433
682
3112
4503
5154
5580
5669
5092
2926
-197
-3263
-5771
-7683
-9154
-9659
-8370
-5198
-912
3255
6279
7956
8127
6265
2331
-2678
-7151
-9939
-11321
-11543
-10151
-6904
-2167
2392
5685
7620
8380
8113
6238
2981
-673
-3263
-4319
-4531
-4267
-3635
-2085
-296
724
738
407
708
1192
1541
1973
3367
5805
8069
9178
9103
8411
6860
4380
808
-2774
-5157
-6257
-5817
-4777
-3398
-1670
-23
1494
2516
3269
3924
4109
3474
1755
-361
-2225
-4088
-5811
-7312
-7633
-6336
-4203
-1573
1083
3876
5979
6414
4758
1502
-1866
-4976
-7397
-9335
-10244
-9153
-6326
-2467
991
3693
5717
6966
7142
5911
3675
1140
-1042
-2760
-3928
-4554
-4334
-3523
-2653
-1812
-1104
-17
1334
2700
4371
6330
8159
9319
9330
8744
7619
5457
2624
-929
-4068
-6267
-7155
-6170
-4435
-2284
-346
1393
3097
4159
4840
5086
4552
3042
637
-1995
-4314
-6309
-7603
-7921
-6908
-4906
-2500
279
3019
5552
6714
5914
3369
-342
-4093
-7463
-9642
-10376
-9425
-7029
-3967
-704
2007
4237
5907
6738
6339
4653
2354
300
-1075
-2054
-2688
-3102
-2994
-2585
-2188
-1652
-1104
-219
642
1658
3364
5491
7814
9399
10084
10047
8622
5852
1867
-2054
-4589
-5944
-6195
-5990
-4922
-2793
-399
1840
3080
4060
4770
4754
3910
1953
36
-1890
-3783
-5610
-7335
-7912
-7278
-5303
-2468
490
3475
5847
6835
5874
2930
-696
-4091
-6932
-8910
-10008
-9536
-7643
-4590
-934
2398
5072
6430
6688
5787
3966
1874
-244
-1798
-2922
-3453
-3200
-2484
-1672
-1340
-1306
-1020
-401
418
1338
2638
4794
7257
9164
10037
9812
8791
6592
3160
-689
-3907
-5709
-6298
-6163
-5177
-3329
-913
1533
3138
4132
4587
4581
4218
2888
1091
-1146
-3478
-5578
-7513
-8357
-7882
-5890
-2828
421
3503
5807
6811
6054
3390
-438
-4292
-7471
-9488
-10513
-10225
-8145
-4543
-93
3559
5857
6820
6726
5866
3968
1658
-568
-2111
-2971
-3360
-3039
-2372
-1508
-966
-616
-17
474
863
1023
1845
4024
6576
8801
9762
9715
8953
6650
3311
-691
-3912
-5583
-6338
-6098
-5286
-3568
-1203
1024
2741
3662
4106
4290
4126
3177
1453
-752
-2916
-4901
-6926
-8198
-7969
-5929
-2886
8
2734
4997
6264
5750
3280
-73
-3574
-6583
-8865
-10169
-10026
-8342
-5069
-1073
2562
5173
6658
7230
6404
4251
1516
-765
-2046
-2938
-3541
-3551
-2781
-1465
-578
-151
165
525
1115
1631
2625
4356
6401
8283
9201
9274
8368
6281
3272
-220
-3234
-5224
-6065
-5780
-4560
-2729
-579
1288
2729
3731
4163
4138
3382
2298
914
-803
-2737
-5000
-6895
-8051
-7851
-6105
-3357
-109
2850
5151
6105
5316
3149
53
-3301
-6643
-9310
-10540
-9970
-7558
-4151
-492
2656
4950
6517
7034
6404
4687
2296
-184
-2291
-3496
-3673
-3052
-2059
-1195
-717
-596
-485
22
691
1176
1791
3411
5822
7992
9251
9461
8885
6957
3807
155
-2940
-4780
-5758
-5641
-4889
-3662
-2012
-334
1314
2536
3585
4305
4314
3345
1550
-328
-2141
-4115
-6339
-7809
-7727
-6078
-3543
-985
1828
4662
6623
6539
4144
649
-2954
-6004
-8351
-9800
-9707
-8024
-5005
-1226
2365
5115
6546
6705
5627
3615
1591
39
-917
-1824
-2747
-3173
-2890
-2073
-1528
-1288
-945
-159
801
1343
1871
3123
5462
7769
9043
9351
8899
7620
4717
825
-2654
-4717
-5304
-5471
-5276
-4296
-2261
298
2158
2926
3252
3648
4070
3870
2505
528
-1964
-4337
-6426
-7999
-7993
-6648
-4001
-1149
1422
3920
5575
5915
4264
1196
-2218
-5382
-7947
-9647
-9986
-8479
-5370
-1551
1901
4210
5502
5984
5851
4829
3047
961
-860
-2063
-2831
-2918
-2528
-1663
-971
-825
-949
-765
103
838
1290
1865
3793
6390
8385
9242
8957
8393
6360
3150
-561
-3516
-4669
-5120
-4864
-4590
-3848
-2370
-682
1190
2712
4248
5253
5198
3902
1638
-639
-2900
-4998
-7053
-8491
-8322
-6408
-3198
63
2825
4993
6076
5581
3355
221
-2895
-5786
-8120
-9457
-9258
-7348
-4303
-727
2338
4512
5952
6573
6201
4431
1980
-243
-1758
-2637
-3248
-3382
-3118
-2305
-1461
-971
-575
-334
390
1083
2185
4392
6728
8889
9539
9264
8552
6504
3906
305
-3024
-5260
-6592
-6116
-5089
-3408
-1398
264
2093
3401
4656
5408
5024
3853
1684
-769
-3309
-5601
-7359
-8548
-8275
-6409
-3301
-107
2705
5071
6164
5636
3222
44
-3232
-6298
-8460
-9625
-9108
-7213
-4146
-658
2109
4134
5274
5939
5672
4308
2403
377
-1111
-2270
-2887
-2812
-2138
-1189
-864
-1107
-1262
-602
547
1261
1649
2615
4656
7002
8672
9212
8781
7324
4782
1638
-1487
-3757
-5092
-5510
-5220
-4479
-2966
-932
1218
2860
3801
4429
4447
3662
2203
430
-1265
-3283
-5471
-7141
-7653
-6414
-4190
-1562
920
2867
4529
5059
4305
2192
-806
-3723
-6446
-8152
-8701
-7908
-5769
-2908
253
2814
4515
5304
5103
4078
2537
1053
-139
-1291
-2390
-3091
-3102
-2575
-1961
-1336
-706
-20
568
976
1440
2470
4397
6706
8539
9320
9131
7903
5560
2431
-801
-3474
-5325
-6052
-5553
-4177
-2473
-741
689
1928
2985
4036
4723
4287
3061
1138
-875
-3234
-5573
-6939
-7347
-6430
-5034
-2991
-446
2011
4103
4560
3583
1383
-1117
-3257
-5312
-6750
-7481
-6965
-5339
-3168
-710
1402
3184
4438
4896
4501
3341
2109
958
-288
-1459
-2210
-2076
-1568
-1252
-1302
-1620
-1411
-905
-132
726
1901
4227
6571
8511
9375
9420
9162
7224
4276
441
-2999
-5074
-6536
-6413
-5557
-3650
-1077
750
2286
2848
3658
4504
4286
3322
1266
-562
-2527
-4914
-6826
-8005
-7395
-5760
-3623
-1105
1262
3774
5205
4909
2872
-294
-2970
-5211
-6750
-7712
-7898
-6618
-4370
-1296
1459
3441
4756
5159
4760
3219
1344
-67
-966
-1421
-1773
-1726
-1370
-1035
-767
-778
-684
-306
208
675
1151
2669
5178
7630
9195
9682
9543
8053
5062
1443
-1811
-3951
-5525
-6334
-6185
-4938
-2618
-213
1794
2917
3667
4334
4408
3665
2038
33
-2247
-4485
-6292
-7475
-7792
-7041
-5108
-2431
677
3645
5675
5970
4287
1569
-1385
-4061
-6311
-7974
-8516
-7733
-5582
-2597
407
2967
4825
5748
5461
4122
2497
1079
-168
-1137
-1815
-1974
-1816
-1674
-1669
-1997
-1762
-1029
-19
869
1662
3709
6089
8324
9535
9673
9422
7190
3942
139
-3046
-4823
-6449
-6599
-5928
-4318
-1926
-65
2080
3494
4684
5633
5260
4196
1990
-330
-2706
-5555
-7622
-8655
-7635
-5323
-2720
33
2092
3951
4855
4729
3450
724
-2319
-5605
-8002
-9184
-8917
-6919
-4200
-1006
1598
3589
5129
5771
5390
3652
1519
-326
-1542
-2077
-2233
-1897
-1402
-892
-493
-320
-144
-32
-49
-81
305
2058
4786
7403
9156
9583
9270
7751
5270
2216
-1208
-3884
-5874
-6389
-5754
-4463
-2435
-520
1414
2744
3762
4502
4344
3558
2042
372
-1709
-4144
-6310
-7734
-7636
-6289
-3966
-1462
799
2950
4550
5090
3874
1343
-1635
-4591
-6952
-8399
-8594
-7400
-5046
-1825
1256
3478
4940
5608
5499
4251
2395
727
-681
-1625
-2297
-2399
-2001
-1465
-856
-650
-540
-306
51
429
725
1760
3785
6247
8330
9446
9695
8760
6279
2722
-1008
-3850
-5526
-6163
-5698
-4523
-2879
-1183
317
1701
2941
4040
4395
3649
2133
589
-825
-2566
-4788
-6889
-7811
-7285
-5353
-2684
167
2870
4820
5581
4490
2091
-791
-3655
-6153
-8069
-8631
-7663
-5461
-2659
61
2415
4285
5520
5689
4547
2641
937
-301
-1273
-2068
-2439
-2158
-1552
-1041
-1025
-1382
-1371
-868
-61
774
2117
4517
6972
8746
9530
9893
9542
7269
3524
-734
-3766
-5342
-5937
-5669
-4992
-3396
-1431
449
1853
2845
4109
4920
4678
3207
1289
-464
-2491
-4887
-7257
-8489
-7936
-6007
-3348
-642
2038
4546
5925
5397
2830
-544
-3579
-6092
-7996
-9213
-8863
-6830
-3821
-661
1908
4090
5641
6217
5410
3248
972
-684
-1513
-1987
-2276
-1888
-1119
-462
-498
-946
-924
-632
-242
251
1460
4068
6766
8707
9330
8892
8185
6219
3621
375
-2710
-4509
-5747
-5602
-5079
-3734
-1408
560
2518
3359
4076
4649
4136
3046
819
-1128
-2809
-4677
-6182
-7458
-7127
-5548
-3169
-336
1968
4079
5174
4781
2686
-489
-3411
-5993
-7770
-8562
-7880
-5696
-2839
-162
1710
3300
4545
5046
4402
2715
960
-166
-545
-877
-1233
-1303
-1134
-945
-881
-826
-912
-939
-755
-392
571
2497
5278
7935
9435
9782
9075
7617
5197
1841
-1424
-4116
-5576
-5896
-5240
-3947
-2529
-634
1145
2605
3520
3811
3610
2593
1454
4
-1715
-3527
-5497
-6793
-7528
-6930
-4900
-2210
727
2845
4404
4726
3606
1570
-1278
-3972
-6507
-7902
-7889
-6796
-4676
-2222
555
2860
4491
5399
5241
4163
2366
667
-596
-1401
-1588
-1324
-865
-593
-645
-717
-925
-1031
-991
-684
81
1283
3514
5815
7700
8802
9439
9522
7469
4162
334
-2230
-3749
-4970
-5374
-5450
-4213
-2588
-766
887
2081
3394
4166
4350
3594
2257
476
-1752
-4323
-6521
-7676
-7523
-6093
-4204
-1700
981
3612
5220
4895
3131
430
-2179
-4623
-6642
-7813
-7892
-6618
-4481
-1833
789
3195
5030
5693
4993
3236
1526
187
-668
-1093
-1209
-910
-804
-813
-1026
-1286
-1234
-937
-366
100
787
2385
4736
7001
8525
9146
9268
8176
5635
2203
-1324
-3642
-5196
-5776
-5773
-5092
-3253
-1246
764
1970
2831
3648
3801
3363
2059
575
-866
-2604
-4370
-6182
-7140
-6717
-5135
-2615
-196
2044
3598
4055
3402
1528
-629
-2954
-4987
-6442
-7073
-6412
-4900
-2632
-275
1795
3428
4292
4478
3817
2620
1378
367
-283
-681
-903
-947
-1089
-1343
-1575
-1705
-1595
-1483
-1158
-284
1533
4187
6823
8709
9665
9964
9389
7493
4133
339
-2705
-4578
-5466
-5962
-5730
-4577
-2629
-395
1371
2767
3687
4040
3769
2915
1915
683
-1166
-3671
-6283
-7836
-7573
-5908
-3542
-1305
836
2907
3980
3763
2100
-50
-2156
-4383
-6070
-7045
-6734
-5520
-3910
-1837
187
2271
3805
4327
3867
2695
1772
1051
431
-142
-557
-610
-696
-909
-1276
-1517
-1480
-1161
-843
-536
296
2115
4853
7147
8660
9371
9527
8809
6308
2955
-701
-3524
-5267
-6095
-5639
-4587
-2817
-1000
357
1369
2154
3291
4057
3756
2496
857
-628
-2394
-4482
-6217
-6932
-6365
-4944
-3149
-1095
1187
3385
4615
4130
2228
-383
-2932
-4937
-6238
-6661
-6233
-4833
-2646
-303
1617
2843
3536
3765
3240
2134
973
99
-404
-868
-945
-764
-673
-772
-1244
-1396
-1398
-1252
-1077
-644
922
3257
5939
8113
9717
10454
9824
7739
4364
810
-2575
-4907
-6166
-6296
-5344
-4039
-2214
-756
601
1906
3050
4147
4394
4213
3190
1280
-1188
-3969
-6132
-7555
-7743
-6698
-4775
-2064
899
3480
4811
4528
3069
821
-1859
-4526
-6645
-7595
-7386
-6060
-4040
-1801
392
2214
3730
4385
4168
3255
2031
987
80
-358
-551
-537
-573
-864
-1190
-1455
-1453
-1377
-1284
-851
544
2982
5945
8192
9215
9389
8836
7674
4998
1672
-1184
-3084
-3940
-4808
-4912
-4373
-3187
-1439
-42
1362
2154
2759
3171
2870
2296
1109
-338
-2168
-4183
-5507
-6038
-5556
-4404
-2935
-1082
866
2513
3132
2351
934
-697
-2371
-4133
-5724
-6325
-5958
-4555
-2591
-520
1273
2376
3055
3117
2799
2107
1331
608
-150
-542
-594
-96
190
-94
-819
-1530
-1543
-1489
-1388
-1081
310
3155
6329
9041
10472
10791
9875
7393
3861
-77
-3227
-5083
-5882
-5837
-5296
-4104
-2351
-684
789
2001
3207
4166
4264
3765
2659
1246
-758
-3505
-6235
-8183
-8238
-6700
-4274
-1633
813
2957
4040
3923
2760
1019
-1182
-3870
-6390
-7858
-7565
-5849
-3454
-1181
705
2397
3812
4706
4508
3276
1672
368
-280
-617
-911
-997
-811
-336
-180
-632
-1252
-1821
-1757
-1296
68
2669
5659
8495
9894
10386
9964
8265
5721
2041
-1183
-3744
-5364
-5870
-6093
-5184
-3799
-2010
-308
842
2433
3810
4772
4570
3230
1674
-278
-2355
-4783
-7049
-8081
-7594
-5785
-3498
-1132
1426
3590
4667
4287
2614
219
-2759
-5520
-7365
-7856
-6883
-4921
-2294
90
1965
3230
3872
3919
3161
2257
1354
643
64
-473
-644
-661
-578
-839
-1411
-1917
-2090
-1916
-1565
-571
1480
4618
7642
9811
10759
10500
9227
6468
3020
-686
-3653
-5352
-6100
-5777
-5038
-3677
-1921
-344
1102
2300
3501
4408
4412
3666
2155
167
-2001
-4270
-6036
-7158
-7152
-5907
-3846
-1304
1088
3218
4542
4471
2904
253
-2525
-4923
-6547
-7337
-7103
-5700
-3408
-664
1659
3290
3910
3633
2928
1928
1203
627
251
23
-273
-294
-417
-580
-900
-1523
-1953
-2168
-1799
-951
472
2962
5974
8726
10233
10416
9651
7746
4982
1641
-1670
-4494
-6533
-7076
-6271
-4725
-3060
-1532
147
1715
3077
4191
4677
4500
3412
1654
-522
-3089
-5300
-6966
-7625
-7174
-5779
-3236
-326
2549
4457
4781
3688
1363
-1158
-3559
-5400
-6520
-6871
-6102
-4417
-1964
413
2256
3462
3943
3720
2651
1473
668
287
84
-318
-537
-597
-587
-708
-1318
-1943
-2413
-2350
-1623
-305
2184
5172
7882
9653
10422
10778
9760
6995
2925
-1256
-4088
-5747
-6214
-5855
-5048
-3600
-2034
-310
1342
2771
4102
4559
4285
3528
2301
692
-1866
-4607
-6787
-7896
-7442
-6108
-3821
-1117
1572
3858
4570
3808
1730
-678
-2800
-4835
-6278
-7143
-6935
-5498
-3219
-430
1838
3350
3955
3679
3005
1836
827
186
-214
-333
-503
-303
-286
-660
-1175
-1946
-2263
-2359
-1953
-824
1154
4118
6910
9288
10813
11259
10352
7749
4095
39
-3372
-5914
-7285
-7220
-6134
-4423
-2409
-278
1393
2667
3833
4835
5143
4649
3431
1404
-1178
-4133
-6570
-7935
-7786
-6336
-4206
-1556
1048
3499
4993
4928
3246
400
-2471
-5042
-6699
-7382
-7034
-5582
-3409
-709
1666
3458
4302
4013
2960
1605
549
-276
-906
-1288
-1170
-585
41
126
-364
-1017
-1582
-1668
-1680
-1383
-461
1503
4443
7061
9117
10173
10345
9227
6452
2839
-923
-3727
-5466
-6074
-5700
-4725
-3202
-1590
-203
909
2032
3389
4464
4698
4131
2732
854
-1630
-4265
-6404
-7654
-7333
-6130
-4187
-2067
352
2852
4168
4124
2462
284
-2192
-4599
-6351
-7312
-6802
-5321
-2900
-292
1861
3352
3813
3616
2798
1851
1106
423
-131
-585
-608
-146
231
212
-504
-1396
-1982
-2166
-1746
-705
1569
4588
7405
9312
10267
10629
9645
6979
3029
-1041
-4279
-6444
-7236
-6800
-5563
-3892
-2084
-339
1174
2558
4042
5131
5257
4262
2323
-5
-2407
-4407
-5999
-7214
-7465
-6444
-4081
-1246
1473
3608
4497
4082
2393
174
-2260
-4608
-6389
-7370
-7014
-5392
-2812
-137
1896
3328
4141
4279
3532
2094
522
-722
-1236
-1083
-589
-134
20
-247
-978
-1692
-1956
-1839
-1535
-682
1432
4432
7277
9327
10702
11209
9969
6914
2953
-719
-3602
-5685
-6684
-6552
-5466
-3806
-2059
-385
1062
2417
3650
4406
4672
4299
3231
1198
-1759
-4866
-7310
-8232
-7560
-5839
-3796
-1757
590
3040
4588
4399
2624
140
-2332
-4577
-6217
-7010
-6785
-5466
-3289
-515
2034
3784
4415
3900
2769
1434
522
-5
-444
-786
-871
-233
582
815
92
-1079
-1770
-2130
-2256
-1803
26
3109
6122
8381
9813
10532
9988
7589
4085
461
-2496
-4730
-6405
-6997
-6494
-4722
-2292
-68
1589
2537
3532
4316
4610
4114
2840
1172
-1115
-3546
-5754
-7004
-7010
-6039
-4284
-2168
367
2828
4479
4694
3387
1160
-1529
-4166
-6283
-7474
-7499
-6249
-3826
-852
1708
3237
3822
3749
3183
2192
1124
220
-601
-1207
-1334
-821
-179
28
-305
-843
-1085
-1172
-1205
-977
311
2930
5860
8124
9175
9398
8722
6716
3809
621
-2040
-4183
-5718
-6127
-5567
-4234
-2688
-1084
657
2224
3554
4215
4174
3583
2444
1015
-901
-3078
-5067
-6416
-6685
-6085
-4611
-2451
96
2535
3949
4005
2730
704
-1498
-3707
-5486
-6550
-6517
-5377
-3528
-1257
956
2873
4164
4525
3906
2477
972
-43
-518
-728
-828
-685
-302
51
1
-565
-1362
-1971
-2205
-1929
-704
1697
4692
7264
9029
10179
10295
8641
5261
1352
-1820
-3994
-5363
-5953
-5712
-4688
-3120
-1425
-31
975
2032
3304
4229
4291
3472
2169
469
-1724
-4067
-6106
-7173
-6995
-5708
-3582
-1056
1747
4079
5053
4359
2302
-274
-3046
-5434
-6855
-7110
-6170
-4363
-1939
504
2458
3757
4135
3502
2162
892
213
-222
-862
-1495
-1597
-994
-247
17
-215
-785
-1299
-1556
-1156
555
3150
5780
7788
9166
10022
9410
6975
3430
-212
-3021
-5047
-6123
-6027
-5192
-3759
-2209
-684
866
2255
3759
4664
4632
3970
2724
1186
-1225
-4170
-6724
-8141
-7677
-5996
-3551
-878
1718
4067
5235
4859
2897
95
-2870
-5508
-7109
-7524
-6784
-5116
-2596
245
2579
4072
4636
4379
3423
2159
997
5
-975
-1801
-2013
-1421
-385
83
-238
-963
-1485
-1298
-852
338
2227
4388
6563
8024
9276
9327
7603
4622
692
-2457
-4795
-5951
-5875
-5491
-4245
-2720
-784
1139
2372
3613
4314
4507
3866
2421
821
-1177
-3270
-5346
-6698
-6775
-5618
-3553
-1202
1328
3480
4725
4518
2909
617
-2044
-4533
-6476
-7553
-7420
-6165
-3801
-893
1577
3469
4689
5331
4929
3040
843
-983
-1859
-2164
-2203
-1692
-1138
-458
-237
-179
-364
-614
-466
295
2330
4353
6179
7270
8131
8606
7253
4761
1349
-1377
-3421
-5099
-5695
-5504
-4145
-2508
-1047
442
1830
3412
4449
4388
3616
2324
901
-1019
-3531
-5827
-7442
-7429
-5985
-3694
-1050
1339
3747
5179
5144
3551
886
-1750
-4443
-6480
-7653
-7658
-6390
-4371
-1468
1470
3946
5475
5751
5180
3752
2123
639
-700
-1807
-2694
-2802
-2070
-1102
-570
-519
-580
-324
46
883
2731
4689
6302
6931
7485
7863
6823
4484
994
-1857
-3861
-5011
-5331
-5295
-4500
-3214
-1357
395
1857
3177
4178
4450
3678
2302
519
-1366
-3525
-5606
-7065
-7222
-5731
-3382
-841
1423
3674
5291
5401
3789
1052
-1513
-3898
-6022
-7546
-7811
-6579
-4475
-1885
607
2878
4776
5793
5570
4226
2343
639
-536
-1383
-2007
-2330
-2088
-1468
-943
-659
-474
-146
86
71
752
2732
5297
7342
8106
8105
7508
5808
3073
-189
-2806
-4609
-5546
-5466
-4891
-3783
-2234
-347
1353
2644
3689
4223
4149
3212
1692
-225
-2391
-4613
-6658
-7669
-7365
-5559
-2839
-79
2563
4756
6106
5767
3718
833
-2225
-4848
-6858
-8086
-8201
-7102
-4654
-1459
1540
4058
5727
6496
6148
4694
2731
590
-1123
-2403
-2943
-2631
-2059
-1435
-1191
-945
-530
202
1037
1908
3435
4987
6501
7450
7887
7503
5381
2401
-1026
-3528
-5113
-6090
-5877
-5043
-3279
-1424
45
1308
2303
3654
4605
4504
3498
1747
-228
-2458
-4765
-6571
-7431
-6774
-4861
-2379
218
2581
4701
6020
5712
3934
1319
-1496
-4366
-7008
-8532
-8514
-6867
-4355
-1571
1106
3399
5156
5970
5802
4484
2683
946
-401
-1551
-2516
-2768
-2496
-2042
-1927
-1574
-924
-116
473
1368
3376
5485
7320
8311
8799
8152
5749
2611
-699
-3301
-5302
-6552
-6542
-5622
-3960
-1737
387
2067
3063
3808
4469
4262
3450
1904
-47
-2218
-4706
-6568
-7703
-7392
-5664
-3187
-303
2222
4475
5790
5692
4118
1541
-1199
-3988
-6252
-7675
-7845
-6798
-4760
-2071
665
3097
4600
5322
5316
4577
3396
2121
879
-642
-2012
-2708
-2675
-2326
-2133
-2067
-1648
-784
406
2315
4624
6604
7651
8101
8243
7179
4899
1718
-1441
-3845
-5756
-6733
-6615
-5358
-3533
-1750
191
2038
3794
5241
5743
5096
3408
1136
-1335
-3895
-6124
-7618
-7920
-6905
-4935
-2223
741
3600
5645
6360
5604
3519
817
-2135
-4785
-6876
-7957
-7695
-6292
-4035
-1529
1088
3403
4961
5469
5051
4191
3032
1795
422
-848
-1837
-2451
-2604
-2567
-2228
-1703
-1078
-387
367
1895
4124
6314
7683
7982
7754
6615
4453
1614
-1250
-3192
-4590
-5432
-5665
-5312
-4131
-2576
-436
1866
3713
4844
4816
4189
3110
1620
-399
-3112
-5539
-7036
-7232
-6359
-4929
-2912
-508
2210
4600
5721
5278
3454
1082
-1403
-3680
-5377
-6486
-6693
-5913
-4181
-1869
359
2284
3620
4320
4476
4067
3291
2103
738
-330
-1149
-1533
-1754
-2090
-2320
-2357
-1614
-640
440
2077
3884
5682
6710
7476
8105
7634
5685
2238
-1271
-4042
-5870
-6511
-6297
-5301
-3768
-1919
184
2162
3848
4965
5236
4798
3525
1601
-825
-3487
-5804
-7386
-7713
-6646
-4512
-1916
724
3161
4862
5174
4101
2188
0
-2099
-4142
-5879
-6854
-6512
-4924
-2830
-877
642
2005
3240
4016
4007
3438
2695
1923
1128
127
-871
-1576
-1809
-1795
-1745
-1581
-1175
-373
790
2301
3962
5474
6622
7376
7393
6348
4348
1945
-348
-2593
-4533
-5768
-5839
-5097
-4087
-2767
-1078
1104
3102
4448
4928
4566
3617
1831
-517
-3127
-5466
-7019
-7524
-6727
-4844
-2107
881
3323
4510
4343
3434
2121
324
-2009
-4245
-5660
-6062
-5635
-4483
-2689
-538
1443
2835
3665
3991
3951
3400
2423
1331
322
-279
-764
-1150
-1551
-1877
-1751
-1360
-782
-330
659
2452
4389
5903
6700
7297
7049
5405
2803
271
-1454
-3049
-4601
-5560
-5444
-4308
-2906
-1514
-8
1579
3107
4070
4274
3889
2783
1030
-1399
-4060
-6157
-7192
-6688
-5072
-3023
-827
1346
3401
4496
4083
2580
544
-1416
-3236
-4579
-5112
-5053
-4389
-3340
-1786
59
1763
3107
3565
3326
2704
2121
1628
775
-77
-620
-659
-544
-789
-915
-961
-801
-456
135
1620
3286
4802
5777
6379
6963
6436
4693
1866
-788
-2403
-3481
-3947
-4108
-3727
-3139
-2705
-1913
-566
1302
2940
3756
3816
3213
1901
-77
-2543
-4893
-6403
-6585
-5422
-3718
-1879
137
2313
3923
4136
3002
1152
-750
-2607
-4099
-5007
-5218
-4703
-3637
-1983
-147
1584
2927
3567
3440
2750
2129
1783
1349
448
-580
-1170
-1257
-1131
-1037
-685
-203
96
249
507
1524
3064
4638
5797
6082
5896
5070
3654
1742
-522
-2228
-3531
-4227
-4343
-3918
-2738
-1664
-624
329
1361
2483
2974
3037
2475
1393
-228
-2351
-4218
-5460
-5547
-4589
-3088
-1416
237
2082
3565
3840
2671
758
-903
-2247
-3505
-4635
-5305
-5101
-4135
-2513
-519
1306
2826
3736
4140
3982
3100
1948
483
-825
-1722
-2084
-1657
-1298
-1003
-877
-666
36
875
2255
3641
4722
5338
5456
5666
5303
4169
2238
-20
-1791
-3169
-3754
-3596
-2911
-2124
-1795
-1390
-581
696
2040
2857
3208
2764
1453
-392
-2253
-3506
-4426
-5009
-4905
-4003
-2240
-268
1572
2956
3305
2731
1362
-224
-1756
-3324
-4458
-5086
-4947
-4085
-2859
-1333
32
1375
2760
3901
4494
4042
2921
1556
361
-409
-936
-1172
-1423
-1614
-1461
-850
71
697
1114
1738
2884
4268
5304
5804
5599
4660
3036
1267
-165
-1358
-2659
-3935
-4427
-3852
-2560
-1234
-91
990
1910
2559
2746
2499
1789
622
-788
-2402
-4023
-5316
-5700
-4847
-3131
-1084
841
2407
3385
3549
2897
1643
11
-1810
-3625
-5090
-5811
-5651
-4614
-2957
-957
1055
2641
3551
3713
3426
2949
2317
1400
56
-1293
-2101
-2129
-1651
-1157
-663
-143
441
1083
1836
2882
3866
4495
4693
4634
4419
3706
2493
983
-428
-1537
-2392
-2861
-2992
-2708
-2064
-1105
138
1232
1996
2299
2312
2105
1402
247
-1334
-2941
-4236
-4932
-4701
-3727
-2305
-756
777
2151
2944
2835
1892
446
-1118
-2518
-3618
-4327
-4697
-4539
-3654
-2223
-624
697
1846
2882
3594
3746
3174
2215
1061
-78
-940
-1406
-1342
-1094
-952
-949
-894
-393
577
1892
3193
4074
4480
4536
4539
4409
3760
2459
711
-927
-2111
-2788
-3008
-2890
-2464
-1860
-1142
-226
895
2012
2641
2509
1827
931
-119
-1514
-3096
-4242
-4448
-3851
-2970
-1959
-652
890
2135
2624
2492
2022
1201
-231
-2108
-3794
-4804
-5009
-4632
-3777
-2501
-945
750
2274
3409
3975
3910
3271
2082
680
-536
-1284
-1678
-2010
-2095
-1694
-790
106
643
1219
2296
3815
4895
4997
4469
3912
3530
2784
1401
-293
-1705
-2446
-2664
-2494
-1998
-1283
-557
-5
629
1545
2354
2422
1561
446
-319
-902
-1850
-3284
-4476
-4697
-3817
-2283
-722
561
1479
2025
2139
1696
750
-531
-1886
-3052
-3875
-4234
-4165
-3683
-2893
-1888
-605
920
2473
3480
3625
3177
2630
2141
1344
132
-1131
-1868
-1819
-1195
-444
86
450
958
1871
2932
3764
4212
4314
4164
3581
2624
1455
277
-691
-1407
-1695
-1646
-1423
-1153
-992
-841
-663
-334
171
677
1151
1381
1104
109
-1396
-2662
-3285
-3387
-3291
-2939
-1963
-528
744
1321
1281
984
482
-264
-1154
-1845
-2173
-2347
-2483
-2568
-2424
-2015
-1403
-533
484
1481
2179
2462
2487
2315
1996
1423
618
-210
-894
-1215
-1199
-908
-399
246
1070
1988
2984
3918
4469
4471
3869
2870
1654
383
-616
-1172
-1314
-1342
-1436
-1474
-1392
-1107
-547
352
1340
1865
1728
1077
212
-763
-1786
-2516
-2804
-2823
-2846
-2790
-2182
-929
469
1283
1231
704
148
-257
-720
-1439
-2201
-2727
-2806
-2498
-1988
-1388
-787
-162
461
993
1297
1338
1308
1369
1542
1599
1388
935
334
-234
-616
-515
47
762
1371
1822
2411
2982
3279
3120
2650
2139
1383
531
-222
-571
-673
-918
-1108
-1133
-853
-652
-570
-214
350
836
692
80
-479
-790
-890
-1230
-1873
-2516
-2790
-2384
-1591
-701
144
821
1166
818
39
-643
-1019
-1300
-1825
-2253
-2224
-1722
-1016
-396
157
476
608
721
823
851
618
372
330
392
468
548
744
913
849
680
640
735
865
1006
1293
1750
2130
2360
2291
1961
1525
949
327
-515
-1240
-1331
-818
-81
180
146
105
65
29
-141
-150
-213
-515
-915
-1267
-1306
-1293
-1238
-1142
-1147
-1113
-1040
-707
-264
0
112
-89
-498
-1020
-1435
-1517
-1543
-1595
-1630
-1360
-684
6
484
641
707
808
810
657
418
325
308
238
125
139
497
977
1346
1502
1592
1836
2079
2107
1820
1518
1421
1320
1054
620
305
83
-232
-576
-843
-858
-729
-410
91
514
673
396
-12
-363
-658
-892
-1278
-1698
-2066
-2223
-1938
-1276
-342
423
692
570
268
9
-379
-896
-1264
-1455
-1634
-1978
-2058
-1418
-268
679
837
514
312
532
899
858
418
-57
-229
-196
-299
-433
-347
100
718
1219
1633
1930
2062
2022
1848
1661
1419
1113
852
659
502
300
82
-56
-161
-223
-208
-78
101
86
-96
-248
-183
79
238
177
-145
-677
-1287
-1794
-1955
-1845
-1601
-1223
-629
132
664
789
646
335
-164
-905
-1596
-1930
-1916
-1738
-1576
-1369
-1070
-706
-274
133
494
785
1049
1289
1321
1055
514
-67
-422
-497
-322
-37
357
863
1355
1771
2062
2280
2331
2055
1562
1077
776
490
5
-523
-812
-664
-263
82
269
331
477
666
683
442
0
-330
-431
-419
-516
-906
-1459
-1941
-2048
-1662
-1045
-549
-388
-350
-103
322
650
586
166
-404
-994
-1473
-1784
-1803
-1557
-1234
-911
-580
-81
471
760
681
486
616
982
1115
735
76
-336
-396
-269
-84
223
736
1185
1359
1348
1483
1894
2217
2041
1316
502
26
-159
-273
-428
-429
-245
-141
-191
-179
258
938
1272
982
301
-173
-301
-382
-693
-1223
-1607
-1686
-1543
-1339
-1184
-1017
-840
-589
-174
339
729
632
15
-761
-1299
-1458
-1464
-1430
-1300
-1010
-636
-368
-151
135
491
767
820
730
552
354
254
345
616
828
831
682
574
671
954
1349
1696
1933
2068
1987
1599
962
432
322
495
508
4
-831
-1501
-1556
-838
269
1087
1063
284
-530
-784
-546
-334
-444
-734
-1089
-1551
-2087
-2418
-2274
-1752
-1125
-646
-373
-202
-38
159
242
130
-117
-374
-565
-760
-907
-910
-755
-521
-302
-36
297
713
1175
1562
1727
1510
1054
672
520
490
407
338
406
673
1124
1607
1905
1831
1551
1411
1506
1572
1239
498
-388
-1065
-1286
-1115
-839
-739
-728
-507
-76
257
220
-41
-255
-441
-721
-1074
-1283
-1325
-1403
-1583
-1678
-1436
-950
-526
-348
-358
-403
-488
-643
-801
-810
-570
-207
41
-31
-409
-794
-801
-325
329
809
1004
980
822
652
633
768
838
701
527
608
978
1422
1735
1805
1629
1388
1317
1403
1334
920
416
128
13
-124
-252
-221
-67
55
97
52
-185
-576
-815
-705
-476
-431
-507
-514
-523
-735
-1084
-1378
-1551
-1626
-1523
-1166
-746
-552
-647
-885
-1151
-1355
-1364
-1077
-607
-186
66
195
291
367
353
212
30
-14
173
495
753
802
635
382
264
446
872
1302
1571
1680
1688
1611
1463
1297
1153
1033
943
889
770
450
50
-136
-20
125
24
-234
-368
-313
-239
-224
-193
-128
-159
-392
-735
-1012
-1141
-1156
-1077
-900
-665
-486
-518
-842
-1295
-1539
-1342
-905
-666
-768
-947
-940
-795
-690
-628
-484
-227
37
277
483
612
654
655
639
529
306
123
152
378
644
853
999
1099
1180
1241
1264
1256
1263
1304
1301
1155
918
743
676
599
448
276
125
-42
-229
-330
-296
-211
-180
-245
-353
-444
-540
-727
-1026
-1302
-1350
-1110
-732
-457
-415
-552
-775
-1022
-1202
-1221
-1073
-843
-671
-697
-923
-1120
-1018
-659
-374
-341
-349
-82
504
1112
1418
1361
1077
744
491
391
435
535
575
484
380
515
977
1528
1828
1766
1492
1193
927
653
358
99
-39
-43
10
51
74
108
163
196
189
142
-18
-384
-874
-1231
-1262
-1052
-868
-880
-1017
-1082
-975
-753
-586
-600
-754
-871
-807
-627
-529
-612
-751
-772
-636
-452
-325
-281
-271
-203
-32
240
540
737
759
682
680
845
1069
1121
896
557
387
492
726
867
830
708
624
650
800
1025
1205
1181
856
297
-244
-493
-352
-20
166
70
-150
-251
-185
-122
-167
-237
-253
-292
-496
-876
-1238
-1356
-1155
-770
-458
-421
-623
-843
-885
-746
-578
-514
-564
-622
-589
-477
-386
-427
-571
-643
-502
-183
140
338
405
414
425
463
533
608
646
648
678
779
912
1012
1061
1075
1022
871
691
586
578
627
697
783
867
880
802
667
479
202
-137
-382
-405
-281
-225
-370
-617
-727
-570
-312
-259
-533
-904
-1033
-863
-701
-842
-1187
-1381
-1224
-898
-733
-834
-1003
-991
-737
-373
-81
67
90
37
-6
31
128
133
-45
-264
-270
8
413
757
959
1006
916
780
743
880
1080
1144
1005
739
462
273
243
405
636
723
542
205
-13
25
232
409
434
338
213
120
50
-28
-142
-285
-432
-560
-626
-574
-394
-198
-149
-292
-512
-674
-767
-862
-964
-970
-801
-554
-429
-515
-678
-692
-486
-208
-40
-30
-91
-150
-176
-148
-58
50
81
3
-50
98
431
702
692
449
270
364
660
911
972
883
770
659
499
312
229
336
526
566
338
-25
-232
-127
173
411
414
248
72
-46
-147
-295
-474
-638
-751
-817
-810
-661
-370
-62
67
-46
-260
-351
-219
-1
64
-161
-573
-913
-954
-716
-417
-267
-278
-280
-129
154
390
469
438
387
329
188
-42
-241
-259
-89
140
312
430
586
789
968
1024
932
759
545
292
15
-226
-341
-310
-187
-33
105
181
162
65
-8
76
315
487
359
-62
-504
-665
-514
-296
-268
-383
-385
-121
242
339
45
-421
-730
-743
-582
-451
-432
-472
-457
-320
-104
83
149
64
-77
-158
-151
-130
-155
-195
-185
-99
42
232
495
758
833
589
153
-170
-176
64
297
336
209
38
-82
-93
68
418
832
1080
996
631
218
-35
-97
-112
-219
-408
-546
-516
-337
-134
29
214
457
644
565
155
-379
-748
-814
-667
-472
-304
-169
-93
-86
-107
-88
16
157
252
260
187
54
-146
-390
-633
-801
-826
-719
-522
-306
-138
-7
140
368
648
818
732
403
16
-218
-232
-136
-62
-24
53
282
656
959
955
610
214
119
317
433
144
-396
-742
-625
-219
111
201
128
43
29
95
200
242
124
-122
-358
-481
-516
-553
-575
-467
-215
35
130
67
-43
-121
-193
-266
-246
-62
186
291
129
-188
-417
-387
-169
45
138
132
133
169
158
33
-131
-167
-19
183
265
226
222
320
371
241
16
-54
164
468
534
297
19
-38
76
100
-46
-133
63
435
591
299
-254
-608
-492
-55
344
452
227
-186
-536
-554
-152
385
584
230
-397
-804
-763
-436
-103
80
80
-49
-216
-274
-147
52
118
-57
-350
-518
-427
-173
40
93
2
-109
-148
-152
-206
-333
-437
-354
-54
300
496
445
243
52
9
160
422
621
571
295
33
12
237
472
480
236
-95
-294
-229
103
568
943
1010
724
226
-258
-552
-610
-481
-264
-38
115
135
30
-137
-270
-316
-319
-359
-479
-636
-699
-554
-230
101
256
206
95
62
107
125
47
-93
-231
-313
-293
-146
68
214
189
23
-148
-214
-143
28
212
327
341
293
273
303
309
228
81
-35
-50
15
68
49
-30
-134
-183
-119
52
228
270
133
-74
-187
-112
122
397
542
411
-14
-537
-823
-644
-118
361
474
226
-80
-157
-11
74
-129
-474
-605
-367
6
133
-61
-245
-103
268
462
268
-118
-368
-361
-245
-221
-297
-325
-222
-45
91
156
188
137
-48
-207
11
680
1288
1145
190
-821
-1075
-476
335
703
517
150
5
131
296
296
170
107
130
103
-67
-288
-386
-293
-89
95
177
165
106
63
61
34
-85
-294
-508
-606
-559
-446
-330
-240
-152
-39
75
133
107
89
200
446
631
525
142
-222
-295
-106
81
98
62
120
177
22
-312
-484
-258
158
332
125
-174
-226
-3
309
529
528
230
-254
-553
-352
174
481
283
-147
-320
-142
59
-14
-303
-516
-473
-199
164
443
494
293
27
-86
-8
93
86
13
-42
-142
-351
-542
-475
-107
273
320
-1
-387
-494
-235
196
557
692
561
216
-207
-518
-585
-421
-149
92
198
134
-48
-224
-259
-137
21
92
80
111
276
484
511
240
-166
-345
-88
382
601
319
-230
-508
-205
460
935
827
283
-178
-182
177
436
258
-218
-566
-532
-264
-54
8
23
68
89
40
-34
-107
-255
-517
-712
-617
-245
100
130
-137
-402
-429
-269
-95
25
174
367
454
304
-12
-252
-262
-134
-61
-104
-153
-79
108
261
242
99
11
72
181
200
128
110
228
378
400
265
93
3
37
103
74
-96
-281
-253
60
422
455
54
-454
-616
-309
123
260
25
-285
-350
-143
111
194
85
-98
-209
-168
-11
107
44
-160
-300
-207
29
133
-57
-396
-532
-269
226
574
531
207
-43
-28
114
134
-39
-210
-178
8
114
8
-175
-216
-45
150
129
-111
-329
-276
38
353
436
296
134
93
134
122
5
-133
-136
25
207
258
165
79
141
304
430
440
334
161
-86
-365
-526
-407
-32
306
313
-10
-340
-365
-110
125
145
50
13
39
-46
-359
-730
-871
-713
-432
-238
-116
59
274
376
239
-27
-182
-160
-98
-102
-77
135
455
558
258
-258
-567
-405
110
626
838
652
177
-331
-556
-360
78
388
336
36
-226
-294
-216
-72
124
336
448
372
172
19
-31
-93
-266
-436
-397
-138
108
102
-123
-294
-211
25
179
138
17
7
122
232
247
198
160
145
99
-4
-86
-95
-48
-18
-51
-73
26
208
282
96
-234
-384
-178
175
262
-35
-407
-524
-369
-194
-129
-75
3
-75
-392
-667
-467
242
948
1097
621
-28
-379
-299
56
429
598
437
26
-317
-272
133
498
486
156
-130
-113
86
191
105
-47
-136
-162
-165
-153
-141
-179
-312
-452
-440
-225
78
292
338
245
30
-352
-801
-992
-660
49
599
557
41
-370
-258
204
513
383
14
-227
-220
-125
-98
-129
-121
-55
-22
-33
-5
109
216
192
71
6
66
177
222
161
71
53
129
272
393
361
157
-66
-111
65
292
329
133
-97
-192
-148
-88
-85
-72
12
114
119
22
-84
-135
-124
-83
-48
-17
-43
-161
-280
-263
-75
138
187
31
-181
-279
-249
-124
47
177
219
157
-4
-175
-248
-232
-170
-62
32
48
60
129
178
124
-62
-310
-403
-207
135
352
303
33
-223
-218
58
392
555
459
159
-173
-361
-331
-132
129
322
343
207
31
-66
-25
121
212
97
-135
-251
-178
-24
65
17
-96
-123
-75
-52
-35
22
67
-10
-254
-517
-517
-168
193
182
-161
-465
-414
-37
289
271
33
-118
-53
103
148
26
-111
-94
45
180
208
129
48
35
89
175
237
242
160
-11
-143
-55
272
598
627
313
-101
-334
-329
-200
-5
229
359
217
-160
-451
-328
99
369
202
-204
-391
-161
168
160
-196
-468
-321
124
378
130
-367
-601
-395
-13
162
32
-118
-32
200
320
212
-43
-256
-305
-230
-113
-19
3
-29
-10
111
237
213
7
-208
-195
70
348
420
288
40
-234
-454
-510
-277
171
520
542
334
157
115
74
-94
-271
-241
-30
73
-85
-309
-300
14
381
554
535
432
279
11
-318
-530
-484
-243
-38
-5
-85
-161
-216
-297
-359
-236
165
644
825
516
-60
-502
-593
-419
-212
-81
0
67
95
60
3
-6
44
115
159
156
102
8
-74
-81
2
105
145
112
56
29
48
88
86
7
-101
-127
-4
195
293
153
-113
-229
-66
227
325
60
-348
-523
-288
118
283
37
-379
-554
-300
180
501
432
47
-352
-481
-288
32
225
203
86
27
32
16
-30
0
153
290
218
-47
-237
-140
130
259
111
-102
-105
98
248
180
15
-23
99
180
64
-145
-217
-70
145
194
-8
-321
-544
-535
-280
89
360
362
116
-147
-207
-38
150
141
-62
-273
-327
-207
-28
104
157
123
9
-154
-267
-215
3
249
366
311
166
31
-84
-205
-285
-247
-93
79
192
251
277
225
35
-193
-276
-140
68
132
20
-97
-90
-2
52
41
66
175
287
325
281
208
111
-56
-242
-275
-46
353
640
589
265
-92
-293
-336
-299
-208
-63
90
146
52
-141
-334
-481
-589
-568
-318
98
435
463
187
-170
-402
-480
-461
-334
-76
190
255
52
-189
-173
154
528
664
518
246
-7
-215
-364
-388
-235
26
245
294
181
16
-109
-103
82
349
470
271
-145
-421
-300
87
341
194
-208
-450
-293
120
411
339
-7
-318
-363
-184
-3
7
-100
-160
-98
24
107
102
54
23
57
167
273
227
-39
-369
-485
-288
-2
117
77
97
292
483
404
59
-261
-314
-125
118
254
231
52
-210
-400
-358
-114
105
118
0
2
200
353
204
-156
-374
-263
-32
3
-159
-232
-34
261
364
230
52
-4
17
-4
-81
-157
-205
-246
-253
-141
111
359
426
267
5
-192
-248
-167
-8
126
131
-8
-151
-139
37
207
175
-27
-186
-149
47
249
336
303
179
-52
-366
-615
-576
-208
286
608
598
384
173
29
-97
-219
-257
-199
-128
-112
-120
-60
92
217
189
43
-93
-150
-152
-121
-82
-76
-125
-210
-291
-283
-147
-14
-14
-124
-210
-156
35
221
248
127
-29
-156
-223
-188
-54
105
191
164
109
165
338
474
465
335
121
-125
-263
-163
129
392
412
223
110
210
306
178
-61
-140
11
169
93
-147
-222
-2
237
203
-47
-260
-263
-119
-38
-103
-207
-218
-132
-29
-32
-234
-541
-690
-506
-113
181
191
-13
-219
-283
-227
-131
-39
7
-35
-121
-181
-177
-99
48
243
408
409
177
-141
-293
-164
103
301
364
360
333
230
30
-193
-322
-295
-97
255
650
827
546
-90
-574
-451
176
697
579
-86
-654
-583
46
656
770
417
-10
-183
-110
-1
9
-56
-128
-185
-214
-156
14
181
173
-35
-232
-234
-81
17
-66
-211
-258
-225
-258
-378
-443
-329
-78
149
247
216
96
-95
-303
-388
-292
-136
-101
-174
-137
137
455
450
34
-364
-250
331
788
613
-44
-535
-387
181
531
332
-134
-355
-76
464
778
598
74
-387
-477
-209
162
336
197
-142
-464
-553
-318
124
498
565
314
-53
-264
-228
-126
-133
-204
-189
-42
103
67
-126
-218
-27
302
468
346
100
-29
-10
-28
-205
-409
-409
-146
201
399
385
220
5
-180
-249
-143
94
294
255
-22
-323
-455
-397
-240
-118
-63
6
130
228
173
-72
-388
-552
-436
-155
50
92
50
-1
-45
-97
-128
-37
204
435
463
279
33
-141
-194
-156
-62
115
378
580
557
362
156
34
12
30
27
59
178
279
264
166
32
-132
-250
-247
-111
122
286
193
-94
-333
-382
-276
-128
-56
-116
-222
-260
-153
124
417
437
78
-415
-671
-518
-139
94
-7
-251
-301
-48
292
439
290
-21
-261
-335
-310
-234
-116
-3
23
-72
-223
-286
-193
-39
49
83
176
306
304
93
-195
-308
-158
62
117
4
-75
17
224
403
468
482
517
534
407
111
-211
-340
-145
262
581
575
302
47
-10
32
-38
-224
-266
-2
338
356
-43
-520
-650
-390
-73
10
-110
-194
-129
-19
30
16
-9
-53
-188
-392
-505
-393
-90
228
378
299
61
-218
-385
-300
26
421
620
445
-15
-475
-698
-637
-368
-2
350
559
511
241
-54
-199
-185
-137
-113
-30
169
327
212
-168
-489
-429
-44
281
242
-69
-288
-204
63
240
184
-3
-127
-110
-4
87
120
107
91
127
215
271
190
-37
-231
-176
139
438
436
157
-66
18
298
436
234
-135
-364
-324
-133
32
114
143
139
82
-13
-96
-147
-213
-322
-381
-257
28
280
273
-36
-425
-628
-551
-282
15
239
372
413
329
93
-234
-477
-473
-240
8
90
22
-15
127
355
418
186
-224
-492
-367
79
491
528
161
-252
-338
-81
203
212
-46
-278
-232
50
334
400
227
-7
-133
-112
-15
50
12
-129
-282
-313
-125
194
436
464
314
167
129
122
33
-160
-351
-372
-141
221
454
386
71
-191
-152
102
258
134
-109
-136
121
354
223
-294
-824
-950
-592
-39
302
215
-152
-396
-254
145
401
211
-266
-569
-450
-98
103
7
-184
-181
77
390
528
428
200
-40
-232
-335
-272
17
417
694
676
387
0
-337
-473
-294
130
495
482
131
-172
-122
144
254
85
-140
-221
-176
-131
-92
22
150
124
-75
-284
-357
-323
-260
-155
23
184
205
105
33
66
120
106
46
-8
-90
-220
-296
-195
65
287
294
122
-60
-110
-20
110
195
202
135
21
-87
-132
-131
-124
-139
-138
-52
109
239
233
105
-34
-81
-79
-130
-229
-295
-274
-207
-160
-108
21
233
428
462
269
-85
-363
-353
-85
185
202
-12
-224
-272
-175
-13
163
282
275
147
-4
-49
58
187
179
10
-198
-240
-91
60
34
-104
-141
-38
65
71
62
169
338
351
112
-233
-453
-427
-234
-13
182
338
417
340
116
-72
-42
116
75
-274
-589
-452
77
472
371
2
-187
-79
75
59
-78
-208
-279
-242
-78
111
98
-184
-426
-290
125
356
127
-289
-425
-178
152
239
83
-79
-38
186
368
291
-10
-252
-174
165
439
406
166
-3
28
117
8
-289
-475
-277
238
660
636
227
-200
-345
-191
87
296
286
57
-201
-228
26
294
247
-146
-560
-633
-284
221
439
133
-464
-812
-581
28
475
429
12
-410
-556
-382
-48
240
363
346
277
180
35
-155
-331
-415
-382
-221
68
398
569
459
153
-111
-165
-76
-8
39
180
382
427
158
-296
-586
-496
-116
303
536
450
112
-232
-320
-101
153
141
-88
-217
-85
118
126
-42
-133
-32
105
123
68
92
186
163
-48
-293
-384
-259
-23
143
153
40
-86
-76
74
190
129
-81
-267
-274
-124
45
117
40
-121
-174
-40
173
252
96
-131
-206
-116
-17
-6
-49
-64
-25
-3
-30
-26
92
307
461
358
24
-258
-253
-55
38
-105
-255
-134
182
373
312
202
232
300
202
-69
-284
-251
-72
-6
-138
-322
-380
-257
-19
207
305
232
16
-197
-239
-100
74
158
64
-193
-455
-539
-322
118
495
598
457
215
-47
-281
-405
-323
-63
148
143
17
-46
-15
-10
-95
-138
16
280
405
305
144
86
127
144
74
-33
-135
-280
-411
-296
159
683
769
194
-612
-962
-610
51
411
265
-81
-263
-197
-35
68
87
60
24
-24
-54
-26
34
89
84
7
-64
-70
-35
-7
5
44
96
82
-15
-90
-21
172
307
237
46
-99
-152
-197
-294
-327
-136
216
464
408
94
-246
-411
-378
-227
-24
162
246
201
97
65
154
240
174
-26
-190
-192
-74
39
47
-36
-109
-101
-14
100
188
208
110
-72
-195
-140
10
59
-65
-229
-270
-176
-53
16
55
144
296
394
288
-14
-292
-348
-203
-61
-67
-149
-152
16
287
462
376
33
-355
-495
-262
186
520
459
4
-528
-711
-388
190
607
648
434
179
-69
-345
-552
-500
-152
274
446
232
-154
-377
-279
2
200
199
114
120
208
228
108
-100
-290
-384
-323
-99
158
235
62
-169
-182
83
413
522
284
-129
-401
-354
-124
-3
-68
-153
-97
72
199
200
107
-17
-98
-76
46
184
258
235
93
-162
-359
-317
-99
73
31
-132
-168
-4
189
224
85
-111
-225
-194
-78
27
48
3
-17
47
125
112
26
-15
49
157
183
55
-169
-337
-310
-76
196
282
145
-38
-70
79
248
235
12
-233
-283
-96
167
279
163
-67
-242
-273
-163
41
254
369
282
-12
-332
-438
-275
-16
105
27
-90
-24
224
407
304
-28
-271
-239
-80
-49
-161
-224
-127
55
174
168
96
40
25
30
17
-52
-132
-136
-26
114
150
47
-89
-114
12
180
227
88
-92
-112
8
80
-10
-171
-216
-95
40
42
-38
-36
108
266
272
124
-19
-59
-62
-134
-218
-175
6
160
166
85
57
127
195
170
57
-94
-233
-295
-193
67
285
235
-62
-333
-314
-38
198
154
-76
-238
-206
-44
94
80
-98
-329
-471
-373
-8
425
606
435
127
-24
49
136
12
-255
-341
-96
250
337
91
-224
-282
-23
276
309
77
-167
-191
23
253
249
17
-192
-194
-52
43
-10
-109
-107
-3
56
-13
-101
-91
-15
-20
-188
-412
-463
-199
249
575
532
166
-215
-315
-94
199
288
125
-118
-253
-231
-133
-23
116
286
377
283
77
-40
17
142
139
-23
-158
-100
82
172
81
-125
-297
-318
-179
55
274
374
336
201
20
-176
-360
-482
-483
-336
-76
207
396
420
293
101
-60
-168
-236
-265
-230
-106
58
129
35
-115
-105
140
416
431
97
-351
-552
-350
65
366
370
152
-75
-175
-169
-139
-110
-35
120
295
382
291
8
-343
-552
-477
-180
114
224
157
88
137
252
297
199
46
-74
-159
-238
-296
-268
-126
43
151
227
304
349
270
59
-162
-259
-208
-113
-48
31
176
264
142
-136
-346
-311
-104
17
-76
-206
-133
124
322
240
-113
-463
-518
-223
208
495
491
250
-13
-87
36
192
223
50
-237
-430
-416
-236
9
219
302
278
222
167
101
-12
-169
-263
-165
116
393
463
263
-70
-302
-336
-245
-120
15
141
184
79
-141
-298
-264
-110
-10
-53
-144
-124
52
270
361
265
55
-151
-284
-303
-189
16
181
169
20
-86
-13
158
195
-20
-313
-364
-55
373
520
226
-220
-369
-90
296
381
86
-294
-401
-154
180
275
53
-254
-337
-107
231
398
273
-44
-331
-391
-175
187
445
383
30
-334
-404
-96
321
433
84
-416
-565
-189
380
627
365
-130
-435
-380
-139
31
34
4
101
283
319
93
-207
-281
-75
135
89
-145
-285
-165
72
186
127
42
13
-39
-196
-380
-382
-136
205
441
514
457
244
-128
-488
-556
-221
269
517
342
-57
-297
-183
154
427
437
168
-200
-415
-313
15
263
206
-99
-359
-360
-187
-54
-38
-16
119
290
309
106
-181
-326
-243
-12
187
195
-20
-311
-451
-281
152
592
737
470
-48
-493
-609
-392
-38
203
217
100
28
86
196
200
13
-243
-358
-205
138
394
324
-12
-295
-277
-23
184
141
-74
-213
-138
57
202
224
138
-21
-219
-366
-356
-166
119
327
349
230
72
-51
-131
-174
-150
-49
67
107
47
-49
-119
-120
-38
125
281
265
3
-323
-397
-110
293
429
194
-132
-238
-103
33
7
-86
-61
108
258
250
80
-151
-332
-376
-221
83
324
280
-41
-336
-287
94
460
491
183
-162
-277
-171
-26
3
-72
-157
-188
-121
42
238
337
233
4
-159
-150
-76
-127
-289
-324
-62
337
518
321
-43
-268
-274
-188
-131
-68
73
212
213
98
18
38
32
-151
-422
-488
-178
332
689
682
389
4
-341
-548
-487
-118
357
577
338
-134
-382
-194
204
405
245
