SAMPLES:	11907
BITSPERSAMPLE:	16
CHANNELS:	1
SAMPLERATE:	16000
NORMALIZED:	FALSE
16
17
9
-6
-13
-4
5
9
0
-15
-23
-13
13
42
54
34
-2
-37
-57
-42
-6
35
55
41
11
-18
-31
-30
-10
9
15
10
-6
-17
-14
2
19
29
27
17
5
-9
-22
-31
-35
-27
-10
12
31
36
25
-2
-29
-42
-36
-17
-2
1
-5
-8
1
20
34
31
11
-21
-40
-38
-20
2
16
17
14
18
21
25
18
1
-10
-11
1
18
23
17
4
-10
-13
-5
7
15
10
5
3
3
-7
-19
-32
-24
3
34
49
31
-10
-45
-50
-26
8
30
28
6
-19
-31
-27
-12
-2
4
4
-2
-7
-11
-11
-6
7
16
20
12
-6
-15
-9
-1
3
0
-10
-12
-3
11
21
21
11
-1
-6
-9
-9
-13
-12
-6
0
11
16
14
8
3
4
9
7
-1
-9
-16
-16
-7
4
10
18
27
28
16
-7
-38
-57
-42
-7
32
49
34
5
-22
-25
-14
0
8
11
8
8
5
4
2
-4
-6
-6
-3
-3
-9
-10
-2
9
12
6
-5
-11
-10
-3
7
8
5
-3
-10
-9
0
11
19
21
11
-7
-23
-27
-16
7
31
38
24
-2
-34
-44
-34
-12
13
27
25
7
-18
-33
-37
-19
13
37
44
36
17
-8
-30
-41
-44
-35
-12
14
30
33
24
6
-11
-22
-24
-11
1
9
16
21
27
26
14
-3
-18
-22
-8
12
24
22
13
-4
-15
-21
-17
-5
5
12
8
-7
-16
-10
2
13
15
4
-13
-25
-23
-9
10
20
13
2
-11
-15
-5
7
11
11
6
0
0
1
0
-2
-8
-6
3
12
19
12
-3
-13
-12
-2
9
12
9
7
-3
-8
-9
-10
-4
3
12
11
5
-3
-7
-4
-3
-2
-8
-18
-14
-4
5
12
7
-2
-12
-18
-15
-6
6
10
2
-2
-4
-5
2
2
4
7
11
12
1
-13
-13
-7
6
9
0
-4
-3
13
26
24
13
-9
-27
-31
-18
7
22
29
23
9
-5
-16
-21
-18
-4
11
21
23
12
-6
-22
-27
-14
7
21
18
0
-19
-20
-11
-2
4
2
1
-1
-5
-6
-5
0
4
5
-2
-4
-2
8
13
9
3
1
3
1
-2
-4
-1
4
14
20
14
2
-10
-20
-19
-13
-1
10
17
19
15
6
-8
-20
-24
-12
10
26
27
9
-18
-35
-32
-20
-3
11
10
7
2
2
-1
-5
-9
-9
-5
0
8
10
7
4
2
2
1
-3
-6
-10
-9
-1
10
17
9
1
-5
-5
-3
0
1
-1
-1
0
2
-3
-7
-4
1
3
2
-4
-6
2
12
21
17
4
-5
-7
0
5
-1
-12
-15
-8
7
20
19
6
-8
-17
-15
-4
5
6
6
4
-1
-3
-3
-5
-6
-1
3
7
1
-9
-15
-13
0
19
28
22
4
-11
-20
-17
-15
-10
2
14
23
16
-4
-23
-34
-21
7
32
39
20
-6
-25
-24
-4
15
23
18
5
-7
-10
-13
-10
1
13
23
15
-11
-37
-41
-20
16
39
32
1
-29
-35
-21
8
24
21
7
-8
-12
-4
6
11
3
-8
-12
-7
-2
-2
3
2
-5
-6
-7
-5
-2
-2
-2
5
14
18
13
0
-11
-13
-4
11
20
17
0
-11
-14
-9
-2
4
10
13
10
5
-2
-3
-3
-1
2
3
6
10
10
6
-5
-16
-16
-4
11
20
15
-5
-29
-35
-23
-3
16
22
13
-1
-8
-6
-1
-5
-10
-11
-8
0
9
19
20
15
5
-7
-12
-8
8
25
32
25
2
-26
-38
-36
-15
9
22
20
7
-10
-14
-5
0
-2
-7
-11
-9
-4
0
-2
-7
-5
-1
9
9
1
-8
-15
-12
0
12
11
6
3
7
13
10
5
1
1
3
6
2
-8
-15
-14
-3
13
27
29
25
15
6
5
6
5
1
-6
-16
-26
-29
-26
-10
4
11
2
-13
-24
-26
-22
-15
-14
-14
-14
-11
-4
-1
-1
0
5
14
24
33
34
26
13
0
-2
5
19
33
37
33
22
12
0
-11
-21
-31
-37
-34
-24
-15
-5
5
11
12
14
20
27
27
13
-8
-22
-34
-37
-27
-7
10
26
41
52
61
72
79
72
43
1
-35
-48
-32
-12
3
-9
-51
-100
-137
-138
-106
-66
-29
-15
-22
-39
-52
-50
-28
0
14
12
-4
-26
-38
-39
-37
-35
-35
-23
11
66
126
180
228
243
252
276
291
311
282
204
130
79
62
55
24
-36
-111
-169
-183
-143
-92
-74
-116
-209
-291
-317
-296
-250
-236
-283
-359
-437
-458
-407
-316
-198
-123
-109
-119
-114
-40
92
250
375
450
482
478
481
488
503
527
520
501
473
424
372
306
243
211
203
212
211
170
101
11
-83
-190
-290
-378
-463
-542
-636
-744
-862
-961
-995
-948
-824
-680
-581
-547
-552
-518
-380
-154
93
272
340
325
299
341
479
682
873
977
976
907
845
848
913
1002
1043
988
835
634
453
334
251
152
-4
-215
-438
-621
-744
-829
-910
-1009
-1112
-1185
-1203
-1163
-1091
-1036
-1011
-1023
-1033
-997
-909
-774
-608
-443
-298
-186
-89
18
163
373
636
932
1211
1430
1560
1596
1579
1553
1554
1574
1573
1524
1417
1252
1067
886
715
556
402
262
127
0
-131
-295
-506
-759
-1019
-1247
-1420
-1543
-1642
-1740
-1845
-1951
-2020
-2034
-1981
-1880
-1778
-1697
-1630
-1528
-1337
-1037
-655
-263
84
382
661
964
1290
1605
1877
2083
2243
2380
2494
2546
2496
2339
2123
1929
1814
1768
1718
1579
1328
999
672
399
180
-28
-273
-561
-873
-1181
-1447
-1647
-1770
-1812
-1804
-1785
-1784
-1813
-1847
-1843
-1773
-1644
-1498
-1376
-1313
-1287
-1277
-1256
-1218
-1173
-1115
-1030
-899
-742
-585
-446
-314
-142
121
485
893
1278
1597
1846
2076
2321
2589
2842
3017
3060
2953
2729
2450
2184
1977
1832
1708
1540
1293
973
648
382
199
56
-119
-365
-664
-966
-1240
-1482
-1714
-1950
-2156
-2297
-2349
-2322
-2255
-2172
-2077
-1955
-1798
-1631
-1472
-1342
-1241
-1160
-1094
-1058
-1055
-1070
-1080
-1050
-975
-871
-763
-675
-589
-460
-240
106
562
1077
1577
2011
2338
2577
2773
2967
3157
3299
3335
3234
3023
2763
2509
2265
2005
1691
1330
974
708
562
506
445
287
7
-368
-771
-1143
-1451
-1692
-1879
-2033
-2186
-2378
-2612
-2825
-2931
-2846
-2579
-2227
-1933
-1790
-1777
-1794
-1731
-1562
-1352
-1207
-1185
-1241
-1287
-1241
-1107
-941
-797
-663
-473
-162
291
834
1373
1854
2292
2721
3166
3604
3952
4147
4179
4083
3912
3685
3401
3035
2608
2168
1756
1399
1072
742
403
92
-159
-351
-534
-778
-1109
-1490
-1834
-2097
-2295
-2495
-2739
-2995
-3184
-3228
-3125
-2955
-2806
-2723
-2670
-2576
-2404
-2158
-1914
-1726
-1609
-1520
-1407
-1245
-1058
-884
-721
-556
-357
-94
229
597
996
1430
1904
2424
2970
3493
3945
4299
4543
4688
4731
4675
4485
4151
3661
3049
2383
1749
1218
792
428
70
-310
-682
-994
-1216
-1360
-1483
-1637
-1865
-2137
-2416
-2664
-2873
-3046
-3191
-3296
-3349
-3326
-3238
-3113
-3007
-2944
-2905
-2826
-2617
-2262
-1804
-1352
-1005
-800
-681
-530
-271
101
517
894
1200
1459
1733
2077
2504
2971
3449
3913
4348
4734
5025
5156
5094
4844
4463
3992
3466
2874
2224
1545
884
304
-190
-636
-1059
-1447
-1756
-1953
-2051
-2136
-2280
-2507
-2774
-2993
-3116
-3151
-3151
-3171
-3234
-3327
-3409
-3460
-3459
-3390
-3242
-3009
-2733
-2454
-2195
-1925
-1600
-1181
-690
-194
231
545
773
979
1233
1566
1972
2426
2897
3354
3770
4126
4429
4691
4915
5096
5194
5154
4952
4562
3997
3308
2549
1789
1092
507
36
-353
-709
-1057
-1407
-1743
-2039
-2285
-2483
-2653
-2804
-2949
-3084
-3208
-3326
-3451
-3599
-3751
-3887
-3972
-3979
-3916
-3785
-3607
-3383
-3097
-2753
-2347
-1893
-1400
-880
-361
112
502
804
1061
1342
1696
2137
2630
3121
3576
4003
4435
4880
5314
5675
5894
5942
5810
5490
4993
4334
3558
2740
1954
1257
679
202
-224
-644
-1080
-1507
-1878
-2162
-2367
-2548
-2743
-2955
-3152
-3315
-3476
-3678
-3949
-4256
-4518
-4668
-4695
-4640
-4557
-4453
-4313
-4083
-3713
-3178
-2502
-1765
-1067
-474
-1
421
870
1348
1802
2148
2361
2517
2728
3064
3515
4018
4498
4944
5362
5756
6097
6304
6285
5999
5465
4764
3996
3221
2422
1565
662
-228
-991
-1531
-1831
-1946
-1977
-2011
-2090
-2224
-2426
-2695
-3028
-3390
-3738
-4064
-4382
-4693
-4971
-5146
-5167
-5052
-4888
-4742
-4607
-4391
-3991
-3366
-2567
-1716
-920
-240
336
866
1403
1940
2402
2696
2789
2751
2726
2850
3172
3654
4220
4819
5412
5959
6388
6641
6687
6531
6162
5555
4694
3610
2403
1209
143
-713
-1338
-1749
-1971
-2061
-2079
-2074
-2100
-2206
-2413
-2724
-3108
-3503
-3856
-4157
-4434
-4719
-5014
-5283
-5478
-5566
-5532
-5374
-5095
-4703
-4221
-3658
-2996
-2191
-1223
-158
867
1694
2222
2466
2504
2463
2435
2455
2536
2678
2899
3206
3644
4243
4993
5821
6583
7127
7340
7198
6745
6038
5115
4001
2751
1474
322
-554
-1078
-1266
-1228
-1110
-1053
-1142
-1388
-1756
-2196
-2672
-3175
-3697
-4217
-4682
-5050
-5291
-5413
-5480
-5540
-5638
-5774
-5883
-5863
-5610
-5079
-4312
-3380
-2355
-1284
-200
822
1661
2216
2470
2496
2398
2287
2215
2186
2208
2328
2620
3154
3940
4917
5952
6891
7607
8006
8052
7710
6961
5826
4408
2876
1433
253
-555
-961
-1017
-834
-580
-446
-550
-907
-1438
-2025
-2588
-3132
-3684
-4250
-4792
-5242
-5561
-5765
-5912
-6073
-6277
-6512
-6707
-6747
-6511
-5918
-4974
-3777
-2469
-1173
21
1079
1946
2561
2866
2854
2599
2253
1954
1795
1801
1966
2330
2915
3781
4910
6190
7443
8454
9028
9059
8516
7465
6006
4286
2546
1052
17
-490
-542
-331
-75
69
31
-211
-645
-1243
-1960
-2721
-3434
-4042
-4506
-4833
-5048
-5199
-5341
-5541
-5847
-6254
-6700
-7063
-7213
-7055
-6543
-5693
-4553
-3192
-1695
-209
1102
2085
2639
2762
2548
2154
1721
1355
1091
938
936
1187
1788
2774
4077
5550
7001
8233
9065
9341
8996
8073
6737
5205
3690
2364
1375
803
632
739
905
950
797
467
9
-556
-1230
-1996
-2768
-3440
-3963
-4342
-4647
-4953
-5294
-5683
-6115
-6593
-7086
-7531
-7847
-7939
-7721
-7107
-6058
-4627
-2952
-1245
281
1459
2207
2524
2467
2137
1687
1271
979
839
838
1005
1447
2270
3464
4909
6418
7812
8942
9669
9823
9312
8182
6630
4930
3336
2033
1148
738
756
1049
1385
1531
1364
872
118
-795
-1748
-2620
-3323
-3844
-4248
-4618
-5012
-5418
-5821
-6233
-6697
-7230
-7776
-8221
-8442
-8337
-7848
-6935
-5616
-3990
-2228
-540
869
1876
2439
2569
2336
1869
1333
873
571
453
515
805
1408
2423
3842
5527
7248
8737
9765
10161
9846
8867
7402
5721
4101
2744
1783
1285
1229
1481
1840
2081
2045
1684
1044
205
-742
-1710
-2623
-3393
-3972
-4375
-4661
-4921
-5229
-5630
-6116
-6676
-7263
-7807
-8224
-8429
-8324
-7816
-6825
-5356
-3554
-1659
21
1245
1925
2125
2000
1699
1338
989
674
409
229
194
427
1045
2129
3634
5361
7054
8435
9298
9517
9080
8061
6669
5164
3807
2767
2105
1812
1833
2065
2358
2539
2483
2128
1500
666
-281
-1257
-2173
-2966
-3582
-4053
-4446
-4835
-5256
-5719
-6217
-6756
-7337
-7898
-8318
-8462
-8229
-7590
-6561
-5206
-3633
-2006
-540
607
1349
1686
1683
1436
1048
646
311
98
-7
29
256
824
1815
3245
4945
6688
8192
9229
9623
9322
8379
7006
5484
4105
3102
2553
2429
2591
2900
3168
3276
3114
2679
1970
1076
47
-1024
-2058
-2948
-3640
-4103
-4447
-4751
-5137
-5611
-6173
-6760
-7334
-7847
-8243
-8452
-8402
-8038
-7307
-6169
-4652
-2902
-1153
281
1191
1503
1390
1084
797
587
441
283
128
33
153
550
1351
2534
4119
5889
7616
8948
9647
9566
8806
7534
6051
4599
3427
2678
2421
2622
3109
3675
4002
3947
3433
2588
1550
491
-548
-1509
-2435
-3252
-3986
-4552
-5007
-5334
-5636
-5928
-6330
-6850
-7489
-8124
-8613
-8764
-8519
-7831
-6781
-5390
-3781
-2089
-542
630
1286
1416
1210
873
604
437
351
261
180
168
389
930
1925
3298
5011
6750
8297
9301
9607
9137
8061
6609
5110
3782
2862
2385
2366
2673
3172
3672
3959
3922
3476
2691
1638
475
-722
-1870
-2932
-3838
-4540
-4987
-5263
-5388
-5567
-5830
-6276
-6836
-7446
-7982
-8314
-8295
-7876
-6986
-5741
-4211
-2656
-1209
-52
756
1187
1256
1083
720
321
-20
-224
-265
-183
87
584
1393
2612
4121
5839
7371
8503
8967
8735
7874
6600
5199
3930
2985
2551
2592
3065
3693
4319
4652
4543
3942
2926
1683
384
-798
-1791
-2628
-3335
-3953
-4449
-4848
-5170
-5415
-5696
-6029
-6496
-7010
-7561
-8040
-8302
-8179
-7582
-6476
-4939
-3135
-1440
-84
728
1058
984
737
452
213
45
-36
-37
2
112
472
1151
2223
3623
5234
6816
8030
8684
8635
7967
6849
5567
4333
3298
2617
2459
2781
3430
4088
4588
4677
4317
3507
2418
1176
-63
-1188
-2158
-3014
-3707
-4229
-4576
-4882
-5205
-5558
-5955
-6403
-6896
-7400
-7866
-8144
-8055
-7482
-6468
-5097
-3541
-2014
-786
66
522
687
610
436
213
11
-123
-144
-86
30
272
817
1702
2943
4381
5896
7212
8092
8358
7983
7076
5872
4613
3520
2754
2492
2765
3407
4129
4659
4892
4716
4142
3150
1885
505
-754
-1791
-2592
-3244
-3742
-4141
-4465
-4845
-5283
-5789
-6295
-6820
-7319
-7762
-8020
-7965
-7513
-6698
-5591
-4303
-2953
-1693
-679
9
367
473
397
240
22
-190
-339
-344
-179
186
768
1577
2580
3773
5092
6424
7520
8166
8179
7578
6514
5268
4088
3210
2766
2823
3265
3873
4423
4737
4705
4287
3529
2529
1398
223
-909
-1956
-2855
-3558
-4050
-4381
-4641
-4939
-5331
-5840
-6422
-7015
-7524
-7851
-7901
-7627
-6999
-6049
-4825
-3458
-2120
-1015
-271
60
48
-149
-329
-348
-192
20
121
52
-37
132
777
1913
3380
4920
6313
7370
7970
8033
7523
6510
5204
3897
2897
2429
2543
3113
3883
4597
5053
5138
4769
3946
2771
1422
137
-939
-1797
-2508
-3154
-3750
-4260
-4651
-4948
-5223
-5574
-6056
-6637
-7208
-7630
-7772
-7547
-6931
-5972
-4786
-3507
-2284
-1254
-535
-146
-30
-87
-195
-289
-354
-402
-415
-349
-115
363
1133
2176
3418
4750
6037
7085
7688
7710
7141
6147
4998
3968
3255
2943
3027
3446
4053
4643
5010
5014
4617
3864
2864
1730
571
-523
-1480
-2268
-2900
-3416
-3889
-4380
-4920
-5476
-5977
-6379
-6692
-6962
-7221
-7406
-7371
-6968
-6143
-4997
-3742
-2587
-1658
-981
-536
-307
-292
-426
-580
-621
-506
-301
-91
108
398
929
1807
3025
4429
5811
6939
7582
7614
7075
6152
5110
4164
3457
3085
3098
3458
4028
4582
4901
4893
4561
3921
3005
1860
603
-577
-1536
-2239
-2766
-3241
-3737
-4249
-4753
-5224
-5674
-6107
-6516
-6892
-7189
-7338
-7254
-6856
-6108
-5080
-3907
-2747
-1733
-939
-399
-112
-59
-170
-331
-438
-453
-393
-261
-22
415
1124
2092
3248
4478
5662
6658
7316
7513
7204
6454
5425
4332
3396
2787
2621
2905
3493
4169
4704
4933
4764
4181
3230
2003
660
-608
-1666
-2471
-3060
-3533
-3963
-4387
-4802
-5191
-5572
-5965
-6384
-6816
-7184
-7388
-7317
-6889
-6110
-5054
-3856
-2672
-1636
-866
-415
-253
-288
-414
-526
-583
-582
-516
-371
-96
371
1079
2067
3307
4700
6084
7222
7906
7987
7456
6454
5228
4066
3189
2723
2714
3082
3674
4304
4767
4914
4654
3979
2956
1709
409
-777
-1761
-2524
-3100
-3563
-3947
-4299
-4658
-5046
-5501
-5992
-6486
-6948
-7295
-7436
-7278
-6750
-5881
-4760
-3551
-2407
-1444
-765
-382
-264
-340
-487
-618
-691
-692
-622
-446
-88
512
1414
2612
4004
5455
6718
7584
7896
7607
6833
5764
4624
3645
2966
2693
2861
3370
4080
4752
5151
5109
4545
3536
2270
926
-314
-1364
-2216
-2877
-3384
-3750
-4011
-4248
-4534
-4942
-5500
-6154
-6826
-7384
-7699
-7692
-7297
-6526
-5446
-4177
-2900
-1768
-929
-460
-331
-457
-688
-895
-1005
-999
-903
-722
-415
86
861
1948
3285
4747
6140
7252
7933
8065
7639
6762
5584
4360
3347
2751
2710
3143
3862
4580
5016
5043
4610
3807
2770
1596
397
-728
-1724
-2511
-3061
-3405
-3614
-3822
-4141
-4628
-5310
-6088
-6825
-7414
-7712
-7678
-7311
-6601
-5650
-4521
-3300
-2159
-1190
-535
-270
-306
-576
-873
-1052
-1141
-1109
-1027
-871
-466
217
1287
2691
4224
5782
7034
7801
8020
7595
6785
5762
4683
3845
3236
3000
3194
3608
4217
4720
4880
4697
4028
3060
1948
720
-370
-1330
-2125
-2640
-3053
-3353
-3630
-4057
-4529
-5130
-5828
-6493
-7177
-7674
-7856
-7695
-7036
-6046
-4889
-3656
-2607
-1721
-1027
-633
-427
-461
-678
-908
-1185
-1385
-1437
-1346
-895
-102
992
2389
3805
5178
6380
7195
7654
7598
7024
6167
5128
4256
3772
3635
3922
4382
4798
5118
5086
4734
4092
3118
2070
981
-42
-818
-1470
-1934
-2263
-2636
-2980
-3461
-4097
-4778
-5602
-6399
-7098
-7698
-7971
-7923
-7474
-6571
-5454
-4205
-3037
-2130
-1423
-1008
-810
-764
-917
-1114
-1318
-1478
-1495
-1436
-1210
-713
85
1332
2892
4538
6037
7030
7473
7403
6939
6357
5703
5056
4510
4045
3859
3980
4317
4756
4942
4726
4106
3155
2178
1319
595
14
-585
-1216
-1817
-2388
-2868
-3320
-3844
-4461
-5199
-5988
-6706
-7272
-7583
-7592
-7308
-6735
-5912
-4886
-3719
-2560
-1594
-959
-740
-841
-1067
-1263
-1322
-1325
-1367
-1441
-1488
-1244
-565
574
2112
3716
5195
6317
6915
7093
6858
6386
5876
5297
4831
4474
4244
4323
4559
4885
5125
4967
4477
3649
2650
1785
994
369
-147
-745
-1301
-1908
-2535
-3064
-3655
-4213
-4796
-5515
-6214
-6963
-7600
-7888
-7842
-7273
-6302
-5178
-3970
-2982
-2213
-1587
-1220
-968
-902
-1060
-1258
-1545
-1785
-1859
-1819
-1450
-773
176
1475
2866
4277
5567
6481
7055
7168
6818
6267
5562
4948
4613
4481
4661
4950
5139
5243
5042
4576
3961
3144
2345
1558
743
72
-622
-1283
-1819
-2372
-2783
-3186
-3730
-4330
-5179
-6127
-6949
-7617
-7844
-7675
-7209
-6396
-5490
-4524
-3520
-2663
-1906
-1375
-1123
-1018
-1138
-1356
-1576
-1852
-2030
-2065
-1879
-1277
-332
957
2493
3990
5334
6312
6807
6895
6580
6057
5516
5021
4752
4715
4862
5157
5393
5503
5396
4984
4364
3548
2626
1721
827
57
-577
-1128
-1523
-1874
-2229
-2613
-3186
-3889
-4725
-5676
-6532
-7253
-7712
-7795
-7571
-6974
-6106
-5086
-3953
-2922
-2099
-1548
-1341
-1321
-1387
-1480
-1521
-1638
-1799
-1901
-1841
-1384
-536
627
1987
3305
4529
5550
6261
6639
6591
6191
5631
5078
4760
4719
4871
5138
5347
5429
5365
5096
4628
3937
3043
2061
1117
327
-252
-701
-1137
-1629
-2183
-2724
-3202
-3657
-4196
-4929
-5845
-6766
-7461
-7716
-7480
-6850
-5980
-5051
-4152
-3322
-2625
-2090
-1763
-1614
-1558
-1561
-1565
-1590
-1677
-1763
-1781
-1566
-986
-44
1245
2695
4105
5304
6101
6438
6341
5894
5330
4813
4496
4486
4714
5130
5598
5940
6035
5750
5079
4142
3093
2129
1330
642
18
-616
-1217
-1681
-2000
-2232
-2539
-3084
-3882
-4858
-5840
-6635
-7171
-7391
-7293
-6900
-6206
-5304
-4320
-3398
-2693
-2221
-1957
-1827
-1744
-1705
-1702
-1751
-1862
-1952
-1941
-1699
-1101
-142
1140
2564
3908
4986
5657
5910
5834
5530
5139
4768
4496
4415
4556
4918
5441
5949
6284
6281
5832
4978
3820
2569
1432
508
-139
-599
-989
-1330
-1707
-2095
-2498
-3006
-3604
-4355
-5221
-6052
-6789
-7250
-7340
-7068
-6402
-5513
-4548
-3618
-2904
-2390
-2063
-1919
-1818
-1786
-1793
-1786
-1863
-1930
-1948
-1840
-1384
-619
462
1754
3014
4179
5084
5628
5835
5644
5200
4702
4294
4211
4434
4878
5439
5887
6164
6184
5849
5194
4209
3039
1902
918
219
-249
-628
-961
-1343
-1740
-2135
-2626
-3212
-3933
-4760
-5561
-6287
-6833
-7102
-7042
-6574
-5776
-4798
-3813
-3007
-2426
-2068
-1900
-1829
-1821
-1849
-1924
-2070
-2226
-2273
-2097
-1598
-819
146
1256
2455
3692
4825
5624
5951
5775
5222
4547
3958
3632
3685
4082
4738
5460
6023
6317
6243
5792
5025
3959
2741
1526
439
-353
-894
-1243
-1449
-1683
-1962
-2345
-2903
-3553
-4305
-5083
-5776
-6380
-6741
-6791
-6518
-5867
-4991
-4009
-3043
-2317
-1863
-1715
-1837
-2014
-2193
-2291
-2296
-2339
-2355
-2284
-2018
-1370
-360
953
2411
3745
4791
5375
5436
5095
4507
3940
3576
3475
3673
4110
4741
5504
6224
6717
6766
6269
5299
4047
2774
1661
766
77
-467
-882
-1153
-1323
-1480
-1773
-2314
-3095
-4029
-4972
-5783
-6402
-6770
-6839
-6581
-5975
-5121
-4171
-3285
-2611
-2183
-1993
-1984
-2071
-2214
-2376
-2500
-2548
-2468
-2226
-1814
-1192
-366
669
1851
3049
4101
4832
5140
5037
4625
4082
3617
3373
3462
3886
4567
5370
6091
6538
6588
6191
5408
4370
3238
2161
1230
488
-60
-464
-784
-1077
-1400
-1812
-2348
-3019
-3800
-4625
-5414
-6062
-6488
-6620
-6421
-5913
-5179
-4349
-3554
-2891
-2423
-2144
-2019
-2014
-2092
-2240
-2432
-2606
-2682
-2564
-2192
-1534
-610
527
1776
2990
4002
4649
4884
4745
4377
3947
3610
3475
3593
3979
4581
5275
5914
6327
6385
6048
5349
4399
3347
2330
1452
768
259
-139
-507
-904
-1343
-1817
-2316
-2857
-3483
-4221
-5040
-5835
-6432
-6670
-6465
-5868
-5043
-4187
-3476
-2971
-2654
-2460
-2322
-2227
-2190
-2227
-2340
-2462
-2508
-2389
-2056
-1496
-723
199
1232
2283
3250
4013
4471
4581
4390
4028
3676
3518
3648
4066
4665
5295
5799
6072
6076
5808
5282
4544
3649
2676
1740
950
380
13
-258
-546
-961
-1526
-2204
-2916
-3588
-4192
-4738
-5244
-5705
-6052
-6179
-5986
-5460
-4688
-3836
-3083
-2544
-2250
-2152
-2152
-2180
-2193
-2198
-2207
-2203
-2136
-1932
-1538
-922
-127
812
1819
2813
3686
4309
4597
4545
4236
3842
3534
3433
3600
3989
4536
5129
5628
5908
5840
5385
4608
3651
2695
1872
1225
705
243
-213
-674
-1132
-1580
-2043
-2563
-3175
-3870
-4588
-5207
-5632
-5823
-5787
-5577
-5233
-4779
-4233
-3626
-3015
-2498
-2155
-2011
-2035
-2128
-2213
-2250
-2239
-2184
-2033
-1708
-1115
-245
832
1977
3012
3818
4313
4480
4369
4071
3735
3537
3587
3921
4446
5018
5473
5708
5687
5435
5000
4417
3729
2959
2183
1463
840
328
-114
-528
-961
-1426
-1920
-2469
-3093
-3806
-4581
-5287
-5794
-5995
-5877
-5542
-5109
-4676
-4240
-3753
-3199
-2638
-2202
-1996
-2032
-2210
-2385
-2461
-2409
-2257
-2004
-1610
-1019
-216
738
1736
2642
3369
3869
4129
4167
4033
3822
3667
3686
3924
4346
4851
5307
5611
5718
5602
5262
4697
3940
3058
2162
1354
713
250
-82
-377
-734
-1217
-1840
-2555
-3284
-3956
-4535
-5012
-5384
-5640
-5749
-5673
-5404
-4958
-4388
-3767
-3170
-2666
-2297
-2072
-1972
-1956
-1978
-2006
-2014
-1980
-1858
-1585
-1087
-351
570
1564
2494
3267
3829
4180
4347
4357
4249
4095
3970
3964
4138
4481
4925
5331
5570
5547
5231
4653
3877
2986
2082
1263
596
89
-307
-680
-1089
-1549
-2040
-2536
-3055
-3627
-4267
-4933
-5510
-5863
-5893
-5620
-5144
-4605
-4108
-3681
-3299
-2909
-2507
-2145
-1892
-1791
-1840
-1967
-2070
-2065
-1888
-1512
-933
-170
737
1714
2646
3420
3939
4178
4184
4064
3934
3887
3948
4126
4390
4708
5042
5310
5430
5323
4963
4380
3650
2869
2106
1393
734
126
-420
-895
-1281
-1616
-1951
-2367
-2913
-3577
-4298
-4970
-5470
-5742
-5764
-5567
-5212
-4754
-4240
-3705
-3190
-2737
-2397
-2179
-2066
-2017
-1987
-1953
-1888
-1776
-1579
-1260
-794
-172
591
1450
2335
3162
3827
4254
4405
4317
4102
3911
3863
4023
4365
4803
5234
5528
5602
5401
4941
4283
3524
2753
2018
1335
696
103
-417
-843
-1179
-1478
-1813
-2267
-2874
-3599
-4342
-4968
-5381
-5538
-5481
-5288
-5025
-4722
-4365
-3936
-3446
-2949
-2525
-2246
-2137
-2159
-2225
-2235
-2134
-1912
-1581
-1184
-713
-132
597
1477
2417
3279
3917
4237
4257
4101
3928
3878
4006
4286
4644
4980
5229
5356
5347
5179
4825
4284
3576
2771
1941
1167
510
-13
-423
-767
-1105
-1489
-1947
-2481
-3077
-3700
-4309
-4865
-5312
-5593
-5673
-5531
-5188
-4696
-4137
-3597
-3140
-2792
-2543
-2363
-2217
-2070
-1924
-1792
-1686
-1602
-1479
-1229
-766
-63
835
1830
2768
3527
4005
4193
4151
3992
3858
3855
4022
4334
4707
5039
5254
5312
5214
4968
4580
4037
3353
2579
1782
1057
454
-27
-433
-835
-1265
-1736
-2232
-2726
-3200
-3665
-4135
-4604
-5030
-5337
-5447
-5312
-4951
-4461
-3954
-3518
-3185
-2939
-2743
-2563
-2387
-2227
-2098
-2001
-1913
-1790
-1563
-1178
-606
133
975
1834
2604
3224
3640
3875
3963
3971
3952
3965
4048
4225
4491
4821
5149
5384
5447
5277
4852
4211
3428
2607
1833
1146
542
6
-472
-898
-1279
-1646
-2028
-2473
-2987
-3549
-4101
-4585
-4959
-5200
-5283
-5196
-4924
-4501
-3990
-3493
-3087
-2814
-2643
-2530
-2416
-2287
-2165
-2065
-1969
-1840
-1601
-1191
-604
145
969
1786
2505
3085
3493
3739
3833
3817
3736
3674
3717
3927
4321
4839
5369
5761
5893
5685
5137
4334
3404
2490
1688
1028
498
43
-372
-776
-1179
-1593
-2022
-2490
-2982
-3499
-4010
-4480
-4865
-5138
-5264
-5235
-5059
-4743
-4322
-3843
-3370
-2971
-2695
-2567
-2537
-2529
-2469
-2318
-2086
-1797
-1464
-1058
-531
143
920
1734
2482
3102
3558
3858
4022
4082
4067
4031
4048
4177
4439
4789
5143
5397
5487
5375
5059
4543
3848
3015
2114
1245
510
-42
-428
-753
-1125
-1612
-2198
-2804
-3335
-3752
-4079
-4371
-4659
-4925
-5090
-5097
-4915
-4576
-4164
-3753
-3398
-3122
-2907
-2730
-2576
-2442
-2334
-2234
-2105
-1887
-1537
-1053
-465
188
882
1601
2309
2965
3493
3859
4055
4104
4067
4009
4004
4122
4396
4792
5204
5487
5531
5310
4869
4287
3616
2886
2103
1308
580
-11
-455
-825
-1216
-1695
-2238
-2790
-3286
-3713
-4110
-4509
-4879
-5150
-5236
-5116
-4829
-4449
-4053
-3678
-3341
-3068
-2859
-2696
-2541
-2360
-2153
-1945
-1775
-1640
-1474
-1197
-746
-87
738
1649
2517
3235
3709
3925
3941
3875
3846
3924
4115
4361
4611
4839
5057
5260
5400
5383
5106
4537
3738
2857
2035
1343
771
240
-305
-879
-1429
-1910
-2315
-2687
-3096
-3569
-4097
-4617
-5028
-5250
-5262
-5086
-4794
-4453
-4100
-3738
-3357
-2991
-2690
-2501
-2440
-2440
-2417
-2315
-2122
-1862
-1558
-1202
-742
-123
657
1550
2442
3215
3777
4096
4206
4183
4118
4065
4060
4119
4252
4468
4768
5094
5346
5412
5204
4715
3997
3143
2253
1405
655
29
-480
-909
-1310
-1737
-2207
-2718
-3229
-3701
-4123
-4500
-4836
-5111
-5274
-5252
-5016
-4594
-4079
-3590
-3222
-3015
-2912
-2838
-2737
-2589
-2420
-2264
-2111
-1922
-1643
-1240
-704
-43
714
1539
2372
3137
3749
4126
4260
4203
4066
3980
4031
4237
4565
4950
5321
5605
5734
5660
5341
4776
4000
3104
2206
1406
759
251
-174
-598
-1082
-1625
-2192
-2742
-3239
-3703
-4172
-4674
-5162
-5539
-5688
-5548
-5149
-4597
-4062
-3667
-3445
-3341
-3252
-3093
-2838
-2552
-2326
-2219
-2217
-2215
-2060
-1635
-919
15
1005
1920
2665
3217
3611
3872
4025
4071
4036
3973
3972
4103
4406
4841
5292
5625
5723
5556
5180
4677
4111
3495
2789
1987
1135
336
-304
-762
-1106
-1475
-1970
-2600
-3286
-3906
-4387
-4719
-4936
-5083
-5165
-5138
-4982
-4684
-4291
-3871
-3484
-3156
-2902
-2729
-2640
-2619
-2618
-2576
-2435
-2163
-1774
-1286
-711
-62
660
1424
2173
2851
3412
3816
4049
4102
4009
3876
3843
4019
4434
4964
5415
5645
5604
5375
5067
4703
4226
3554
2695
1769
948
344
-60
-403
-824
-1376
-2017
-2646
-3201
-3681
-4118
-4553
-4983
-5342
-5559
-5549
-5278
-4799
-4221
-3695
-3322
-3122
-3042
-2974
-2841
-2644
-2421
-2221
-2076
-1935
-1732
-1391
-878
-229
509
1275
2039
2758
3385
3857
4124
4193
4113
3989
3931
4026
4292
4690
5131
5506
5707
5674
5392
4904
4284
3568
2787
1974
1178
476
-94
-542
-936
-1362
-1866
-2414
-2958
-3457
-3916
-4363
-4809
-5187
-5401
-5366
-5096
-4701
-4305
-3997
-3766
-3544
-3283
-2989
-2725
-2543
-2452
-2409
-2357
-2254
-2058
-1742
-1266
-630
138
965
1762
2468
3049
3510
3853
4082
4197
4218
4200
4227
4360
4631
5007
5378
5621
5645
5438
5045
4536
3950
3295
2565
1793
1065
451
-27
-446
-907
-1484
-2178
-2896
-3533
-4034
-4411
-4715
-4967
-5141
-5201
-5122
-4924
-4651
-4343
-4020
-3698
-3404
-3167
-2996
-2866
-2739
-2588
-2409
-2234
-2055
-1841
-1511
-982
-234
673
1595
2400
3005
3397
3620
3747
3832
3918
4031
4181
4374
4605
4870
5148
5405
5565
5553
5314
4850
4216
3493
2765
2080
1460
891
345
-196
-738
-1273
-1798
-2320
-2857
-3417
-3986
-4513
-4931
-5185
-5249
-5145
-4928
-4672
-4423
-4179
-3932
-3662
-3382
-3125
-2939
-2826
-2756
-2682
-2554
-2342
-2013
-1556
-954
-227
551
1287
1908
2403
2801
3135
3410
3601
3694
3724
3777
3964
4313
4782
5263
5618
5759
5665
5375
4955
4461
3918
3326
2678
1965
1231
547
-30
-480
-864
-1263
-1754
-2353
-3009
-3636
-4169
-4573
-4856
-5025
-5081
-5026
-4854
-4598
-4310
-4036
-3798
-3588
-3376
-3158
-2946
-2773
-2656
-2556
-2419
-2163
-1766
-1248
-651
-20
634
1300
1951
2537
2976
3232
3320
3322
3361
3538
3878
4328
4787
5176
5437
5558
5547
5401
5127
4729
4220
3618
2958
2283
1639
1073
580
142
-298
-794
-1347
-1954
-2585
-3202
-3779
-4281
-4675
-4944
-5075
-5088
-5002
-4832
-4596
-4305
-3998
-3722
-3510
-3356
-3224
-3073
-2902
-2741
-2598
-2438
-2167
-1729
-1131
-439
256
919
1541
2124
2640
3046
3312
3444
3506
3572
3716
3962
4309
4724
5153
5511
5732
5764
5601
5274
4826
4282
3654
2966
2255
1566
932
362
-151
-637
-1117
-1612
-2143
-2727
-3341
-3939
-4444
-4809
-5022
-5117
-5140
-5088
-4940
-4685
-4337
-3963
-3636
-3401
-3265
-3184
-3113
-3004
-2827
-2567
-2224
-1803
-1323
-791
-208
416
1089
1766
2380
2865
3162
3299
3349
3416
3587
3863
4187
4497
4762
5016
5270
5506
5652
5604
5312
4783
4094
3341
2597
1906
1294
767
305
-121
-576
-1088
-1663
-2284
-2908
-3519
-4091
-4588
-4970
-5181
-5205
-5081
-4866
-4629
-4413
-4222
-4051
-3870
-3673
-3471
-3277
-3097
-2925
-2723
-2452
-2091
-1639
-1125
-557
60
705
1368
1976
2475
2835
3043
3159
3231
3320
3483
3741
4112
4568
5035
5431
5667
5702
5564
5281
4892
4432
3903
3317
2697
2056
1445
886
387
-69
-550
-1087
-1707
-2412
-3117
-3749
-4254
-4605
-4854
-5024
-5137
-5196
-5133
-4923
-4578
-4156
-3777
-3515
-3385
-3337
-3265
-3108
-2862
-2554
-2248
-1956
-1644
-1275
-781
-149
581
1355
2060
2618
2982
3148
3200
3232
3329
3536
3828
4164
4514
4833
5141
5426
5641
5724
5599
5231
4661
3945
3183
2458
1799
1244
756
284
-196
-751
-1361
-1992
-2634
-3233
-3785
-4292
-4708
-5035
-5217
-5225
-5116
-4903
-4658
-4440
-4216
-3999
-3758
-3481
-3240
-3033
-2880
-2761
-2576
-2307
-1918
-1415
-875
-300
277
835
1406
1930
2399
2791
3059
3251
3369
3455
3597
3814
4145
4576
5019
5405
5670
5754
5678
5434
5035
4531
3923
3240
2528
1814
1150
567
53
-396
-846
-1332
-1880
-2508
-3163
-3801
-4369
-4805
-5103
-5250
-5252
-5161
-4978
-4730
-4446
-4137
-3851
-3602
-3402
-3257
-3121
-2980
-2805
-2575
-2293
-1942
-1514
-1030
-475
122
734
1359
1934
2448
2865
3164
3376
3522
3655
3835
4068
4361
4685
4987
5244
5402
5439
5362
5142
4799
4345
3796
3190
2551
1915
1316
756
230
-289
-855
-1461
-2110
-2769
-3371
-3898
-4315
-4631
-4879
-5050
-5138
-5122
-4980
-4748
-4457
-4146
-3872
-3620
-3407
-3215
-3026
-2846
-2653
-2433
-2161
-1811
-1368
-856
-302
259
816
1382
1940
2465
2895
3189
3361
3459
3555
3714
3945
4243
4591
4952
5289
5531
5605
5481
5174
4747
4256
3726
3141
2479
1766
1081
501
47
-332
-763
-1329
-2040
-2813
-3522
-4077
-4467
-4741
-4955
-5122
-5207
-5168
-4984
-4684
-4343
-4032
-3781
-3583
-3405
-3231
-3046
-2849
-2633
-2390
-2103
-1764
-1352
-856
-275
385
1077
1727
2256
2625
2855
3013
3169
3362
3581
3798
4004
4208
4448
4738
5055
5339
5508
5504
5293
4890
4329
3661
2944
2234
1590
1018
505
4
-511
-1038
-1552
-2059
-2582
-3170
-3831
-4481
-5007
-5307
-5351
-5210
-4997
-4780
-4566
-4326
-4023
-3667
-3312
-3013
-2810
-2696
-2624
-2533
-2365
-2090
-1703
-1233
-730
-215
320
914
1571
2225
2779
3131
3272
3281
3279
3362
3562
3841
4151
4460
4755
5038
5273
5411
5400
5204
4829
4308
3671
2951
2206
1497
873
359
-94
-557
-1077
-1659
-2260
-2839
-3386
-3914
-4435
-4909
-5256
-5401
-5323
-5082
-4774
-4472
-4197
-3919
-3623
-3321
-3060
-2884
-2790
-2715
-2599
-2401
-2099
-1725
-1290
-799
-246
354
979
1608
2195
2710
3118
3401
3571
3654
3698
3758
3875
4085
4389
4761
5148
5457
5614
5563
5279
4795
4174
3494
2803
2133
1498
910
365
-141
-609
-1066
-1528
-2018
-2560
-3170
-3830
-4477
-5019
-5369
-5473
-5346
-5059
-4703
-4377
-4125
-3929
-3766
-3583
-3366
-3134
-2912
-2731
-2558
-2354
-2094
-1749
-1325
-845
-301
311
982
1688
2332
2858
3196
3337
3360
3374
3477
3723
4080
4468
4795
5000
5103
5132
5123
5086
4972
4737
4336
3756
3051
2312
1612
1002
467
-48
-574
-1138
-1729
-2335
-2949
-3551
-4129
-4638
-5019
-5235
-5256
-5105
-4860
-4584
-4337
-4131
-3940
-3744
-3495
-3205
-2912
-2666
-2512
-2418
-2300
-2055
-1646
-1117
-576
-88
361
837
1415
2061
2666
3093
3287
3309
3302
3399
3654
4013
4353
4607
4775
4925
5097
5268
5338
5203
4830
4263
3606
2932
2279
1647
1029
429
-138
-655
-1163
-1695
-2288
-2933
-3564
-4111
-4536
-4853
-5060
-5164
-5139
-4976
-4699
-4368
-4043
-3756
-3530
-3344
-3185
-3035
-2865
-2659
-2404
-2105
-1766
-1415
-1036
-627
-152
404
1018
1645
2190
2610
2880
3045
3167
3287
3425
3587
3796
4066
4407
4758
5063
5254
5296
5195
4942
4565
4079
3521
2904
2257
1595
953
369
-153
-614
-1077
-1563
-2120
-2735
-3379
-4011
-4554
-4951
-5157
-5174
-5018
-4772
-4477
-4201
-3989
-3827
-3705
-3548
-3330
-3038
-2727
-2450
-2229
-2058
-1878
-1646
-1291
-816
-237
407
1033
1600
2063
2449
2774
3075
3337
3524
3648
3732
3863
4078
4392
4736
5039
5242
5310
5258
5062
4722
4214
3568
2843
2121
1484
936
450
-54
-613
-1219
-1826
-2396
-2918
-3400
-3869
-4299
-4660
-4917
-5052
-5066
-4955
-4733
-4419
-4060
-3716
-3455
-3293
-3203
-3104
-2933
-2683
-2382
-2091
-1829
-1576
-1251
-788
-186
503
1197
1845
2397
2855
3189
3384
3438
3385
3311
3312
3459
3755
4155
4571
4955
5245
5398
5365
5114
4672
4063
3380
2690
2042
1445
889
362
-159
-660
-1157
-1646
-2154
-2699
-3282
-3886
-4450
-4906
-5187
-5261
-5141
-4885
-4564
-4242
-3948
-3683
-3446
-3216
-3008
-2839
-2718
-2628
-2517
-2342
-2066
-1690
-1226
-705
-146
446
1057
1664
2222
2689
3032
3247
3361
3412
3436
3475
3556
3714
3997
4390
4845
5247
5483
5476
5202
4722
4119
3477
2818
2147
1476
850
325
-87
-435
-828
-1340
-1969
-2638
-3239
-3726
-4122
-4485
-4843
-5151
-5298
-5202
-4865
-4386
-3917
-3561
-3342
-3202
-3055
-2872
-2669
-2482
-2335
-2193
-2007
-1728
-1339
-861
-318
269
873
1468
2021
2488
2851
3104
3266
3367
3425
3458
3497
3593
3812
4177
4660
5142
5461
5504
5227
4705
4076
3444
2846
2265
1644
979
325
-262
-720
-1087
-1443
-1862
-2401
-3020
-3637
-4191
-4625
-4935
-5119
-5135
-4986
-4678
-4282
-3911
-3602
-3375
-3178
-2962
-2750
-2575
-2458
-2385
-2265
-2015
-1647
-1200
-755
-343
113
672
1343
2044
2605
2941
3047
3042
3070
3189
3397
3634
3846
4068
4325
4629
4955
5201
5308
5223
4929
4466
3850
3119
2359
1634
1023
558
169
-216
-675
-1243
-1848
-2444
-2994
-3497
-4010
-4498
-4927
-5225
-5299
-5156
-4847
-4462
-4118
-3864
-3699
-3586
-3444
-3246
-2993
-2712
-2455
-2210
-1955
-1661
-1287
-857
-406
77
600
1175
1806
2398
2877
3177
3292
3312
3308
3330
3409
3537
3734
4035
4420
4853
5233
5453
5455
5193
4695
4035
3295
2578
1941
1396
914
420
-105
-661
-1218
-1728
-2200
-2682
-3213
-3800
-4375
-4835
-5104
-5147
-5012
-4781
-4524
-4274
-4016
-3739
-3451
-3175
-2962
-2818
-2708
-2580
-2386
-2124
-1819
-1499
-1159
-758
-251
369
1053
1714
2255
2641
2896
3052
3164
3252
3325
3401
3507
3678
3948
4287
4648
4958
5128
5112
4897
4517
4021
3461
2870
2260
1628
996
395
-154
-642
-1104
-1580
-2092
-2639
-3171
-3644
-4034
-4333
-4562
-4725
-4803
-4780
-4639
-4392
-4073
-3717
-3370
-3067
-2821
-2639
-2508
-2394
-2249
-2041
-1754
-1397
-991
-585
-193
208
643
1139
1681
2195
2614
2884
3024
3101
3170
3275
3417
3583
3782
4037
4354
4704
4987
5098
4976
4627
4140
3606
3074
2551
2002
1422
815
206
-381
-948
-1503
-2021
-2484
-2883
-3237
-3602
-4005
-4415
-4757
-4922
-4866
-4629
-4302
-4004
-3785
-3615
-3438
-3196
-2883
-2568
-2299
-2126
-2026
-1905
-1714
-1401
-986
-550
-117
305
754
1280
1845
2379
2794
3039
3168
3239
3329
3471
3615
3740
3859
3990
4193
4460
4716
4882
4852
4592
4149
3569
2951
2342
1726
1115
495
-115
-661
-1158
-1616
-2058
-2542
-3046
-3534
-3962
-4271
-4474
-4598
-4651
-4674
-4634
-4473
-4193
-3795
-3353
-2970
-2695
-2559
-2530
-2498
-2401
-2169
-1801
-1369
-926
-535
-189
172
588
1105
1695
2267
2759
3095
3258
3290
3239
3193
3224
3370
3638
3985
4348
4680
4923
5050
5028
4809
4378
3761
3040
2317
1672
1131
665
215
-252
-754
-1280
-1817
-2359
-2891
-3417
-3918
-4364
-4732
-4985
-5086
-5010
-4767
-4413
-4038
-3716
-3484
-3313
-3143
-2934
-2679
-2412
-2173
-1961
-1761
-1541
-1263
-920
-521
-76
412
937
1499
2064
2569
2953
3154
3198
3155
3135
3224
3442
3737
4030
4270
4479
4694
4909
5062
5035
4761
4249
3568
2821
2079
1398
787
250
-219
-641
-1051
-1479
-1929
-2416
-2938
-3484
-4021
-4480
-4789
-4921
-4889
-4744
-4537
-4302
-4041
-3746
-3428
-3110
-2828
-2617
-2475
-2357
-2218
-2017
-1746
-1427
-1079
-726
-343
93
590
1141
1690
2174
2558
2818
2986
3104
3211
3340
3503
3700
3917
4135
4365
4607
4851
5046
5094
4895
4418
3712
2907
2158
1564
1123
751
328
-217
-877
-1579
-2205
-2704
-3082
-3412
-3772
-4174
-4572
-4865
-4969
-4863
-4599
-4281
-3981
-3725
-3483
-3205
-2894
-2591
-2350
-2205
-2123
-2017
-1820
-1516
-1137
-733
-331
93
573
1107
1657
2165
2592
2912
3131
3255
3287
3257
3218
3264
3474
3861
4373
4867
5189
5240
5007
4558
3994
3409
2850
2311
1776
1239
701
188
-287
-733
-1191
-1692
-2251
-2842
-3405
-3895
-4277
-4553
-4744
-4844
-4833
-4689
-4410
-4050
-3681
-3374
-3167
-3032
-2916
-2775
-2587
-2365
-2125
-1866
-1581
-1261
-889
-475
-20
488
1037
1617
2170
2627
2939
3096
3149
3155
3180
3276
3458
3715
4026
4365
4694
4978
5157
5171
4980
4593
4041
3387
2676
1958
1284
691
203
-211
-604
-1040
-1563
-2155
-2767
-3323
-3777
-4119
-4383
-4622
-4825
-4951
-4959
-4798
-4466
-4023
-3559
-3167
-2896
-2740
-2647
-2572
-2460
-2288
-2058
-1761
-1403
-995
-558
-115
326
758
1196
1656
2121
2563
2935
3208
3370
3455
3532
3637
3782
3950
4103
4244
4406
4610
4833
4981
4915
4541
3864
2988
2100
1352
811
436
90
-339
-900
-1552
-2186
-2720
-3121
-3425
-3707
-4010
-4327
-4589
-4720
-4680
-4486
-4200
-3886
-3598
-3359
-3165
-3006
-2860
-2722
-2573
-2389
-2143
-1827
-1466
-1081
-694
-305
110
578
1096
1637
2126
2499
2707
2779
2803
2876
3075
3407
3809
4197
4492
4659
4723
4727
4705
4653
4509
4223
3756
3127
2428
1763
1211
770
374
-56
-565
-1162
-1789
-2384
-2912
-3364
-3772
-4147
-4470
-4699
-4775
-4693
-4497
-4247
-4007
-3799
-3606
-3409
-3184
-2941
-2695
-2450
-2227
-2026
-1828
-1606
-1321
-951
-513
-31
443
891
1337
1792
2275
2738
3114
3355
3450
3471
3509
3625
3848
4128
4414
4673
4868
4981
4963
4764
4386
3871
3278
2650
1998
1330
659
32
-507
-939
-1308
-1690
-2145
-2682
-3239
-3731
-4096
-4341
-4521
-4676
-4799
-4821
-4679
-4368
-3952
-3542
-3231
-3032
-2896
-2750
-2555
-2308
-2046
-1797
-1561
-1312
-996
-601
-134
383
914
1433
1933
2404
2808
3110
3291
3353
3347
3354
3434
3616
3876
4161
4431
4654
4819
4903
4847
4599
4137
3509
2816
2143
1535
985
454
-81
-618
-1143
-1638
-2101
-2544
-2974
-3401
-3826
-4242
-4615
-4887
-4998
-4915
-4665
-4335
-3999
-3698
-3433
-3180
-2933
-2712
-2541
-2409
-2285
-2120
-1882
-1574
-1221
-825
-372
148
724
1331
1918
2448
2898
3247
3476
3582
3587
3552
3571
3699
3931
4210
4480
4710
4884
4971
4897
4610
4108
3473
2818
2200
1617
1018
395
-200
-696
-1075
-1415
-1830
-2375
-3011
-3634
-4127
-4450
-4641
-4754
-4822
-4827
-4740
-4538
-4237
-3879
-3514
-3178
-2902
-2692
-2529
-2399
-2261
-2078
-1837
-1527
-1154
-745
-293
207
757
1341
1901
2375
2717
2931
3058
3146
3244
3382
3581
3849
4179
4516
4794
4947
4975
4903
4758
4524
4151
3615
2935
2191
1482
874
367
-92
-543
-1002
-1467
-1942
-2437
-2947
-3450
-3884
-4192
-4373
-4459
-4507
-4542
-4531
-4428
-4203
-3881
-3533
-3249
-3074
-2982
-2891
-2718
-2441
-2112
-1807
-1563
-1322
-977
-450
245
983
1637
2112
2420
2649
2858
3070
3255
3402
3525
3659
3833
4044
4257
4456
4633
4782
4857
4790
4520
4040
3422
2775
2176
1640
1136
622
87
-436
-910
-1331
-1735
-2180
-2711
-3336
-3991
-4564
-4947
-5067
-4934
-4656
-4369
-4182
-4105
-4045
-3888
-3566
-3129
-2699
-2386
-2241
-2194
-2127
-1949
-1642
-1243
-805
-340
171
745
1370
1962
2439
2773
2980
3129
3263
3396
3518
3613
3704
3845
4078
4408
4773
5072
5202
5074
4677
4075
3370
2670
2045
1519
1061
625
178
-290
-793
-1321
-1852
-2360
-2825
-3252
-3669
-4099
-4516
-4843
-4990
-4916
-4665
-4350
-4073
-3858
-3656
-3417
-3139
-2883
-2713
-2626
-2541
-2357
-2022
-1566
-1080
-631
-241
135
558
1062
1627
2186
2662
3004
3214
3308
3342
3397
3538
3791
4146
4519
4821
4985
5001
4912
4742
4504
4161
3684
3073
2376
1676
1049
522
82
-301
-687
-1129
-1658
-2282
-2960
-3626
-4181
-4550
-4726
-4763
-4728
-4669
-4573
-4411
-4182
-3906
-3624
-3372
-3147
-2938
-2735
-2537
-2336
-2122
-1891
-1641
-1363
-1025
-601
-73
541
1186
1792
2302
2709
3009
3233
3387
3486
3556
3638
3778
3984
4226
4457
4631
4734
4779
4757
4653
4414
3992
3386
2643
1870
1170
597
135
-282
-742
-1280
-1876
-2477
-3015
-3452
-3791
-4066
-4316
-4557
-4762
-4889
-4884
-4718
-4410
-4011
-3608
-3263
-3019
-2861
-2726
-2563
-2342
-2072
-1795
-1529
-1264
-965
-587
-102
474
1094
1702
2236
2670
2992
3228
3394
3516
3622
3741
3887
4070
4280
4503
4712
4851
4868
4714
4373
3873
3284
2679
2116
1614
1149
682
180
-360
-911
-1458
-1972
-2452
-2900
-3323
-3714
-4063
-4350
-4543
-4617
-4572
-4423
-4203
-3961
-3725
-3504
-3298
-3101
-2913
-2739
-2554
-2340
-2073
-1757
-1440
-1150
-872
-549
-105
485
1165
1820
2350
2716
2949
3122
3288
3459
3610
3723
3805
3905
4071
4322
4608
4830
4899
4774
4470
4033
3517
2957
2355
1735
1119
549
54
-374
-788
-1240
-1774
-2374
-2977
-3508
-3911
-4196
-4398
-4548
-4641
-4646
-4529
-4313
-4053
-3813
-3621
-3450
-3259
-3030
-2782
-2539
-2311
-2083
-1838
-1569
-1271
-930
-520
-1
608
1251
1833
2277
2573
2758
2911
3078
3266
3449
3624
3809
4037
4313
4600
4822
4909
4836
4624
4339
4012
3625
3135
2515
1807
1105
522
93
-239
-593
-1072
-1688
-2368
-2994
-3485
-3836
-4094
-4316
-4507
-4610
-4574
-4391
-4129
-3884
-3709
-3592
-3464
-3253
-2942
-2603
-2329
-2180
-2139
-2098
-1930
-1562
-1016
-396
190
686
1105
1503
1923
2351
2730
3010
3173
3269
3383
3580
3860
4158
4397
4539
4605
4639
4668
4656
4523
4202
3691
3058
2410
1815
1281
770
240
-321
-887
-1422
-1917
-2372
-2810
-3236
-3640
-4002
-4305
-4542
-4703
-4783
-4755
-4591
-4297
-3914
-3515
-3166
-2908
-2738
-2627
-2528
-2391
-2183
-1881
-1510
-1101
-694
-320
28
395
835
1368
1958
2531
2987
3277
3416
3468
3506
3585
3713
3886
4093
4327
4571
4771
4870
4806
4543
4107
3560
2964
2372
1799
1230
662
98
-440
-924
-1362
-1762
-2163
-2595
-3057
-3536
-3979
-4327
-4549
-4613
-4543
-4381
-4174
-3973
-3793
-3628
-3460
-3273
-3063
-2841
-2628
-2432
-2244
-2039
-1786
-1456
-1035
-532
23
582
1102
1563
1966
2331
2672
2979
3216
3372
3466
3556
3703
3953
4275
4606
4866
4977
4927
4723
4401
3992
3516
2986
2413
1822
1246
710
237
-173
-555
-964
-1438
-1997
-2617
-3234
-3774
-4176
-4423
-4538
-4548
-4492
-4392
-4268
-4125
-3949
-3712
-3403
-3063
-2769
-2610
-2597
-2640
-2592
-2330
-1855
-1263
-707
-290
6
289
686
1236
1883
2504
2975
3244
3344
3349
3351
3425
3598
3877
4216
4556
4827
4974
4977
4824
4519
4068
3506
2894
2305
1783
1326
881
388
-172
-757
-1309
-1789
-2228
-2679
-3177
-3682
-4120
-4418
-4562
-4586
-4543
-4438
-4249
-3979
-3680
-3442
-3299
-3215
-3099
-2876
-2551
-2199
-1900
-1677
-1501
-1303
-1037
-684
-245
257
794
1312
1779
2173
2512
2839
3163
3473
3733
3912
4030
4147
4302
4499
4694
4807
4785
4609
4292
3870
3383
2878
2396
1939
1471
936
305
-371
-1004
-1515
-1896
-2242
-2649
-3149
-3665
-4066
-4259
-4265
-4182
-4117
-4102
-4082
-3992
-3821
-3619
-3435
-3270
-3094
-2866
-2596
-2338
-2118
-1906
-1650
-1308
-904
-487
-95
292
735
1260
1832
2371
2807
3121
3339
3507
3657
3807
3959
4114
4269
4424
4556
4633
4621
4476
4194
3796
3319
2810
2297
1785
1270
746
203
-350
-904
-1447
-1958
-2422
-2836
-3215
-3579
-3926
-4216
-4404
-4450
-4370
-4228
-4076
-3931
-3758
-3525
-3251
-2985
-2787
-2655
-2532
-2351
-2070
-1727
-1384
-1077
-808
-528
-160
338
951
1593
2163
2578
2832
2986
3122
3311
3560
3825
4057
4226
4334
4412
4481
4533
4532
4426
4192
3824
3346
2782
2156
1514
896
348
-109
-500
-892
-1338
-1850
-2396
-2911
-3355
-3713
-3988
-4179
-4267
-4252
-4173
-4074
-3984
-3885
-3725
-3480
-3165
-2845
-2589
-2418
-2305
-2193
-2038
-1832
-1575
-1267
-892
-440
65
582
1067
1505
1920
2325
2713
3029
3227
3311
3347
3442
3663
3986
4322
4562
4651
4608
4478
4283
4008
3617
3104
2524
1956
1457
1018
583
101
-434
-977
-1479
-1922
-2333
-2752
-3184
-3586
-3905
-4104
-4183
-4188
-4144
-4050
-3894
-3666
-3396
-3138
-2929
-2779
-2669
-2569
-2440
-2251
-1998
-1692
-1364
-1054
-769
-468
-86
426
1051
1679
2198
2527
2688
2770
2876
3063
3322
3613
3884
4102
4257
4363
4427
4442
4378
4197
3889
3457
2939
2389
1845
1332
854
402
-40
-480
-919
-1358
-1796
-2235
-2671
-3092
-3479
-3802
-4041
-4183
-4229
-4194
-4086
-3910
-3674
-3395
-3105
-2854
-2679
-2579
-2503
-2391
-2199
-1928
-1620
-1312
-1016
-708
-352
66
538
1016
1455
1845
2183
2487
2774
3045
3293
3513
3702
3866
4023
4188
4347
4473
4510
4402
4129
3731
3282
2835
2399
1931
1397
806
219
-283
-678
-1010
-1361
-1789
-2282
-2769
-3188
-3499
-3708
-3840
-3907
-3914
-3858
-3744
-3583
-3394
-3198
-3019
-2862
-2731
-2612
-2491
-2344
-2156
-1928
-1670
-1400
-1114
-792
-408
45
539
1034
1479
1856
2157
2403
2623
2831
3043
3255
3464
3666
3860
4044
4199
4298
4319
4239
4043
3738
3339
2875
2380
1871
1367
869
399
-34
-426
-794
-1180
-1625
-2133
-2652
-3117
-3473
-3722
-3902
-4041
-4125
-4105
-3930
-3626
-3283
-3009
-2868
-2828
-2801
-2702
-2489
-2195
-1874
-1581
-1346
-1169
-1001
-798
-496
-54
510
1115
1650
2037
2257
2381
2511
2712
2992
3299
3570
3779
3925
4046
4169
4272
4305
4206
3946
3551
3091
2634
2202
1771
1305
788
254
-248
-679
-1044
-1397
-1797
-2260
-2748
-3182
-3484
-3644
-3713
-3768
-3843
-3907
-3901
-3782
-3574
-3338
-3128
-2947
-2756
-2510
-2205
-1897
-1658
-1516
-1422
-1275
-985
-543
-14
497
916
1249
1534
1809
2081
2330
2544
2752
2981
3265
3577
3853
4023
4066
4016
3946
3896
3852
3765
3568
3249
2837
2368
1861
1316
743
182
-304
-688
-1006
-1338
-1766
-2300
-2861
-3340
-3646
-3775
-3785
-3753
-3724
-3685
-3621
-3522
-3387
-3234
-3062
-2860
-2619
-2363
-2133
-1971
-1865
-1755
-1564
-1243
-800
-302
175
592
949
1273
1573
1855
2110
2336
2555
2775
2987
3162
3309
3448
3597
3774
3935
4031
4008
3846
3577
3238
2859
2457
2030
1591
1164
755
361
-55
-514
-1008
-1505
-1960
-2340
-2645
-2904
-3141
-3368
-3565
-3687
-3716
-3654
-3544
-3426
-3306
-3162
-2978
-2761
-2550
-2381
-2253
-2128
-1945
-1672
-1309
-900
-488
-120
186
445
692
966
1296
1677
2075
2421
2652
2768
2839
2959
3190
3500
3804
4004
4047
3955
3783
3575
3337
3065
2763
2437
2095
1717
1284
794
275
-216
-637
-1005
-1370
-1775
-2221
-2655
-3011
-3256
-3411
-3519
-3608
-3663
-3653
-3564
-3406
-3216
-3029
-2852
-2682
-2515
-2341
-2170
-1986
-1767
-1500
-1191
-877
-577
-287
22
379
793
1218
1599
1910
2148
2347
2533
2716
2891
3059
3235
3429
3622
3776
3846
3806
3670
3478
3258
3015
2726
2375
1969
1540
1111
675
208
-309
-860
-1380
-1801
-2095
-2295
-2481
-2708
-2990
-3286
-3519
-3640
-3623
-3508
-3351
-3211
-3118
-3043
-2936
-2757
-2508
-2230
-1963
-1720
-1485
-1242
-981
-723
-464
-203
77
390
719
1045
1357
1658
1969
2299
2612
2856
3006
3090
3179
3346
3569
3766
3820
3686
3433
3187
3038
2955
2804
2470
1955
1380
879
495
163
-229
-719
-1243
-1688
-1990
-2185
-2370
-2609
-2882
-3126
-3281
-3339
-3338
-3313
-3278
-3205
-3081
-2921
-2738
-2551
-2356
-2150
-1931
-1709
-1487
-1263
-1018
-747
-465
-187
74
339
630
953
1294
1606
1860
2068
2272
2519
2810
3106
3339
3465
3494
3470
3441
3427
3410
3338
3162
2872
2481
2028
1552
1092
675
297
-58
-418
-801
-1194
-1565
-1892
-2180
-2454
-2736
-2999
-3196
-3294
-3301
-3267
-3237
-3210
-3131
-2959
-2695
-2395
-2130
-1923
-1749
-1584
-1426
-1294
-1188
-1058
-833
-476
-14
447
820
1080
1275
1481
1730
2002
2249
2447
2607
2768
2945
3103
3203
3236
3255
3312
3413
3486
3433
3190
2775
2279
1782
1333
935
566
195
-198
-610
-1019
-1390
-1698
-1952
-2197
-2492
-2842
-3187
-3421
-3457
-3319
-3117
-2971
-2921
-2914
-2851
-2675
-2424
-2193
-2050
-1984
-1910
-1732
-1434
-1070
-721
-451
-249
-48
215
566
968
1343
1636
1840
1998
2165
2377
2624
2872
3079
3225
3311
3352
3383
3423
3459
3447
3321
3037
2589
2033
1468
989
638
381
146
-142
-518
-944
-1361
-1739
-2068
-2362
-2634
-2868
-3039
-3131
-3153
-3132
-3077
-2987
-2855
-2689
-2522
-2380
-2269
-2156
-1995
-1764
-1489
-1227
-1030
-895
-760
-558
-256
124
509
845
1125
1371
1630
1902
2157
2364
2519
2642
2779
2947
3120
3258
3326
3312
3246
3151
3006
2783
2448
2017
1560
1141
794
489
167
-203
-611
-1015
-1376
-1686
-1967
-2231
-2487
-2711
-2879
-2985
-3035
-3057
-3058
-3020
-2923
-2761
-2560
-2357
-2164
-1978
-1778
-1553
-1315
-1098
-935
-819
-704
-532
-266
75
444
778
1041
1253
1468
1727
2030
2331
2575
2734
2826
2899
2999
3147
3305
3409
3391
3222
2927
2578
2241
1944
1670
1365
987
539
69
-367
-733
-1023
-1285
-1563
-1878
-2204
-2496
-2699
-2797
-2809
-2782
-2758
-2752
-2753
-2725
-2646
-2514
-2354
-2186
-2017
-1850
-1682
-1508
-1334
-1151
-934
-670
-366
-55
217
436
627
839
1099
1407
1707
1941
2103
2211
2323
2487
2700
2921
3086
3159
3145
3069
2953
2805
2604
2346
2030
1676
1311
950
603
259
-84
-430
-769
-1095
-1413
-1715
-1991
-2243
-2458
-2650
-2815
-2941
-3003
-2975
-2862
-2688
-2496
-2317
-2170
-2049
-1929
-1784
-1590
-1343
-1076
-847
-694
-601
-502
-322
-30
352
756
1115
1386
1574
1703
1815
1932
2071
2234
2421
2609
2780
2913
2988
2997
2945
2833
2660
2423
2136
1817
1494
1184
880
560
203
-178
-560
-910
-1206
-1466
-1710
-1954
-2194
-2403
-2550
-2634
-2664
-2662
-2632
-2563
-2456
-2326
-2202
-2106
-2022
-1899
-1710
-1467
-1227
-1039
-918
-817
-668
-433
-120
218
536
812
1050
1260
1435
1573
1686
1804
1956
2147
2354
2539
2677
2761
2800
2808
2781
2690
2522
2283
1988
1657
1318
983
666
372
100
-166
-445
-754
-1089
-1417
-1705
-1951
-2160
-2352
-2525
-2649
-2687
-2619
-2472
-2300
-2150
-2045
-1971
-1896
-1798
-1680
-1549
-1405
-1242
-1045
-818
-590
-377
-182
9
216
454
732
1019
1271
1449
1539
1590
1676
1855
2126
2420
2628
2688
2625
2522
2471
2489
2515
2450
2230
1870
1443
1042
710
445
207
-48
-329
-627
-917
-1176
-1417
-1641
-1856
-2057
-2219
-2339
-2411
-2452
-2459
-2417
-2300
-2108
-1872
-1659
-1522
-1456
-1416
-1339
-1199
-1018
-848
-727
-637
-516
-305
19
403
755
993
1098
1123
1163
1302
1536
1802
2013
2126
2162
2188
2265
2384
2467
2424
2233
1955
1705
1555
1476
1366
1119
723
268
-100
-291
-349
-409
-597
-948
-1383
-1775
-2018
-2112
-2126
-2132
-2150
-2148
-2077
-1945
-1800
-1688
-1626
-1575
-1483
-1334
-1171
-1064
-1025
-999
-901
-687
-394
-105
103
231
356
553
834
1128
1333
1406
1389
1382
1472
1666
1898
2085
2177
2184
2150
2102
2048
1968
1843
1671
1458
1205
926
645
386
167
-29
-239
-488
-769
-1046
-1267
-1422
-1540
-1664
-1808
-1943
-2026
-2024
-1943
-1831
-1730
-1654
-1586
-1504
-1402
-1291
-1180
-1071
-950
-806
-647
-488
-336
-175
14
241
479
686
834
932
1002
1083
1184
1286
1364
1411
1456
1532
1655
1797
1906
1932
1859
1724
1575
1446
1324
1169
937
636
328
75
-86
-188
-298
-484
-752
-1053
-1304
-1458
-1513
-1506
-1505
-1553
-1639
-1703
-1695
-1595
-1421
-1235
-1089
-1013
-995
-988
-939
-819
-643
-464
-341
-286
-250
-159
27
280
526
694
771
800
844
943
1070
1180
1252
1301
1371
1478
1593
1661
1628
1495
1313
1152
1060
1028
1001
911
718
446
166
-57
-187
-253
-323
-453
-654
-895
-1122
-1277
-1349
-1355
-1334
-1318
-1319
-1334
-1353
-1362
-1352
-1305
-1215
-1090
-953
-837
-760
-718
-671
-586
-444
-256
-58
127
288
433
563
673
767
842
908
985
1068
1147
1214
1265
1310
1365
1417
1431
1384
1280
1150
1031
940
866
772
632
450
260
102
-14
-110
-225
-379
-571
-759
-916
-1029
-1095
-1140
-1178
-1213
-1255
-1293
-1312
-1295
-1239
-1148
-1039
-931
-850
-791
-730
-635
-504
-344
-186
-61
14
58
111
201
345
507
638
699
704
690
712
802
928
1055
1133
1156
1145
1128
1114
1090
1041
961
856
757
686
636
580
492
353
169
-28
-200
-329
-421
-499
-585
-695
-813
-920
-996
-1036
-1041
-1018
-986
-965
-964
-978
-990
-975
-926
-857
-785
-714
-631
-524
-392
-265
-180
-146
-123
-65
68
256
437
549
571
539
524
573
693
843
971
1043
1060
1042
1016
1002
983
943
871
787
716
670
636
581
470
310
150
27
-53
-94
-141
-232
-374
-538
-686
-778
-802
-789
-773
-774
-792
-817
-837
-854
-876
-898
-900
-855
-760
-640
-535
-476
-446
-401
-309
-167
-9
122
202
247
294
353
419
470
501
542
617
722
829
894
899
854
796
752
719
678
620
559
515
487
460
394
286
168
82
56
69
60
-30
-200
-403
-572
-658
-671
-647
-629
-638
-664
-688
-697
-690
-683
-678
-674
-668
-646
-607
-551
-482
-413
-351
-296
-224
-128
0
128
215
241
217
187
188
243
336
435
518
576
614
652
686
699
692
671
652
647
646
626
572
484
397
347
329
316
270
188
97
24
-18
-72
-170
-310
-442
-505
-478
-401
-344
-368
-480
-627
-734
-753
-689
-582
-482
-425
-424
-467
-528
-561
-532
-428
-277
-129
-25
7
-3
-8
20
80
136
174
210
282
400
528
601
579
490
399
375
433
525
592
594
530
432
336
268
232
222
222
230
215
167
78
-31
-126
-189
-214
-223
-234
-250
-269
-290
-318
-365
-427
-485
-511
-493
-443
-383
-345
-335
-345
-351
-344
-329
-305
-273
-223
-142
-40
55
109
112
86
70
94
160
247
338
405
432
436
416
390
369
359
364
379
396
403
374
317
244
182
148
139
142
128
88
15
-60
-114
-138
-138
-130
-127
-139
-179
-244
-323
-381
-394
-348
-270
-214
-228
-314
-429
-507
-485
-367
-215
-110
-107
-184
-271
-290
-208
-60
82
152
144
102
87
130
220
309
358
364
350
351
375
401
395
348
280
228
224
269
325
338
279
163
32
-54
-62
-6
66
96
45
-73
-208
-304
-325
-285
-220
-180
-190
-240
-308
-354
-355
-321
-279
-253
-257
-280
-287
-259
-199
-126
-73
-54
-54
-51
-19
41
105
153
164
144
130
142
193
268
337
372
362
332
299
280
270
244
194
126
76
77
124
191
226
186
70
-67
-168
-184
-114
-12
48
14
-95
-230
-311
-298
-204
-87
-23
-40
-120
-217
-281
-299
-287
-263
-245
-227
-203
-179
-161
-149
-130
-101
-55
-14
0
-16
-49
-64
-31
62
183
285
330
312
270
236
241
286
337
357
321
239
151
93
93
145
217
263
247
172
60
-37
-83
-77
-54
-54
-104
-187
-259
-282
-240
-165
-111
-112
-165
-236
-274
-252
-206
-171
-185
-252
-323
-349
-294
-163
-14
93
114
59
-25
-79
-68
2
94
165
190
173
153
165
222
300
356
355
295
221
176
164
157
127
68
7
-15
19
85
136
126
51
-55
-144
-174
-143
-90
-55
-62
-120
-184
-219
-195
-99
13
76
52
-49
-169
-240
-232
-162
-88
-43
-36
-55
-81
-110
-136
-135
-91
-14
62
90
43
-45
-115
-108
-24
94
186
222
210
180
152
121
89
71
86
137
188
202
157
77
25
28
79
134
140
91
13
-50
-80
-91
-100
-116
-121
-96
-52
-18
-37
-104
-167
-173
-112
-32
16
-10
-89
-162
-188
-158
-103
-58
-38
-40
-46
-46
-37
-25
-12
6
25
36
28
9
4
35
90
149
173
157
121
104
130
181
228
232
180
105
43
28
59
99
119
107
63
-2
-54
-82
-82
-62
-52
-63
-100
-144
-175
-179
-161
-138
-110
-94
-101
-133
-176
-198
-171
-107
-39
-9
-28
-70
-104
-99
-53
5
46
63
65
67
57
31
-9
-24
12
83
155
183
158
112
75
70
93
125
162
188
195
180
137
84
45
42
75
115
121
79
19
-24
-30
-19
-34
-82
-138
-153
-115
-59
-28
-53
-126
-198
-221
-197
-146
-102
-85
-82
-87
-91
-99
-123
-144
-135
-94
-34
16
28
3
-23
-28
-5
29
56
66
69
79
98
128
148
147
134
115
99
94
93
100
124
151
176
166
107
23
-37
-29
40
115
134
72
-37
-122
-144
-99
-33
8
-4
-49
-98
-135
-152
-147
-124
-92
-60
-53
-67
-95
-110
-98
-70
-43
-36
-45
-51
-40
-18
-2
-1
-12
-26
-25
-3
34
75
109
124
115
82
43
29
48
89
128
141
117
79
61
69
87
91
69
39
23
23
22
-7
-49
-84
-86
-57
-25
-20
-53
-99
-123
-98
-44
-11
-23
-81
-153
-191
-169
-109
-54
-32
-46
-71
-73
-47
-4
29
26
-7
-48
-71
-52
8
79
130
143
119
75
42
48
88
141
178
176
137
83
46
40
58
93
126
139
125
85
27
-24
-35
-12
11
-1
-48
-95
-99
-46
25
59
26
-57
-138
-168
-134
-67
-21
-25
-67
-110
-122
-105
-85
-83
-97
-107
-96
-61
-25
-15
-34
-66
-86
-86
-62
-30
12
52
78
88
84
67
48
43
59
84
106
113
105
87
70
63
72
91
99
85
49
12
0
21
53
61
32
-17
-42
-23
21
42
3
-79
-144
-143
-79
2
47
27
-45
-128
-170
-161
-115
-56
-11
9
-8
-41
-70
-82
-74
-57
-45
-33
-15
7
39
75
94
86
55
24
19
55
104
129
115
77
52
59
86
110
107
78
48
40
43
49
36
15
11
20
22
7
-25
-56
-56
-28
-1
2
-29
-75
-93
-78
-53
-39
-41
-54
-54
-42
-38
-59
-92
-110
-98
-58
-18
-4
-24
-58
-85
-91
-78
-58
-33
-4
23
48
55
38
13
-5
-10
6
39
76
110
124
111
76
36
14
17
40
72
92
95
77
50
16
-15
-33
-29
-12
10
25
23
11
-6
-23
-34
-41
-46
-53
-56
-52
-44
-30
-20
-24
-42
-57
-53
-39
-16
-11
-37
-67
-77
-58
-15
29
49
49
43
36
39
43
38
35
32
41
61
80
86
77
54
33
25
31
45
51
38
10
-17
-24
-7
16
25
11
-24
-54
-67
-56
-30
-8
-1
-12
-31
-49
-65
-70
-63
-56
-46
-44
-45
-46
-43
-35
-27
-28
-37
-43
-47
-49
-45
-35
-17
9
44
74
83
73
49
28
16
16
18
28
44
59
74
72
53
25
5
9
31
56
70
62
30
-3
-23
-31
-23
-6
15
32
45
44
27
-3
-39
-66
-71
-58
-40
-39
-48
-53
-47
-34
-33
-45
-62
-69
-51
-26
-14
-29
-57
-80
-72
-32
18
53
63
44
23
18
28
41
47
42
30
20
19
24
46
75
95
94
72
48
39
42
56
64
50
18
-7
-15
-2
21
22
10
-14
-32
-32
-29
-25
-36
-56
-73
-85
-81
-72
-65
-61
-60
-53
-43
-40
-39
-39
-40
-39
-38
-41
-45
-42
-21
17
52
71
62
28
-5
-14
8
50
80
88
80
61
49
34
21
12
18
44
72
80
63
24
-14
-28
-14
14
36
34
8
-24
-38
-25
5
26
12
-28
-68
-86
-75
-46
-24
-16
-30
-52
-67
-70
-66
-57
-53
-49
-37
-21
-5
-2
-15
-28
-33
-28
-9
21
47
65
69
54
33
21
26
49
76
87
81
68
57
53
51
46
31
17
12
17
28
37
37
21
-4
-30
-45
-40
-24
-10
-7
-9
-14
-18
-22
-37
-54
-65
-62
-45
-22
0
3
-7
-24
-45
-51
-46
-32
-13
-4
-1
2
-1
-12
-18
-17
-5
12
27
26
16
3
-1
13
28
33
28
21
17
28
48
57
48
21
-9
-16
3
32
54
51
31
2
-20
-25
-18
-11
-13
-26
-35
-37
-35
-32
-35
-46
-59
-67
-65
-51
-34
-24
-22
-24
-25
-20
-14
-15
-18
-17
-12
7
36
54
58
45
23
6
6
24
51
71
71
57
40
26
25
33
46
55
59
58
46
29
17
5
5
14
21
31
31
18
6
-5
-9
-12
-19
-26
-36
-38
-38
-34
-31
-38
-45
-53
-54
-50
-45
-38
-38
-45
-53
-55
-44
-29
-22
-24
-34
-42
-34
-15
0
9
5
-2
-2
6
16
20
17
7
6
16
39
60
60
41
12
-4
-4
12
32
46
53
43
24
0
-13
-6
13
37
40
28
8
-1
-1
-2
-10
-26
-37
-29
-5
21
23
-6
-41
-61
-43
-12
12
16
-2
-22
-25
-14
0
6
1
-7
-2
14
33
42
36
12
-11
-24
-14
15
50
72
66
38
-5
-29
-22
9
44
50
24
-16
-38
-22
14
41
35
-2
-45
-70
-61
-31
-2
8
-10
-43
-76
-91
-84
-57
-29
-12
-20
-44
-69
-82
-68
-40
-11
3
-5
-34
-55
-53
-29
8
43
62
56
36
13
3
8
32
65
93
103
89
61
38
37
54
85
100
84
48
19
11
33
64
76
61
24
-14
-33
-23
0
27
46
42
10
-34
-75
-94
-77
-32
9
17
-14
-79
-135
-147
-112
-47
8
19
-22
-87
-134
-130
-76
-1
55
64
31
-17
-51
-51
-25
16
49
60
55
40
27
23
37
58
75
82
70
53
32
22
32
52
74
74
50
16
-14
-14
7
31
38
18
-18
-54
-72
-64
-41
-19
-9
-13
-34
-61
-84
-97
-87
-54
-8
33
36
-1
-58
-100
-100
-50
20
66
67
25
-25
-45
-29
8
38
46
33
18
11
16
34
47
45
25
5
-6
1
32
63
73
54
12
-29
-49
-36
-2
33
51
47
32
13
-4
-19
-38
-49
-41
-20
9
28
30
17
-4
-28
-48
-57
-49
-28
0
24
25
-2
-42
-68
-65
-25
24
44
34
-4
-35
-31
2
34
46
26
-8
-26
-11
32
69
74
41
-4
-30
-27
-4
22
31
23
12
3
1
-7
-19
-31
-35
-22
7
37
44
19
-23
-52
-52
-23
8
27
21
-4
-26
-32
-20
-6
2
1
-5
-10
-13
-12
-12
-8
0
5
7
0
-11
-14
-7
8
17
5
-27
-54
-51
-12
45
75
63
16
-31
-43
-16
35
67
69
44
12
3
16
39
54
48
22
0
-12
-5
20
45
50
25
-18
-56
-69
-48
-8
22
19
-11
-50
-76
-74
-52
-30
-19
-26
-41
-53
-53
-39
-17
-4
-5
-21
-36
-38
-23
1
22
28
19
2
-5
10
34
55
62
50
33
18
16
33
53
79
92
82
46
-5
-32
-22
17
57
65
39
0
-25
-20
-7
-11
-34
-62
-61
-27
27
53
23
-52
-131
-156
-111
-19
55
65
18
-52
-96
-91
-45
2
24
16
-9
-24
-24
-2
32
54
57
42
11
-8
0
40
92
114
81
10
-52
-57
6
86
121
87
12
-47
-46
-2
43
55
32
-5
-29
-34
-28
-18
-7
7
10
-5
-40
-79
-97
-79
-40
-14
-23
-57
-88
-98
-81
-58
-46
-44
-47
-41
-20
5
22
23
14
4
-5
-8
-1
20
50
75
92
83
62
45
34
36
39
40
52
79
116
139
125
61
-17
-62
-40
39
127
156
111
15
-76
-110
-83
-21
26
35
7
-34
-64
-74
-75
-75
-75
-70
-59
-46
-33
-31
-49
-77
-101
-106
-72
-13
40
65
47
-7
-64
-91
-69
-13
47
77
58
21
-7
-5
25
57
69
59
39
28
32
30
17
-4
-21
-18
7
37
44
33
16
5
7
19
22
7
-12
-24
-19
-9
-5
-6
-12
-19
-20
-15
-8
1
6
-1
-13
-26
-35
-38
-31
-19
-1
15
20
15
1
-15
-25
-25
-19
-12
-2
8
20
23
16
6
-4
2
19
31
37
34
20
6
-4
-7
-7
2
15
24
35
46
41
17
-8
-25
-24
-13
3
10
1
-17
-35
-41
-31
-15
1
9
6
-3
-15
-27
-30
-23
-11
3
9
-3
-18
-30
-22
3
30
43
29
5
-22
-34
-30
-14
8
26
33
29
19
8
-2
-12
-18
-13
-4
3
8
9
3
-5
-6
-4
6
19
26
27
16
1
-10
-9
-4
-3
-5
-8
-12
-9
-3
0
-3
-10
-19
-22
-14
-4
6
6
-3
-11
-15
-8
1
7
7
-1
-6
-3
10
22
28
26
11
-1
-6
3
23
34
32
18
1
-9
-8
7
16
15
4
-11
-15
-7
2
1
-2
-4
-1
5
7
2
-11
-18
-19
-11
1
8
6
-4
-11
-14
-14
-7
-5
-12
-17
-21
-22
-16
-12
-8
-10
-10
-5
-5
-3
-2
-4
-4
-4
-6
-8
-5
3
15
28
30
21
5
-6
-4
7
24
29
25
13
0
-2
6
16
27
36
39
31
20
7
-5
-18
-29
-31
-18
-1
16
13
-7
-31
-42
-28
-2
21
28
5
-32
-52
-50
-24
8
21
20
10
0
4
15
27
28
16
-15
-56
-84
-85
-49
6
53
66
46
24
17
30
37
20
-23
-71
-89
-61
-5
54
80
67
32
-3
-12
9
42
64
62
34
-10
-52
-78
-79
-47
3
53
81
68
19
-33
-61
-50
-9
26
22
-24
-85
-114
-86
-7
70
100
63
-6
-57
-59
-13
40
63
39
-21
-78
-96
-63
2
74
113
94
31
-45
-100
-99
-38
51
110
100
27
-59
-105
-82
-5
74
109
97
55
14
-22
-50
-66
-66
-45
-10
21
20
-5
-14
14
72
113
98
23
-74
-128
-109
-43
17
28
-3
-39
-38
17
83
117
91
14
-69
-119
-111
-64
-13
25
50
54
40
14
-18
-28
-9
29
55
37
-20
-84
-102
-63
8
70
79
43
-1
-20
10
52
59
28
-36
-85
-91
-58
5
50
69
70
38
7
-24
-56
-41
-7
27
49
21
-20
-50
-75
-35
8
28
48
41
45
46
1
-46
-88
-100
-30
56
107
100
15
-67
-91
-64
6
52
37
9
-23
-30
-6
-4
-5
-6
-13
13
30
25
11
-20
-30
-13
11
36
32
4
-16
-21
-5
22
24
6
-25
-41
-25
6
36
42
22
-9
-41
-46
-17
14
45
51
23
-16
-49
-54
-28
9
38
42
17
-15
-30
-23
0
26
33
15
-10
-34
-42
-19
16
48
57
37
-4
-46
-64
-46
1
50
74
55
2
-51
-65
-27
26
54
37
-10
-44
-37
1
32
24
-15
-49
-50
-14
33
47
21
-25
-56
-45
2
47
63
39
-8
-48
-57
-38
-4
27
43
42
29
6
-25
-48
-52
-28
18
53
50
17
-24
-46
-36
-5
25
34
26
13
0
-6
-12
-14
-6
5
17
20
2
-19
-33
-26
0
28
40
25
0
-21
-28
-17
3
19
21
14
-4
-21
-29
-23
-1
27
42
35
4
-41
-65
-55
-16
28
53
43
11
-16
-27
-16
1
8
6
1
0
