SAMPLES:	13501
BITSPERSAMPLE:	16
CHANNELS:	1
SAMPLERATE:	16000
NORMALIZED:	FALSE
235
289
278
368
491
395
-2
-416
-474
-212
-40
-133
-232
-81
170
215
-10
-312
-457
-330
-48
139
58
-275
-676
-890
-787
-468
-163
-29
-69
-162
-147
25
207
255
204
181
238
334
372
253
7
-171
-73
290
675
757
372
-216
-478
-182
365
622
316
-337
-811
-748
-276
201
415
348
127
-38
-17
71
24
-135
-203
-77
160
349
385
261
47
-138
-189
-83
57
68
-48
-111
-20
72
-22
-258
-412
-330
-93
72
14
-170
-214
5
267
249
-81
-395
-363
-18
285
251
-53
-292
-244
-6
187
150
-134
-464
-571
-367
-6
275
350
279
235
326
485
538
404
202
121
205
340
412
418
403
398
368
235
-30
-294
-366
-223
-45
0
-74
-177
-299
-485
-667
-629
-301
28
-12
-394
-692
-579
-224
-62
-267
-583
-623
-305
92
265
172
-1
-68
-21
36
81
194
390
516
403
125
-46
54
343
586
620
438
154
-56
-55
145
395
547
553
435
237
0
-215
-379
-516
-602
-505
-169
171
166
-246
-686
-694
-208
347
476
86
-413
-519
-144
332
443
117
-289
-380
-131
156
231
109
-15
-4
127
294
367
258
30
-137
-122
29
135
68
-145
-359
-424
-267
28
265
302
146
-47
-119
-60
33
49
-15
-74
-44
71
172
150
-4
-158
-154
73
357
420
153
-266
-526
-482
-209
139
432
589
557
317
-25
-256
-233
-10
237
383
351
122
-221
-468
-424
-153
18
-158
-559
-815
-692
-305
54
172
44
-174
-312
-297
-177
-84
-92
-135
-66
175
455
573
432
137
-92
-92
106
339
497
597
659
606
334
-81
-346
-236
137
382
263
-76
-318
-275
-42
160
192
65
-103
-192
-139
5
85
-2
-190
-334
-366
-318
-268
-262
-250
-137
24
61
-71
-163
-27
214
224
-109
-487
-528
-208
131
206
54
-84
-84
-3
26
-39
-59
103
365
524
482
285
9
-239
-260
98
640
877
517
-183
-623
-492
-40
267
253
134
127
169
80
-143
-321
-353
-280
-142
58
267
337
203
-2
-88
-37
-9
-126
-291
-309
-135
71
103
-67
-276
-346
-255
-137
-116
-211
-321
-261
47
403
481
230
-5
79
315
285
-90
-427
-378
12
438
643
545
238
-63
-163
-60
87
137
63
-93
-244
-258
-68
168
176
-93
-379
-428
-271
-78
58
163
202
147
62
34
69
61
-56
-245
-397
-372
-94
296
440
110
-443
-695
-430
60
343
289
76
-82
-107
-52
6
29
66
193
348
386
254
34
-124
-135
-26
106
164
99
-44
-148
-137
-42
58
117
125
73
-18
-113
-208
-297
-350
-291
-73
236
509
634
535
291
123
172
320
301
96
-25
117
321
248
-124
-430
-356
1
237
118
-218
-504
-631
-646
-547
-295
44
233
70
-354
-686
-626
-277
-34
-107
-309
-300
3
314
284
-85
-405
-317
113
492
531
281
54
134
528
910
894
415
-217
-584
-472
12
550
821
669
190
-266
-313
52
419
441
164
-171
-400
-465
-354
-133
52
45
-177
-467
-642
-639
-541
-427
-273
-101
-29
-125
-285
-318
-140
139
312
269
102
2
55
227
436
604
640
482
160
-169
-256
0
372
502
292
-1
-79
84
227
129
-144
-334
-271
-89
-38
-194
-426
-515
-341
6
246
161
-171
-437
-317
202
742
887
588
146
-159
-236
-121
90
280
359
287
106
-54
-74
12
61
28
21
107
154
27
-207
-387
-462
-457
-352
-161
-36
-106
-301
-471
-540
-496
-349
-164
-45
-53
-138
-206
-263
-364
-422
-283
-1
211
299
366
438
423
260
55
-3
164
464
704
769
699
606
515
368
205
178
309
370
191
-37
-23
164
156
-238
-762
-985
-789
-455
-287
-355
-526
-616
-496
-261
-170
-339
-569
-526
-130
330
510
342
11
-255
-340
-201
116
425
558
498
380
334
371
388
293
128
46
221
633
956
834
298
-213
-281
109
602
797
573
118
-312
-539
-529
-369
-223
-222
-387
-590
-593
-313
18
78
-214
-584
-693
-435
-20
246
192
-47
-173
-93
-8
-105
-265
-234
20
284
367
241
8
-168
-160
52
273
252
-20
-303
-380
-277
-191
-205
-193
-38
157
196
79
6
79
162
89
-97
-190
-69
112
118
-28
-87
28
132
113
140
346
559
522
236
-41
-59
198
486
536
322
45
-154
-257
-219
23
330
346
-65
-555
-676
-368
35
177
-77
-524
-763
-565
-191
-70
-267
-482
-451
-195
121
338
336
137
-90
-168
-57
151
369
507
547
532
504
427
225
-36
-176
-44
324
731
950
851
466
-40
-467
-686
-621
-301
92
324
267
-3
-265
-320
-144
149
349
206
-241
-591
-516
-213
-89
-263
-576
-774
-635
-158
132
-106
-342
-80
254
22
-407
-183
467
602
16
-674
-869
-511
99
583
470
-143
-377
69
527
404
-62
-297
-298
-245
-62
231
361
120
-124
127
647
688
67
-514
-423
103
399
268
64
150
401
439
255
57
61
328
605
588
226
-223
-398
-156
240
401
220
-26
-19
81
0
-262
-569
-707
-600
-366
-136
-84
-181
-172
-57
8
-101
-403
-623
-498
-58
351
414
180
-85
-163
-143
-137
-133
46
510
848
686
181
-205
-275
-77
198
344
239
24
311
518
284
364
452
99
-664
-785
148
673
376
-3
106
78
-503
-669
-4
293
-557
-957
-347
213
48
-561
-879
-1181
-1025
-303
273
-39
-1238
-1287
-156
667
88
-979
-686
-246
-115
-234
-394
-155
-206
-64
586
1409
1656
932
252
561
1384
1732
1623
1370
1468
1597
1545
1599
1428
1271
1128
1212
1374
1090
724
345
249
331
125
-160
-403
-598
-969
-1599
-2062
-2257
-2332
-2397
-2563
-2744
-3143
-3548
-3553
-3370
-3084
-2849
-2500
-2195
-2107
-1772
-1353
-879
-268
336
709
807
1071
1546
2005
2431
2839
3131
3460
3788
3943
3839
3526
3692
4036
4223
4283
3980
3608
2911
2293
1910
1297
964
659
190
-343
-1081
-1775
-2554
-3322
-3579
-3590
-3747
-3884
-4098
-4392
-4721
-4986
-4796
-4651
-4614
-4398
-4244
-4032
-3675
-3199
-2789
-2452
-2022
-1223
-37
940
1379
1585
2600
4256
5027
4762
4454
4866
5769
6230
6104
5782
5351
5249
5598
5791
5354
4377
3898
4053
3662
2827
2199
1482
599
-286
-882
-1421
-2663
-3762
-4112
-4345
-4710
-5458
-6029
-6021
-5925
-5850
-5996
-6493
-6596
-6035
-5716
-5729
-5702
-5315
-4734
-4591
-4240
-3400
-2710
-2208
-1527
-711
119
901
2169
3549
3286
2927
4590
6622
6816
5646
5442
6563
7119
6836
6918
6897
6392
6148
6302
6593
5546
4357
4717
4829
4104
2968
2168
1583
576
-383
-958
-1643
-2801
-3771
-4179
-3654
-3669
-5130
-6225
-6435
-6062
-5998
-6465
-6495
-5844
-5656
-6339
-6386
-5814
-4939
-4844
-5290
-4424
-3514
-2986
-2896
-2986
-2228
-1474
-1107
-188
1296
2603
3393
3043
3011
4622
6114
6216
5368
5454
6703
7394
7164
6585
6090
5685
5840
6365
6568
5739
4403
4503
4820
4018
2985
2307
1921
693
-1069
-1718
-1909
-2370
-2952
-3998
-4550
-4991
-6197
-6711
-6673
-6703
-6572
-6675
-6630
-6370
-6637
-7159
-7172
-6635
-5550
-4659
-4154
-3560
-3594
-3669
-3061
-1994
-988
-592
-393
407
1936
3151
3923
4377
4694
5454
6335
6819
6614
6544
7131
7933
8144
7415
6509
5973
6272
6743
6802
6118
5125
4848
4217
3235
2392
1791
1125
-19
-1019
-1843
-2483
-3109
-3588
-4495
-5686
-6282
-6707
-6612
-6669
-6850
-6787
-6995
-7137
-7116
-6744
-6891
-6987
-6389
-5682
-4880
-4536
-4000
-3624
-3468
-2979
-2237
-1061
-434
-27
619
1783
3322
4121
4535
4651
5060
6099
6852
6765
6276
6572
7349
7830
7471
6607
5964
5790
6243
6299
5718
4992
4690
4821
4530
3648
2491
1440
343
-614
-1454
-2016
-2357
-3244
-4261
-5361
-5930
-6013
-6674
-7178
-7208
-7143
-7263
-7345
-7218
-6897
-6681
-6832
-6548
-6279
-5723
-4886
-4353
-3630
-3415
-2904
-2192
-1896
-1308
-394
795
1404
2087
3104
3963
4716
4955
5488
6366
7165
7397
7146
7068
7187
7477
7497
7183
6427
6093
6348
6296
6281
5809
5106
4430
3647
3167
2615
2039
1129
-48
-1046
-1964
-2741
-3628
-4658
-5489
-5916
-6170
-6463
-7009
-7513
-7687
-7989
-8169
-8161
-7750
-7164
-7191
-7237
-6835
-6101
-5541
-5161
-4496
-3637
-2990
-2641
-2039
-1409
-844
-4
1054
2248
3382
4220
4564
4835
5271
6081
7034
7550
7841
7544
7120
7349
7707
7821
7488
7122
7065
6959
6657
6048
5222
4719
4681
4434
3833
2841
1675
578
-805
-1776
-2143
-2817
-3979
-5080
-5552
-5802
-6573
-7507
-8027
-8270
-8590
-8611
-8300
-8217
-8331
-8341
-7677
-7137
-7250
-6925
-6035
-5190
-4682
-4070
-3263
-2523
-2015
-1393
-244
800
1933
2666
2854
3626
4987
6366
6721
6544
6884
7786
8677
9026
8907
8445
8191
8034
8094
7840
6816
6119
5859
5987
5801
5344
5066
4329
3147
2093
1734
752
-835
-2008
-2407
-2653
-4134
-5361
-6003
-6652
-7545
-8411
-8424
-8393
-8471
-8657
-8564
-8712
-8874
-8229
-7883
-7675
-7783
-7040
-5657
-5260
-5075
-4764
-3659
-2455
-1575
-828
-10
1113
1823
2420
3001
4559
5986
5918
5951
6700
8125
8621
8124
8110
8513
8706
8506
8410
7874
7225
6845
6871
6974
6104
5405
5005
4519
4029
3179
2545
1927
1196
247
-901
-1901
-2984
-4067
-5098
-5567
-5808
-6672
-7825
-8699
-8923
-8953
-9000
-9022
-9145
-9282
-9291
-8630
-7966
-7683
-7568
-7193
-5890
-4952
-4417
-3780
-3002
-1882
-1134
-296
719
1586
2240
3013
4217
5140
5893
6509
6852
7181
8044
9014
9153
8921
8754
9110
9002
8194
7342
6504
6773
6757
6392
6437
5787
5122
4443
3660
2820
1853
1341
901
-188
-1727
-2706
-3315
-4142
-5362
-6433
-6635
-7151
-8094
-8714
-9209
-9653
-9726
-9260
-9007
-9079
-9077
-8634
-7884
-7343
-6674
-5862
-5253
-4977
-4777
-3665
-1782
-664
-274
4
605
1608
2136
3121
4427
5201
5759
6213
7181
7813
8051
8379
8301
7992
8103
8810
8959
8418
7539
6712
6047
5627
5771
5487
5172
4638
4018
3673
2506
1341
777
914
497
-876
-1886
-2707
-3655
-4959
-5722
-5741
-6118
-7384
-8423
-8431
-8583
-8746
-8737
-8396
-8288
-8617
-8205
-7724
-7494
-7503
-6811
-5387
-4505
-3928
-3695
-3144
-2339
-1517
-620
235
1503
2371
3217
3913
4183
4988
5875
6688
6986
7125
7446
7694
8249
8246
7882
7771
7649
7060
6421
6569
6490
5993
5406
4750
4254
3847
3627
3195
2457
1492
1021
1111
397
-995
-2015
-2326
-3132
-4517
-5329
-5830
-6348
-7113
-7832
-8197
-8207
-8045
-8147
-8240
-8351
-8050
-7416
-7179
-6987
-6606
-5937
-5296
-4814
-4182
-3302
-2661
-2412
-1780
-778
454
1373
1964
2326
2793
4165
4909
5123
5707
6303
6916
7265
7517
7384
7271
7463
7477
7434
7309
6934
6091
5601
5298
5045
5295
5062
4400
3694
3438
3354
2854
2173
999
148
-210
-675
-1209
-2225
-3683
-5189
-5803
-5724
-6063
-6747
-7879
-8753
-8746
-8336
-8038
-8137
-8026
-7936
-8127
-7919
-7286
-6307
-5857
-6066
-5720
-4623
-3349
-2404
-1692
-1134
-386
609
1416
2196
2889
3645
4397
5144
5985
6312
6287
6329
6714
7466
7993
7815
7696
7804
7102
6897
7323
6939
6123
5398
5425
5498
4819
4081
3665
3580
3029
2474
2233
1426
249
-774
-1036
-1804
-3297
-4271
-5039
-5826
-6901
-7541
-7558
-7603
-7980
-8517
-8541
-8754
-8730
-8117
-7753
-7253
-7111
-6990
-6400
-6015
-5698
-5189
-4264
-3156
-2186
-1281
-427
103
660
1281
1932
3158
4280
4492
4953
5968
6408
7067
7240
6785
7489
8286
8164
7631
7663
8008
7286
6455
6198
6299
5801
4884
4358
4684
4852
3193
2570
2766
2557
2150
1364
602
-599
-1919
-3179
-4031
-4593
-5597
-6201
-6421
-7056
-8518
-9177
-8388
-8393
-8779
-9017
-8215
-7445
-7597
-7966
-7650
-6445
-6379
-6484
-5615
-4143
-3219
-3283
-2977
-1531
-287
382
880
2090
3976
4336
3979
4631
5505
6198
6775
7027
7008
7240
7860
7709
7913
7820
7240
6772
6817
7228
6413
6122
5839
4881
4703
4333
3932
4093
3495
2488
2072
1847
723
17
-38
-1050
-2862
-4110
-4425
-4810
-5504
-6931
-7871
-7767
-7925
-8359
-8236
-7826
-8422
-9179
-8824
-8155
-7864
-7936
-7513
-6199
-5627
-5832
-5719
-4682
-3142
-2116
-1218
-363
0
831
1871
2621
3656
3863
4566
5285
5729
6443
6588
7432
7473
7115
7894
8508
8346
7805
7621
7614
7687
7483
6659
5852
5209
5232
4832
4270
3641
2850
3017
2617
1868
918
85
-1022
-1923
-2213
-3382
-4193
-5104
-6505
-7477
-7673
-7524
-7906
-8342
-8695
-8827
-9156
-9311
-8735
-8224
-7932
-8155
-7600
-6729
-6344
-6201
-5881
-4607
-3166
-1911
-1600
-798
52
519
1499
2127
3670
5024
5233
5156
5659
7048
7733
8164
8040
7809
8183
8192
8661
8877
8488
7877
7588
7576
6783
6013
5852
5528
4735
4685
4469
3505
2836
1893
1499
1070
-106
-1269
-2275
-2945
-4039
-4641
-5407
-6845
-7568
-8131
-8515
-8972
-9142
-9253
-9757
-9709
-9631
-9097
-8450
-8663
-8742
-8072
-7024
-6307
-5663
-5214
-4644
-3417
-2359
-1088
92
692
1619
2208
2803
4083
5437
6197
6375
7245
7899
8009
8265
8231
8483
9007
9390
9071
8546
8277
7477
7337
7406
6714
6107
5305
4436
3936
3419
2748
2727
2964
2835
1920
-34
-1554
-2449
-2675
-3017
-4373
-5473
-6157
-6731
-7766
-8743
-9374
-9682
-9225
-9023
-8595
-8718
-9121
-8884
-9216
-8993
-8169
-7320
-6646
-6309
-5582
-4482
-3464
-2643
-1716
-1006
-251
1127
2524
3538
4203
4425
5281
6273
6712
7423
7607
8334
8727
8747
9200
8528
8692
8528
8219
8138
7429
7768
7470
6669
5245
4276
4422
4165
3848
3065
2719
1900
1187
161
-1423
-1751
-2312
-2629
-3944
-5716
-6399
-6448
-6869
-8463
-8763
-9172
-9240
-9168
-9720
-9181
-9274
-8637
-8335
-8165
-7502
-7654
-6821
-6262
-5970
-5223
-3801
-2666
-2056
-774
-44
550
1351
2737
3742
4567
5550
5976
6626
7022
8311
8389
7634
8253
8515
9283
9118
8121
7796
7544
7608
7565
7509
6383
5134
4337
3792
3533
3523
3418
2408
1789
1026
727
-78
-1365
-2164
-3167
-3148
-4297
-5780
-5972
-6486
-6975
-7784
-8363
-9217
-9321
-8602
-8608
-8469
-8950
-8550
-7929
-8055
-7771
-6834
-5379
-5388
-5533
-5093
-3903
-2076
-1273
-312
803
1591
2053
2496
3704
4821
5604
5953
6106
7052
7492
7707
7897
8079
8295
8902
9072
7843
7472
7539
7399
7014
6768
6118
4981
4363
3642
3105
3344
2902
1929
849
770
951
-16
-1193
-2646
-3030
-3810
-5335
-6065
-5719
-6124
-7570
-7886
-8421
-9226
-8995
-8602
-8554
-8693
-9072
-8333
-7039
-7091
-7344
-6561
-5614
-4814
-4591
-3848
-2343
-1594
-951
-356
824
1942
1943
2355
3962
5148
5457
5528
6309
7326
7604
7895
7900
8327
8446
8301
8265
7846
7723
7151
6571
6495
5883
5260
4694
4137
3980
3764
3009
1944
1274
1098
1316
698
-613
-1950
-2570
-3074
-4318
-5450
-6018
-5930
-6697
-7878
-8552
-8895
-8240
-8128
-8748
-9068
-8588
-7796
-8042
-7971
-7514
-6551
-5627
-5590
-4916
-4159
-3304
-2211
-1453
-352
556
1062
1620
2565
3909
4570
5190
5792
6308
7275
7720
7492
7575
8364
8659
8469
7724
7587
7935
7564
7149
6376
6188
5621
4270
3950
3923
3482
2519
2261
2039
1461
2085
1128
-687
-2292
-3323
-2943
-3326
-4931
-6641
-6587
-6245
-6971
-8141
-8737
-8436
-8517
-8427
-8669
-8709
-7890
-7635
-7645
-7477
-6787
-5997
-5451
-5140
-4859
-3780
-2622
-1343
-469
329
1246
1574
2765
3739
4564
5216
5606
6546
7005
7283
7201
7443
8090
8500
8671
8531
8388
7762
6816
6408
6447
6351
5861
5276
4771
4291
4070
3924
3479
2347
1617
1330
496
-881
-1867
-1753
-2719
-4573
-5657
-5846
-6013
-7253
-8317
-8719
-8979
-8889
-8940
-8925
-9319
-9474
-8625
-8236
-8026
-7764
-6991
-6437
-6479
-5896
-4606
-2836
-1711
-1622
-1028
288
1209
1990
3041
4006
5132
5852
5883
6202
6738
7359
7860
9146
9280
8029
7974
8335
8574
7857
7448
7476
7309
7215
5727
4535
4479
4536
4627
4385
3215
1907
1970
1222
-95
-1118
-1764
-2148
-3583
-4804
-6106
-6229
-6263
-7645
-8718
-9409
-9019
-8961
-9146
-9478
-9712
-8508
-8260
-8401
-8006
-7455
-6700
-6460
-6034
-5221
-3925
-3079
-2492
-1378
-242
881
1398
2391
3273
3695
4771
5668
6616
7173
7484
7429
7289
8315
8782
8161
8311
9152
8922
7703
7355
7295
7134
6691
5578
5445
5265
4721
4282
3763
3225
2553
1876
537
-1017
-1701
-1805
-3059
-4911
-5395
-5866
-6870
-7576
-8769
-9574
-9533
-9374
-9446
-9905
-9971
-9181
-8480
-8288
-8436
-8449
-7481
-6743
-6178
-5036
-4227
-3603
-3002
-2043
-495
219
1057
2520
3300
3677
4032
5248
6468
7466
7805
7474
8177
8728
9292
9239
8566
8627
8564
8369
7908
7563
7339
6882
6286
5976
5940
5342
5109
4008
2926
2726
1824
949
-416
-1175
-2042
-3470
-4655
-5955
-6114
-6797
-7913
-8595
-9111
-9348
-9930
-9795
-9861
-9687
-9402
-9419
-8787
-8435
-7861
-7404
-7176
-6805
-5952
-4694
-3938
-2700
-1756
-883
-140
752
2221
2745
3834
4683
5539
6777
7252
7057
7304
8599
8801
8708
9087
9056
9182
9314
9064
7815
7107
7007
6801
6774
6076
6102
6107
5308
3608
2750
3099
1577
-356
-1093
-1224
-2080
-3851
-5351
-6214
-6149
-7003
-8442
-8927
-9230
-9435
-9622
-9589
-9935
-9517
-8581
-8773
-8991
-8718
-8086
-7460
-6898
-6332
-5179
-3531
-2907
-2537
-1515
-534
390
1116
2302
3584
4142
5078
5575
6006
7219
7655
7749
7983
8625
8953
8738
8414
8083
8283
7924
7400
7175
7062
7128
6732
6303
5851
5396
5029
4552
3263
1888
1119
91
-256
-1372
-3124
-4336
-5208
-5905
-7229
-8143
-8465
-8430
-8590
-9036
-9282
-9664
-9344
-9172
-9375
-9370
-9217
-8182
-7231
-7019
-6821
-5917
-4892
-4143
-3239
-2216
-1274
-448
214
1259
2507
3545
4986
5969
6457
6539
6845
8046
8480
8501
8702
8737
8745
8589
8469
8005
7855
7668
7337
7414
6758
6164
5798
5617
5074
4556
4010
2886
1527
-116
-699
-1682
-3423
-4929
-6062
-5685
-5918
-7426
-8833
-9373
-8709
-8661
-9073
-10045
-9888
-9100
-9018
-8535
-8266
-7554
-6857
-6621
-6605
-6152
-4881
-3868
-2803
-1710
-925
-53
586
1580
2264
3420
4787
5733
6402
6416
6806
7560
8229
7851
7783
8562
8800
8507
7718
7131
7159
7425
7500
6735
6644
6636
6128
5637
4595
3956
3177
2209
972
26
-253
-1275
-2633
-4086
-5215
-5652
-6384
-7535
-8851
-8882
-8194
-8511
-8978
-9263
-8636
-8466
-9625
-10200
-8972
-7044
-6693
-7036
-6478
-5025
-3690
-3285
-2961
-2106
-1060
-130
498
1328
2764
4281
4746
4919
5739
7033
7464
7032
7397
8171
8862
8397
7849
7952
7453
7146
7329
7949
7787
6511
6262
6305
6175
5293
4243
4144
2925
1163
345
411
-689
-3497
-5024
-5012
-4932
-5935
-7290
-7556
-7621
-7686
-8500
-9195
-9241
-9338
-8646
-8403
-8577
-8312
-7523
-6742
-6667
-6483
-5560
-3795
-2871
-2726
-2468
-1946
-323
636
1005
2320
4278
5348
5167
5419
6410
7180
6783
6729
7554
8439
8596
7544
7265
7578
7328
7042
6814
6367
6131
6945
7157
6364
5244
4255
4170
2846
800
-542
-590
-808
-3179
-4925
-4772
-4347
-4979
-6608
-7989
-8491
-8278
-8470
-8864
-8547
-8329
-8109
-8210
-8391
-8060
-7368
-6369
-5986
-5935
-5193
-4236
-3460
-2807
-2342
-1245
317
978
1104
1834
3640
5381
5297
5001
6105
7868
8348
7092
6660
7380
7959
7696
7300
7305
6910
6631
6456
6644
6368
5642
5785
5661
4907
3904
3536
2917
1062
-422
-707
-669
-2149
-4553
-5881
-5512
-5256
-6636
-7883
-8407
-8040
-7575
-8212
-8852
-8606
-7798
-7797
-7970
-7704
-6913
-5497
-4772
-4754
-4811
-4079
-2918
-2320
-1789
-1031
319
1586
1917
2267
3701
5088
5114
5199
6325
7761
8054
7187
7016
7533
7284
6329
6251
6954
6965
6348
6022
5922
5491
5324
5432
5339
4748
3655
3040
2305
605
-1020
-1322
-1319
-2687
-4222
-4850
-5015
-5835
-7634
-8532
-8267
-7680
-7533
-7832
-7936
-8257
-8201
-7950
-7898
-7198
-6198
-5583
-5439
-5229
-4374
-3216
-2407
-2030
-1373
-194
1042
1900
1915
2215
4250
5778
5582
5463
6381
7503
7487
7099
7405
8178
8015
6738
6046
6341
6764
6628
6388
6482
5761
5310
5195
4086
3067
2946
3328
2465
404
-1346
-1369
-1353
-3722
-6011
-6155
-5190
-5594
-7563
-8422
-8384
-7815
-7503
-8308
-8633
-8639
-8129
-7580
-7502
-7519
-6904
-5524
-4869
-4485
-4035
-3197
-2049
-1407
-706
437
1660
2260
2683
3772
5203
5817
5601
6334
7583
8097
7644
6975
7910
8777
7858
6978
7128
7114
6467
5965
5781
5876
5405
4962
4830
3972
2714
2345
2590
1187
-1105
-2267
-1826
-2430
-5026
-6371
-6209
-5770
-6556
-8411
-9002
-8927
-8404
-8285
-8685
-8749
-8783
-7803
-7252
-7132
-6875
-6312
-5119
-4593
-4221
-3606
-2575
-1236
-377
-31
549
2044
2985
3389
4688
6159
6896
6769
6794
7615
8149
7595
7550
8343
8713
8028
6925
6889
6525
6012
5736
5473
6211
6337
5895
4734
3216
2451
2319
2292
-47
-2594
-3086
-2486
-3072
-5512
-6630
-6589
-6676
-7766
-8962
-8864
-8972
-8879
-9006
-9189
-9088
-8636
-7304
-6681
-6748
-7153
-6516
-5167
-4300
-3452
-3062
-2242
-1319
-441
481
995
2314
3408
4234
5546
6222
6235
6669
7959
8775
8815
8646
8773
9142
8472
7069
6729
7152
7541
7472
6509
5640
5441
5865
5872
4670
3427
2676
2354
927
-1455
-2725
-2733
-2950
-4897
-6521
-7020
-7100
-7623
-9359
-9991
-9748
-9459
-9076
-9306
-9501
-9606
-8875
-7990
-7682
-7454
-6889
-5792
-5033
-4288
-3909
-2953
-1165
-308
-10
707
2189
3264
3956
5126
6356
6987
7085
8086
9041
9312
8879
8389
9108
9457
8955
8000
7743
7790
7208
6518
5519
5350
5409
5351
4676
3256
2624
2333
2604
950
-2159
-3400
-2981
-2780
-5143
-7362
-7649
-7017
-7358
-9434
-10213
-10093
-9648
-9519
-9712
-9249
-9158
-8251
-7482
-7242
-6919
-6586
-5345
-4432
-3998
-3576
-2278
-651
-132
303
778
1975
3082
3824
5349
6398
6633
6629
7465
8466
8835
8842
8860
9161
8585
7985
7828
8002
8035
7374
7020
6200
5385
5213
5566
5304
3666
2693
2630
2331
119
-2550
-3059
-2636
-3354
-5527
-6847
-7210
-7763
-8670
-9516
-9434
-9604
-9705
-9636
-9975
-10191
-9858
-8825
-8158
-7943
-7847
-6883
-5354
-4625
-4000
-3269
-1946
-650
-305
243
1627
3203
3587
3852
5213
6632
7317
7605
8722
9585
9370
9123
9171
9349
9016
8452
8282
8300
7777
7245
7252
6638
6010
6095
5849
4611
3030
2221
2353
2065
-492
-3470
-3975
-3410
-4720
-7124
-7831
-7479
-7441
-8403
-10190
-10653
-9778
-9220
-9439
-9918
-10323
-9780
-8128
-7587
-7949
-7565
-6336
-4827
-4370
-4357
-3437
-1662
-329
-176
560
2041
3333
4104
4681
5833
6409
6794
7607
8884
10218
9616
8828
9100
9089
8700
8188
7937
7707
7497
7166
6788
5982
5326
6018
6083
4888
3112
2289
2481
1109
-1084
-2636
-3038
-3638
-5506
-6798
-6993
-7217
-8369
-9242
-9627
-10061
-9992
-9898
-9699
-9717
-9757
-9104
-8144
-7522
-7245
-6510
-5740
-5316
-5044
-4369
-2861
-1171
-340
-227
895
2123
2697
3574
5090
6799
7119
7398
8315
8875
8841
7960
7969
9041
9867
9370
8130
7493
7000
7503
7897
6862
5651
5370
6143
5842
4204
2449
2133
2620
635
-2062
-3182
-2842
-3033
-5336
-6991
-7391
-7527
-8264
-9618
-10022
-9938
-9530
-9241
-9428
-9547
-9588
-9015
-8238
-7633
-7288
-6739
-5547
-4682
-4099
-3545
-2626
-1380
-631
114
1147
2293
3281
4272
5281
6123
6819
6965
7769
8659
8579
8469
8658
9407
9396
8715
8129
7519
7330
7005
7012
6874
6424
6299
5897
4902
3326
2362
2115
1612
-121
-1941
-2534
-3047
-3949
-5627
-6610
-6895
-7681
-8528
-9449
-9484
-9262
-9023
-9220
-9851
-9693
-9263
-8204
-7935
-8001
-7207
-6262
-5141
-4790
-4129
-2886
-1692
-918
-567
399
1509
2770
3516
4069
5274
6176
6673
7110
7951
8248
7484
7406
8553
9519
9320
8350
7334
6953
6991
6857
6633
6411
6054
5854
5543
4394
3118
2842
2996
1258
-1375
-2399
-2512
-2831
-4506
-6484
-6833
-6689
-7692
-9025
-8979
-8774
-9049
-9052
-8977
-8857
-9021
-8819
-8115
-7215
-6532
-6264
-5420
-4872
-4864
-4211
-2727
-1133
-321
-49
285
1333
2686
3805
4974
5780
6078
6132
6885
7802
7822
8133
8686
8861
8604
7587
6826
7126
7104
6399
6393
6425
5860
5582
5427
5043
4220
3169
2741
2287
403
-1925
-2609
-1923
-2498
-4988
-6589
-6545
-6508
-7402
-8748
-9205
-8929
-8776
-8831
-8582
-8653
-8957
-8113
-7312
-6942
-6642
-6280
-5337
-4638
-4325
-3593
-1888
-383
-223
-666
-34
1779
2994
3880
4547
5025
5792
6516
7279
7589
7448
7737
8645
8822
8186
7571
6974
6910
6891
6969
6927
6254
5517
5396
5655
4629
3508
2967
2698
1456
-1298
-2363
-2013
-2105
-3891
-5972
-6256
-6440
-7056
-8202
-8616
-8571
-8726
-8199
-8424
-8677
-9121
-8610
-7243
-7151
-7040
-6719
-5498
-4283
-3765
-3207
-2613
-1535
-1179
-536
815
2138
3187
3360
4143
4945
5801
6476
6622
7324
7489
7164
7360
8247
8327
7357
6608
6026
6275
6668
6584
6048
5343
5185
5385
5212
3544
2178
2244
2602
799
-1929
-2370
-2354
-2888
-4543
-6101
-6039
-6036
-6802
-8294
-8576
-8455
-8244
-7386
-7765
-8126
-8375
-7572
-6766
-6856
-6509
-6219
-4772
-3657
-3639
-3454
-2573
-1231
-629
153
877
2037
3074
3298
4206
5272
6165
6258
6829
7414
7069
7038
7373
8067
7811
7136
6608
5945
5858
5734
5827
5588
5066
5164
5414
4722
2838
1765
1700
1479
-114
-1866
-2215
-2308
-3344
-5137
-5920
-5873
-6319
-7330
-8290
-8312
-8275
-8044
-7798
-7995
-7850
-7402
-6306
-5899
-6314
-6504
-5621
-3913
-3077
-3008
-2836
-1766
-580
19
506
1103
2130
2871
3810
4935
5708
6213
6414
7048
6884
6620
7325
7851
7552
6723
6549
6390
5811
5545
5649
5443
4884
4702
4942
4764
3327
2095
2088
2351
1016
-1339
-2075
-2209
-2537
-3724
-5451
-6156
-6621
-6973
-7487
-7542
-7491
-7956
-7826
-7782
-7931
-8087
-7316
-6150
-5936
-6158
-6410
-5094
-3320
-2674
-2650
-2433
-1228
-335
-22
587
2113
3548
4053
4342
4389
4869
5567
6636
7488
7200
6922
7101
7713
7806
7120
6341
5945
5534
5184
5393
4964
4513
4284
4187
4104
3171
2295
1938
1718
24
-2093
-2639
-2465
-2759
-4471
-5926
-6341
-6332
-6750
-7814
-7928
-7883
-7720
-7357
-7241
-7393
-7678
-6894
-6238
-6054
-5946
-5368
-3873
-2917
-2678
-2783
-1977
-550
127
713
1491
2789
3783
3908
4333
5245
5694
5630
6271
7194
7381
7258
7424
7536
7270
6471
5486
5162
5230
5487
5544
4994
4149
3732
4154
3775
2405
1595
1529
1056
-611
-2271
-3159
-3157
-4001
-5869
-6249
-5771
-5541
-6390
-7574
-7914
-8054
-7455
-6988
-6949
-6721
-6399
-5883
-5820
-5982
-6036
-5074
-3489
-2696
-2479
-2133
-857
91
389
671
1134
2200
2789
3534
4927
5976
6295
6189
6455
6695
6812
7029
7444
7535
6740
6102
5656
5220
4956
4815
5055
4666
4147
4434
4221
3188
1639
846
1021
180
-1283
-2297
-2499
-2915
-4387
-5546
-6038
-6083
-6767
-7747
-7767
-7608
-7267
-7092
-7143
-7130
-7103
-6606
-6134
-5932
-5532
-4502
-3362
-2741
-2580
-2460
-1767
-902
-114
575
1317
2418
3391
3885
4196
4895
5402
5823
6735
7080
7184
7082
6655
6834
6660
6061
5748
5495
5240
5039
4989
4469
3615
3408
3767
3526
2632
1902
1541
1159
-524
-2202
-2575
-2419
-2884
-4703
-5922
-6126
-5947
-6308
-7206
-7361
-7621
-7413
-7378
-7340
-6611
-6530
-5963
-5566
-5418
-4982
-4815
-3951
-3018
-2532
-2322
-1656
-298
641
1150
1340
2150
3193
3428
4185
5030
5279
5658
6227
6694
6790
6852
6929
7069
6919
6174
5782
5702
5586
5191
4506
3925
3405
3720
4000
3359
2534
1747
1548
825
-884
-2382
-2902
-2624
-3409
-4902
-5663
-5687
-6014
-7103
-7764
-7884
-7367
-6972
-7359
-7473
-7306
-6598
-5883
-5640
-5290
-4886
-3990
-3198
-2946
-2619
-1994
-806
70
357
608
1371
2950
3675
3757
4460
5430
5714
5501
6288
7083
7201
6757
6591
7545
7646
6582
5477
5127
4956
4475
4396
4069
3693
3702
3590
2855
1970
1632
1255
409
-1010
-2241
-2274
-2060
-3786
-6192
-6484
-5745
-5573
-6501
-7508
-7421
-7047
-7340
-8262
-8218
-7173
-5979
-5120
-5124
-5387
-5344
-4764
-4015
-3063
-1917
-1200
-666
-47
407
775
1779
2798
3178
3632
4544
5654
6062
5963
6344
7080
7173
6817
7012
7420
7261
6089
4971
4919
5226
5277
4582
3567
3181
3666
3984
3311
2250
1163
921
513
-1118
-2542
-2862
-2575
-3941
-6028
-6687
-6143
-5338
-6298
-7592
-7789
-7380
-6971
-7254
-6977
-6820
-6442
-5862
-6070
-5649
-4828
-3583
-2752
-2765
-2456
-1589
-189
635
868
1066
1803
3003
3520
3666
4375
5385
5492
5556
6591
7694
7474
6179
6029
6697
6657
5852
5068
4861
4925
4734
4303
3867
3288
3384
3299
2531
1712
1141
1520
1034
-571
-2239
-2761
-2743
-4202
-5396
-5993
-5549
-5332
-6755
-7525
-7639
-6944
-6599
-6863
-6907
-7001
-6207
-5722
-5575
-5144
-4430
-3751
-3504
-2765
-2002
-971
-111
-172
-323
12
1442
2944
3607
3710
4309
5389
5580
5599
5860
6354
6791
6367
6258
6951
6974
5878
4873
4684
4936
4943
4475
3669
3075
3480
3664
3123
2463
1334
838
780
-62
-1447
-2250
-2242
-3320
-4892
-5791
-5816
-5161
-5833
-7161
-7550
-7098
-6861
-7330
-7214
-6843
-6382
-5687
-5490
-5249
-4992
-4681
-3685
-2447
-1701
-1463
-1091
-506
-69
484
1617
2742
2916
2972
3952
5245
5725
5375
5686
6787
7175
6443
5952
6439
6369
5597
4980
4899
5127
4576
4323
4143
3315
3088
3108
3319
2754
1360
1192
1261
199
-1856
-2982
-2403
-2662
-4094
-5441
-5687
-5425
-6311
-7176
-7183
-6510
-6022
-6407
-6718
-7000
-6546
-5626
-5291
-4889
-4666
-4289
-3578
-2961
-2167
-1212
-237
209
82
-17
696
1892
2611
3346
4371
5288
5226
4682
5197
6257
6423
5611
5700
6857
7354
6365
4592
3771
4056
4456
4305
3759
3214
3292
3606
3205
2386
1344
1319
1549
266
-1330
-2036
-1949
-2726
-4268
-5187
-5045
-4413
-5372
-6967
-7527
-7188
-6441
-6134
-6239
-6530
-6310
-5938
-5747
-5054
-4289
-3861
-3710
-3334
-2774
-1832
-895
-673
-273
288
1152
1949
2226
2778
3702
4804
4931
4661
5638
6830
6655
5654
5588
6265
6714
5921
4669
4654
4954
4852
4232
3525
3018
3344
3950
3410
2414
1201
1340
1836
495
-1313
-2223
-1655
-2106
-3884
-5105
-5213
-4790
-5696
-6463
-6763
-6621
-6296
-6722
-6516
-6434
-6041
-5493
-5495
-5235
-4880
-3849
-3050
-2794
-2654
-2545
-1757
-604
610
1207
1291
1421
1608
2258
3573
4941
5140
4559
4639
5863
6634
5825
5085
5482
6349
6198
5230
4907
4668
4014
3754
3906
3762
3584
3574
3324
2657
1456
1238
1796
525
-1660
-2519
-1896
-1819
-3556
-5120
-5139
-4820
-5448
-6221
-6283
-5786
-5706
-6629
-7174
-7250
-6719
-5512
-5023
-4710
-4190
-3732
-3219
-2943
-2597
-1748
-666
-243
-127
256
684
1498
1959
2216
3209
4224
4601
4642
5322
6279
6327
5448
4944
5726
6537
6157
4898
4361
4506
4289
4084
3308
2662
3213
4066
4226
3015
1347
806
1215
781
-583
-1457
-1785
-2404
-3778
-4749
-4642
-4307
-4651
-5833
-6623
-6489
-6249
-6331
-6492
-6609
-6109
-5274
-5167
-5068
-4681
-4414
-3865
-2881
-1934
-1272
-890
-912
-567
208
748
1216
1537
2023
3208
4617
4901
3963
4192
5728
6171
5541
5075
5441
6253
6186
5165
4377
4398
4411
4206
3852
3118
2862
3374
3718
2927
1956
1811
1519
648
-960
-1820
-1287
-1632
-3257
-4778
-4959
-4657
-5160
-5976
-6411
-6122
-5947
-6217
-6495
-6341
-5593
-5218
-5335
-5290
-4603
-3699
-3307
-3231
-2852
-1936
-1073
-461
-139
337
856
1028
1576
2619
4085
5083
4899
4154
4236
5089
5063
4821
5108
5906
6374
5722
4805
4220
4288
4137
4048
4022
3479
3640
3898
3570
2269
913
1137
1468
818
-645
-1834
-2043
-2470
-3567
-4451
-4509
-4454
-5029
-5916
-6541
-6464
-5972
-5962
-6338
-6357
-5694
-4697
-4359
-4529
-4725
-4511
-3423
-2429
-1824
-1518
-1287
-688
-72
277
467
1188
1789
2278
3295
4159
4584
4583
5008
5487
5680
5413
4834
5420
6017
5679
4783
4292
4530
4498
4345
3578
2812
3208
3999
3918
2569
1093
645
1237
893
-869
-2061
-2088
-2303
-3493
-4388
-4647
-4841
-5280
-6132
-6711
-6414
-5756
-5857
-6405
-6619
-6105
-4968
-4364
-4392
-4278
-3701
-3215
-3023
-2568
-1722
-474
402
580
550
644
1599
2504
2424
2857
3763
4058
4306
5159
6114
5888
5177
4915
5339
6237
5688
4334
3746
4086
4240
3520
3171
2669
2950
3745
3084
2053
1051
1070
1464
552
-1129
-2173
-1310
-1343
-3181
-4597
-4838
-4281
-4824
-5947
-6501
-6252
-5633
-5909
-5956
-5517
-5192
-5005
-5128
-5077
-4701
-3947
-3147
-2418
-1726
-1265
-824
-527
-211
93
574
1617
2221
2527
3098
3616
3907
3930
4709
5602
5414
4820
4712
5694
6333
5465
4143
3735
4321
4834
4957
4259
3213
2912
2921
2958
2586
1972
1873
1719
769
-776
-1617
-1611
-2049
-3366
-4651
-4739
-4491
-4919
-5815
-6586
-6460
-6158
-6061
-6138
-6303
-5832
-5365
-5100
-4856
-4578
-3960
-3248
-2516
-2127
-1984
-1861
-1587
-706
171
1077
2157
2342
2320
3134
3948
4213
4179
4882
5764
5835
5979
5931
6261
6359
5075
4267
4283
4616
4712
4440
3719
2910
3527
4215
3710
2508
1461
1212
1055
225
-1401
-2075
-1716
-2312
-3699
-4716
-4864
-5000
-5633
-6631
-7090
-6292
-5781
-6045
-6424
-6519
-6154
-5473
-4761
-4511
-4048
-3489
-3332
-3034
-2496
-1689
-674
56
171
370
796
1468
2396
3134
3925
4265
4214
4374
5222
6331
6437
5974
5634
5925
6031
5194
4210
3605
3937
4178
3921
3734
3633
4063
4083
3201
1879
1178
1355
1177
350
-1088
-2028
-2344
-3038
-4172
-4922
-4740
-4974
-5391
-5870
-6520
-6304
-6300
-6574
-6589
-6138
-5423
-5218
-4853
-4624
-4464
-4056
-3562
-2526
-1492
-900
-703
-513
-161
300
1053
1570
1818
2424
3588
4407
4469
4605
4933
5351
5381
5155
5508
6277
6407
5286
4177
3921
4392
4929
4567
3638
3190
3655
3960
3512
2436
1493
1411
906
-328
-1549
-2070
-2009
-2422
-3364
-4192
-4370
-4869
-5925
-6712
-6911
-6235
-5867
-6226
-6456
-6244
-5711
-5320
-5036
-4699
-4205
-3521
-2727
-2256
-2414
-2356
-1526
-414
490
969
1129
1350
1569
2448
3790
4511
4913
5037
5569
5904
5187
4991
5582
6236
5868
4812
4326
4463
4746
4490
4105
3747
3843
4140
3854
3108
1873
1248
1227
1070
69
-1206
-1679
-2471
-3531
-4556
-4743
-4436
-4961
-5780
-6682
-6546
-6189
-6479
-6377
-6402
-6066
-5336
-5050
-4993
-4738
-4068
-3413
-3088
-2883
-2344
-1461
-672
-210
58
493
1205
1885
2538
3260
3956
4258
4191
5116
6030
5855
5589
5423
5632
5557
5201
4934
4516
4498
4359
4113
3956
3855
4173
4072
3373
2399
1823
1997
1561
545
-489
-1501
-2181
-2914
-3679
-4242
-4628
-5263
-6084
-6285
-6164
-6148
-6191
-5987
-5895
-6076
-6069
-6071
-5542
-4735
-4253
-3869
-3346
-2828
-2564
-2073
-1576
-984
-55
604
1081
1534
1908
2663
3607
4032
4104
4517
5589
6084
5718
5442
5580
6060
5999
5771
5496
5130
4823
4192
3926
3642
3686
4219
4499
4003
2525
1634
1009
473
-152
-942
-1313
-2281
-3282
-4392
-4781
-4696
-5603
-6168
-6413
-6500
-6835
-6964
-6566
-6500
-6215
-6045
-5612
-4807
-4371
-4339
-4263
-3502
-2683
-2034
-1429
-882
-492
-236
19
716
1909
2626
3276
3914
4203
4343
5141
6174
5845
5585
5974
6533
6598
5774
5110
4578
4680
4885
4706
4412
3749
3584
3758
3657
2753
1757
1698
1355
173
-1024
-1617
-1871
-2585
-3996
-4986
-5014
-4938
-5447
-6201
-6442
-6458
-6317
-6393
-6623
-6244
-5633
-5023
-4686
-4465
-4518
-4526
-3659
-2793
-2023
-1581
-1290
-837
-314
251
379
1247
2340
3358
4143
4147
4210
4457
5602
5930
5458
5695
6083
6357
5528
4723
4350
4251
4422
4347
4424
3937
3597
3525
3395
3137
2380
2154
1593
429
-496
-1099
-1663
-2533
-3258
-4174
-4685
-4702
-5098
-5516
-5802
-5905
-6131
-6275
-6258
-6285
-5904
-5466
-5273
-4901
-4685
-4649
-4100
-3096
-2253
-2126
-1918
-1248
-468
160
366
862
1556
2529
3152
3283
3782
4311
5409
6180
5407
4450
5300
6726
6541
5577
5030
5002
5073
5245
4543
3461
3219
3348
3924
4010
3190
2086
1768
1069
-690
-1055
-1157
-1862
-2553
-3294
-4049
-4684
-4728
-5466
-6122
-6275
-6721
-6434
-5927
-5819
-6074
-5962
-5760
-5669
-4962
-4600
-4329
-3724
-2749
-1977
-1663
-1120
-701
-20
118
147
1016
2114
3386
3680
3889
4482
5281
6346
5967
5141
5170
6047
6724
6029
5091
4438
4474
5091
5066
4352
3638
3379
3642
3895
3038
1661
1055
971
438
-744
-1543
-2204
-2906
-3540
-4363
-4848
-5378
-5933
-6145
-6091
-6039
-6244
-6155
-6213
-6409
-6024
-5540
-5060
-4683
-4559
-4275
-3744
-2661
-1403
-733
-759
-1128
-842
-128
893
2134
2796
3597
4170
4001
4017
4700
5949
6569
6107
5267
5071
5921
6278
5478
4539
4079
4211
4425
4090
3370
2929
3309
3448
2491
1520
1169
1341
1028
-345
-1803
-2608
-2850
-3456
-4182
-4590
-5013
-5243
-5625
-6128
-6298
-6165
-6236
-6537
-6270
-5707
-5123
-4682
-4796
-4755
-4059
-3209
-2613
-2125
-1717
-1393
-812
170
1161
1561
1549
1859
2993
3970
4006
4066
4703
5664
5647
5076
5382
6055
6659
6077
4834
4224
4199
4822
4790
3892
2969
2899
3738
3861
2854
1551
1182
1367
715
-585
-1611
-2059
-2509
-3398
-4374
-4686
-4873
-5300
-5783
-6365
-6662
-6804
-6343
-5844
-5799
-5675
-5506
-4895
-4508
-4288
-3980
-3706
-2880
-2220
-1754
-1341
-1066
-556
175
1226
2099
2497
2994
3589
3983
4315
4749
5548
6066
5835
5699
6113
6809
6341
4906
4012
3546
4072
4964
4914
4152
3400
3353
3105
2656
2153
1402
1117
398
-686
-1432
-1842
-2395
-3676
-4665
-4919
-4551
-4484
-5652
-6906
-7231
-6973
-6696
-6334
-6092
-5872
-5629
-5465
-4992
-4567
-4329
-4110
-3377
-2251
-1334
-605
-114
316
494
957
1550
1991
3276
4688
5288
5026
4918
5702
6376
6105
5196
5344
6316
6535
5910
4876
4248
4247
4414
4073
3310
3081
3567
3716
2801
1436
589
778
477
-836
-1744
-2199
-2540
-3395
-4523
-5320
-5657
-5641
-6120
-6417
-6535
-6778
-6628
-6566
-6461
-6368
-5942
-5067
-4280
-3830
-4224
-4452
-3573
-1890
-470
64
107
-18
422
1045
1611
2680
4105
5106
4952
4570
4898
5879
6233
5592
5274
5689
6654
6604
5395
4464
4035
4235
4659
4635
3583
2677
2896
3085
2705
1864
1357
907
-81
-970
-1762
-2282
-2956
-4008
-4595
-4966
-5496
-5845
-5671
-5712
-6559
-7260
-7363
-6673
-5770
-5715
-5996
-5891
-5143
-4435
-3957
-3369
-2803
-1852
-1028
-886
-740
30
833
1621
2204
2265
3461
4935
5238
4868
4907
5938
6389
6245
5816
5874
6666
6502
5775
4839
4275
4220
4622
4896
3537
2659
3163
3492
2769
1440
816
816
622
-744
-2181
-2853
-3553
-4137
-4683
-5050
-5387
-5742
-6103
-6772
-7225
-7352
-7152
-6666
-6228
-6030
-5901
-5550
-5106
-4539
-4031
-3730
-3042
-1853
-1063
-627
12
599
1492
2258
2172
2275
3263
4417
4995
5284
5620
6263
6632
6167
5949
6508
7140
6641
5657
4860
4094
4073
4297
4411
3819
3135
3048
2980
2942
1663
640
548
-150
-940
-1972
-2694
-3483
-4332
-4830
-5549
-5898
-6485
-6998
-6966
-6999
-7146
-7143
-6624
-6246
-6112
-6003
-5754
-4839
-3861
-3636
-3728
-3237
-2007
-527
384
463
327
709
1564
2315
2816
3638
4823
5465
5495
5377
5900
6595
6435
6016
6128
6701
6509
5803
4978
4230
4240
4488
4706
3890
2939
3009
3255
3095
1817
870
743
195
-1288
-2980
-3372
-3252
-3318
-3949
-5132
-5930
-6568
-6888
-7037
-7119
-6987
-6892
-6637
-6508
-6572
-6546
-6103
-5348
-4707
-4164
-3763
-3124
-2105
-1327
-808
-188
554
1226
1847
2194
2377
3423
4684
5273
5534
5919
6815
7101
6406
5678
5927
7039
7095
6218
5400
4776
4625
4750
4766
4371
3984
3833
3384
2751
2036
1255
995
300
-1333
-2458
-3146
-3780
-4726
-5589
-5789
-5959
-5982
-6654
-7436
-7732
-8204
-8071
-7704
-7136
-6629
-6159
-5436
-5341
-5080
-4779
-4263
-3040
-2083
-1330
-601
146
645
1002
1744
2699
3820
5018
5578
5276
5060
5817
7365
8003
7093
6271
6819
7769
7486
6577
5556
4667
4486
4592
4458
3840
3480
3447
3476
3173
1866
606
-88
-751
-1626
-2434
-3112
-3746
-4520
-5749
-6622
-6780
-6722
-7077
-7488
-7688
-8049
-7934
-7541
-6981
-6676
-6664
-6006
-5130
-4186
-3975
-4152
-3403
-2245
-873
143
545
818
1184
1905
2762
3814
5057
5713
5638
5340
5706
7046
7580
6987
6572
6551
6853
6722
6346
5847
5250
5102
4732
4171
3553
3335
3586
3453
2756
1576
658
166
-462
-1316
-2236
-3182
-4132
-5102
-5883
-6243
-6448
-6645
-7012
-7386
-7976
-8452
-8097
-7432
-6807
-6718
-6634
-6186
-5526
-4493
-3779
-3184
-2680
-2189
-1501
-701
265
1090
1922
2577
2806
3198
4519
5778
6035
5833
6103
7238
7621
6997
6460
6879
7692
7262
6395
5443
5060
5326
5082
4610
3777
3604
3820
3419
2259
650
329
391
-455
-2182
-3557
-3471
-3590
-4814
-6393
-6963
-6677
-6847
-7657
-8360
-8348
-8046
-7776
-7678
-7360
-6720
-5967
-5492
-5592
-5338
-4404
-3058
-1919
-1485
-1186
-495
690
1835
2488
3048
3210
3591
4699
5387
5899
6153
6794
7784
7756
7057
6472
7327
7816
6769
5704
4905
5126
5401
5105
4199
3059
2904
3041
3135
2262
822
244
-212
-1119
-2306
-3003
-3403
-4176
-5343
-6446
-6856
-7017
-7229
-7484
-7878
-8373
-8356
-7512
-6686
-6434
-6596
-6347
-5581
-4689
-4136
-4037
-3487
-2496
-1516
-699
114
954
1482
2114
2648
2711
3690
5421
6270
6364
6386
6697
7160
7377
6905
6630
7001
6917
6735
6199
5311
4888
4743
4565
3914
3414
3277
3523
3616
2356
952
175
-338
-1205
-2391
-3245
-3873
-4411
-5505
-6495
-6887
-7290
-7563
-7863
-7956
-7866
-7539
-7119
-7264
-7535
-7389
-6432
-5258
-4467
-4092
-3895
-3009
-1927
-1108
-400
65
527
1064
2079
3120
3494
4161
5112
5795
6132
6332
7016
7737
7608
6664
6625
7441
7425
6973
6117
5390
5205
4996
4547
3534
3196
3747
4180
3733
1928
250
-266
-597
-1603
-2666
-3448
-4081
-4874
-5957
-6663
-7197
-7612
-7771
-7765
-7987
-8408
-8315
-8062
-7562
-7286
-7225
-6553
-5676
-4648
-4051
-3820
-3284
-2191
-772
30
599
1112
1613
2527
3056
3371
4697
6147
6564
6550
6871
7931
8675
8031
6969
6969
7798
7949
7419
6459
5576
5498
5410
4620
3418
2972
3373
3386
2438
959
74
-119
-929
-2571
-3811
-4397
-4717
-5338
-6248
-6849
-7475
-7993
-8496
-8793
-8617
-8511
-8392
-8364
-7983
-7243
-6296
-5406
-5463
-5501
-4852
-3444
-1806
-892
-413
65
763
1373
2238
3197
3746
4704
5991
7045
7388
7178
7197
7471
7758
7541
7498
8061
8052
7270
5934
4889
4781
5306
5381
4269
3390
3315
3556
3301
2110
693
-253
-771
-1935
-3087
-3970
-4759
-5131
-5876
-6599
-7414
-7894
-8077
-8390
-8181
-8210
-8074
-7981
-7742
-7041
-6916
-6585
-6020
-4959
-3807
-3384
-2841
-1965
-904
-431
-107
686
1661
2937
3547
3535
4094
5259
6105
6288
6624
7566
8245
7808
6914
6932
7882
7994
6994
5901
5117
5158
5484
5148
4084
3289
3555
3803
3080
1678
551
361
-14
-1131
-2248
-3360
-4415
-5525
-6319
-6667
-7151
-7506
-7916
-8242
-8464
-8903
-9233
-8999
-7945
-7166
-6963
-6741
-6032
-4828
-4224
-4063
-3281
-1849
-1096
-960
-240
839
2010
2893
3255
3654
4842
5998
6171
6186
6760
7887
8399
8042
7654
8033
8629
8090
7375
6601
5982
5990
5944
5123
3651
3424
4019
4220
3185
1250
-18
-737
-1347
-2348
-3161
-4140
-5320
-5820
-6243
-6741
-7714
-8293
-8447
-8651
-8747
-9237
-9029
-8451
-8014
-7874
-7798
-6896
-5891
-4868
-4355
-3911
-2678
-1481
-484
87
635
1307
2309
3879
4691
5141
5740
6202
6680
6997
7776
8588
8604
7859
7239
7613
7666
7326
6825
6159
5957
5922
5712
4582
3542
3465
3906
3941
2291
463
-473
-836
-1594
-3159
-4422
-5280
-5523
-6052
-7203
-8090
-8474
-8349
-8558
-8756
-8779
-8636
-8132
-7735
-7281
-6987
-6564
-6104
-5646
-5079
-4647
-3487
-2014
-928
-374
182
1252
2372
3292
3284
3584
5103
6582
7258
7133
7642
8475
8511
7789
7097
7818
8732
8314
7006
5660
5216
5670
5919
5207
3884
3104
3315
3355
2622
1559
958
809
-445
-2250
-3370
-3858
-4192
-5519
-6879
-7582
-8153
-8419
-8526
-8351
-8573
-9290
-9544
-9033
-7904
-7305
-7277
-7061
-6344
-5078
-4126
-3477
-2716
-1887
-972
-205
283
779
1672
2749
3493
4415
5772
6580
6583
6341
7048
8466
8705
7894
7614
8529
8796
7798
6905
6199
6350
6869
6511
4890
3166
3240
4124
4259
2565
435
-89
-281
-1279
-2786
-3729
-4136
-4530
-5253
-6389
-7331
-8270
-8700
-8547
-8264
-8401
-9121
-9436
-9188
-8533
-8277
-8004
-7105
-5735
-4382
-4266
-4060
-3103
-1792
-509
217
1089
1732
2297
2772
3386
4883
6424
7351
7068
6921
7940
8711
8419
7761
8093
8665
8514
7627
6382
5771
6029
6588
6057
4797
3868
3989
4717
3432
1373
309
31
-299
-1750
-3036
-4401
-5319
-5809
-6572
-6562
-7490
-8717
-9089
-9016
-8689
-8934
-8612
-8385
-8238
-7819
-7893
-7190
-6125
-5028
-4410
-4221
-3400
-2565
-1622
-1009
-397
622
1610
2765
3462
4415
5742
6681
7029
6918
7524
8271
8369
7833
7850
8833
8836
7864
6367
5377
5579
6167
6447
5340
4036
3438
3805
4261
3111
1812
858
374
-476
-2142
-3400
-4573
-5112
-5786
-6555
-7199
-8313
-8688
-8828
-8726
-8916
-9359
-9175
-8885
-8081
-7781
-7482
-6654
-5546
-4225
-4100
-3888
-3021
-1783
-770
-686
-302
638
2133
3070
3482
4583
5738
6223
6079
6784
8320
9393
8904
7609
7670
8402
8933
8526
7397
6326
5622
6156
5942
4840
4273
4352
4876
3654
1712
646
245
-276
-1974
-2996
-3591
-4316
-4967
-6043
-6713
-7736
-8576
-8819
-8919
-8823
-9251
-9424
-9498
-9171
-8466
-8285
-7791
-7142
-6133
-5269
-4807
-3815
-2603
-1272
-386
379
1133
1740
2769
3411
4274
5685
6650
6928
6571
6900
8235
9237
8871
7927
8091
8615
8662
8031
6699
5995
6313
6858
6494
5201
4204
4189
4376
3214
1415
242
-300
-883
-1907
-3094
-4586
-5872
-6901
-7677
-8084
-8403
-8275
-8221
-8326
-8994
-9924
-9739
-8974
-8008
-7733
-7989
-7534
-6388
-5033
-4645
-4480
-3739
-2766
-1405
-365
350
1264
2498
3794
4551
5337
6419
7054
7068
6982
7966
9556
9674
8333
7509
8051
8663
8247
7001
5804
5469
5848
5865
5090
4236
3827
4214
3853
2338
1302
764
158
-1486
-3025
-4138
-5070
-5251
-6113
-7062
-8141
-9029
-9137
-9169
-8763
-9123
-9540
-9491
-9033
-7731
-7100
-6792
-6493
-5660
-4600
-4227
-3438
-2519
-1621
-974
-622
110
1180
2501
3287
3931
4937
5950
6726
6747
6929
7991
9087
8909
7958
8167
8949
8983
7762
6238
5877
6051
6304
5758
4625
3914
3701
4015
3090
1664
909
469
-4
-1641
-2938
-3824
-4674
-5314
-6009
-6097
-7156
-8480
-9119
-9216
-8744
-9041
-9220
-9236
-8726
-7951
-7918
-7473
-6777
-5658
-5032
-4700
-3384
-2063
-1036
-713
-413
418
1519
2734
3445
4228
5420
6516
6799
6596
6967
7862
8433
8226
7994
8209
8793
8726
7382
6237
6217
6953
7151
5990
4535
3773
3965
3876
2661
1534
675
86
-837
-2363
-3493
-4442
-4982
-5582
-6298
-7097
-8386
-8791
-8774
-8741
-8778
-9115
-9053
-8838
-8320
-8221
-8146
-7212
-6131
-4938
-4411
-4344
-3767
-2672
-1422
-513
297
922
1726
2894
3734
4655
5970
7175
7555
7374
7857
8849
9028
8048
7183
7510
8586
8958
7756
5985
5100
5430
6144
5938
4741
3776
3828
3935
2997
1580
494
-63
-943
-2465
-3912
-4874
-5369
-6079
-6861
-7781
-8633
-8656
-8316
-8288
-9084
-9657
-9355
-8559
-7623
-7549
-7527
-6948
-5946
-4952
-4609
-3897
-2751
-1707
-1018
-783
-227
788
2126
3361
4086
5092
6275
6603
6354
6529
7730
9020
9116
8446
7982
8233
8369
7883
7283
6456
5822
5808
5651
5028
4567
4254
3793
2851
1846
1372
875
36
-1714
-3200
-3850
-4647
-5183
-5734
-6144
-7356
-8856
-9018
-8854
-8495
-8912
-9438
-9086
-8602
-8049
-8180
-7943
-7244
-6278
-4975
-4501
-3786
-2636
-1528
-596
26
674
1148
2223
3505
4161
4770
5506
6307
6812
7388
8287
8859
8697
8152
8237
8666
8683
8290
7602
6712
5944
5884
5934
5569
4928
4304
3948
2945
1494
397
48
-132
-1233
-2603
-4043
-4940
-5530
-6420
-7025
-7880
-8402
-8875
-9243
-9147
-9370
-9250
-9380
-9122
-8500
-8136
-7241
-6604
-5650
-5008
-4773
-3844
-2707
-1368
-654
-165
520
1405
2801
3692
4254
5315
6775
7438
7095
7183
8324
9437
9225
8380
7937
7990
7913
7525
7065
6437
6200
6167
5737
4777
3850
3728
3838
2943
1499
823
456
-418
-1996
-3378
-4386
-5367
-6063
-6808
-7204
-7893
-8474
-8368
-8545
-8749
-9374
-9474
-8971
-8690
-8258
-7988
-7007
-5797
-4962
-4537
-4535
-3725
-2547
-1261
-86
657
1350
1696
2284
2998
3628
4820
6336
7398
7312
7194
7811
8487
8738
8669
8673
8363
8005
7804
7399
6550
5634
5285
5053
4798
4192
3809
3679
2660
1645
793
166
-693
-1922
-2760
-3956
-4786
-5540
-6296
-6973
-8212
-8595
-8743
-8833
-8920
-9304
-9206
-9077
-8415
-7783
-7457
-7209
-6936
-5855
-4870
-4008
-3175
-2273
-1296
-648
64
765
1978
3044
3345
3773
4812
6330
7084
7212
7409
7891
8465
8218
7994
8414
8786
8514
7554
6613
6157
6338
6300
5392
4478
4171
4248
4097
2983
1557
867
185
-1154
-2612
-3289
-3785
-4899
-6104
-7153
-7584
-7861
-8307
-8631
-9006
-9060
-9236
-9256
-8850
-8469
-7972
-7831
-7522
-6703
-5462
-4355
-4191
-3534
-2179
-855
115
444
966
1857
3007
3736
4151
5203
6355
7371
7898
8131
8544
8593
8162
7744
8167
8839
8913
8137
6559
5421
5236
5753
5659
4585
3775
3637
3759
2944
1789
666
-608
-1662
-2872
-3553
-4134
-4883
-5871
-7043
-7734
-8432
-8314
-8182
-8761
-9310
-9604
-9050
-8668
-8442
-8248
-7852
-6808
-6054
-5156
-4495
-3804
-2661
-1637
-652
-130
352
1019
2163
3320
3624
4194
5481
6680
6844
6658
7397
8555
8813
8090
7919
8582
8988
8313
6936
5914
5729
6139
6164
5513
4582
3829
3500
2906
1792
970
739
362
-981
-2662
-3616
-4158
-5007
-6477
-7453
-7438
-7525
-7953
-8774
-9166
-8885
-8712
-8632
-8711
-8242
-7580
-7225
-6759
-6342
-5420
-4413
-3604
-2647
-1530
-317
15
-74
611
2061
3454
4138
4748
5884
6672
6507
6591
7535
8674
8664
7662
7200
7417
7898
7762
7318
6900
6403
6398
5727
4329
3425
3460
4051
3855
2707
1580
856
-246
-1934
-3060
-3535
-4263
-5335
-6431
-7091
-7230
-7564
-7973
-8283
-8716
-9120
-9337
-9054
-8659
-8066
-7386
-7126
-6607
-5838
-4916
-4291
-3926
-3003
-1733
-161
638
564
945
1878
3292
4322
4930
5728
6294
6554
6533
7178
8468
8930
8691
8212
7836
7527
7054
6741
6344
6178
6170
5604
4816
3969
3211
3139
3138
2364
1457
641
-346
-1620
-2682
-3586
-4654
-5009
-5645
-6562
-7256
-8101
-8180
-8247
-8404
-8749
-9118
-8748
-8450
-7712
-7168
-7114
-6812
-6136
-4787
-4122
-3661
-2512
-1419
-615
-369
79
1241
2657
3713
3973
4236
5120
6182
6572
6245
6600
7790
8559
8305
7527
7345
7915
8301
7687
6441
5454
5339
5602
5083
4079
3289
3326
3519
2651
1419
353
-386
-1356
-2626
-3529
-4326
-4654
-5304
-6321
-7111
-8265
-8822
-8854
-8551
-8071
-8222
-8455
-8784
-8362
-7282
-6591
-5982
-5635
-5087
-4754
-4411
-2908
-1243
-192
81
333
1112
2044
3202
4098
4696
5690
6856
7079
6323
6103
7326
8790
8789
7836
7412
7922
8005
7044
6014
5035
4757
5151
5356
4955
3829
3109
2711
2075
1155
178
-235
-912
-2070
-3274
-4386
-4903
-5417
-6279
-7298
-8230
-8352
-8406
-8903
-9116
-8910
-8416
-8070
-7668
-7212
-6974
-6602
-6047
-4936
-4130
-3780
-2622
-1211
-191
307
666
1279
2121
2965
3545
4277
5128
6281
7034
6599
6375
7197
8331
8495
7792
7299
7449
7716
7293
6546
5531
5011
5451
5305
4241
2963
2589
3070
2590
1025
-300
-305
-120
-1108
-2599
-4325
-5205
-5491
-6226
-6708
-7329
-7761
-8294
-8939
-8861
-8804
-8453
-8213
-8038
-7566
-7045
-6042
-5277
-4633
-4326
-4174
-3136
-1859
-623
410
1023
1380
1974
2940
3640
4037
4642
5971
7039
6660
5895
6298
7557
8213
7989
7490
7484
7648
7176
6652
5936
5357
5452
5188
4306
3154
2706
3166
3090
2067
670
-139
-800
-2066
-3171
-4117
-4494
-4695
-5696
-6807
-7900
-8418
-8292
-8248
-8196
-8399
-8321
-7969
-7879
-7801
-7841
-7338
-6146
-4899
-3873
-3449
-3182
-2550
-1588
-389
779
1742
2470
2844
3230
3750
4261
5419
6846
7400
6828
6450
7356
8311
8302
7320
6791
7531
7903
7262
5886
4735
4610
4856
4923
4280
3230
2740
2691
2114
658
-537
-857
-1320
-2364
-3647
-4602
-5072
-5910
-6811
-7303
-7560
-7546
-7656
-7937
-8396
-8653
-8474
-8140
-7407
-6708
-6274
-6060
-5850
-4763
-3494
-2886
-2287
-1285
-177
565
1080
1769
2599
3311
3811
4318
5029
6023
6805
6642
6261
6843
7821
8133
7449
6672
6829
6947
6447
5737
5071
4799
4899
4930
4100
2743
1953
2238
2573
1490
81
-517
-802
-1619
-2826
-3850
-4699
-5377
-6283
-6722
-6882
-7303
-7484
-7947
-8196
-8275
-8144
-7617
-7279
-6742
-6533
-6337
-5893
-4966
-3505
-2903
-2391
-1665
-932
-89
640
1545
2280
2885
3117
3535
4409
5428
6736
7059
6455
6075
6746
7625
7410
6631
6316
7102
7329
6562
5578
4492
4296
4568
4655
3904
2567
1935
2012
2035
1095
63
-634
-1610
-2631
-3647
-4179
-4440
-5002
-5970
-7113
-7715
-7789
-7758
-8050
-8272
-8034
-7826
-7690
-7280
-6673
-6232
-5779
-5018
-3838
-2884
-2676
-2227
-1175
-92
691
1294
1985
2642
3100
3474
3991
4758
5818
6757
6774
6229
6405
7118
7520
7188
6488
6686
7033
6603
5907
5027
4470
4455
4380
3650
2663
2114
2038
1893
957
-167
-758
-1232
-2092
-2908
-3560
-4246
-4944
-5870
-6310
-6611
-7116
-7422
-7789
-7789
-7817
-7849
-7667
-7231
-6422
-5954
-5381
-5021
-4555
-3550
-2931
-2202
-1303
-414
287
860
1533
2310
3404
3918
3896
3894
4437
5629
6258
6173
6211
6911
7173
6532
5816
5620
6164
6294
5910
5287
4541
4393
4474
3939
2603
1631
1779
2423
2330
1156
15
-930
-1947
-2775
-3234
-3572
-3959
-4607
-5522
-6181
-6898
-7471
-7696
-7674
-7283
-6959
-6631
-6505
-6372
-6188
-6073
-5526
-4803
-3775
-3062
-2679
-1810
-943
-223
356
986
1701
2530
3328
3832
4255
4602
5262
6038
6104
5595
5806
6679
6943
6395
5677
5764
6153
6065
5504
4811
4433
4164
3897
3201
2241
1714
1867
2277
1883
830
-43
-747
-1694
-2784
-3740
-4308
-4635
-5319
-6325
-7163
-7316
-7353
-7719
-8037
-8104
-7558
-6932
-6390
-6014
-5784
-5177
-4614
-3864
-3183
-2665
-1823
-986
-116
473
972
1488
1906
2570
3223
4015
4751
5380
6212
6433
5827
5417
5964
6843
6982
6595
6348
6325
6113
5534
4963
4389
3922
3750
3250
2383
1825
1678
1549
1071
243
-510
-1030
-1722
-2545
-3344
-4150
-4814
-5387
-5951
-6419
-6651
-6928
-7387
-7804
-7751
-7001
-6461
-6509
-6581
-6079
-4964
-4195
-3984
-3776
-3026
-1683
-376
393
580
965
1690
2382
3175
3865
4188
4124
4186
4933
5697
5515
5149
5645
6426
6667
6406
6320
6389
6049
5324
4677
4155
3614
3511
3450
2892
2157
1666
1520
1096
90
-919
-1179
-1275
-1683
-2448
-3894
-5104
-5863
-6143
-5966
-5706
-5638
-6491
-7303
-7585
-7179
-6293
-5936
-5735
-5842
-5389
-4511
-4016
-3355
-2974
-2250
-1190
-195
544
686
1135
1893
2905
3671
3861
3982
3909
4531
5631
5933
5560
5322
5911
6465
5971
4993
4879
5640
5830
5335
4468
3628
3394
3179
2694
2006
1440
1412
1556
1253
292
-524
-1086
-1868
-2908
-4080
-4616
-4946
-5576
-5923
-5992
-6109
-6694
-7430
-7600
-7065
-6334
-5847
-5412
-5091
-4651
-3993
-3555
-3149
-2633
-2073
-1357
-562
257
919
1210
1460
2105
3013
3775
4249
4142
4080
5016
5856
5673
5120
5263
6134
6356
5606
4833
4915
5264
4934
4334
3497
2957
2992
2740
1974
1098
1054
1418
1210
293
-845
-1260
-1628
-2442
-3348
-4004
-4088
-4426
-5249
-6061
-6444
-6459
-6570
-6596
-6467
-5963
-5462
-5674
-5999
-5620
-4330
-3003
-2289
-1982
-1764
-1351
-922
-345
465
1449
2412
2960
3175
3128
3258
3438
3295
3624
4772
5687
5317
4739
5203
5934
5923
5008
4338
4488
4754
4696
4039
3116
2449
2362
2298
1334
334
302
931
940
-120
-944
-1208
-1566
-2407
-3384
-3807
-3988
-4315
-5124
-6064
-6407
-6154
-5580
-5740
-6303
-6175
-5633
-5120
-5001
-4691
-3915
-3117
-2578
-2385
-1918
-1218
-334
616
1195
1758
2298
2553
2456
2485
3043
3688
4050
4499
5224
5198
4568
4590
5361
5772
5107
4337
4163
4513
4735
4410
3757
2845
2522
2643
2390
1787
1195
1092
986
385
-443
-942
-1315
-2032
-2712
-3301
-3983
-4842
-5611
-5876
-5649
-5379
-5487
-5762
-6104
-6100
-5701
-5461
-5290
-4853
-3834
-2966
-2819
-2820
-2480
-1775
-1047
-92
797
1280
1678
1771
1873
2388
3044
3541
3692
3862
4727
5871
5875
4922
4577
5115
5371
4790
4121
4069
4531
4739
4251
3089
1897
1806
2466
2675
1778
519
339
685
409
-411
-1216
-1971
-2772
-3309
-3832
-4242
-4441
-4766
-5091
-5607
-6162
-6297
-6178
-5957
-5431
-4770
-4634
-4912
-4774
-3877
-2758
-2086
-1689
-1187
-832
-606
-210
364
1219
2062
2503
2613
2637
3044
3790
4167
4130
4534
5127
4997
4612
4844
5609
5739
4743
3720
3663
4047
3982
3385
2184
1276
1606
2449
2461
1131
-69
34
498
66
-881
-1444
-1885
-2337
-2897
-3580
-4276
-5060
-5385
-5112
-4867
-5136
-5774
-6412
-6381
-5399
-4622
-4607
-4776
-4259
-3060
-2250
-2168
-2261
-1710
-726
159
907
1421
1862
1988
2015
2281
2642
3276
3923
4134
4176
4790
5332
4852
4235
4309
4773
4903
4487
4119
4203
4319
3968
3285
2471
1889
1863
1918
1351
372
164
819
710
-581
-1760
-2230
-2390
-2684
-3142
-3637
-4074
-4529
-5083
-5360
-5476
-5402
-5240
-5690
-6013
-5497
-4516
-3934
-4054
-3872
-3269
-2713
-2338
-1694
-648
25
616
1187
1429
1601
1894
2498
2915
3119
3382
3599
3640
3640
4304
4843
4561
4201
4398
4935
4662
3823
3367
3617
3959
3565
2738
1709
1514
2085
1928
896
-314
-288
511
435
-677
-1747
-1967
-2252
-2796
-3305
-3712
-3966
-4652
-5193
-5062
-4615
-4197
-4369
-5038
-5364
-4729
-3712
-3238
-3254
-3099
-2436
-1904
-1818
-1635
-1250
-758
33
949
1603
2081
2414
2468
2363
2554
3248
3718
3642
3753
4300
4419
3880
3771
4341
4597
3806
2740
2681
3410
3873
3395
2201
1077
960
1713
1998
1230
103
66
722
495
-506
-1342
-1600
-2067
-2761
-3309
-3811
-4149
-4550
-4428
-4201
-4498
-4868
-5327
-5256
-4641
-3796
-3286
-3543
-3638
-3247
-2248
-1540
-1543
-1306
-923
-231
527
1028
1358
1468
1662
1862
2170
2483
2856
3260
3168
3235
3805
4345
4502
4392
4467
4472
4007
3297
3090
3422
3456
2970
2084
1279
1134
1467
1527
870
77
-139
208
295
-150
-636
-1131
-1818
-2655
-3255
-3664
-4041
-4249
-4277
-4323
-4678
-4883
-4854
-4766
-4462
-4138
-3787
-3524
-3135
-2442
-1716
-1270
-1185
-846
-483
-249
237
780
1390
1832
2012
1993
1842
1906
2322
2866
3220
3689
4127
3906
3514
3654
4111
4257
3625
2725
2549
2957
3437
3477
2623
1484
1127
1319
908
60
-343
93
515
-140
-1109
-1656
-1939
-2183
-2387
-2648
-3081
-3453
-3848
-4067
-4152
-4193
-3951
-3989
-4273
-4233
-3750
-3344
-3407
-3330
-2787
-1889
-1180
-785
-438
-345
-139
272
856
1569
2066
2405
2503
2390
2320
2603
2830
2783
3231
3832
3839
3369
3207
3491
3377
2874
2700
3116
3387
3057
2301
1404
1003
1098
1375
1224
339
-84
406
589
-356
-1504
-1950
-2008
-1990
-2237
-2863
-3501
-3989
-4129
-3921
-3801
-3863
-4010
-4174
-4152
-3670
-2951
-2694
-2709
-2469
-2029
-1731
-1640
-1271
-734
-257
542
1452
1794
1421
979
1123
1768
2423
2893
3190
3137
3101
3453
3576
3197
3002
3319
3666
3396
2693
2558
2896
2815
2211
1478
1074
1146
1401
1278
658
35
48
503
357
-311
-834
-1205
-1684
-2308
-2904
-3412
-3730
-3945
-3862
-3592
-3762
-4125
-4416
-4399
-3838
-3022
-2603
-2880
-2847
-2028
-1135
-907
-1147
-1046
-549
391
1162
1060
683
672
1321
2124
2500
2422
2300
2350
2427
3205
3990
3639
2884
2756
3407
3704
3275
2692
2416
2486
2458
2322
1622
781
568
690
751
195
-98
401
595
-76
-1083
-1583
-1836
-1845
-1831
-2271
-2768
-3368
-3781
-3952
-3989
-3682
-3514
-3712
-3964
-3535
-2689
-2417
-2547
-2412
-1646
-970
-896
-824
-477
125
790
1231
1296
1193
1347
1711
2062
2197
2081
2004
2201
3025
4054
4006
2797
1826
2222
3175
3251
2578
2179
2314
2380
2159
1496
603
491
1128
1525
856
-336
-711
-390
-209
-583
-1066
-1496
-2230
-2727
-2773
-2750
-3117
-3487
-3300
-3086
-2930
-2957
-3185
-3253
-3002
-2429
-2259
-2569
-2583
-1867
-1013
-814
-743
-339
90
275
379
777
1303
1751
2075
2167
2120
2110
2187
2287
2529
3027
3378
3111
2467
2292
2723
2937
2651
2221
1867
1760
1809
1549
877
445
704
1118
1024
377
-47
169
184
-474
-1270
-1664
-1811
-1937
-2175
-2843
-3586
-3900
-3739
-3463
-3367
-3243
-3148
-3106
-3105
-2896
-2276
-1739
-1514
-1548
-1442
-1058
-495
176
285
-67
-107
569
1459
1749
1685
1701
2091
2505
2400
2077
2059
2788
3527
3367
2716
2615
3301
3512
2708
1625
1275
1927
2568
2302
1061
-47
-119
394
597
188
-54
81
-65
-768
-1496
-1676
-1542
-1413
-1656
-2397
-3257
-3762
-3668
-3347
-3056
-3008
-3317
-3726
-3856
-3384
-2662
-2113
-1799
-1443
-922
-556
-326
-76
337
776
1014
1152
1216
1248
1344
1610
1998
2351
2568
2491
2345
2559
2993
3117
2799
2486
2520
2723
2630
2125
1673
1637
1811
1738
1223
541
303
712
1005
475
-394
-606
-189
-166
-987
-1973
-2313
-2150
-2209
-2702
-3234
-3341
-2975
-2517
-2472
-2967
-3463
-3550
-3417
-3263
-2899
-2202
-1594
-1456
-1474
-1124
-441
15
41
18
388
1218
2020
2217
1787
1409
1684
2392
2930
3001
2887
2880
2849
2679
2531
2661
2991
3060
2568
1836
1576
1964
2304
1852
731
-62
139
812
958
391
-212
-294
-75
-317
-1296
-2264
-2330
-1739
-1579
-2336
-3427
-4019
-3901
-3486
-3258
-3279
-3180
-2771
-2453
-2598
-2869
-2640
-1955
-1377
-1092
-834
-434
-100
-9
24
267
750
1239
1558
1707
1878
2327
2896
3087
2720
2389
2731
3403
3604
3164
2659
2522
2535
2377
2005
1678
1648
1844
1789
1107
249
-6
377
574
80
-544
-668
-534
-789
-1477
-2049
-2097
-1835
-1977
-2829
-3708
-3801
-3346
-3187
-3481
-3606
-3154
-2479
-2239
-2572
-2861
-2493
-1646
-884
-471
-293
-56
338
617
597
683
1267
2028
2399
2253
1967
1972
2361
2728
2711
2634
2919
3229
3024
2537
2362
2579
2744
2452
1809
1367
1440
1614
1319
527
-240
-353
234
681
278
-581
-1132
-1258
-1196
-1138
-1292
-1703
-2187
-2736
-3369
-3681
-3459
-3075
-2918
-2946
-2970
-2966
-2980
-3035
-2915
-2357
-1577
-1035
-900
-928
-789
-283
380
669
571
619
1137
1886
2357
2262
1799
1573
1921
2536
2927
2960
2964
3031
2836
2384
2191
2448
2664
2539
2219
1855
1545
1304
1002
548
208
307
677
778
311
-309
-575
-737
-1217
-1785
-1956
-1870
-2020
-2549
-3231
-3539
-3241
-2777
-2723
-3166
-3568
-3475
-2982
-2568
-2443
-2233
-1698
-1067
-731
-756
-748
-369
290
779
870
818
1029
1646
2232
2313
2054
2053
2476
2795
2676
2377
2356
2681
2892
2693
2346
2148
2077
2053
2057
1909
1517
1072
686
367
226
373
613
496
-106
-724
-833
-686
-914
-1504
-2054
-2380
-2519
-2527
-2596
-2922
-3320
-3538
-3501
-3247
-2799
-2224
-1907
-2111
-2464
-2382
-1837
-1231
-671
-173
94
127
119
254
551
949
1271
1486
1752
2044
2334
2561
2631
2449
2102
1981
2306
2904
3274
3157
2773
2329
1933
1626
1504
1498
1386
1112
757
528
402
282
182
27
-293
-798
-1160
-1251
-1341
-1624
-1956
-2114
-2293
-2647
-3027
-3207
-3160
-3082
-3022
-3001
-2924
-2700
-2401
-2176
-2093
-1829
-1273
-746
-589
-635
-367
294
1038
1445
1453
1368
1377
1478
1515
1579
1808
2154
2519
2723
2781
2809
2866
2851
2672
2487
2413
2425
2300
1928
1602
1543
1594
1378
823
228
-144
-275
-328
-374
-449
-643
-1010
-1548
-2158
-2629
-2740
-2575
-2549
-2875
-3227
-3187
-2879
-2762
-2985
-3282
-3322
-3025
-2550
-2110
-1804
-1535
-1162
-755
-448
-188
116
414
697
1082
1582
2001
2184
2213
2289
2522
2869
3106
3024
2728
2532
2561
2719
2923
3044
2893
2513
2167
1964
1732
1426
1243
1223
1128
784
308
-154
-528
-777
-936
-1119
-1395
-1691
-1998
-2435
-2994
-3443
-3536
-3343
-3184
-3267
-3482
-3546
-3343
-3045
-2895
-2854
-2628
-2078
-1403
-926
-747
-653
-352
190
686
820
672
687
1163
1956
2639
2906
2807
2625
2610
2758
2918
3016
3066
3090
3083
3028
2894
2693
2514
2370
2130
1698
1177
775
586
546
469
210
-198
-600
-917
-1157
-1287
-1333
-1497
-1950
-2562
-3060
-3339
-3455
-3422
-3300
-3260
-3376
-3505
-3521
-3418
-3169
-2729
-2208
-1814
-1566
-1294
-891
-437
-76
179
458
801
1069
1163
1258
1639
2284
2853
2996
2690
2324
2349
2773
3170
3247
3140
3055
2960
2818
2729
2653
2426
2068
1728
1406
1112
968
875
518
-73
-519
-676
-754
-896
-1147
-1604
-2158
-2456
-2427
-2399
-2579
-2864
-3125
-3281
-3205
-2910
-2706
-2817
-3029
-3028
-2789
-2442
-2067
-1782
-1679
-1575
-1185
-610
-255
-187
-22
502
1210
1810
2192
2345
2320
2322
2516
2832
3064
3094
2967
2776
2644
2714
2976
3177
2997
2402
1731
1372
1417
1652
1773
1543
971
342
6
36
142
-37
-618
-1339
-1835
-2029
-2133
-2344
-2645
-2956
-3222
-3396
-3528
-3672
-3692
-3403
-2936
-2657
-2664
-2684
-2479
-2054
-1514
-982
-620
-541
-622
-575
-213
404
1013
1395
1554
1679
1942
2351
2724
2901
2919
2991
3206
3379
3350
3227
3207
3303
3289
2920
2224
1537
1189
1186
1245
1128
851
553
299
11
-384
-872
-1324
-1547
-1496
-1347
-1364
-1709
-2346
-2994
-3281
-3121
-2839
-2835
-3155
-3504
-3575
-3281
-2793
-2379
-2203
-2142
-1903
-1490
-1157
-1002
-864
-561
-55
600
1236
1577
1477
1159
1005
1222
1738
2297
2627
2688
2687
2772
2839
2772
2698
2753
2798
2691
2534
2408
2234
1954
1681
1509
1332
1007
593
249
5
-151
-263
-473
-824
-1189
-1469
-1708
-1920
-2059
-2243
-2615
-2943
-2840
-2413
-2162
-2313
-2611
-2716
-2600
-2440
-2338
-2246
-2109
-1933
-1808
-1728
-1424
-763
-90
153
59
158
718
1443
1884
1927
1828
1944
2349
2672
2592
2351
2405
2720
2842
2585
2243
2105
2132
2153
2121
2048
1909
1657
1264
852
638
709
817
638
176
-326
-722
-1031
-1307
-1619
-2058
-2546
-2797
-2690
-2472
-2448
-2643
-2899
-3052
-2971
-2689
-2411
-2267
-2143
-1924
-1726
-1675
-1584
-1186
-593
-185
-118
-185
-157
-4
284
703
1130
1442
1662
1916
2239
2516
2645
2618
2525
2534
2769
3115
3239
2938
2381
1917
1684
1567
1421
1182
886
632
494
441
391
311
221
67
-242
-686
-1127
-1412
-1453
-1352
-1422
-1949
-2769
-3349
-3378
-3022
-2625
-2455
-2583
-2804
-2785
-2343
-1699
-1223
-1039
-1042
-1069
-948
-603
-216
19
190
443
669
738
822
1105
1444
1629
1677
1683
1727
1921
2262
2576
2703
2659
2563
2442
2332
2279
2178
1896
1533
1296
1222
1189
1030
579
-113
-627
-655
-441
-427
-739
-1148
-1418
-1477
-1402
-1425
-1687
-2022
-2169
-2046
-1833
-1786
-1978
-2272
-2470
-2451
-2232
-1880
-1568
-1544
-1786
-1871
-1487
-896
-526
-432
-352
-48
502
1101
1473
1457
1178
1019
1206
1629
2028
2193
2142
2064
2105
2184
2098
1883
1852
2136
2425
2324
1857
1419
1305
1425
1433
1107
599
290
297
243
-189
-819
-1256
-1394
-1455
-1637
-1864
-1993
-2068
-2162
-2247
-2230
-2021
-1744
-1681
-1853
-1949
-1757
-1436
-1261
-1340
-1514
-1541
-1367
-1090
-797
-478
-178
-67
-181
-296
-152
359
1122
1767
1975
1846
1718
1748
1896
2087
2286
2443
2483
2308
1957
1700
1708
1795
1640
1232
870
799
901
832
485
118
14
139
189
-43
-392
-606
-747
-1039
-1480
-1866
-2096
-2221
-2284
-2294
-2323
-2401
-2429
-2312
-2080
-1808
-1535
-1312
-1172
-1030
-822
-617
-506
-483
-467
-307
31
341
431
396
482
762
1033
1093
1086
1292
1683
1963
1985
1845
1716
1787
2056
2285
2299
2145
1959
1823
1685
1401
952
530
294
217
124
-125
-437
-580
-506
-376
-353
-531
-906
-1284
-1455
-1406
-1333
-1433
-1696
-1854
-1713
-1485
-1542
-1894
-2168
-2066
-1704
-1457
-1491
-1549
-1272
-716
-257
-108
-118
-51
137
377
640
928
1103
1046
906
906
1060
1219
1246
1079
847
874
1342
1965
2173
1769
1177
997
1397
1944
2026
1476
795
542
673
701
421
66
-162
-331
-569
-811
-928
-931
-957
-1122
-1363
-1472
-1362
-1211
-1257
-1446
-1522
-1382
-1149
-1014
-1096
-1351
-1569
-1523
-1223
-928
-831
-852
-812
-638
-405
-198
-26
161
417
680
814
823
869
1038
1239
1412
1580
1716
1736
1637
1494
1390
1344
1271
1117
974
1011
1189
1230
969
587
374
436
629
748
667
393
31
-338
-707
-1042
-1196
-1138
-1084
-1237
-1516
-1654
-1591
-1560
-1736
-1938
-1845
-1422
-953
-676
-604
-626
-678
-778
-921
-1007
-926
-657
-212
295
573
425
36
-230
-188
122
480
672
758
925
1194
1425
1550
1534
1408
1374
1559
1813
1934
1880
1608
1120
605
261
149
249
431
511
419
196
-70
-284
-379
-395
-457
-628
-844
-971
-899
-681
-581
-811
-1259
-1614
-1664
-1424
-1165
-1160
-1364
-1483
-1352
-1060
-801
-720
-744
-617
-219
283
622
663
454
179
86
322
698
823
551
214
230
594
932
985
893
905
1042
1182
1255
1258
1214
1122
1019
967
915
760
516
351
317
298
204
77
-49
-264
-547
-713
-734
-857
-1148
-1277
-1012
-605
-477
-713
-1003
-984
-626
-293
-346
-668
-853
-800
-778
-891
-929
-793
-646
-644
-723
-693
-453
-9
452
695
735
739
721
603
478
498
631
814
1065
1279
1204
794
336
117
200
464
752
909
840
636
487
420
310
214
333
606
641
284
-137
-290
-185
-107
-302
-776
-1210
-1270
-995
-718
-683
-839
-952
-884
-765
-718
-641
-462
-274
-97
103
156
-86
-446
-669
-674
-446
-38
297
374
237
12
-185
-220
-40
224
411
449
402
473
805
1231
1444
1351
1056
682
366
230
240
312
449
609
620
369
-26
-334
-386
-188
83
213
144
-18
-138
-135
-27
57
-21
-277
-621
-963
-1214
-1258
-1056
-766
-603
-592
-587
-517
-515
-663
-808
-705
-309
156
402
315
60
-73
50
319
509
504
320
-24
-394
-495
-142
433
761
676
437
379
541
663
544
321
346
755
1258
1421
1135
680
354
161
-21
-137
-37
207
294
58
-337
-609
-633
-532
-536
-702
-795
-590
-217
-44
-192
-390
-319
-16
151
-98
-575
-810
-646
-451
-596
-926
-973
-619
-230
-143
-312
-458
-427
-249
31
424
875
1131
966
480
71
21
237
425
436
360
298
270
297
381
451
448
434
466
454
319
227
366
628
756
717
691
679
472
8
-483
-734
-710
-542
-350
-239
-298
-505
-732
-885
-918
-757
-366
66
198
-66
-507
-856
-976
-810
-360
87
138
-216
-564
-629
-488
-262
21
262
322
260
179
24
-176
-92
431
1039
1264
1067
702
366
211
347
643
813
799
720
518
115
-257
-318
-111
87
190
305
389
246
-116
-439
-494
-274
53
260
212
-45
-370
-664
-811
-690
-369
-195
-405
-753
-804
-580
-458
-545
-613
-499
-283
-130
-73
-25
74
285
593
762
574
143
-215
-263
-61
100
61
-55
-117
-110
-62
10
198
561
885
904
671
473
572
920
1123
897
354
-191
-448
-353
-126
12
12
-79
-195
-306
-411
-470
-415
-277
-154
-138
-253
-374
-366
-197
73
334
398
120
-384
-787
-818
-577
-400
-413
-436
-329
-188
-126
-149
-175
-160
-110
38
325
582
591
403
273
387
590
591
304
-71
-263
-194
33
253
350
329
291
306
325
290
215
195
298
453
573
628
551
261
-179
-529
-588
-411
-224
-189
-343
-644
-924
-955
-655
-211
115
221
160
-33
-327
-523
-408
-115
-39
-315
-615
-565
-230
-28
-208
-545
-569
-51
701
1079
738
-42
-538
-299
433
1002
1006
641
313
196
220
329
556
834
920
665
239
-91
-236
-259
-201
-99
-17
2
-4
43
93
34
-101
-150
-35
82
7
-220
-413
-477
-406
-249
-142
-286
-721
-1150
-1160
-697
-139
174
250
204
-16
-390
-619
-433
56
466
580
469
262
32
-104
0
300
547
527
218
-209
-489
-394
14
373
411
238
160
254
332
281
223
312
476
500
312
51
-127
-151
-60
52
117
88
-35
-226
-389
-392
-214
-8
21
-121
-224
-184
-132
-166
-170
-44
109
134
1
-191
-331
-354
-252
-96
2
-51
-210
-352
-442
-486
-438
-262
31
427
823
996
824
419
32
-195
-258
-149
102
362
456
308
-21
-360
-474
-246
199
563
614
331
-101
-384
-309
76
481
619
510
416
431
329
-77
-563
-712
-389
126
375
94
-557
-1085
-1069
-529
143
487
316
-120
-397
-375
-282
-347
-527
-636
-580
-418
-267
-186
-119
-7
82
92
139
365
689
816
570
139
-119
-51
196
387
391
253
164
269
500
622
504
245
4
-131
-155
-124
-85
-51
-13
12
-7
-18
19
104
243
397
401
110
-392
-772
-719
-268
218
374
88
-491
-956
-890
-305
331
549
293
-148
-412
-365
-229
-249
-348
-244
101
364
324
100
-84
-95
90
364
545
505
241
-93
-237
-129
10
-2
-155
-273
-147
222
598
702
366
-270
-731
-604
-19
486
550
239
-158
-396
-382
-186
23
134
184
213
159
0
-127
-81
83
220
231
90
-113
-202
-64
230
468
430
72
-345
-511
-429
-346
-397
-481
-478
-433
-394
-255
57
366
441
282
23
-201
-262
-120
97
227
242
222
229
258
262
239
221
183
82
-21
-5
131
236
193
60
-85
-212
-256
-125
138
384
527
590
593
482
233
-89
-376
-563
-637
-607
-509
-377
-204
20
199
221
69
-140
-248
-225
-197
-269
-376
-415
-385
-320
-237
-183
-194
-229
-192
-15
207
273
110
-113
-137
108
433
574
430
168
56
165
328
404
460
572
645
545
333
163
39
-111
-251
-277
-200
-168
-223
-225
-17
338
553
404
1
-345
-470
-447
-356
-184
21
97
11
-58
-75
-255
-672
-1004
-872
-305
291
540
375
-38
-427
-568
-465
-266
1
420
890
1074
739
120
-267
-128
373
742
551
-148
-794
-856
-368
185
444
434
350
256
153
78
-3
-163
-326
-283
31
391
490
240
-140
-376
-422
-394
-322
-111
240
489
398
31
-343
-534
-473
-186
126
188
-43
-244
-75
345
571
384
-17
-319
-379
-268
-170
-215
-401
-574
-555
-286
111
394
399
194
18
-10
34
74
102
113
109
156
275
350
273
68
-181
-382
-373
-56
378
562
362
10
-182
-105
98
214
139
16
98
416
668
556
216
-17
-87
-200
-455
-655
-548
-207
10
-101
-335
-317
14
331
298
-39
-357
-402
-234
-87
-101
-228
-285
-169
-5
10
-162
-332
-263
82
520
785
654
167
-272
-269
102
434
450
228
26
-13
77
249
482
657
593
220
-280
-589
-549
-341
-248
-273
-194
37
192
115
-54
-88
19
106
56
-88
-217
-244
-162
-83
-97
-150
-171
-183
-267
-409
-433
-200
92
115
-100
-191
5
273
323
108
-148
-219
-98
156
503
743
643
277
-53
-188
-139
7
111
45
-182
-418
-457
-267
-58
68
217
429
533
403
112
-160
-277
-234
-105
94
309
368
180
-145
-434
-536
-330
132
564
655
355
-102
-380
-327
-62
192
318
311
156
-95
-227
-101
151
281
226
89
-55
-220
-498
-840
-933
-596
-87
201
179
55
37
147
173
-58
-388
-457
-144
280
474
330
21
-186
-194
-80
116
387
538
361
-4
-180
-17
266
349
145
-100
-44
384
885
1074
788
236
-173
-221
-107
-158
-435
-728
-842
-778
-660
-543
-368
-94
157
233
164
142
225
178
-182
-622
-727
-420
-25
125
-20
-287
-443
-322
22
279
218
27
23
196
319
335
365
434
434
320
249
355
527
536
403
349
371
266
-49
-473
-834
-927
-684
-310
-44
89
169
201
148
54
67
229
297
11
-473
-721
-577
-304
-161
-115
-17
133
171
-9
-276
-343
-68
371
596
357
-147
-418
-185
306
590
501
221
31
94
322
434
273
-19
-188
-165
-91
-120
-278
-470
-559
-428
-64
341
512
407
262
237
222
113
2
-45
-88
-139
-143
-111
-127
-175
-135
11
102
55
2
56
146
164
71
-162
-455
-544
-266
136
328
321
365
480
385
-83
-631
-793
-560
-392
-467
-502
-315
-86
-15
-36
16
233
519
618
381
-38
-330
-397
-342
-215
-28
125
194
227
234
139
-80
-283
-292
-65
309
656
797
639
273
-46
-88
190
597
806
646
294
72
52
52
-116
-467
-836
-1009
-853
-461
-109
7
-71
-114
3
200
351
403
375
237
-84
-460
-598
-417
-209
-251
-426
-463
-336
-172
-23
102
163
146
89
46
101
292
501
563
458
332
237
90
-52
15
312
565
523
195
-208
-452
-462
-384
-359
-304
-72
284
545
523
210
-162
-301
-164
-56
-205
-417
-392
-152
46
46
-116
-285
-298
-162
-46
-42
-74
-95
-103
-35
167
369
334
58
-215
-265
-33
356
629
549
176
-164
-204
11
212
152
-185
-526
-563
-277
89
336
432
393
216
-7
-67
112
324
285
-24
-326
-390
-280
-179
-136
-101
-118
-258
-381
-300
-102
-3
-1
81
280
433
461
383
146
-266
-609
-554
-85
520
880
750
211
-358
-583
-471
-317
-297
-275
-108
138
343
384
197
-80
-173
-3
220
247
61
-121
-145
-35
59
-54
-306
-307
135
629
658
192
-305
-409
-135
170
226
33
-127
13
359
565
438
71
-264
-296
-18
251
191
-134
-354
-311
-264
-440
-707
-773
-507
41
590
788
578
195
-128
-310
-363
-332
-252
-160
-150
-251
-385
-420
-234
80
262
258
228
197
99
-9
-3
212
550
734
606
243
-149
-304
-54
424
771
781
487
71
-304
-593
-707
-489
-25
343
402
187
-106
-246
-125
182
428
335
-112
-607
-878
-846
-562
-254
-174
-289
-319
-127
157
238
-40
-424
-517
-177
394
757
581
44
-338
-255
135
403
277
19
-9
143
258
249
123
0
33
163
225
122
-129
-285
-149
141
405
571
542
281
-110
-454
-537
-307
-8
100
34
-121
-299
-360
-194
147
392
208
-311
-622
-440
-8
288
243
9
-121
-86
-27
0
37
127
267
359
381
394
339
147
-114
-282
-279
-177
-124
-165
-186
-69
181
419
455
282
61
-131
-312
-484
-592
-521
-234
122
304
184
-100
-252
-164
-26
-44
-181
-193
87
459
512
117
-412
-658
-483
-100
211
331
259
55
-98
-31
215
381
270
35
0
185
246
-19
-357
-385
-49
378
640
685
522
165
-269
-576
-662
-620
-528
-337
-20
265
322
183
58
56
80
32
-44
-63
-8
83
179
231
168
-12
-174
-165
-20
96
121
167
325
469
423
182
-99
-270
-338
-383
-426
-404
-283
-154
-96
-27
166
363
275
-180
-726
-970
-730
-136
473
735
510
27
-252
-48
408
580
230
-282
-439
-179
118
135
-28
-86
9
83
43
-28
-21
76
184
272
411
565
551
273
-90
-272
-171
69
219
166
15
-33
23
-6
-209
-421
-450
-306
-89
43
-89
-462
-733
-571
-77
339
468
393
198
-53
-207
-183
-70
-13
-34
-37
6
23
-47
-168
-207
-47
226
409
451
434
361
175
-29
-69
12
-5
-163
-242
-92
123
175
57
-91
-197
-280
-348
-320
-140
63
107
-21
-162
-155
63
383
514
251
-237
-485
-276
86
186
1
-176
-158
-20
33
-132
-397
-446
-111
416
813
932
850
660
351
-25
-279
-289
-128
-10
-30
-77
-43
-5
-86
-211
-189
-8
108
-23
-312
-540
-587
-447
-127
293
577
499
109
-255
-295
-31
252
306
122
-119
-234
-187
-100
-105
-170
-102
195
500
462
83
-223
-130
212
469
529
441
185
-252
-653
-708
-380
32
172
-51
-376
-470
-245
