SAMPLES:	12708
BITSPERSAMPLE:	16
CHANNELS:	1
SAMPLERATE:	16000
NORMALIZED:	FALSE
1
-7
-10
-7
-5
-2
-1
-6
-6
-6
-8
-8
-8
-3
1
0
2
-2
-6
-4
-2
1
3
-1
-1
2
4
2
-2
-6
-6
-3
1
1
0
1
-1
-1
3
3
1
3
2
0
0
2
6
5
6
6
3
6
2
-5
-7
-8
-7
-3
3
4
4
5
0
-6
-7
-4
-1
3
6
8
2
0
-2
-1
5
5
8
6
3
1
0
2
5
4
-1
-2
2
5
6
2
-4
-4
-6
-6
-3
-1
-4
-4
-4
-2
0
2
1
-3
-4
-10
-11
-5
-5
-3
1
-2
-4
-3
-4
-2
-1
5
8
7
8
6
2
-5
-5
-1
1
1
0
3
1
-2
-5
-1
5
10
12
11
5
-2
-4
-2
1
4
6
6
0
1
1
-2
-4
-5
-3
2
4
2
0
0
2
1
-1
-1
-1
-2
-6
-11
-11
-10
-8
-6
-8
-7
-3
2
3
6
5
6
5
2
0
0
3
6
3
2
1
2
4
3
2
5
5
4
1
-6
-6
-6
-5
-3
-1
0
0
3
3
-5
-6
-7
-3
-3
-4
-1
-1
-2
-2
-5
-6
-3
2
7
6
4
-1
-5
-7
-2
7
11
8
2
-1
-1
0
8
12
12
7
1
0
1
5
9
9
6
2
-5
-6
-4
-1
2
2
-2
-5
-4
-4
-5
-3
1
1
-1
-4
-8
-6
-4
-6
-4
-3
1
2
1
-6
-10
-6
-1
5
7
2
-4
-8
-8
-5
2
3
-1
-2
-2
1
4
9
12
9
9
3
0
1
2
3
1
-4
-4
-3
-1
-5
-6
-7
-6
-3
-3
-4
-2
-2
2
8
6
-1
-8
-8
-6
-5
0
-3
-3
-4
-1
10
9
7
5
4
6
7
9
9
8
6
4
3
6
8
10
4
-5
-8
-9
-4
2
9
11
8
6
3
4
4
-3
-2
-2
-1
-1
-1
-4
-10
-14
-12
-10
-8
-6
-9
-7
-6
-3
-2
-1
2
-1
-4
-5
-13
-18
-11
-9
-3
5
5
2
0
0
-3
-2
-1
2
3
2
4
3
6
13
13
11
7
-1
-6
-1
5
9
10
9
6
2
-1
1
1
3
3
3
3
-2
-4
-1
3
3
-2
-6
-4
3
7
12
4
-4
-5
-2
3
0
-2
-4
-1
1
1
0
-4
-7
-7
-4
1
-1
-5
-6
-7
-5
2
8
7
7
3
-5
-4
-1
3
1
-4
-5
-5
-4
1
2
-2
-3
-4
-4
-3
0
4
2
0
-1
-3
-2
-1
0
2
3
5
5
4
3
3
0
-2
-5
-6
-3
-4
-4
-2
-5
-1
3
2
2
4
3
1
3
6
6
6
5
3
0
-1
-3
0
1
-2
-3
-5
-2
2
-2
-2
-1
1
8
11
5
-1
-8
-9
-5
1
5
4
4
-3
-7
-7
-7
-3
0
1
-1
-4
-6
-7
-3
2
5
7
7
9
5
2
-2
-7
-4
-1
4
9
5
2
0
-3
-3
0
4
2
-3
-8
-11
-10
-5
-1
1
3
5
5
5
3
0
-4
-4
-3
-1
3
0
-1
-1
-2
5
9
7
3
-2
-6
-5
-2
1
8
14
14
9
3
-1
0
-1
-2
-3
-6
-9
-3
-6
-3
2
3
2
0
-2
-9
-11
-8
-6
0
4
-2
-5
-6
-8
-7
-5
-1
-1
-1
-2
-2
1
3
2
2
-2
0
-2
-5
-1
4
14
19
18
16
11
7
2
2
-3
-1
6
3
5
3
-2
0
0
-1
1
6
8
5
4
-4
-10
-14
-14
-7
-6
0
4
4
3
0
-5
-11
-15
-12
-6
2
2
-1
-3
-3
-2
-3
-2
4
5
4
-1
-5
-1
0
0
0
0
1
3
6
6
7
2
0
1
1
1
3
6
5
2
0
0
-1
1
3
5
5
4
1
0
1
1
0
-3
-7
-4
-5
-4
3
2
1
-3
-8
-6
-6
-2
5
6
5
-2
-5
-5
-1
1
1
1
-2
-5
-8
-9
-4
0
7
6
2
-2
-2
0
0
-2
-1
0
4
6
3
-1
-5
-6
-1
4
4
0
-1
-3
-1
-1
-1
4
5
6
7
2
-2
-4
-5
0
-1
-1
-2
-4
-2
3
5
4
3
0
0
1
4
5
7
8
4
-2
-6
-2
0
2
5
0
-3
-5
-5
-3
-1
5
9
11
6
0
-7
-8
-1
3
6
2
-3
-7
-11
-6
-1
5
10
4
2
-7
-10
-6
-4
-3
-1
0
0
-5
-8
-8
-11
-6
-2
0
5
4
0
-4
-9
-8
-5
2
9
11
8
3
5
7
7
5
-5
-12
-12
-8
0
4
-1
-3
-2
2
5
5
7
7
6
8
7
4
3
1
-3
0
2
6
10
11
10
4
-3
-4
-5
-9
-3
2
3
3
-2
-7
-11
-10
-6
1
9
14
14
10
2
-1
-3
-4
-5
-3
-1
-3
-5
-7
-4
-5
-6
-7
-8
-4
-1
-3
-5
-4
0
3
5
6
2
-1
-3
-6
-5
-1
-3
-4
-2
-4
-5
-2
-1
3
5
4
5
3
1
2
6
8
5
1
0
-4
-5
-3
1
3
0
1
5
6
8
3
3
6
8
12
12
8
1
-4
-5
-2
2
6
5
4
2
-1
0
3
2
-2
-6
-7
-4
0
3
2
0
-2
-5
-7
-6
-4
-5
-6
-9
-10
-9
-9
-7
-6
-5
-4
-6
-3
-4
-1
2
1
-1
-4
-5
-4
1
5
5
-1
0
3
5
6
2
-2
-5
-7
-4
-3
-3
5
9
11
7
3
3
3
8
11
10
6
6
4
1
2
-1
-2
4
6
11
8
4
2
0
5
5
8
10
4
3
-3
-7
1
-1
-2
-3
-5
-6
-2
2
8
10
5
-1
-9
-15
-15
-11
-5
-4
-3
-7
-13
-12
-11
-9
-8
-5
3
1
2
-2
-5
-5
-2
4
8
8
6
3
-4
-3
-1
3
7
5
2
-5
-8
-3
5
7
6
0
-7
-9
-8
-4
2
0
-3
-5
-6
1
5
12
15
12
12
9
3
-1
-6
-9
-9
-5
0
6
8
3
-1
2
5
8
6
2
2
0
-4
-5
-4
-2
4
9
3
-3
-6
-4
2
8
15
13
9
0
-7
-10
-10
-5
2
4
0
-4
-7
-10
-4
0
1
-2
-6
-8
-8
-6
-1
5
5
6
5
2
0
-3
-2
-4
-6
-2
3
6
6
5
2
2
2
5
5
-1
-8
-14
-12
-5
0
4
2
2
-1
-2
4
7
6
4
3
2
-1
-5
-10
-9
-4
3
6
2
-4
-12
-15
-9
-4
2
6
5
0
-3
-6
-3
-2
2
8
10
6
-2
-6
-6
-4
-1
-1
-3
-3
2
6
10
13
13
13
14
18
22
24
25
14
0
-13
-12
-8
-3
-4
-9
-5
4
11
4
-4
-6
1
11
16
13
11
12
19
22
21
18
18
15
1
-23
-48
-60
-59
-49
-42
-34
-21
8
34
40
20
0
-17
-30
-72
-122
-164
-182
-171
-161
-154
-117
-39
78
179
249
295
349
389
357
270
151
39
-56
-150
-253
-325
-355
-324
-274
-210
-125
-10
121
219
264
284
267
240
166
56
-55
-154
-204
-253
-241
-198
-92
46
191
323
414
473
487
446
357
204
33
-145
-318
-465
-586
-629
-637
-566
-485
-362
-198
-46
114
219
317
358
372
344
264
161
33
-75
-158
-223
-249
-242
-172
-49
76
237
345
468
503
499
417
259
68
-187
-407
-631
-806
-906
-922
-847
-698
-503
-219
45
357
556
722
791
763
710
537
410
219
98
-2
-56
-33
20
127
245
339
429
445
445
366
246
105
-88
-218
-392
-480
-574
-605
-587
-545
-450
-354
-235
-109
-4
108
186
255
301
283
265
161
83
-40
-139
-236
-307
-336
-336
-290
-226
-138
-53
16
44
51
-4
-53
-153
-228
-329
-377
-415
-381
-311
-186
-19
150
342
478
612
669
717
699
685
630
598
561
562
569
604
642
671
685
643
568
412
235
-20
-262
-537
-771
-991
-1166
-1289
-1366
-1386
-1359
-1289
-1186
-1052
-916
-765
-639
-518
-424
-324
-241
-165
-94
-37
27
72
118
168
233
328
448
608
820
1100
1416
1754
2077
2384
2635
2784
2795
2647
2354
1902
1310
580
-207
-985
-1684
-2273
-2706
-2940
-2959
-2785
-2482
-2093
-1673
-1254
-912
-677
-581
-586
-677
-792
-869
-840
-676
-371
95
680
1362
2020
2592
2991
3203
3150
2810
2177
1318
349
-683
-1690
-2626
-3352
-3809
-3969
-3890
-3560
-3018
-2286
-1479
-695
18
605
1059
1333
1462
1439
1372
1286
1297
1441
1750
2194
2790
3518
4296
5016
5475
5697
5591
5157
4315
3035
1460
-238
-1970
-3601
-5067
-6204
-6809
-6946
-6601
-5908
-4945
-3745
-2496
-1395
-518
25
318
400
256
0
-254
-368
-256
64
530
1164
1907
2648
3257
3598
3588
3308
2668
1687
476
-944
-2298
-3523
-4619
-5378
-5781
-5756
-5236
-4464
-3431
-2164
-803
581
1755
2637
3356
3872
4110
4049
3817
3692
3685
3683
3662
3806
4239
4718
5047
5122
5012
4803
4166
3024
1558
-101
-1717
-3369
-4996
-6250
-7057
-7324
-7104
-6588
-5700
-4513
-3261
-2032
-981
-205
400
782
993
1097
1054
1056
1183
1328
1566
1827
2017
2261
2402
2299
2020
1486
740
-102
-1171
-2316
-3438
-4454
-5166
-5619
-5824
-5616
-5054
-4169
-2965
-1723
-492
752
1862
2775
3444
3767
3948
4025
4094
4181
4192
4240
4562
4993
5393
5685
5789
5855
5715
5181
4085
2590
948
-828
-2862
-4895
-6589
-7699
-8226
-8195
-7700
-6692
-5216
-3611
-2142
-905
92
669
984
1052
958
726
547
607
864
1237
1701
2140
2621
3051
3127
2866
2348
1628
639
-511
-1868
-3196
-4377
-5323
-5988
-6426
-6411
-5947
-5122
-3943
-2585
-1158
355
1805
3029
3897
4514
4871
5008
5013
4933
4811
4705
4797
4957
5173
5420
5594
5722
5639
5241
4353
2950
1277
-664
-2817
-4935
-6826
-8126
-8775
-8796
-8274
-7268
-5851
-4218
-2659
-1410
-351
347
806
1049
1045
1013
1034
1143
1455
1772
2154
2578
2890
3085
3034
2637
1986
1149
30
-1264
-2688
-4075
-5206
-6113
-6707
-6889
-6648
-5885
-4774
-3455
-1973
-426
1040
2381
3482
4313
4930
5308
5497
5636
5648
5623
5593
5644
5837
5992
6016
5995
5832
5432
4664
3343
1700
-167
-2234
-4389
-6396
-7998
-8867
-9102
-8717
-7772
-6433
-4782
-3043
-1595
-466
313
762
1032
1029
854
709
719
904
1199
1416
1751
2098
2349
2424
2204
1734
1112
220
-847
-1999
-3170
-4160
-5010
-5541
-5676
-5482
-5018
-4269
-3314
-2084
-808
430
1704
3008
4379
5571
6458
7135
7696
8062
8179
7893
7473
7011
6419
5561
4327
2876
1348
-309
-2182
-4076
-5806
-6993
-7714
-7968
-7742
-6977
-5803
-4427
-3224
-2273
-1550
-1122
-891
-912
-1013
-1006
-732
-280
396
1107
1954
2862
3659
4210
4422
4265
3799
2945
1632
68
-1657
-3275
-4704
-5883
-6628
-6828
-6566
-5936
-5111
-4087
-2859
-1565
-286
952
2220
3598
4920
6050
6899
7547
8055
8375
8390
8156
7718
7238
6615
5626
4282
2558
718
-1168
-3116
-5004
-6557
-7631
-7971
-7894
-7497
-6794
-5869
-4770
-3771
-3115
-2663
-2209
-1828
-1393
-1147
-799
-149
727
1665
2580
3357
4158
4794
5003
4837
4232
3315
2103
612
-1109
-2687
-4138
-5271
-6018
-6447
-6329
-5865
-5176
-4239
-3138
-1970
-727
441
1607
2969
4228
5323
6263
7095
7870
8426
8428
8331
8077
7723
7171
6048
4706
3271
1644
-304
-2353
-4406
-5940
-7081
-7860
-8225
-8149
-7642
-6760
-5959
-5225
-4454
-3835
-3080
-2540
-2111
-1629
-909
-70
832
1615
2500
3479
4288
4770
4829
4563
4171
3425
2139
792
-621
-1802
-2975
-4079
-4886
-5283
-5349
-5180
-4833
-4319
-3504
-2597
-1612
-577
428
1452
2726
4003
5196
6114
7010
7945
8689
9021
8988
8915
8671
8179
7070
5533
3900
2073
-67
-2360
-4625
-6456
-7849
-8805
-9254
-9166
-8618
-7612
-6465
-5449
-4447
-3691
-3003
-2418
-2076
-1763
-1257
-584
254
1016
1865
2841
3743
4345
4652
4601
4272
3698
2668
1426
-1
-1361
-2626
-3756
-4681
-5357
-5716
-5646
-5207
-4599
-3879
-2910
-1626
-304
858
1873
2982
4312
5524
6299
6902
7568
8268
8737
8700
8537
8365
8084
7467
6316
4793
3144
1288
-841
-3113
-5333
-7112
-8363
-9103
-9371
-9204
-8547
-7412
-6230
-5148
-4282
-3535
-2784
-2227
-1884
-1601
-1127
-434
332
1056
1853
2715
3483
4026
4225
4085
3705
3037
2034
810
-576
-1901
-3074
-4072
-4855
-5359
-5465
-5146
-4527
-3815
-2923
-1864
-628
633
1773
2835
4034
5240
6348
7198
7833
8372
8741
8854
8660
8223
7606
6991
6072
4857
3305
1475
-414
-2321
-4368
-6230
-7711
-8490
-8658
-8498
-7961
-7049
-5858
-4729
-3816
-3322
-2859
-2521
-2290
-2091
-1846
-1409
-674
231
1228
2178
3015
3754
4279
4412
4020
3206
2022
740
-797
-2430
-3925
-5079
-5766
-6067
-6047
-5585
-4743
-3628
-2478
-1337
-199
948
2014
2901
3733
4510
5373
6144
6758
7250
7720
8145
8429
8381
8201
7902
7515
6741
5470
3901
2121
191
-2039
-4376
-6444
-7954
-8941
-9418
-9391
-8758
-7689
-6416
-5243
-4103
-3155
-2400
-1811
-1465
-1138
-875
-512
-8
615
1259
1900
2542
3113
3475
3480
3141
2593
1745
637
-684
-2065
-3269
-4355
-5164
-5644
-5760
-5510
-4984
-4168
-3153
-2073
-968
194
1416
2544
3514
4385
5322
6242
6922
7382
7788
8241
8594
8598
8375
8099
7773
7153
5998
4493
2784
950
-1120
-3381
-5534
-7205
-8366
-9024
-9254
-8965
-8126
-6912
-5638
-4499
-3520
-2711
-2005
-1672
-1563
-1587
-1447
-1068
-531
16
718
1593
2501
3226
3485
3410
3060
2473
1513
279
-1175
-2473
-3621
-4605
-5337
-5772
-5771
-5326
-4578
-3631
-2497
-1332
-54
1211
2344
3353
4234
5095
5999
6729
7257
7639
7995
8344
8510
8352
8097
7765
7312
6537
5305
3774
2093
223
-1824
-3922
-5871
-7315
-8318
-8801
-8843
-8367
-7476
-6311
-5224
-4260
-3463
-2848
-2416
-2275
-2227
-2112
-1782
-1321
-708
-23
879
1832
2670
3201
3386
3270
2885
2160
1079
-237
-1590
-2765
-3753
-4555
-5148
-5386
-5197
-4597
-3765
-2802
-1776
-645
558
1733
2734
3541
4281
5100
5945
6622
7061
7401
7820
8229
8394
8206
7876
7541
7071
6167
4765
3096
1374
-453
-2462
-4543
-6300
-7490
-8152
-8438
-8371
-7852
-6906
-5787
-4816
-4051
-3439
-2859
-2397
-2126
-1988
-1754
-1317
-690
-51
588
1268
1987
2580
2850
2758
2358
1757
904
-180
-1433
-2604
-3571
-4276
-4775
-4998
-4891
-4416
-3688
-2824
-1884
-884
173
1208
2207
3115
3980
4764
5518
6213
6831
7302
7628
7884
8077
8131
7926
7505
6927
6229
5260
3919
2299
578
-1158
-2931
-4691
-6249
-7304
-7855
-7973
-7798
-7285
-6429
-5382
-4453
-3767
-3254
-2817
-2418
-2188
-2048
-1821
-1333
-667
42
676
1330
2000
2554
2791
2646
2222
1630
856
-186
-1383
-2542
-3462
-4171
-4693
-5010
-4976
-4571
-3852
-2959
-1931
-813
364
1496
2517
3364
4041
4578
5021
5457
5851
6198
6482
6812
7190
7575
7787
7847
7754
7522
6971
5960
4477
2680
677
-1513
-3808
-5985
-7715
-8865
-9437
-9511
-9033
-8045
-6687
-5311
-4098
-3120
-2336
-1807
-1565
-1570
-1628
-1560
-1304
-919
-455
140
878
1677
2301
2645
2688
2522
2076
1277
148
-1072
-2211
-3221
-4105
-4771
-5047
-4932
-4511
-3889
-3058
-2042
-917
223
1356
2461
3486
4422
5298
6139
6862
7413
7844
8233
8559
8692
8604
8369
8024
7453
6544
5250
3681
1893
-100
-2245
-4389
-6323
-7836
-8832
-9303
-9237
-8697
-7719
-6491
-5257
-4228
-3416
-2832
-2409
-2214
-2166
-2080
-1771
-1233
-578
118
877
1750
2529
3062
3230
3149
2823
2209
1168
-115
-1450
-2658
-3714
-4618
-5215
-5400
-5145
-4598
-3815
-2920
-1852
-717
459
1570
2599
3536
4451
5356
6154
6777
7228
7662
8062
8373
8464
8455
8363
8167
7666
6763
5446
3808
1864
-361
-2709
-5025
-7009
-8519
-9428
-9777
-9530
-8785
-7563
-6170
-4889
-3850
-3043
-2431
-2064
-1989
-2071
-1952
-1618
-1094
-514
189
1054
2022
2803
3311
3514
3472
3187
2514
1444
128
-1215
-2497
-3653
-4700
-5414
-5672
-5462
-4948
-4259
-3413
-2323
-1080
173
1354
2484
3636
4795
5870
6739
7407
7895
8317
8645
8802
8715
8503
8173
7742
7021
5871
4361
2613
654
-1485
-3732
-5873
-7529
-8659
-9261
-9361
-8946
-8089
-6889
-5711
-4635
-3693
-2954
-2440
-2167
-2097
-2015
-1781
-1442
-902
-188
688
1704
2697
3431
3906
3992
3702
3065
2029
679
-760
-2173
-3398
-4358
-5069
-5413
-5335
-4921
-4221
-3382
-2514
-1490
-388
735
1796
2751
3677
4737
5742
6603
7290
7859
8429
8924
9091
9006
8740
8329
7748
6727
5238
3468
1513
-647
-2888
-5192
-7143
-8543
-9377
-9701
-9470
-8776
-7596
-6229
-4991
-3954
-3166
-2594
-2238
-2107
-2173
-2067
-1775
-1196
-490
314
1208
2251
3171
3819
4070
3938
3589
2884
1792
365
-1111
-2483
-3588
-4552
-5244
-5524
-5326
-4738
-3980
-3125
-2155
-1032
115
1212
2207
3185
4238
5282
6237
7010
7637
8176
8635
8885
8881
8695
8348
7902
7177
6072
4567
2802
791
-1360
-3655
-5862
-7660
-8915
-9586
-9717
-9318
-8468
-7218
-5936
-4760
-3836
-3090
-2526
-2163
-2059
-2019
-1869
-1550
-1042
-429
334
1214
2197
3019
3592
3768
3678
3282
2545
1425
127
-1191
-2414
-3476
-4389
-5002
-5262
-5074
-4595
-3876
-3063
-2019
-836
413
1623
2770
3880
5020
6128
7037
7755
8271
8723
9048
9121
8913
8569
8103
7484
6529
5171
3526
1709
-283
-2427
-4668
-6673
-8170
-9110
-9567
-9532
-8993
-7964
-6682
-5496
-4524
-3787
-3178
-2739
-2509
-2484
-2329
-1941
-1290
-559
239
1129
2135
3075
3720
3987
3862
3512
2848
1845
515
-874
-2188
-3287
-4185
-4839
-5160
-5100
-4662
-3990
-3216
-2356
-1312
-161
1014
2123
3178
4253
5360
6367
7159
7756
8262
8732
9014
9010
8779
8406
7905
7129
5960
4389
2607
673
-1362
-3513
-5585
-7316
-8532
-9226
-9457
-9200
-8495
-7418
-6238
-5130
-4243
-3520
-2973
-2573
-2343
-2138
-1801
-1245
-527
268
1110
1964
2795
3451
3827
3835
3571
3059
2288
1219
-38
-1341
-2537
-3562
-4390
-4959
-5166
-4980
-4451
-3746
-2942
-2003
-934
176
1263
2289
3333
4470
5611
6646
7489
8187
8756
9162
9215
9012
8615
8102
7382
6363
4984
3334
1469
-572
-2737
-4940
-6858
-8300
-9174
-9552
-9400
-8800
-7792
-6612
-5444
-4447
-3648
-3046
-2599
-2324
-2158
-1923
-1508
-898
-141
714
1631
2543
3341
3898
4087
3934
3478
2736
1643
321
-1063
-2297
-3382
-4248
-4893
-5172
-5059
-4581
-3920
-3165
-2265
-1193
-18
1091
2115
3093
4158
5238
6263
7068
7753
8387
8965
9255
9225
8963
8584
8062
7179
5904
4271
2439
376
-1877
-4282
-6474
-8217
-9382
-10001
-10039
-9489
-8431
-7075
-5751
-4588
-3707
-3022
-2580
-2346
-2315
-2229
-1977
-1484
-818
-30
865
1842
2775
3443
3827
3860
3660
3157
2313
1166
-57
-1291
-2440
-3488
-4385
-4915
-5037
-4796
-4283
-3565
-2684
-1571
-396
745
1814
2811
3832
4888
5810
6574
7212
7767
8316
8705
8799
8734
8542
8203
7637
6636
5252
3634
1739
-380
-2670
-4973
-6935
-8414
-9389
-9821
-9722
-9135
-8091
-6907
-5727
-4655
-3773
-3059
-2551
-2284
-2095
-1864
-1534
-1013
-384
365
1259
2177
2986
3570
3805
3719
3374
2658
1656
456
-819
-1983
-3026
-3940
-4595
-4860
-4783
-4318
-3688
-2907
-1934
-846
280
1348
2262
3128
4107
5055
5962
6700
7328
7961
8585
8931
8991
8826
8502
8105
7333
6140
4585
2818
811
-1357
-3742
-6008
-7857
-9185
-9928
-10123
-9755
-8861
-7553
-6216
-4962
-3983
-3206
-2658
-2317
-2186
-2065
-1843
-1435
-853
-189
589
1427
2296
3008
3501
3672
3596
3198
2503
1477
278
-967
-2132
-3147
-3977
-4536
-4747
-4587
-4149
-3493
-2748
-1805
-712
480
1623
2698
3722
4832
5872
6708
7333
7795
8217
8565
8661
8553
8349
8041
7607
6783
5514
3934
2125
50
-2190
-4561
-6655
-8256
-9322
-9872
-9901
-9422
-8416
-7155
-5945
-4864
-4007
-3291
-2770
-2497
-2402
-2177
-1806
-1182
-477
309
1213
2212
3067
3663
3883
3786
3465
2771
1712
417
-915
-2161
-3223
-4192
-4831
-5056
-4840
-4289
-3529
-2692
-1687
-575
499
1521
2410
3295
4333
5402
6360
7197
7886
8574
9192
9461
9431
9204
8817
8265
7292
5799
4032
2031
-162
-2481
-4873
-6998
-8581
-9607
-10094
-10011
-9480
-8463
-7163
-5895
-4772
-3872
-3225
-2726
-2457
-2370
-2215
-1897
-1353
-604
243
1145
2142
3044
3718
4098
4080
3785
3213
2254
1015
-379
-1788
-3028
-4098
-4954
-5440
-5492
-5133
-4417
-3542
-2537
-1310
12
1337
2539
3576
4586
5621
6500
7173
7630
8015
8403
8690
8674
8478
8196
7857
7365
6460
5164
3609
1796
-282
-2613
-5061
-7195
-8839
-9916
-10464
-10399
-9802
-8685
-7395
-6146
-5025
-4075
-3265
-2619
-2217
-1896
-1501
-1004
-364
284
1005
1783
2608
3219
3592
3580
3345
2927
2198
1203
45
-1080
-2098
-3014
-3869
-4487
-4739
-4582
-4101
-3440
-2717
-1737
-600
547
1646
2619
3633
4764
5863
6791
7509
8083
8617
9080
9202
9074
8812
8394
7851
6913
5504
3784
1838
-310
-2575
-4964
-7078
-8687
-9733
-10251
-10142
-9570
-8493
-7150
-5862
-4704
-3798
-3092
-2613
-2344
-2287
-2064
-1736
-1206
-564
205
1059
2024
2859
3481
3804
3765
3512
2882
1898
632
-675
-1999
-3113
-4095
-4827
-5196
-5150
-4709
-3967
-3106
-2074
-831
437
1678
2778
3759
4740
5756
6613
7298
7761
8188
8628
8879
8825
8635
8300
7884
7239
6166
4693
2956
985
-1155
-3504
-5864
-7773
-9156
-9999
-10270
-9984
-9201
-7968
-6650
-5375
-4322
-3530
-2879
-2399
-2217
-2069
-1783
-1364
-766
-26
803
1709
2585
3299
3788
3854
3577
3088
2231
1042
-232
-1557
-2790
-3802
-4583
-5052
-5128
-4865
-4171
-3305
-2362
-1240
-21
1124
2259
3258
4172
5123
6019
6846
7517
8066
8578
9042
9171
9121
8886
8474
7833
6828
5346
3567
1527
-712
-3081
-5514
-7621
-9140
-10078
-10495
-10262
-9535
-8318
-6951
-5668
-4569
-3663
-3009
-2516
-2259
-2121
-1842
-1425
-862
-207
582
1435
2369
3125
3672
3876
3741
3327
2617
1548
255
-1065
-2285
-3317
-4192
-4851
-5147
-5051
-4605
-3939
-3170
-2227
-1022
300
1587
2785
3940
5183
6355
7309
7991
8548
8980
9344
9399
9193
8814
8340
7681
6665
5227
3495
1620
-469
-2675
-4938
-6942
-8524
-9560
-10116
-10102
-9580
-8572
-7321
-6092
-4979
-4046
-3298
-2786
-2447
-2240
-1910
-1454
-810
-26
876
1819
2764
3524
4013
4195
4008
3542
2749
1661
343
-1027
-2408
-3571
-4570
-5265
-5564
-5426
-4894
-4104
-3195
-2158
-933
306
1534
2632
3687
4794
5884
6787
7485
8028
8520
8980
9177
9156
8962
8680
8236
7437
6140
4473
2564
389
-1953
-4488
-6785
-8615
-9818
-10491
-10580
-10168
-9159
-7819
-6488
-5309
-4339
-3487
-2806
-2312
-2081
-1745
-1321
-652
62
829
1617
2548
3372
3968
4217
4077
3693
2980
1923
579
-824
-2214
-3338
-4339
-5054
-5423
-5364
-4975
-4301
-3521
-2564
-1413
-206
1030
2169
3272
4433
5605
6616
7474
8186
8837
9436
9743
9776
9590
9237
8645
7677
6212
4419
2400
123
-2264
-4735
-6922
-8626
-9714
-10312
-10296
-9811
-8815
-7555
-6303
-5184
-4247
-3485
-2957
-2588
-2429
-2138
-1740
-1090
-348
562
1472
2471
3362
4018
4349
4254
3837
3060
2003
614
-806
-2235
-3374
-4317
-4993
-5376
-5375
-5039
-4443
-3690
-2806
-1661
-393
955
2236
3490
4752
6004
7039
7857
8506
9068
9528
9721
9645
9371
8972
8346
7355
5910
4175
2240
139
-2112
-4448
-6554
-8231
-9364
-10023
-10151
-9810
-8938
-7801
-6627
-5587
-4710
-3956
-3366
-2943
-2676
-2263
-1702
-877
4
956
1898
2884
3687
4211
4348
4141
3687
2943
1910
609
-749
-2089
-3213
-4211
-4930
-5322
-5276
-4883
-4209
-3451
-2531
-1468
-326
821
1921
3015
4245
5497
6614
7556
8288
8940
9448
9671
9579
9346
8923
8391
7485
6169
4536
2660
529
-1744
-4119
-6283
-8001
-9238
-9945
-10095
-9752
-8945
-7860
-6794
-5751
-4873
-4128
-3531
-3074
-2740
-2308
-1840
-1204
-445
436
1386
2411
3293
4006
4428
4430
4129
3424
2407
1124
-270
-1716
-2936
-3985
-4764
-5250
-5390
-5160
-4560
-3823
-2924
-1829
-610
724
1979
3151
4351
5586
6660
7558
8218
8763
9224
9427
9351
9118
8725
8239
7448
6267
4793
3070
1103
-1063
-3398
-5625
-7492
-8903
-9817
-10168
-10011
-9321
-8243
-7111
-6009
-5082
-4288
-3628
-3112
-2737
-2305
-1735
-979
-108
828
1721
2673
3472
4046
4293
4138
3688
2935
1854
548
-882
-2251
-3425
-4315
-4966
-5266
-5186
-4799
-4064
-3280
-2347
-1325
-210
926
2033
3057
4184
5312
6406
7307
8085
8734
9311
9674
9731
9615
9235
8711
7820
6529
4857
2892
701
-1639
-4032
-6251
-8079
-9338
-10066
-10214
-9894
-9145
-8064
-6940
-5890
-4999
-4269
-3632
-3127
-2700
-2264
-1675
-963
-125
781
1647
2553
3290
3838
4079
3958
3556
2869
1888
731
-551
-1821
-2963
-3878
-4577
-4977
-5094
-4917
-4396
-3713
-2865
-1826
-677
593
1915
3166
4444
5687
6830
7774
8531
9059
9502
9728
9678
9430
8990
8378
7544
6316
4722
2899
818
-1355
-3634
-5780
-7593
-8823
-9592
-9793
-9586
-8988
-8062
-7076
-6145
-5349
-4670
-4088
-3531
-3130
-2655
-2106
-1370
-513
467
1421
2442
3339
4041
4411
4350
3929
3185
2109
806
-601
-2029
-3247
-4226
-4904
-5268
-5230
-4905
-4224
-3418
-2465
-1425
-285
850
2042
3150
4256
5364
6377
7244
7938
8477
8883
9187
9235
9199
8953
8562
7895
6920
5502
3851
1847
-346
-2676
-4966
-6987
-8553
-9646
-10205
-10167
-9694
-8778
-7714
-6623
-5637
-4730
-4023
-3380
-2915
-2451
-1887
-1199
-434
442
1295
2146
2936
3500
3833
3840
3515
2892
1982
812
-396
-1646
-2763
-3653
-4282
-4618
-4642
-4455
-3980
-3342
-2620
-1771
-822
216
1360
2487
3640
4889
6102
7214
8150
8894
9500
9933
10017
9851
9430
8823
7968
6786
5228
3434
1416
-723
-2916
-5077
-6966
-8442
-9407
-9865
-9826
-9382
-8517
-7472
-6370
-5414
-4642
-4058
-3606
-3281
-2996
-2612
-2052
-1254
-312
731
1748
2715
3479
4016
4189
4020
3520
2733
1685
452
-881
-2204
-3341
-4268
-4888
-5183
-5103
-4678
-3946
-3056
-1995
-826
411
1679
2889
4020
5128
6168
7053
7773
8299
8720
9048
9182
9152
8942
8570
8029
7229
6044
4514
2683
621
-1574
-3842
-5948
-7694
-8944
-9717
-9955
-9783
-9191
-8315
-7321
-6366
-5502
-4730
-4038
-3424
-2918
-2373
-1770
-1034
-210
690
1567
2444
3183
3699
3892
3701
3224
2455
1483
341
-828
-1993
-2945
-3732
-4264
-4544
-4535
-4237
-3660
-2929
-2079
-1116
-120
974
2060
3127
4160
5219
6173
7106
7844
8460
8929
9275
9413
9392
9122
8635
7899
6846
5429
3725
1734
-411
-2606
-4794
-6745
-8350
-9454
-10051
-10049
-9632
-8736
-7643
-6466
-5432
-4544
-3913
-3379
-3001
-2639
-2228
-1707
-1042
-266
568
1369
2175
2807
3273
3414
3278
2820
2157
1199
146
-1026
-2124
-3074
-3823
-4354
-4598
-4557
-4250
-3673
-2957
-2061
-1047
73
1265
2522
3746
5028
6228
7341
8249
8958
9401
9664
9653
9452
9052
8500
7781
6861
5643
4135
2353
329
-1788
-3964
-5942
-7628
-8798
-9516
-9636
-9376
-8699
-7849
-6889
-5985
-5175
-4534
-4010
-3572
-3193
-2737
-2245
-1532
-722
284
1286
2330
3188
3853
4151
4071
3632
2858
1822
577
-726
-2009
-3096
-4023
-4661
-5006
-4987
-4647
-4012
-3174
-2184
-1053
90
1253
2334
3348
4295
5221
6053
6817
7450
8002
8491
8871
9069
9075
8957
8651
8185
7323
6112
4523
2642
440
-1924
-4372
-6567
-8360
-9622
-10330
-10446
-10036
-9166
-8015
-6845
-5717
-4765
-3959
-3353
-2903
-2604
-2218
-1774
-1138
-438
364
1183
2044
2740
3233
3434
3329
3004
2385
1546
519
-538
-1577
-2471
-3289
-3895
-4263
-4352
-4164
-3762
-3192
-2395
-1417
-312
886
2054
3235
4461
5639
6723
7638
8365
8947
9401
9585
9539
9243
8762
8127
7232
6020
4508
2773
832
-1202
-3376
-5400
-7161
-8451
-9279
-9569
-9437
-8825
-7929
-6943
-6005
-5225
-4585
-4078
-3669
-3383
-2998
-2531
-1815
-985
-16
952
2002
2904
3642
4020
4034
3707
3091
2170
999
-284
-1565
-2653
-3591
-4264
-4697
-4774
-4565
-4052
-3391
-2574
-1655
-630
442
1512
2542
3551
4576
5575
6502
7257
7885
8396
8828
9081
9158
9045
8807
8386
7669
6573
5091
3316
1252
-977
-3350
-5557
-7476
-8887
-9811
-10159
-9992
-9345
-8349
-7216
-6091
-5122
-4291
-3654
-3138
-2798
-2444
-2052
-1476
-815
-53
743
1586
2379
3010
3395
3474
3300
2845
2147
1208
176
-901
-1883
-2768
-3483
-3989
-4231
-4201
-3923
-3418
-2750
-1906
-959
92
1162
2252
3333
4409
5447
6400
7224
7883
8403
8747
8918
8878
8691
8319
7811
7052
6041
4693
3063
1151
-931
-3116
-5207
-7027
-8428
-9292
-9644
-9469
-8870
-7927
-6889
-5829
-4964
-4242
-3742
-3365
-3131
-2861
-2509
-1989
-1301
-471
482
1465
2425
3210
3774
3984
3896
3422
2666
1615
427
-831
-1991
-3014
-3825
-4364
-4612
-4515
-4131
-3487
-2673
-1683
-615
521
1619
2685
3675
4636
5537
6370
7080
7672
8164
8517
8719
8715
8553
8205
7700
6937
5881
4475
2784
832
-1288
-3493
-5593
-7400
-8746
-9566
-9850
-9642
-9019
-8079
-6998
-5930
-5002
-4232
-3629
-3148
-2770
-2407
-1988
-1421
-715
130
1025
1941
2783
3467
3875
3967
3723
3183
2385
1362
199
-986
-2083
-3015
-3731
-4215
-4407
-4323
-3971
-3417
-2705
-1858
-882
177
1272
2371
3444
4502
5505
6398
7139
7745
8207
8562
8748
8744
8588
8250
7737
6952
5878
4442
2764
790
-1317
-3536
-5618
-7428
-8755
-9549
-9762
-9437
-8692
-7615
-6486
-5389
-4537
-3858
-3450
-3138
-2974
-2736
-2424
-1899
-1205
-327
635
1638
2600
3365
3894
4041
3863
3320
2533
1474
326
-893
-2013
-3023
-3825
-4406
-4699
-4687
-4362
-3758
-2958
-1969
-873
311
1484
2631
3704
4755
5748
6655
7392
7963
8361
8599
8647
8488
8166
7719
7172
6443
5465
4191
2666
890
-1063
-3151
-5173
-6946
-8267
-9079
-9352
-9141
-8509
-7596
-6595
-5672
-4912
-4310
-3851
-3470
-3136
-2738
-2213
-1516
-707
193
1119
2055
2884
3541
3919
4004
3776
3244
2400
1310
85
-1146
-2271
-3247
-3988
-4460
-4608
-4457
-4038
-3427
-2643
-1713
-673
417
1482
2508
3486
4447
5332
6124
6778
7338
7804
8173
8380
8404
8284
8021
7589
6876
5830
4438
2773
849
-1236
-3416
-5445
-7174
-8420
-9177
-9402
-9149
-8457
-7487
-6411
-5391
-4529
-3831
-3341
-3012
-2816
-2585
-2267
-1757
-1099
-257
688
1702
2648
3425
3923
4101
3946
3455
2653
1584
363
-903
-2095
-3142
-3967
-4513
-4733
-4628
-4232
-3592
-2759
-1776
-696
432
1548
2619
3634
4580
5464
6238
6882
7381
7770
8029
8170
8141
7981
7671
7210
6518
5552
4258
2683
860
-1128
-3201
-5182
-6884
-8168
-8945
-9220
-8991
-8366
-7437
-6417
-5436
-4638
-3997
-3537
-3193
-2971
-2711
-2341
-1753
-1001
-96
880
1890
2840
3600
4077
4165
3923
3338
2495
1373
168
-1069
-2173
-3135
-3852
-4325
-4496
-4344
-3915
-3261
-2486
-1558
-594
425
1382
2346
3264
4191
5082
5917
6652
7261
7783
8128
8346
8342
8229
7906
7405
6601
5526
4127
2475
581
-1452
-3497
-5400
-6957
-8115
-8749
-8928
-8604
-7966
-7078
-6189
-5315
-4609
-4025
-3633
-3338
-3118
-2836
-2428
-1874
-1144
-294
705
1709
2698
3472
4037
4236
4116
3581
2735
1601
356
-926
-2108
-3127
-3899
-4375
-4556
-4416
-4029
-3379
-2571
-1588
-561
512
1540
2542
3449
4300
5065
5759
6357
6864
7270
7574
7772
7826
7755
7505
7101
6449
5557
4348
2862
1108
-801
-2793
-4684
-6355
-7649
-8477
-8805
-8646
-8100
-7271
-6339
-5405
-4626
-3996
-3588
-3280
-3065
-2790
-2432
-1880
-1164
-286
684
1661
2576
3304
3813
3994
3880
3412
2660
1634
484
-716
-1855
-2861
-3654
-4147
-4349
-4239
-3889
-3309
-2572
-1689
-742
248
1226
2183
3125
4037
4928
5720
6436
6998
7497
7842
8065
8091
7973
7698
7227
6510
5469
4131
2522
707
-1271
-3285
-5193
-6763
-7931
-8587
-8803
-8533
-7899
-6980
-6000
-5101
-4359
-3795
-3379
-3133
-2986
-2835
-2531
-2012
-1279
-418
579
1625
2688
3541
4103
4271
4109
3616
2791
1675
385
-922
-2114
-3129
-3944
-4479
-4690
-4536
-4099
-3431
-2630
-1681
-660
426
1460
2466
3416
4353
5225
6003
6639
7164
7596
7922
8103
8097
7933
7584
7081
6298
5263
3902
2347
550
-1336
-3319
-5149
-6725
-7860
-8543
-8750
-8518
-7917
-7047
-6128
-5241
-4552
-3963
-3558
-3201
-2971
-2647
-2254
-1615
-855
63
1018
2012
2918
3609
3994
3987
3682
3033
2154
1016
-153
-1322
-2291
-3135
-3732
-4119
-4171
-3959
-3523
-2955
-2285
-1464
-565
409
1327
2270
3199
4205
5150
6011
6713
7341
7871
8286
8476
8427
8190
7765
7122
6138
4850
3264
1526
-390
-2368
-4352
-6080
-7447
-8325
-8759
-8744
-8305
-7513
-6519
-5555
-4706
-4056
-3541
-3190
-2952
-2796
-2553
-2150
-1524
-751
145
1099
2090
2997
3698
4094
4153
3901
3324
2452
1306
37
-1237
-2364
-3333
-4052
-4498
-4596
-4382
-3904
-3246
-2447
-1504
-459
639
1681
2685
3634
4591
5465
6225
6789
7239
7588
7845
7929
7817
7576
7216
6747
6000
4959
3572
1978
175
-1736
-3714
-5535
-7020
-8029
-8552
-8644
-8321
-7661
-6755
-5828
-4986
-4325
-3785
-3388
-3096
-2895
-2652
-2241
-1617
-821
87
1068
2068
2979
3635
3951
3909
3560
2930
2015
891
-314
-1448
-2435
-3242
-3844
-4169
-4172
-3890
-3395
-2770
-2018
-1142
-187
765
1686
2595
3539
4501
5405
6193
6875
7472
7948
8233
8278
8124
7809
7332
6604
5602
4327
2856
1195
-641
-2593
-4498
-6149
-7443
-8290
-8704
-8601
-8072
-7193
-6213
-5261
-4446
-3783
-3318
-3049
-2896
-2770
-2488
-2072
-1465
-743
167
1130
2124
2935
3543
3868
3894
3593
2945
2040
931
-203
-1373
-2422
-3343
-3966
-4309
-4311
-4064
-3547
-2834
-1952
-970
23
1017
1975
2943
3873
4796
5637
6412
7065
7596
7941
8103
8064
7857
7479
6935
6174
5186
3934
2450
733
-1132
-3059
-4882
-6453
-7638
-8368
-8617
-8398
-7829
-6984
-6075
-5171
-4432
-3826
-3428
-3137
-2943
-2712
-2380
-1886
-1216
-399
545
1508
2440
3170
3672
3832
3694
3225
2489
1526
458
-626
-1628
-2477
-3146
-3568
-3752
-3658
-3371
-2887
-2290
-1554
-753
115
995
1903
2828
3776
4712
5569
6341
6990
7541
7913
8097
8051
7847
7454
6885
6047
4957
3596
2047
290
-1589
-3519
-5294
-6775
-7844
-8463
-8620
-8310
-7645
-6720
-5772
-4858
-4135
-3543
-3180
-2930
-2805
-2600
-2277
-1753
-1066
-242
683
1620
2505
3175
3630
3744
3601
3125
2419
1464
420
-686
-1711
-2619
-3328
-3793
-3992
-3911
-3600
-3069
-2405
-1583
-713
244
1198
2200
3168
4141
5027
5859
6554
7117
7526
7779
7872
7793
7565
7140
6572
5739
4708
3369
1859
115
-1674
-3532
-5223
-6680
-7708
-8288
-8396
-8079
-7438
-6562
-5665
-4809
-4167
-3636
-3306
-3024
-2853
-2600
-2277
-1730
-1045
-194
730
1695
2601
3321
3771
3860
3641
3093
2325
1316
251
-841
-1793
-2621
-3233
-3641
-3779
-3663
-3331
-2821
-2199
-1439
-607
310
1216
2164
3102
4095
5031
5892
6593
7169
7602
7893
7991
7894
7630
7191
6570
5666
4506
3064
1429
-400
-2296
-4188
-5860
-7216
-8115
-8562
-8521
-8077
-7295
-6347
-5391
-4535
-3855
-3341
-3011
-2784
-2615
-2348
-1962
-1382
-670
178
1072
1969
2720
3270
3556
3550
3273
2693
1852
839
-245
-1314
-2260
-3060
-3618
-3870
-3849
-3575
-3120
-2538
-1825
-1015
-168
705
1622
2554
3602
4616
5621
6503
7297
7889
8357
8520
8484
8242
7793
7158
6247
5062
3575
1922
-12
-1934
-3929
-5648
-7089
-8021
-8542
-8499
-8092
-7331
-6392
-5480
-4642
-4024
-3573
-3343
-3159
-3105
-2875
-2574
-2000
-1279
-347
635
1702
2653
3431
3972
4131
3993
3483
2667
1577
392
-880
-2000
-2971
-3694
-4099
-4189
-4002
-3557
-2956
-2246
-1391
-501
445
1388
2316
3259
4220
5112
5932
6626
7220
7716
8065
8193
8137
7873
7429
6745
5765
4484
2978
1264
-606
-2568
-4519
-6207
-7532
-8377
-8771
-8645
-8121
-7236
-6235
-5265
-4454
-3820
-3356
-3058
-2860
-2685
-2355
-1882
-1217
-461
407
1296
2186
2914
3414
3634
3575
3266
2649
1787
737
-331
-1370
-2284
-3062
-3606
-3885
-3847
-3561
-3093
-2485
-1759
-905
-41
852
1714
2667
3669
4708
5674
6536
7285
7905
8350
8509
8468
8192
7798
7129
6201
4912
3385
1631
-282
-2296
-4314
-6079
-7486
-8369
-8806
-8717
-8226
-7334
-6303
-5272
-4412
-3751
-3287
-3005
-2859
-2777
-2600
-2259
-1677
-955
-89
814
1760
2613
3294
3692
3804
3623
3148
2370
1347
193
-966
-2028
-2944
-3630
-4062
-4171
-4012
-3633
-3095
-2413
-1566
-602
429
1469
2513
3592
4649
5621
6447
7144
7737
8193
8442
8455
8242
7867
7295
6489
5403
4060
2527
781
-1101
-3092
-4951
-6554
-7736
-8487
-8762
-8556
-7947
-7062
-6122
-5239
-4490
-3873
-3419
-3089
-2867
-2584
-2197
-1618
-912
-84
811
1729
2591
3252
3664
3766
3598
3132
2378
1374
238
-909
-1965
-2875
-3584
-4023
-4152
-3981
-3581
-3017
-2313
-1499
-600
308
1218
2121
3078
4064
5052
5961
6790
7500
8077
8438
8574
8488
8192
7702
6924
5886
4509
2925
1076
-866
-2901
-4773
-6423
-7641
-8417
-8701
-8523
-7973
-7126
-6206
-5253
-4484
-3819
-3381
-3012
-2774
-2482
-2137
-1637
-1005
-246
594
1451
2270
2936
3406
3583
3496
3092
2422
1499
441
-678
-1742
-2698
-3455
-3980
-4198
-4135
-3809
-3293
-2586
-1760
-824
123
1091
2040
3033
4029
5001
5892
6693
7406
7967
8371
8517
8511
8270
7891
7204
6274
4996
3495
1709
-256
-2332
-4337
-6070
-7444
-8341
-8817
-8784
-8366
-7575
-6667
-5701
-4854
-4077
-3468
-3018
-2727
-2508
-2230
-1837
-1285
-637
161
1028
1958
2749
3335
3616
3627
3354
2795
1957
909
-204
-1290
-2268
-3108
-3733
-4074
-4094
-3847
-3397
-2786
-2018
-1108
-130
864
1855
2880
3927
4947
5867
6661
7359
7931
8363
8551
8538
8296
7897
7222
6277
4996
3479
1746
-130
-2098
-4041
-5765
-7174
-8124
-8678
-8726
-8404
-7680
-6816
-5878
-5055
-4330
-3768
-3354
-3064
-2828
-2473
-2023
-1367
-639
253
1156
2092
2855
3412
3663
3644
3341
2747
1907
877
-196
-1271
-2242
-3090
-3701
-4035
-4049
-3812
-3358
-2720
-1923
-1007
-52
914
1869
2869
3906
4928
5883
6733
7487
8080
8499
8659
8628
8383
7994
7341
6424
5164
3647
1864
-91
-2146
-4150
-5902
-7289
-8180
-8641
-8608
-8231
-7507
-6708
-5854
-5147
-4510
-4014
-3596
-3269
-2948
-2539
-2004
-1306
-526
367
1260
2171
2903
3440
3643
3585
3197
2555
1629
565
-568
-1634
-2584
-3357
-3897
-4159
-4117
-3848
-3372
-2761
-1973
-1088
-94
914
1963
3026
4116
5145
6079
6883
7586
8171
8598
8809
8803
8580
8148
7454
6458
5155
3598
1836
-71
-2055
-3995
-5728
-7131
-8108
-8648
-8719
-8411
-7758
-6961
-6102
-5336
-4651
-4101
-3624
-3222
-2826
-2355
-1789
-1088
-316
541
1392
2237
2934
3456
3676
3602
3202
2514
1578
485
-661
-1757
-2699
-3445
-3932
-4151
-4085
-3769
-3242
-2561
-1764
-877
56
1027
2014
3023
4043
5033
5969
6813
7570
8185
8646
8879
8928
8729
8307
7576
6547
5178
3556
1695
-308
-2365
-4330
-6037
-7385
-8283
-8762
-8779
-8456
-7814
-7045
-6197
-5421
-4699
-4103
-3594
-3171
-2761
-2318
-1782
-1133
-385
461
1322
2166
2855
3351
3537
3449
3028
2353
1435
395
-701
-1746
-2659
-3383
-3873
-4106
-4065
-3788
-3289
-2628
-1814
-906
89
1124
2191
3268
4346
5375
6343
7204
7947
8520
8918
9080
9034
8726
8196
7379
6326
4993
3454
1696
-194
-2141
-4030
-5722
-7124
-8096
-8654
-8716
-8435
-7807
-7069
-6233
-5497
-4823
-4298
-3836
-3442
-3013
-2501
-1882
-1128
-304
606
1475
2303
2929
3373
3487
3340
2868
2153
1224
183
-898
-1936
-2837
-3551
-3999
-4185
-4081
-3734
-3175
-2466
-1646
-747
186
1168
2175
3235
4307
5381
6381
7289
8053
8626
8994
9108
9015
8656
8093
7229
6144
4750
3161
1327
-591
-2567
-4405
-6011
-7260
-8083
-8492
-8464
-8135
-7527
-6859
-6120
-5486
-4865
-4386
-3910
-3511
-3028
-2488
-1803
-1014
-127
835
1763
2620
3236
3640
3683
3461
2879
2066
1030
-68
-1177
-2185
-3037
-3659
-4002
-4084
-3893
-3515
-2929
-2222
-1362
-446
537
1540
2581
3642
4673
5660
6544
7345
7999
8509
8809
8914
8810
8504
7953
7115
5993
4574
2933
1065
-885
-2874
-4689
-6275
-7475
-8289
-8655
-8621
-8251
-7636
-6923
-6160
-5475
-4826
-4302
-3802
-3376
-2880
-2346
-1670
-917
-46
860
1757
2549
3137
3482
3498
3244
2665
1877
879
-156
-1222
-2164
-2989
-3580
-3939
-4027
-3869
-3496
-2919
-2207
-1342
-426
584
1614
2717
3815
4926
5965
6929
7768
8432
8904
9132
9160
8935
8500
7770
6807
5547
4076
2367
512
-1424
-3315
-5008
-6439
-7481
-8153
-8381
-8294
-7892
-7358
-6696
-6051
-5417
-4869
-4383
-3952
-3513
-3002
-2410
-1669
-836
130
1101
2069
2855
3442
3696
3655
3250
2558
1616
535
-577
-1644
-2557
-3291
-3746
-3966
-3916
-3683
-3246
-2667
-1922
-1079
-158
821
1855
2953
4063
5162
6176
7116
7910
8555
8975
9177
9153
8898
8409
7621
6571
5225
3680
1901
14
-1932
-3754
-5370
-6666
-7608
-8165
-8313
-8141
-7696
-7155
-6552
-5997
-5444
-4983
-4534
-4124
-3624
-3031
-2288
-1443
-501
496
1481
2383
3077
3527
3661
3512
3024
2285
1303
252
-824
-1800
-2664
-3327
-3754
-3907
-3817
-3543
-3083
-2467
-1676
-799
148
1108
2127
3173
4228
5213
6118
6956
7711
8329
8734
8914
8871
8632
8145
7380
6321
5011
3510
1830
20
-1859
-3644
-5230
-6509
-7459
-8038
-8231
-8070
-7639
-7074
-6457
-5855
-5275
-4776
-4323
-3922
-3444
-2870
-2151
-1349
-461
489
1452
2333
2995
3401
3502
3350
2875
2140
1159
119
-922
-1854
-2677
-3310
-3691
-3791
-3652
-3352
-2905
-2313
-1545
-692
201
1099
2084
3138
4224
5211
6114
6942
7726
8340
8735
8861
8823
8589
8112
7285
6145
4762
3215
1490
-393
-2300
-4070
-5521
-6678
-7474
-7948
-7982
-7701
-7177
-6641
-6098
-5611
-5139
-4743
-4402
-4058
-3611
-2987
-2227
-1342
-421
579
1544
2435
3085
3476
3547
3331
2807
2013
1030
-36
-1075
-2037
-2835
-3435
-3775
-3867
-3727
-3397
-2890
-2216
-1420
-547
354
1323
2329
3416
4478
5508
6449
7310
8032
8566
8865
8924
8791
8438
7879
7016
5921
4543
2987
1207
-627
-2487
-4151
-5568
-6647
-7385
-7785
-7837
-7646
-7257
-6833
-6351
-5896
-5403
-4956
-4491
-4050
-3490
-2839
-2044
-1173
-229
743
1686
2497
3045
3323
3305
3053
2530
1786
881
-60
-986
-1833
-2575
-3140
-3450
-3514
-3373
-3076
-2639
-2039
-1330
-535
287
1200
2182
3282
4342
5377
6303
7167
7891
8459
8773
8870
8765
8459
7910
7041
5899
4492
2916
1128
-718
-2616
-4284
-5715
-6751
-7492
-7822
-7850
-7538
-7083
-6564
-6077
-5624
-5198
-4827
-4462
-4112
-3591
-2966
-2122
-1226
-204
785
1791
2588
3175
3407
3350
3011
2414
1590
612
-378
-1335
-2131
-2818
-3277
-3532
-3521
-3330
-2960
-2489
-1879
-1152
-352
508
1410
2386
3437
4505
5539
6509
7387
8120
8690
8981
9045
8843
8397
7645
6616
5294
3794
2124
348
-1448
-3163
-4642
-5849
-6699
-7263
-7431
-7349
-6981
-6562
-6088
-5700
-5303
-4996
-4698
-4418
-4065
-3538
-2840
-1958
-1017
37
1031
2007
2716
3187
3308
3196
2792
2161
1296
331
-623
-1525
-2306
-2972
-3402
-3590
-3495
-3261
-2863
-2352
-1676
-912
-101
736
1651
2681
3752
4786
5719
6600
7412
8090
8549
8767
8800
8647
8240
7485
6415
5088
3598
1913
104
-1747
-3435
-4876
-6017
-6870
-7391
-7537
-7365
-6997
-6592
-6164
-5770
-5351
-5015
-4696
-4389
-3934
-3348
-2595
-1765
-846
139
1118
1985
2617
3029
3174
3090
2690
2052
1209
316
-599
-1461
-2235
-2827
-3183
-3310
-3244
-3006
-2601
-2037
-1358
-618
148
982
1874
2833
3771
4687
5565
6417
7196
7829
8284
8524
8594
8404
7974
7205
6196
4895
3419
1715
-51
-1839
-3459
-4861
-5957
-6719
-7132
-7215
-7079
-6770
-6430
-6026
-5681
-5318
-5032
-4691
-4335
-3821
-3221
-2460
-1609
-664
298
1213
1999
2569
2922
2989
2811
2340
1669
838
-29
-888
-1659
-2307
-2768
-2998
-3021
-2866
-2588
-2188
-1688
-1093
-449
218
974
1804
2767
3738
4751
5676
6594
7358
7984
8352
8517
8458
8171
7628
6767
5675
4319
2839
1142
-552
-2288
-3766
-5059
-5980
-6643
-6944
-6976
-6760
-6425
-6058
-5689
-5377
-5070
-4845
-4575
-4304
-3838
-3273
-2496
-1667
-694
285
1271
2111
2739
3105
3180
2976
2468
1736
846
-66
-963
-1749
-2418
-2869
-3108
-3120
-2970
-2684
-2253
-1686
-997
-253
532
1385
2293
3254
4165
5037
5837
6600
7244
7730
8005
8110
8040
7772
7219
6387
5311
4036
2590
959
-730
-2395
-3835
-5067
-5992
-6651
-6945
-6961
-6733
-6429
-6076
-5725
-5357
-5012
-4709
-4384
-4010
-3478
-2836
-2060
-1235
-323
575
1437
2126
2616
2842
2828
2553
2047
1347
538
-288
-1068
-1764
-2322
-2703
-2874
-2858
-2676
-2368
-1938
-1393
-770
-75
649
1446
2282
3191
4081
4982
5819
6630
7293
7800
8063
8139
7986
7612
6968
6068
4960
3660
2224
633
-987
-2580
-3979
-5180
-6072
-6687
-6941
-6924
-6673
-6327
-5938
-5550
-5175
-4850
-4579
-4306
-3972
-3492
-2904
-2193
-1406
-504
424
1319
2036
2554
2839
2899
2693
2223
1536
740
-66
-840
-1538
-2121
-2507
-2676
-2658
-2507
-2249
-1852
-1332
-714
-64
627
1388
2240
3135
4001
4828
5603
6369
7011
7523
7794
7932
7851
7588
6993
6144
5022
3737
2263
638
-1038
-2657
-4035
-5210
-6044
-6649
-6839
-6801
-6474
-6136
-5722
-5377
-5004
-4716
-4470
-4258
-3977
-3542
-2977
-2266
-1493
-572
353
1297
2013
2549
2771
2812
2540
2064
1339
560
-239
-945
-1578
-2077
-2389
-2494
-2407
-2230
-1944
-1593
-1083
-554
50
609
1297
2008
2827
3570
4317
5014
5737
6386
6902
7278
7487
7592
7451
7094
6395
5507
4346
3030
1455
-172
-1805
-3253
-4501
-5504
-6215
-6608
-6660
-6513
-6203
-5878
-5482
-5118
-4753
-4487
-4225
-3944
-3543
-3052
-2476
-1811
-1064
-244
534
1222
1729
2087
2229
2166
1856
1348
738
62
-601
-1249
-1773
-2150
-2293
-2284
-2115
-1862
-1477
-981
-418
173
756
1412
2103
2899
3642
4417
5137
5895
6540
7084
7412
7586
7580
7360
6891
6108
5115
3876
2518
949
-633
-2235
-3607
-4793
-5661
-6277
-6540
-6516
-6241
-5840
-5435
-5029
-4699
-4388
-4184
-3973
-3781
-3428
-2988
-2380
-1702
-898
-50
808
1539
2083
2410
2497
2368
1975
1398
681
-52
-773
-1403
-1934
-2273
-2416
-2354
-2146
-1819
-1412
-918
-389
160
699
1265
1879
2547
3239
3920
4604
5261
5890
6402
6803
7042
7155
7069
6788
6233
5426
4369
3080
1611
18
-1572
-3080
-4367
-5416
-6122
-6515
-6558
-6345
-5962
-5518
-5070
-4666
-4342
-4099
-3925
-3722
-3456
-3052
-2536
-1895
-1171
-378
418
1143
1722
2101
2285
2243
1997
1541
959
320
-295
-856
-1336
-1698
-1923
-1978
-1903
-1724
-1457
-1076
-596
-54
508
1071
1681
2329
3019
3679
4349
5001
5678
6275
6757
7053
7188
7126
6832
6269
5427
4373
3101
1688
111
-1466
-2992
-4277
-5342
-6063
-6505
-6580
-6397
-5982
-5496
-4985
-4515
-4104
-3758
-3528
-3321
-3146
-2836
-2468
-1943
-1374
-658
80
833
1447
1898
2138
2182
2013
1622
1070
417
-224
-844
-1374
-1815
-2063
-2131
-1997
-1779
-1458
-1068
-571
-56
472
958
1514
2122
2803
3447
4066
4676
5301
5909
6377
6721
6889
6966
6806
6424
5669
4715
3503
2178
638
-949
-2518
-3861
-4939
-5743
-6248
-6460
-6296
-5937
-5413
-4968
-4492
-4111
-3731
-3518
-3356
-3232
-2980
-2612
-2147
-1601
-981
-239
492
1155
1612
1928
2059
2046
1794
1362
793
227
-342
-883
-1389
-1761
-1946
-1942
-1821
-1620
-1297
-849
-312
212
717
1245
1866
2543
3221
3850
4489
5140
5776
6260
6580
6742
6811
6688
6334
5659
4764
3675
2433
1001
-559
-2083
-3463
-4569
-5470
-6049
-6362
-6278
-5986
-5511
-5061
-4596
-4176
-3789
-3510
-3343
-3196
-3004
-2660
-2257
-1734
-1169
-441
289
1010
1536
1918
2100
2135
1944
1538
979
364
-213
-774
-1268
-1691
-1919
-1989
-1881
-1726
-1455
-1096
-599
-67
482
1029
1638
2311
3003
3658
4264
4866
5459
5984
6358
6594
6692
6675
6444
5957
5173
4190
3010
1678
173
-1359
-2822
-4056
-5068
-5804
-6254
-6359
-6154
-5755
-5262
-4778
-4272
-3834
-3447
-3217
-3013
-2840
-2563
-2258
-1874
-1431
-871
-230
407
989
1424
1758
1896
1873
1592
1179
631
89
-473
-976
-1403
-1669
-1781
-1754
-1624
-1422
-1115
-731
-263
218
749
1319
1974
2665
3381
4062
4742
5380
5966
6389
6682
6764
6718
6434
5949
5164
4190
3008
1708
274
-1215
-2630
-3882
-4839
-5574
-5975
-6145
-5958
-5623
-5108
-4666
-4194
-3815
-3447
-3211
-3051
-2940
-2768
-2477
-2114
-1636
-1119
-448
221
900
1387
1769
1960
2023
1845
1470
936
371
-194
-750
-1267
-1675
-1888
-1917
-1814
-1627
-1323
-886
-347
202
741
1291
1930
2615
3299
3911
4514
5106
5709
6168
6469
6560
6554
6362
5969
5269
4355
3272
2085
755
-700
-2132
-3429
-4452
-5276
-5821
-6130
-6057
-5752
-5250
-4778
-4279
-3847
-3438
-3178
-3043
-2984
-2876
-2636
-2314
-1871
-1362
-672
55
811
1380
1815
2047
2151
2000
1619
1039
420
-160
-692
-1179
-1603
-1835
-1883
-1771
-1622
-1396
-1067
-574
-33
505
1010
1598
2288
3022
3694
4300
4906
5522
6058
6386
6509
6477
6325
5978
5361
4506
3493
2377
1118
-282
-1731
-3061
-4167
-5049
-5699
-6088
-6125
-5879
-5426
-4949
-4447
-3953
-3480
-3110
-2874
-2703
-2525
-2257
-1958
-1593
-1181
-636
-43
571
1072
1467
1738
1883
1837
1571
1152
648
155
-364
-871
-1356
-1682
-1850
-1846
-1785
-1613
-1317
-851
-319
229
767
1367
2064
2791
3482
4087
4694
5281
5845
6220
6425
6443
6364
6087
5582
4767
3768
2621
1384
17
-1401
-2747
-3880
-4748
-5389
-5764
-5883
-5672
-5294
-4807
-4379
-3950
-3587
-3256
-3055
-2917
-2799
-2591
-2282
-1891
-1431
-893
-272
363
947
1375
1683
1834
1838
1627
1233
711
170
-360
-862
-1315
-1644
-1806
-1797
-1685
-1491
-1210
-793
-298
226
736
1293
1928
2632
3311
3925
4519
5111
5692
6114
6370
6424
6382
6136
5676
4898
3935
2806
1580
229
-1182
-2512
-3657
-4534
-5203
-5603
-5767
-5612
-5285
-4836
-4422
-4009
-3631
-3292
-3051
-2898
-2755
-2540
-2225
-1858
-1427
-927
-328
306
885
1326
1630
1795
1813
1624
1244
730
181
-359
-872
-1342
-1699
-1891
-1899
-1783
-1565
-1259
-833
-327
215
748
1298
1912
2584
3252
3852
4407
4925
5417
5772
5983
6026
5998
5828
5509
4920
4133
3167
2068
835
-524
-1869
-3141
-4166
-5004
-5544
-5859
-5826
-5576
-5121
-4634
-4129
-3664
-3265
-2952
-2763
-2605
-2475
-2233
-1964
-1565
-1138
-579
-8
585
1069
1437
1670
1739
1664
1375
970
434
-79
-595
-1011
-1358
-1551
-1600
-1507
-1314
-1069
-741
-375
73
520
1029
1554
2163
2787
3426
4045
4635
5194
5645
5983
6133
6126
5930
5559
4963
4167
3168
2021
765
-540
-1828
-3022
-4043
-4825
-5345
-5595
-5592
-5368
-4988
-4530
-4057
-3635
-3272
-3008
-2812
-2684
-2538
-2350
-2059
-1671
-1173
-588
40
657
1181
1579
1793
1860
1723
1440
1004
510
-26
-535
-1010
-1400
-1657
-1783
-1756
-1639
-1388
-1054
-597
-100
446
998
1602
2243
2900
3535
4130
4707
5221
5644
5908
6024
5981
5795
5424
4862
4116
3223
2188
1036
-217
-1473
-2669
-3704
-4555
-5167
-5514
-5591
-5437
-5128
-4718
-4288
-3862
-3498
-3188
-2944
-2720
-2495
-2218
-1891
-1479
-1014
-491
44
557
1000
1338
1541
1586
1478
1221
857
409
-70
-545
-961
-1294
-1505
-1586
-1531
-1365
-1094
-758
-362
62
536
1033
1586
2148
2756
3356
3967
4543
5072
5513
5831
6015
6021
5863
5484
4940
4163
3245
2138
951
-329
-1571
-2758
-3762
-4568
-5111
-5391
-5419
-5226
-4890
-4446
-4012
-3589
-3273
-3005
-2831
-2660
-2513
-2296
-2038
-1687
-1266
-768
-226
318
815
1205
1471
1559
1495
1254
909
455
-18
-506
-929
-1274
-1492
-1605
-1587
-1470
-1248
-938
-565
-124
358
898
1475
2102
2739
3398
4021
4620
5127
5535
5798
5920
5872
5666
5287
4741
4022
3153
2141
1024
-163
-1340
-2456
-3430
-4212
-4767
-5072
-5156
-5028
-4769
-4402
-4025
-3638
-3322
-3041
-2831
-2628
-2443
-2211
-1940
-1595
-1170
-696
-170
329
795
1141
1382
1446
1377
1143
816
401
-40
-478
-875
-1187
-1415
-1510
-1507
-1369
-1149
-824
-446
6
501
1040
1611
2195
2796
3365
3923
4413
4858
5192
5447
5558
5550
5371
5022
4493
3776
2908
1888
795
-355
-1448
-2490
-3366
-4091
-4570
-4855
-4913
-4811
-4574
-4265
-3923
-3587
-3297
-3033
-2840
-2640
-2462
-2217
-1935
-1547
-1116
-603
-106
387
800
1120
1306
1337
1229
972
647
235
-153
-541
-827
-1063
-1180
-1235
-1178
-1070
-883
-636
-336
45
464
983
1537
2169
2804
3471
4091
4674
5159
5523
5754
5800
5697
5379
4911
4231
3428
2461
1425
306
-805
-1874
-2837
-3624
-4227
-4582
-4769
-4733
-4600
-4332
-4063
-3747
-3488
-3231
-3028
-2823
-2621
-2388
-2099
-1772
-1362
-932
-443
7
451
787
1044
1158
1162
1035
812
508
159
-215
-568
-875
-1118
-1265
-1322
-1269
-1134
-905
-607
-228
211
720
1272
1874
2498
3125
3741
4315
4820
5229
5516
5657
5642
5459
5097
4563
3853
3006
2024
965
-136
-1216
-2218
-3088
-3781
-4284
-4564
-4653
-4569
-4383
-4119
-3848
-3575
-3348
-3149
-2981
-2810
-2613
-2360
-2040
-1645
-1183
-688
-181
278
673
959
1132
1180
1110
937
679
364
19
-325
-649
-909
-1106
-1207
-1218
-1130
-950
-681
-339
76
552
1077
1648
2234
2839
3420
3974
4453
4864
5145
5338
5379
5280
5011
4573
3961
3214
2331
1364
351
-672
-1619
-2485
-3192
-3742
-4096
-4298
-4325
-4268
-4106
-3925
-3720
-3533
-3359
-3200
-3018
-2813
-2551
-2224
-1840
-1372
-879
-347
147
605
948
1197
1277
1237
1049
760
396
-13
-409
-772
-1051
-1248
-1327
-1325
-1206
-1012
-726
-386
16
457
938
1443
1964
2501
3021
3533
4000
4419
4750
4974
5078
5047
4886
4586
4147
3568
2870
2054
1154
197
-757
-1664
-2462
-3122
-3625
-3949
-4116
-4126
-4036
-3862
-3665
-3455
-3267
-3093
-2931
-2763
-2556
-2314
-2009
-1650
-1233
-787
-338
86
455
725
881
904
809
614
341
37
-293
-601
-866
-1063
-1177
-1205
-1140
-996
-767
-479
-130
261
694
1163
1651
2156
2660
3152
3620
4047
4419
4717
4922
5009
4969
4783
4438
3942
3296
2524
1650
721
-220
-1121
-1941
-2635
-3180
-3559
-3778
-3852
-3820
-3707
-3561
-3401
-3258
-3133
-3028
-2935
-2814
-2652
-2413
-2096
-1696
-1238
-744
-271
157
490
715
816
797
670
455
180
-127
-436
-723
-954
-1118
-1187
-1171
-1056
-864
-591
-250
152
601
1094
1614
2148
2685
3195
3673
4086
4428
4675
4819
4834
4719
4466
4083
3577
2960
2261
1504
730
-41
-762
-1429
-1996
-2474
-2833
-3088
-3240
-3322
-3347
-3341
-3326
-3291
-3257
-3200
-3125
-2988
-2803
-2529
-2198
-1783
-1331
-845
-376
47
392
630
750
739
624
402
133
-188
-493
-784
-1009
-1162
-1216
-1181
-1047
-827
-537
-182
215
648
1086
1538
1975
2416
2836
3249
3635
3982
4264
4466
4575
4567
4440
4165
3757
3199
2539
1782
975
154
-630
-1339
-1938
-2405
-2744
-2956
-3078
-3115
-3112
-3074
-3039
-3006
-2988
-2959
-2915
-2837
-2693
-2480
-2183
-1821
-1401
-959
-520
-117
226
472
615
640
555
376
122
-168
-474
-747
-973
-1122
-1192
-1172
-1060
-867
-599
-277
92
489
904
1332
1778
2221
2660
3080
3481
3833
4132
4344
4463
4467
4352
4106
3726
3224
2605
1897
1132
357
-404
-1095
-1706
-2187
-2554
-2788
-2925
-2955
-2940
-2886
-2833
-2793
-2773
-2774
-2775
-2767
-2704
-2588
-2366
-2079
-1699
-1289
-846
-430
-45
253
462
551
530
416
213
-25
-300
-534
-745
-873
-939
-910
-817
-649
-433
-171
134
474
852
1245
1667
2096
2536
2950
3344
3674
3952
4137
4232
4205
4065
3793
3412
2916
2331
1680
996
316
-340
-930
-1454
-1873
-2215
-2435
-2587
-2654
-2693
-2692
-2704
-2712
-2741
-2769
-2783
-2779
-2710
-2588
-2366
-2091
-1716
-1318
-872
-458
-73
223
428
519
495
378
161
-89
-368
-615
-840
-982
-1067
-1041
-944
-754
-505
-197
153
524
930
1337
1760
2165
2581
2954
3314
3614
3865
4033
4100
4068
3915
3659
3283
2822
2260
1661
1007
380
-247
-799
-1289
-1688
-1991
-2215
-2347
-2436
-2459
-2487
-2482
-2515
-2531
-2573
-2579
-2572
-2515
-2405
-2233
-1991
-1704
-1356
-1011
-644
-324
-43
137
242
241
163
8
-194
-412
-622
-788
-901
-934
-897
-781
-598
-341
-47
292
640
1003
1369
1733
2091
2429
2748
3024
3261
3433
3546
3569
3513
3358
3119
2800
2407
1957
1456
937
404
-104
-579
-987
-1339
-1617
-1834
-1983
-2088
-2149
-2191
-2217
-2240
-2266
-2284
-2305
-2297
-2263
-2179
-2054
-1863
-1632
-1343
-1044
-729
-439
-183
3
122
156
111
-3
-185
-385
-596
-772
-907
-957
-933
-810
-612
-333
-6
360
747
1137
1519
1858
2162
2419
2640
2807
2936
3021
3063
3056
2993
2875
2694
2460
2174
1840
1458
1046
618
195
-218
-593
-931
-1226
-1472
-1663
-1814
-1930
-2017
-2087
-2141
-2186
-2214
-2220
-2198
-2144
-2044
-1906
-1725
-1514
-1281
-1041
-808
-599
-426
-295
-219
-198
-230
-306
-415
-545
-669
-768
-828
-840
-789
-676
-497
-252
45
384
743
1115
1485
1831
2140
2408
2624
2793
2908
2969
2971
2919
2813
2651
2441
2184
1886
1555
1200
832
466
111
-223
-533
-805
-1035
-1222
-1373
-1489
-1580
-1662
-1739
-1822
-1910
-1994
-2073
-2136
-2165
-2148
-2068
-1920
-1718
-1473
-1196
-909
-634
-392
-194
-70
-19
-39
-128
-267
-429
-595
-738
-837
-876
-837
-722
-526
-257
73
445
846
1249
1640
2007
2334
2613
2832
2984
3061
3067
3001
2866
2667
2419
2124
1788
1419
1030
643
267
-85
-406
-687
-914
-1085
-1207
-1291
-1353
-1407
-1462
-1523
-1598
-1686
-1780
-1877
-1955
-1999
-1996
-1929
-1796
-1592
-1332
-1032
-720
-422
-167
19
124
140
72
-66
-252
-465
-678
-872
-1012
-1079
-1063
-950
-748
-465
-103
309
750
1200
1632
2035
2391
2694
2922
3067
3125
3082
2952
2740
2463
2134
1764
1371
971
577
211
-115
-390
-612
-778
-891
-967
-1014
-1044
-1073
-1116
-1175
-1258
-1364
-1478
-1590
-1686
-1756
-1789
-1779
-1720
-1609
-1444
-1243
-1015
-782
-563
-372
-227
-133
-103
-128
-206
-326
-465
-607
-726
-814
-850
-817
-710
-527
-274
40
406
805
1227
1650
2055
2421
2729
2968
3123
3182
3147
3006
2769
2448
2058
1628
1171
715
287
-97
-424
-688
-884
-1017
-1092
-1120
-1112
-1084
-1053
-1036
-1047
-1082
-1144
-1231
-1330
-1429
-1510
-1563
-1574
-1538
-1454
-1321
-1153
-956
-756
-568
-408
-295
-236
-239
-294
-394
-521
-655
-782
-879
-931
-919
-836
-682
-454
-163
176
549
938
1334
1721
2089
2425
2706
2916
3044
3079
3023
2873
2633
2308
1907
1454
967
476
13
-394
-737
-995
-1159
-1236
-1240
-1188
-1107
-1013
-920
-843
-802
-800
-831
-896
-978
-1059
-1135
-1184
-1193
-1163
-1098
-1008
-905
-799
-700
-612
-541
-497
-487
-508
-552
-610
-676
-737
-789
-816
-809
-760
-662
-505
-294
-26
294
657
1054
1459
1864
2250
2587
2858
3036
3103
3054
2883
2597
2206
1736
1213
673
152
-319
-717
-1018
-1212
-1301
-1285
-1179
-1011
-811
-613
-444
-329
-276
-293
-371
-500
-655
-815
-961
-1077
-1153
-1186
-1178
-1138
-1077
-1003
-929
-871
-835
-814
-806
-807
-807
-808
-798
-777
-732
-657
-552
-409
-228
-13
245
546
872
1223
1578
1916
2220
2468
2638
2718
2696
2574
2355
2048
1666
1234
781
332
-86
-453
-752
-970
-1099
-1139
-1103
-1002
-862
-711
-556
-422
-320
-266
-266
-302
-378
-474
-576
-682
-778
-861
-918
-947
-954
-938
-915
-887
-863
-845
-828
-810
-788
-756
-711
-646
-558
-447
-314
-158
12
198
394
591
784
969
1141
1301
1446
1569
1663
1716
1722
1682
1600
1469
1300
1101
883
650
426
223
45
-93
-194
-258
-293
-304
-297
-287
-282
-293
-326
-375
-438
-511
-585
-652
-713
-761
-791
-802
-801
-792
-778
-765
-759
-764
-779
-806
-846
-883
-910
-914
-893
-840
-749
-626
-474
-305
-115
82
274
458
627
779
915
1028
1120
1191
1233
1249
1239
1207
1151
1075
978
867
754
642
539
450
368
299
244
205
180
160
135
99
47
-23
-108
-214
-335
-457
-582
-702
-802
-879
-924
-937
-922
-877
-806
-720
-627
-538
-461
-403
-364
-356
-371
-399
-436
-467
-480
-477
-450
-390
-301
-184
-39
130
308
483
649
791
897
961
988
973
926
856
766
673
574
484
405
338
289
252
230
219
213
208
204
193
183
177
164
144
112
64
1
-80
-175
-278
-387
-493
-590
-674
-738
-772
-774
-744
-685
-609
-526
-440
-356
-285
-240
-221
-223
-247
-279
-314
-342
-359
-356
-323
-266
-186
-86
32
155
275
393
493
576
633
663
671
662
638
599
552
498
445
391
337
288
243
209
184
164
151
141
133
133
133
133
133
128
116
93
55
2
-60
-130
-204
-283
-363
-433
-492
-532
-558
-569
-567
-543
-504
-455
-403
-352
-306
-268
-232
-203
-180
-161
-145
-129
-110
-89
-66
-24
25
87
156
222
285
343
394
439
472
489
495
485
459
420
368
316
265
213
169
130
88
54
26
7
-1
-7
0
18
39
55
69
71
65
51
22
-15
-62
-122
-185
-256
-326
-390
-444
-479
-495
-493
-467
-431
-379
-319
-254
-193
-138
-86
-44
-9
15
28
35
34
31
40
56
81
114
147
183
220
254
284
304
318
318
307
289
259
224
179
131
89
60
40
30
26
30
33
37
47
49
55
56
49
37
18
1
-16
-36
-52
-66
-85
-112
-136
-154
-171
-179
-183
-191
-195
-195
-181
-160
-139
-113
-85
-60
-37
-22
-9
3
12
15
5
-1
-4
-5
2
12
28
50
76
103
120
132
144
141
133
116
90
61
29
-5
-35
-48
-56
-54
-46
-31
-12
6
27
47
63
71
74
72
64
55
39
24
13
2
-3
-11
-20
-29
-40
-46
-54
-54
-55
-57
-59
-64
-69
-69
-70
-64
-56
-44
-35
-27
-17
-8
6
16
24
34
42
47
47
41
34
27
22
22
22
24
23
20
5
-8
-20
-35
-43
-55
-65
-70
-75
-69
-53
-29
-1
27
52
73
85
88
87
83
72
56
43
30
29
31
27
26
21
18
16
15
10
-4
-12
-24
-35
-46
-57
-59
-65
-64
-55
-48
-38
-30
-23
-18
-12
-3
-1
4
7
2
-5
-13
-16
-13
-5
3
11
18
17
14
6
2
-2
-5
-10
-20
-31
-35
-33
-25
-9
7
24
38
50
54
61
62
58
55
46
38
34
27
18
6
-7
-13
-16
-15
-4
6
16
17
12
8
3
-3
-10
-16
-21
-24
-26
-28
-25
-25
-23
-16
-7
-1
9
14
8
0
-7
-9
-11
-14
-22
-30
-38
-46
-47
-44
-40
-35
-29
-27
-21
-21
-18
-12
-7
-1
6
13
19
22
23
21
20
22
28
31
31
30
27
26
26
30
34
37
38
38
37
36
35
34
29
21
16
5
-5
-11
-15
-15
-16
-17
-22
-25
-26
-22
-12
-9
-10
-13
-13
-15
-13
-11
-15
-21
-24
-23
-18
-14
-11
-11
-14
-19
-19
-17
-17
-19
-24
-22
-15
-11
-6
-5
-4
3
10
17
20
20
18
15
9
8
9
9
11
12
16
21
22
22
23
27
26
24
23
18
15
12
3
-6
-13
-14
-11
-10
-10
-8
-9
-14
-18
-20
-17
-8
-2
3
4
2
-1
-2
-2
-4
-2
0
-1
-5
-10
-12
-14
-10
-6
-4
-4
-4
-6
-4
-4
-1
4
4
-1
-1
-1
-3
-3
-2
-4
-1
0
4
11
11
13
20
23
21
13
6
4
1
-1
-4
-4
-4
-4
-6
-6
-6
-8
-5
-2
1
-3
-7
-9
-9
-3
1
3
7
7
6
5
5
0
-1
-2
-7
-11
-12
-10
-8
-4
-2
-3
-5
-6
0
5
8
8
3
-6
-13
-12
-7
-1
1
-1
0
0
4
13
19
23
19
17
15
9
7
6
5
3
4
3
-1
-1
-5
-2
2
4
5
-3
-5
-6
-3
0
-2
0
-2
0
-1
-3
-3
-8
-8
-7
-2
2
4
6
3
-4
-7
-7
-6
-9
-9
-9
-14
-18
-18
-21
-21
-17
-15
-12
-12
-12
-11
-11
-6
3
13
21
22
19
14
8
7
11
14
16
13
8
4
1
3
4
8
12
14
18
17
15
10
3
3
1
2
1
-2
-3
-2
1
4
8
11
14
16
15
12
8
-2
-9
-15
-19
-18
-17
-15
-16
-17
-17
-17
-15
-14
-13
-12
-13
-15
-15
-13
-12
-12
-9
-7
-3
4
10
12
6
0
3
5
4
4
3
2
1
-1
-1
1
4
5
11
17
20
21
14
5
1
-1
1
4
6
8
8
6
5
6
9
13
18
18
16
15
7
0
-3
-3
-5
-7
-15
-21
-18
-14
-14
-14
-14
-13
-12
-8
-6
-9
-11
-11
-9
-7
-8
-7
-7
-7
-8
-10
-8
-7
-2
-2
-4
3
7
10
11
10
12
13
11
9
6
2
3
8
14
14
14
15
12
10
12
13
11
13
12
8
7
3
1
-1
-4
-2
2
4
4
-1
-7
-11
-16
-16
-19
-24
-21
-21
-19
-17
-21
-19
-18
-18
-18
-19
-14
-11
-11
-10
-8
-6
-3
0
4
6
8
11
12
13
11
11
12
13
13
13
13
12
15
14
16
20
24
24
22
19
14
11
12
9
10
12
18
20
19
14
8
3
5
10
10
9
3
-7
-15
-23
-29
-33
-31
-28
-22
-22
-25
-30
-38
-40
-39
-36
-31
-28
-28
-23
-22
-20
-18
-15
-8
-4
-2
3
8
11
12
14
17
17
18
20
24
27
28
24
25
26
23
21
16
18
19
17
16
11
6
7
10
13
12
10
8
2
2
4
6
8
4
-5
-9
-11
-11
-11
-9
-5
-2
-4
-10
-15
-22
-24
-26
-30
-28
-32
-33
-29
-22
-13
-8
-7
-4
-2
-1
6
8
9
12
11
12
11
11
7
8
14
13
14
10
7
6
6
10
12
8
4
2
0
4
10
14
20
24
22
19
13
7
5
7
11
15
15
9
4
-5
-13
-14
-13
-11
-10
-15
-19
-26
-34
-38
-36
-31
-29
-26
-26
-29
-30
-25
-19
-13
-3
2
7
6
9
9
12
14
16
20
24
24
20
18
11
6
6
7
13
16
18
18
16
17
15
17
24
24
23
17
9
4
7
7
7
5
1
-1
-3
-5
-8
-14
-14
-11
-7
-4
-8
-16
-22
-24
-23
-21
-23
-27
-28
-29
-29
-21
-18
-15
-10
-6
-2
-2
-2
-2
3
5
9
15
16
14
14
7
6
7
8
11
12
11
11
13
12
8
8
12
13
16
15
14
11
10
13
15
13
10
6
3
0
-1
3
5
2
-2
-4
-8
-13
-11
-10
-12
-11
-15
-15
-16
-16
-14
-14
-13
-12
-12
-14
-16
-18
-16
-12
-7
-7
-6
-5
-6
-1
5
8
9
7
6
8
9
4
2
2
5
10
15
14
9
7
5
2
6
12
19
22
18
11
6
2
-1
0
5
10
16
15
9
1
-5
-9
-13
-13
-9
-5
-4
-4
-7
-12
-12
-10
-8
-6
-6
-10
-12
-15
-15
-11
-6
-7
-10
-10
-9
-2
2
5
4
-2
0
5
8
6
1
1
1
5
7
10
10
5
0
2
2
5
8
8
10
9
8
9
7
8
8
7
10
7
2
-1
2
2
-4
-6
-4
0
4
6
3
-2
-8
-11
-8
-5
-2
2
-3
-8
-12
-16
-16
-15
-10
-11
-12
-12
-15
-14
-11
-8
-1
4
5
4
6
10
9
5
2
0
1
3
7
7
10
4
3
3
2
4
8
12
15
15
11
6
3
1
1
6
5
3
3
3
1
-6
-9
-11
-6
0
1
0
-3
-5
-7
-6
-3
-2
0
0
2
1
-5
-9
-10
-11
-11
-9
-9
-11
-11
-8
-7
-8
-5
-1
-2
1
7
11
12
10
6
5
8
9
9
7
6
1
1
4
7
12
10
5
2
0
0
4
6
4
11
11
9
7
0
-4
-6
-8
-7
-5
-4
-8
-13
-13
-16
-12
-6
-1
4
7
7
4
-2
-10
-9
-9
-5
-3
-4
-7
-11
-13
-11
-8
-1
5
7
9
7
5
4
1
0
5
9
11
10
5
7
2
3
2
-1
2
0
-2
-1
-1
-2
-1
6
10
12
13
8
4
1
-6
-7
-4
-1
0
1
1
2
0
-1
1
2
2
2
0
0
-4
-6
-5
-6
-5
-1
-1
-4
-7
-11
-8
-6
-8
-10
-11
-7
-4
-1
1
-3
-1
5
7
9
4
3
2
3
5
5
6
4
3
-1
-2
1
0
3
5
2
0
-4
-2
2
3
2
-5
-3
3
8
10
10
4
0
4
4
2
1
-3
-3
-3
-4
-5
-5
-3
1
-1
-1
-2
-2
3
3
0
-7
-9
-9
-6
-1
1
-2
-4
-7
-6
-5
-3
1
3
9
8
6
3
-6
-7
-4
0
-1
1
4
3
5
3
-1
-2
-1
2
6
8
7
0
-1
-3
0
2
4
3
4
5
2
0
-1
0
-2
0
2
2
1
-1
-1
-1
-3
-3
-2
-2
1
2
2
-1
-1
-1
-4
-6
-5
-4
-3
-6
-7
-2
0
6
2
-3
-3
-4
-1
3
3
2
5
6
6
6
-2
-1
-5
-6
-1
-2
0
1
0
-3
-3
-6
-3
-1
2
4
5
1
0
-1
5
8
10
8
3
2
-2
-3
0
1
5
7
4
4
2
-2
-3
-5
-2
1
3
2
-5
-10
-17
-18
-9
-2
0
-2
-4
-7
-5
-3
-1
0
4
5
1
1
0
-2
-1
2
4
5
5
5
1
-4
-7
-5
-3
1
4
4
5
3
0
0
3
10
13
12
12
11
7
7
3
-3
-5
-4
2
1
-2
-2
-4
-5
-6
-3
0
4
4
5
5
4
0
1
1
-7
-8
-9
-10
-7
-10
-10
-7
-7
-10
-9
-3
1
5
5
0
-5
-9
-4
2
4
6
0
-7
-9
-7
-6
1
8
5
3
4
2
2
4
4
3
6
11
12
13
11
4
0
2
7
12
10
5
1
-6
-4
2
4
5
5
2
1
0
-4
-4
-4
-1
1
0
1
-1
-7
-9
-14
-14
-10
-7
1
-1
0
-6
-12
-15
-18
-12
-5
2
2
2
4
4
2
1
1
1
6
6
6
-1
-8
-8
-4
2
4
5
11
11
8
3
-1
0
4
7
10
11
10
10
10
5
0
0
4
5
8
10
8
5
-1
-6
-9
-8
-2
1
1
-3
-7
-13
-17
-18
-16
-9
-8
-7
-3
-2
-3
-11
-17
-18
-13
-6
0
6
1
-2
-4
-5
-1
4
9
14
15
12
13
8
8
7
4
2
0
1
5
6
5
6
6
9
12
12
14
12
9
8
6
5
3
0
-3
-7
-8
-7
-6
-3
-3
-6
-9
-12
-14
-16
-14
-10
-5
-3
-6
-8
-9
-6
-6
-2
-2
-4
-4
-6
-7
-4
-4
-3
-3
-3
-1
6
10
10
6
1
-4
-3
4
9
15
12
7
3
0
-2
1
7
10
13
13
5
0
-5
-6
-4
-2
3
4
6
5
1
0
4
5
4
4
1
-1
-1
-1
0
-1
-5
-6
-8
-5
1
4
4
3
1
-4
-5
-2
-2
0
-3
-7
-8
-7
-4
-2
-1
0
-3
-5
-4
-5
1
1
-3
-5
-5
-2
6
9
7
4
0
-1
0
0
0
-1
-1
3
2
0
1
0
0
3
6
9
9
10
9
6
2
3
2
2
3
-2
-3
-4
-2
-1
-4
-5
-10
-7
-5
-1
2
2
2
3
2
1
-3
-4
-6
-7
-5
-5
-8
-11
-8
-6
-4
-3
-3
-2
-6
-8
-7
-6
-1
2
4
7
5
1
1
3
6
12
12
10
10
6
5
3
5
7
8
8
6
2
2
8
9
9
4
1
0
-2
-3
-2
-2
-4
-4
-4
-3
-3
-5
-5
-1
0
-3
-5
-6
-9
-6
-5
-6
-2
-2
-2
-1
1
3
0
-2
-5
-4
-2
0
1
0
-2
-2
-1
1
5
7
5
2
-4
-2
2
6
10
8
3
-3
-7
-5
-2
3
7
9
10
5
0
-5
-6
-5
-5
-4
-1
3
5
1
-3
-7
-10
-9
-8
-5
-5
-7
-6
-7
-8
-6
-1
4
5
7
7
6
6
7
4
2
0
-2
-2
-3
-2
-1
-1
-3
-5
-4
-2
4
9
10
11
8
6
5
4
9
12
12
7
2
1
3
4
2
2
-2
-6
-5
-1
2
6
4
3
2
-2
-5
-11
-13
-10
-8
-4
-5
-7
-10
-11
-7
-8
-5
1
3
1
-2
-6
-6
-5
-4
-4
-4
1
5
8
6
3
-1
0
3
5
10
9
5
1
-9
-10
-7
-1
6
3
0
-1
-2
-1
1
4
2
0
0
4
11
11
11
9
2
-1
3
7
11
13
9
4
-3
-9
-9
-9
-6
-1
2
-2
-6
-8
-10
-11
-11
-8
-3
1
2
-3
-8
-10
-9
-9
-6
-2
1
0
1
2
2
1
1
1
1
2
-1
-1
1
-1
0
2
4
7
9
10
9
10
8
7
9
7
4
4
3
1
4
4
3
1
4
7
8
5
1
-2
-9
-10
-5
-2
-4
-5
-5
-3
-5
-9
-12
-12
-8
-5
-7
-7
-6
-3
-3
-2
0
-5
-6
-4
-5
-6
-3
-2
-3
-1
1
-2
0
6
5
6
9
7
4
5
3
4
6
7
6
-1
-3
1
1
5
9
9
9
9
3
-2
0
4
8
11
10
4
-2
-7
-5
-1
0
-3
-3
-5
-11
-10
-11
-10
-8
-6
-4
-3
4
