SAMPLES:	14794
BITSPERSAMPLE:	16
CHANNELS:	1
SAMPLERATE:	16000
NORMALIZED:	FALSE
6
-2
-12
-9
-2
9
5
-3
-4
-8
-12
-16
-19
-23
-19
-15
-10
-4
-1
2
-5
-5
-11
-25
-24
-28
-24
-21
-18
-14
-24
-30
-29
-22
-12
-13
-18
-20
-17
-10
-11
-18
-17
-11
-7
-14
-20
-13
-2
2
0
-5
4
11
13
23
31
32
32
17
18
30
34
41
36
38
39
23
26
27
34
42
37
40
35
29
26
23
35
37
32
25
15
12
9
9
18
14
11
6
-4
-7
-10
-13
-14
-22
-35
-43
-45
-43
-39
-31
-19
-25
-30
-27
-27
-24
-25
-31
-41
-37
-30
-36
-47
-49
-40
-36
-28
-23
-18
-15
-18
-23
-25
-19
-17
-27
-18
-10
-10
-1
-3
2
9
8
7
-1
8
9
8
21
28
28
29
32
28
33
32
33
30
35
40
36
42
44
47
39
27
28
25
25
24
29
38
34
16
4
3
11
13
12
14
15
16
17
12
8
19
29
30
19
14
16
6
4
8
-1
7
1
-22
-33
-40
-29
-32
-42
-50
-52
-60
-69
-75
-85
-80
-83
-83
-74
-78
-68
-61
-59
-56
-57
-48
-46
-45
-29
-17
-19
-27
-32
-24
-13
-3
0
8
27
30
31
37
42
53
51
60
65
62
65
67
77
84
80
83
81
74
73
70
59
59
56
52
54
59
51
38
24
19
24
21
29
26
22
22
7
-6
-13
-16
-13
-14
-12
-15
-28
-35
-37
-39
-43
-40
-50
-58
-53
-59
-64
-65
-71
-63
-67
-64
-47
-53
-53
-44
-34
-30
-39
-38
-26
-23
-22
-25
-22
-11
-9
-11
-9
-4
13
17
9
14
19
15
8
-1
9
20
24
23
23
30
32
30
31
40
53
57
37
34
37
28
32
39
41
35
18
4
7
22
24
18
14
9
8
-11
-30
-21
1
10
6
1
-2
-14
-22
-9
5
21
19
-2
-10
-15
-20
-27
-29
-21
-15
-13
-29
-34
-25
-22
-28
-19
-5
-7
-11
-24
-21
-7
-11
-10
-14
-16
-9
-12
0
10
18
22
10
1
-7
-10
-15
-19
-4
5
11
17
23
23
22
22
13
19
17
8
3
1
0
-7
-6
2
13
18
10
-2
-1
-2
-6
-6
-3
3
-4
-10
-2
-3
-3
-1
-7
7
5
-2
11
14
15
7
-3
-6
-11
-18
-11
-7
-13
-12
-4
5
0
-2
-4
-13
-3
3
10
10
8
18
11
-2
-1
-7
-6
2
1
11
13
8
0
-9
-7
0
8
16
20
8
-3
-1
8
6
1
6
9
10
1
-14
-14
-12
-7
-7
-2
16
12
8
2
1
3
-1
-12
-12
-11
-14
-20
-31
-21
-7
-2
-5
-12
-5
0
-5
-9
-7
-5
-11
-23
-30
-34
-33
-20
-5
9
11
5
4
1
4
6
11
9
7
13
20
25
17
13
13
1
-1
3
3
10
14
15
14
15
6
3
6
9
22
26
22
6
-4
-2
-2
-3
6
24
33
35
27
18
12
19
15
7
7
0
-12
-23
-31
-26
-18
-14
-13
-7
-2
-5
-13
-20
-7
1
-2
-13
-20
-20
-30
-27
-17
1
11
6
0
-6
-11
-16
-15
-18
-13
-12
-13
-11
-10
-2
-4
-1
-4
-6
0
-8
-15
-13
-15
-9
-6
-8
-1
1
3
-3
-3
5
-1
-1
6
3
3
13
7
10
16
17
20
23
24
25
30
36
30
24
20
7
8
-1
9
23
20
30
20
16
16
12
14
21
18
16
5
-7
-4
-7
-3
0
-12
-16
-17
-13
-11
-23
-22
-23
-36
-31
-27
-29
-26
-28
-16
-6
-8
4
-1
-10
-7
-14
-12
-18
-19
-16
-22
-18
-10
-13
-5
6
4
13
8
7
5
-3
11
13
6
10
2
4
0
-4
15
19
20
18
19
29
16
11
2
3
17
10
9
17
23
26
18
12
13
2
-9
-9
-10
-4
-7
-13
-19
-24
-13
-8
-7
-10
-6
-3
-14
-21
-25
-21
-13
-10
-11
-13
-5
3
11
10
0
-5
-10
-12
-18
-16
-13
-19
-4
-4
9
21
16
21
21
23
15
15
15
0
-2
-1
5
16
17
10
12
9
10
14
7
11
10
9
2
-10
-9
-7
-5
-2
-1
5
7
-5
-8
-4
-3
1
1
-6
-15
-19
-13
-2
-8
-11
-2
3
-1
-2
-2
2
-2
-6
-6
-6
-8
-9
-8
3
6
6
6
2
1
-7
-4
-3
-3
0
-1
-1
-2
-5
-2
-2
-3
7
4
-2
5
4
2
0
-4
4
12
13
10
6
2
-2
-5
4
11
7
6
-5
-2
2
-1
-2
3
14
5
-3
-1
0
3
-1
-3
3
-4
-10
-6
-4
8
5
1
7
7
6
3
2
3
-6
-11
-9
-9
1
0
-7
-5
-10
-8
-9
-11
-7
-13
-11
-10
-18
-17
-16
-14
-7
-4
6
8
3
4
4
6
6
0
7
16
15
17
7
6
10
-2
-1
4
5
11
12
3
0
4
11
8
6
11
1
10
11
4
16
13
10
19
16
14
11
9
4
5
7
2
9
9
4
9
10
8
8
6
-2
-6
-19
-28
-30
-19
-1
-4
-5
-16
-28
-23
-26
-31
-35
-43
-39
-40
-51
-56
-52
-38
-29
-37
-36
-33
-29
-34
-33
-16
-15
-25
-18
-12
-14
-19
-19
-5
1
17
24
17
19
24
32
26
23
35
45
45
50
54
58
60
48
49
63
79
81
71
66
67
59
54
64
80
87
78
64
63
53
27
12
18
32
17
7
6
8
7
-13
-16
1
6
-14
-23
-24
-29
-46
-74
-78
-63
-68
-90
-98
-78
-63
-78
-86
-77
-57
-59
-85
-97
-84
-79
-98
-107
-84
-54
-47
-54
-39
-25
-31
-41
-42
-19
4
9
11
16
25
23
21
22
38
49
49
57
64
72
67
54
52
63
67
65
59
64
74
71
72
65
70
70
52
36
32
41
47
39
30
34
40
39
25
14
17
25
25
8
-9
-11
-20
-31
-37
-34
-17
-17
-20
-18
-27
-29
-33
-36
-32
-32
-36
-37
-39
-29
-30
-35
-21
-13
-22
-32
-34
-35
-39
-33
-30
-29
-29
-44
-48
-41
-33
-20
-14
-14
-13
-15
-14
-11
-15
-10
3
2
1
4
-2
1
-6
-12
0
3
8
3
5
15
22
22
15
10
12
19
28
36
35
40
36
27
27
19
20
14
17
22
32
47
42
39
29
16
11
10
19
23
23
33
34
14
8
7
8
5
-8
0
11
5
4
-6
-14
-14
-24
-21
-24
-20
-20
-35
-29
-26
-33
-28
-17
-20
-21
-32
-35
-21
-26
-32
-26
-22
-15
-18
-21
-11
-9
-10
-13
-8
-3
-8
-15
-16
1
6
0
6
17
15
7
-4
1
8
0
3
8
17
16
-1
2
-2
3
8
8
13
11
21
17
3
6
3
5
6
3
5
7
11
12
15
28
22
9
9
5
-3
-4
6
14
8
12
17
20
11
5
9
14
17
9
2
0
-5
-13
-17
-19
-14
-8
-9
-3
-5
-12
-11
-15
-5
-8
-15
-22
-33
-30
-12
-8
-11
-5
-5
1
-4
-6
-5
-7
-3
-7
0
-3
6
3
-10
6
11
2
-3
-1
-5
-1
-3
-5
16
16
0
-4
-7
-10
-13
-11
-3
9
12
8
-7
-19
-20
-8
7
19
26
21
10
5
-3
-4
-4
12
23
14
12
6
4
3
1
17
31
23
12
-1
-1
2
-7
0
6
10
4
0
4
0
1
-8
-15
-3
-7
-20
-13
-6
3
2
-18
-11
-4
-6
-6
-12
-8
0
5
3
-9
-8
-1
-5
-2
4
5
6
12
8
-3
-10
-3
3
0
0
0
4
0
-12
-10
-7
-2
-4
-11
2
7
8
2
5
14
2
-10
-15
-13
-8
-5
0
7
7
9
4
-3
-11
-11
-2
9
10
6
3
-15
-15
-8
-7
5
7
9
17
15
15
6
2
14
3
0
8
5
13
5
1
0
-12
-8
-8
-2
8
7
5
8
4
-1
-1
5
2
-8
-10
-3
5
2
-2
2
5
-5
0
4
4
6
-2
-1
-4
-5
-7
-11
-8
-11
-4
6
3
5
5
-3
-11
-9
-2
1
4
2
-1
-15
-25
-24
-19
-7
-4
-4
-3
-4
-4
-9
-10
-8
-5
-6
-6
-5
-8
5
6
9
19
13
7
4
6
15
19
22
12
9
7
2
2
-6
-6
1
0
-1
-5
-2
6
6
3
5
12
12
6
-3
2
19
16
12
14
16
19
9
-4
2
17
25
15
8
4
-1
-8
-15
-6
6
11
9
9
2
-13
-21
-24
-19
-12
-15
-22
-18
-17
-24
-25
-23
-19
-20
-14
-12
-14
-11
-10
-10
-17
-18
-15
-12
-14
-17
-13
0
6
-9
-11
-2
-11
-7
-5
17
19
16
6
14
24
9
56
47
9
-21
32
24
1
14
3
38
34
35
1
-14
-20
38
91
29
-8
-8
22
-1
27
25
11
-8
-29
10
15
1
-32
14
20
9
2
-7
-17
4
41
17
-13
-33
-23
-4
-6
-11
-13
-39
-49
-6
10
2
-11
-11
-13
-24
-27
-28
-23
-16
-9
-16
-41
-58
-41
-17
-2
-18
-25
-15
-17
-18
-10
-5
-5
-15
-16
-2
-7
-16
-9
6
15
19
16
6
0
7
14
11
8
7
25
41
24
13
26
35
36
30
30
30
22
19
13
19
28
17
13
12
7
17
15
17
22
13
16
4
-18
-19
-18
-13
-6
-7
-1
-2
-12
-16
-17
-18
-18
-28
-34
-25
-24
-24
-22
-19
-17
-18
-15
-12
-3
-2
0
8
5
3
-6
-11
-8
-2
3
-3
-12
-16
-9
-2
2
11
13
14
11
-1
5
13
3
-2
0
9
10
9
17
16
19
14
9
16
22
24
18
8
0
6
2
1
6
12
9
-1
-2
-5
-6
-7
-4
-4
2
-2
-9
-9
-16
-19
-18
-16
-5
1
-1
-1
-4
-4
-3
2
4
3
-1
6
4
1
-4
-17
-12
-7
-7
-3
-1
-3
-3
-9
-12
2
3
15
23
23
16
6
10
9
-4
-5
-2
-4
-7
-19
-15
-9
-10
-11
-22
-10
4
1
8
12
5
1
1
7
6
6
13
9
10
0
-6
1
9
17
20
11
6
6
0
1
6
13
8
-3
-13
-13
-3
-9
-11
-7
-6
-4
-4
-4
-3
-9
-13
-9
-8
-7
-7
-15
-9
-2
-7
-3
1
-3
-6
-5
-3
4
3
-6
-6
3
3
4
6
2
-7
-12
-8
-5
5
14
18
22
18
12
12
3
-8
-8
6
14
10
0
-9
-6
0
9
12
11
13
15
16
12
12
12
10
1
-1
0
-1
4
-1
8
18
-1
-10
-12
-6
-5
-11
-2
2
-7
-12
-17
-12
-1
-5
-4
-11
-20
-26
-28
-20
-17
-16
-12
-15
-16
-2
3
1
1
-2
2
-6
-7
0
-5
-4
-1
0
-4
-2
8
14
21
19
19
20
13
13
4
0
-8
-16
-8
3
7
8
13
10
8
12
13
12
4
0
2
12
21
10
8
8
4
6
1
1
5
7
4
1
-1
-5
-8
-16
-20
-10
-5
-2
2
0
7
8
-2
-1
-4
-11
-19
-20
-8
-4
3
-8
-11
-15
-28
-28
-27
-15
-2
5
0
2
2
-4
-8
-3
2
-3
-3
2
6
-1
-7
-3
5
2
-4
4
9
6
10
9
17
25
14
7
6
8
11
4
-1
5
13
12
13
10
6
15
16
13
18
13
8
-1
-5
7
5
4
-1
-2
5
-9
-11
-5
1
10
1
-5
-4
-10
-17
-17
-15
-3
3
-5
-4
-10
-18
-14
-16
-4
3
0
-5
-20
-20
-22
-23
-12
-6
-1
-3
-1
-3
-13
-22
-17
-11
-10
2
0
3
3
-1
1
2
9
9
12
14
5
1
3
9
15
14
14
20
16
6
3
4
-1
0
6
9
8
7
1
1
3
-4
0
11
18
20
17
22
18
2
1
13
23
22
1
-5
0
2
6
5
7
10
6
-7
-8
-7
0
3
-12
-15
-21
-30
-36
-29
-15
-12
-8
-9
-18
-15
-13
-9
-11
-18
-12
-12
-15
-20
-23
-10
0
-5
-9
-10
-4
3
1
1
2
12
15
10
23
18
12
13
8
6
-4
-5
4
6
10
17
12
3
5
13
19
9
6
11
14
9
-6
0
4
-1
-2
2
10
16
7
3
7
8
5
-10
-10
-9
-6
4
1
2
0
-4
-9
-9
4
1
3
-3
-17
-17
-17
-15
-10
-3
-6
-10
-5
-4
-3
5
3
0
4
-6
-8
-10
-11
-9
-4
8
12
6
2
-1
-1
6
6
5
6
5
1
-10
-10
1
2
8
13
9
-10
-19
-1
7
7
13
10
7
5
5
10
14
13
7
2
2
0
-10
-7
-4
10
9
-2
1
0
2
-3
4
17
11
0
7
8
4
-9
-12
0
-5
-9
-19
-17
-9
-15
-15
-13
-21
-22
-19
-18
-20
-14
-8
-9
-7
3
7
10
8
6
4
0
-9
-8
2
15
18
17
9
-1
2
1
4
16
17
15
11
6
0
-12
-14
-10
6
17
16
13
11
13
16
19
17
12
7
0
-8
-14
-8
4
6
4
5
-7
-12
-17
-16
-5
-3
6
2
-5
-1
-12
-6
-11
-15
0
2
0
-10
-17
-10
-13
-16
-4
4
4
1
-4
-1
4
7
7
2
1
7
3
-5
-7
-1
-2
-13
-12
-1
-3
0
4
9
13
6
6
1
3
9
3
5
-2
-4
8
14
3
-2
-2
2
5
-6
-4
2
4
-4
-15
-14
-3
6
8
4
9
20
15
5
-8
1
11
4
-1
-12
-3
-1
-8
-3
-3
1
5
4
5
2
4
1
-8
8
16
4
-14
-17
-12
-5
-16
-26
-6
-9
-19
-13
-20
-23
-25
-20
7
21
11
-16
-27
-5
15
20
12
-2
1
18
22
16
6
5
17
22
21
28
35
30
21
27
25
9
-5
-10
-2
3
4
0
-7
-6
1
1
-11
-21
-20
-5
-3
-6
-6
-4
-8
-32
-35
-8
14
16
1
-17
-27
-59
-76
-53
3
39
-25
-108
-117
-60
-7
-14
-20
18
63
37
-38
-64
-23
40
66
56
33
5
-5
-14
-6
23
93
273
526
563
203
-251
-411
-98
380
453
120
-155
-159
-156
-465
-971
-1049
-474
259
500
95
-479
-690
-391
147
565
601
331
143
347
712
830
622
331
228
190
-32
-362
-452
-122
398
605
250
-366
-749
-577
56
638
751
430
41
-86
151
571
851
795
411
-35
-176
-13
180
258
180
-80
-407
-697
-886
-861
-700
-626
-607
-581
-564
-548
-604
-687
-721
-629
-374
-14
176
-23
-427
-711
-684
-480
-296
-258
-319
-419
-529
-630
-677
-482
-94
100
8
23
316
653
803
794
711
531
432
510
703
704
457
201
41
-16
-77
-248
-596
136
1958
2222
4
-1755
-553
2276
4509
5039
4841
4694
4488
3954
2405
55
-929
974
2249
567
-2538
-4751
-5828
-5747
-4375
-2477
-1515
-2075
-1852
-282
656
-310
-1706
-2706
-3284
-3355
-3100
-2922
-2902
-2254
-945
-269
-1195
-2326
-2625
-2585
-2584
-2256
-2023
-2590
-3696
-4284
-3581
-1932
1582
8705
16391
17962
13444
9092
8595
10809
12144
9817
5448
2625
1279
-1534
-8480
-17097
-19267
-11765
-2044
2539
1969
-871
-2661
-1027
3035
5814
4053
-754
-2662
86
2645
2596
2032
1542
691
-802
-4074
-9137
-12421
-10732
-6139
-3769
-5987
-9995
-12447
-11457
-6663
-307
3482
3028
1214
971
2486
4659
7345
9074
7572
4532
3145
3613
4198
4037
3135
1768
-203
-2357
-2670
-1700
1692
10496
18197
15376
6813
3611
6236
10024
10160
6057
3172
3740
3715
-1215
-11720
-21658
-19387
-7407
689
508
-3088
-5963
-5618
-1331
3101
3776
-1303
-6768
-5355
692
3525
1928
-2
-1028
-1347
-2121
-4973
-9792
-11673
-7517
-1968
-1386
-6269
-11823
-13385
-8862
-1497
3510
3604
604
-1245
353
4276
7734
9627
9048
6944
5657
5339
5145
4670
3992
1871
-714
-2727
-4208
-4746
-4045
-2565
-994
5114
14838
19428
14535
7941
6784
9217
11736
10407
6804
3663
1453
-2475
-10286
-20209
-23699
-14400
-3003
863
-1444
-4578
-6582
-5191
-628
3020
2331
-3173
-5574
-1399
3703
4543
3839
2895
1379
660
-630
-4175
-8156
-7649
-3772
-1914
-5039
-10115
-13312
-12644
-7325
-581
2554
588
-1632
-532
2975
6551
9472
10913
10142
8576
7299
6101
4020
3211
3680
2769
-756
-3760
-4265
-2896
2784
10024
13349
9777
4339
2029
4171
6964
5207
2465
828
1263
732
-4693
-15177
-21221
-15351
-4100
4432
3913
-2171
-6371
-4667
-827
1488
-201
-5283
-7052
-3762
976
2921
2532
1156
1476
2459
1648
-1830
-5469
-5531
-1883
1535
204
-4804
-10021
-11023
-7085
-1124
2119
1520
-929
-2445
-1073
2640
6405
7895
7402
5812
5002
4545
4444
4108
3232
1297
-757
-2720
-1738
8984
21408
20910
8350
-159
1158
8183
12786
8981
1882
-1853
-1177
-2588
-11819
-25562
-27265
-13495
-451
2893
-420
-5561
-8405
-4650
2759
6753
1154
-8767
-9914
-1607
4988
5282
3313
1208
792
1892
608
-5341
-10111
-7067
458
2977
-2320
-10006
-14581
-12972
-5960
1218
2634
-854
-3156
-986
2998
6542
9802
11143
9644
7656
7185
7431
7971
8324
6805
2750
-1213
-2141
-822
1112
4990
9693
10399
6831
4362
5800
8287
8014
4263
954
724
1827
-250
-7932
-17073
-19655
-13717
-6105
-1922
-1873
-3732
-4731
-3473
-1447
-911
-2907
-5753
-5534
-2538
204
1167
1322
1502
1761
1139
-771
-2510
-2546
-658
1063
646
-2024
-5790
-9231
-10130
-7416
-3855
-2907
-4377
-5517
-4687
-1885
1488
4129
5616
6483
7299
7684
6833
6054
7534
9546
9229
6648
8324
17380
24084
18228
5758
-944
-507
3307
4653
1139
-3813
-5797
-5874
-9133
-17209
-23407
-17037
-3542
4441
4455
1456
-2121
-4004
-1545
2486
3274
-2293
-7957
-6122
105
2786
1293
-1077
-2765
-2309
-1400
-3943
-8971
-10263
-4911
1723
3190
-669
-6110
-8706
-5758
1714
7025
6074
1327
-2007
-1276
1874
5105
5321
2663
77
907
2491
1588
1209
3304
5999
6214
4583
1789
3366
13840
25150
24421
11847
2126
2624
9083
10668
3721
-5637
-9847
-7385
-6066
-13564
-26704
-28946
-16447
-2272
2931
-216
-6010
-8742
-4361
2506
5048
-523
-7679
-6618
1417
6590
5078
1523
-828
126
2430
842
-5597
-9719
-5923
1063
3181
-1129
-7123
-10142
-7831
-1135
4531
4631
1078
-569
1172
3637
5770
6971
6795
5673
5106
4007
1917
1113
2804
5154
4603
2130
309
5003
16476
23767
18223
7170
3462
7187
12689
11684
3027
-5622
-7758
-5705
-7883
-17780
-28416
-26116
-13462
-3351
-604
-2828
-6443
-7481
-3425
1656
2377
-3367
-8297
-4448
3729
7178
4776
1214
-387
573
1028
-2360
-7936
-9378
-4415
812
279
-4785
-9440
-10358
-6132
614
4541
3113
-493
-1060
2080
6133
8311
7884
5654
4151
4923
5048
3329
2406
4146
5257
3567
1217
709
6478
17545
24111
18098
6997
3029
7459
13169
11232
2357
-5392
-6213
-3767
-6234
-17094
-27190
-23072
-9873
-936
-346
-4027
-7955
-7677
-2549
1955
1190
-5096
-8975
-4774
2381
4722
2891
987
934
2866
3294
-1412
-8112
-9189
-3785
823
-983
-7429
-12819
-13111
-8254
-1629
1325
-797
-3326
-1421
3006
6310
8373
9261
8719
7634
7598
6814
4627
3515
4733
4912
2086
-690
-627
5647
16261
21417
14950
5368
3525
9484
15340
12474
2924
-4185
-4614
-2574
-5024
-15127
-24615
-21251
-9031
-390
132
-4087
-7977
-7397
-2728
995
-638
-7257
-10594
-5196
2667
4692
1387
-1502
-597
3035
4469
533
-5688
-7650
-3473
993
54
-5659
-11370
-13076
-9500
-3243
405
-759
-3412
-3071
540
4562
7157
8048
7816
7889
8713
8479
6389
5115
6066
6749
4936
2067
645
2425
9108
17047
17890
10276
3633
4842
10256
11818
5980
-1983
-5347
-3559
-2605
-8756
-19452
-23181
-14701
-3386
843
-1867
-6076
-7482
-4659
6
1368
-2976
-8276
-7694
-1765
2464
1246
-2071
-2827
-439
2095
1231
-3767
-7898
-6139
-837
1357
-1590
-6147
-8857
-8266
-5185
-1986
-980
-1715
-1798
-103
1870
3101
4526
6012
6907
7247
6924
5404
4330
5832
8069
7277
4062
2309
3329
7409
14135
18881
16937
10793
7285
9014
11373
8465
1508
-3697
-4954
-4203
-5964
-13940
-22968
-22781
-13215
-3872
-845
-3033
-5553
-4774
-1252
1970
1880
-2127
-5658
-3941
171
1491
-174
-1996
-2517
-2318
-2376
-4156
-7319
-9107
-7261
-3580
-1897
-3391
-6864
-9019
-7335
-2602
1193
1623
713
1112
3215
4884
5858
6535
6619
6168
5859
5721
4955
4436
4181
3339
1868
1359
2758
4014
7205
15320
21581
17647
8999
7075
10874
13597
10323
2603
-3174
-3796
-2370
-5956
-17035
-27112
-22417
-8699
-1476
-3328
-6769
-7420
-5617
-1316
2308
2243
-3019
-6610
-2533
3530
4255
1604
-385
-2245
-3189
-3134
-4526
-8844
-10607
-7075
-2588
-2384
-6451
-10142
-10211
-6309
-419
3335
2375
168
612
3831
6627
8051
8315
7139
5482
4829
5070
5197
5149
4788
2821
-717
-1917
64
3080
4595
6238
10788
15648
16777
14390
11660
9440
8596
7576
5305
2737
348
-3573
-10641
-18187
-21929
-18522
-12018
-7981
-6571
-5802
-4562
-2080
556
1451
734
-1212
-2653
-1819
203
538
-910
-2646
-3488
-3293
-3449
-5187
-7018
-6640
-4425
-2444
-2770
-4873
-6569
-6115
-4004
-1999
-937
-399
291
1282
2760
4322
5705
6451
6319
6128
6502
6671
6202
5464
4274
2737
1641
1924
3382
5426
7502
10476
13493
13514
10730
9118
10331
11437
10032
5584
897
-1811
-3044
-5753
-11681
-18143
-20215
-15876
-9535
-5763
-5269
-5385
-4133
-1127
1832
2457
487
-2484
-3386
-1973
-723
-1683
-4190
-6094
-6123
-4946
-4617
-5927
-6811
-5660
-3244
-1358
-1708
-3758
-4790
-3191
-594
465
-635
-1562
-453
1965
3639
4038
4061
4201
4929
5913
6572
6460
5853
5018
3639
2006
1702
3494
5767
7430
9478
12275
13864
13199
11973
11670
11470
9626
5954
2261
45
-1037
-3512
-9573
-17487
-21252
-17487
-10533
-6114
-5071
-4747
-3361
-824
1514
1990
58
-2679
-3493
-2448
-2339
-4174
-5744
-5770
-4941
-4054
-3919
-5382
-7442
-7194
-3738
-127
115
-2697
-5231
-4888
-2139
674
1529
162
-1271
-375
2241
3589
3189
3317
4656
5781
5755
5071
4687
4957
5195
4846
4179
3796
4059
4659
5544
8060
12213
14482
12964
10732
10568
10796
8722
4540
1001
194
486
-2183
-9390
-17355
-19896
-15325
-8847
-5674
-5126
-4349
-2730
-711
1176
1368
-1235
-4847
-6302
-5489
-5106
-5845
-5905
-4805
-3646
-3034
-3508
-4923
-5198
-2580
1190
2638
806
-2310
-4351
-4128
-2055
-408
-1435
-4083
-5206
-3881
-1776
157
2210
4019
5053
5938
7091
7880
8393
9156
9305
7924
6056
5226
5107
4347
3807
5909
9850
11743
10306
8136
7304
7296
6750
5014
2893
1511
487
-2208
-8101
-15052
-17466
-12985
-6394
-3099
-3182
-3838
-3195
-1037
932
14
-4234
-8607
-9260
-6569
-4545
-4839
-5523
-5327
-4613
-3532
-2472
-2034
-1580
-108
1886
2986
2350
420
-1714
-3363
-4089
-3847
-3841
-5028
-6217
-5847
-4004
-1783
87
1755
3567
5545
7773
10197
11697
11085
8908
7082
6735
6940
5617
2974
2869
7224
11546
10776
6670
4476
5728
7706
7518
4868
2393
2302
2580
-1348
-10220
-17306
-15980
-8869
-3379
-1988
-2852
-4011
-3634
-1397
179
-1747
-6534
-9957
-8949
-5602
-3516
-3237
-4023
-4797
-3745
-1118
282
-559
-1286
328
3413
5163
3812
-215
-4616
-6479
-5358
-4193
-5314
-7420
-7957
-6634
-4535
-1850
1015
2800
3942
6099
8909
10979
11849
11150
8904
6727
6007
5848
4280
1989
3122
8005
10434
7567
4321
4437
6517
7907
6385
2748
871
1858
1623
-3672
-12136
-16336
-12316
-5541
-2119
-1924
-2912
-3714
-2458
-70
-239
-4409
-9194
-9780
-6235
-3409
-3753
-4768
-4504
-2817
-321
1237
402
-790
751
4211
6127
4555
690
-3194
-5083
-4771
-4166
-5397
-7856
-9103
-7955
-5471
-2824
-228
1937
3784
6120
9082
10961
11488
11528
10890
8630
5718
3782
2736
1695
1051
2972
6278
7871
6779
5698
5957
7156
7889
6637
4215
2395
1871
-73
-5356
-12460
-15680
-12947
-7629
-3931
-3419
-4551
-5276
-3944
-2293
-1893
-3939
-6942
-8304
-6981
-4378
-2468
-1888
-2480
-2125
-787
667
1157
1396
2158
3723
4848
3626
295
-3550
-5451
-5265
-4817
-5988
-7637
-8643
-8252
-6184
-2980
725
3855
6059
7610
9337
10769
12097
12973
12034
8814
5232
2779
1437
622
670
3351
6561
6942
4738
4297
6538
8910
8547
5930
4393
4643
4849
952
-7145
-14922
-15542
-9721
-4792
-4730
-7022
-7231
-5428
-2605
-581
-1008
-5351
-9845
-9500
-5161
-1350
-932
-2118
-3059
-2028
765
3413
3145
1154
1350
3849
5106
2555
-1842
-5803
-7401
-6421
-5324
-6600
-9641
-10649
-8350
-4609
-1259
1634
3884
5199
7298
10046
11969
11906
10635
8533
5736
3940
3313
2783
1069
1538
5627
9302
8749
5870
5018
6396
8385
7919
5601
3627
3267
2291
-2773
-10611
-15679
-13543
-8551
-5724
-5371
-5378
-4875
-3344
-865
229
-1385
-4933
-6827
-5465
-2641
-973
-986
-1915
-2405
-958
927
903
-425
-427
916
1925
1567
-363
-3246
-5684
-6283
-5839
-5966
-6757
-7093
-6665
-5699
-3260
478
3443
4537
5718
7919
9553
10044
9769
8312
5476
3304
2825
2433
808
1339
6654
11863
10937
6194
4495
7187
11133
11904
8254
3516
2294
3714
1433
-7647
-17665
-19315
-12926
-6403
-4687
-6049
-7444
-6275
-2042
1533
301
-5057
-8451
-6111
-811
1671
600
-1478
-2348
-866
1886
2469
-581
-2992
-1992
1073
2456
249
-4221
-7622
-7478
-5362
-4449
-6213
-8013
-7163
-4233
-1369
847
2552
3592
5110
7629
9774
10026
9058
8100
7083
5580
3684
1772
-179
-1140
1733
7758
11036
8906
6078
6738
9396
11165
10343
7222
4584
4365
3560
-2228
-11850
-18067
-16003
-9668
-5637
-5727
-7412
-7927
-5362
-931
779
-2047
-6015
-6567
-3535
-518
140
-741
-1580
-1720
-632
728
206
-1650
-1692
720
2656
1775
-1514
-5010
-6470
-5613
-4532
-5219
-6960
-7566
-6452
-4627
-2577
-42
2588
4637
6127
7376
8413
9230
9747
10067
9834
7975
4514
1338
-364
614
5104
9088
8112
4531
4220
7626
10206
7677
2368
1196
4921
7572
3778
-5964
-15239
-15843
-9300
-4498
-5448
-8925
-9288
-4728
547
1517
-973
-4617
-6604
-4411
-557
-44
-2257
-3057
-1652
216
216
-1485
-3007
-2808
-581
2569
3170
-144
-3756
-4670
-3572
-2573
-2507
-3917
-5746
-6627
-5617
-3612
-1899
-142
2028
3904
4604
5443
6829
8500
9029
7562
4592
2218
2003
2853
2841
1292
1912
5697
9240
9276
7944
7904
9244
10523
8862
5853
4096
3568
891
-5341
-13423
-17220
-13467
-8095
-6229
-7484
-7996
-5881
-1453
1279
644
-2118
-4711
-4108
-582
1820
616
-1410
-2318
-1089
827
1184
-732
-2506
-2051
194
1701
123
-3413
-6328
-6524
-5224
-4344
-5320
-6894
-7321
-5885
-3601
-1436
538
1880
3490
6072
8782
9450
8853
7999
7217
6466
5407
3630
1462
221
1588
6018
9108
8043
5738
6209
8685
10634
9837
6973
5388
5517
4241
-1211
-9137
-14773
-13976
-9690
-7102
-7126
-7364
-6267
-3534
-515
97
-1859
-4657
-5454
-3701
-1279
-899
-1864
-2365
-1859
-639
32
-813
-2609
-2552
-411
1881
1656
-1186
-4328
-5651
-5258
-4875
-5466
-7054
-8000
-7305
-5400
-3504
-1564
1014
3540
5477
7133
8464
9190
9570
9680
8842
7188
5038
2946
1508
1647
4572
8175
8873
6609
6101
8376
10759
11050
9068
6556
5044
4588
1903
-4437
-11901
-14772
-12075
-8284
-6633
-6524
-6223
-5696
-3954
-1538
-570
-3006
-5908
-5616
-2845
-934
-1086
-1988
-2870
-2953
-2247
-1083
-1188
-1952
-1709
-225
676
-64
-1807
-4241
-5951
-6238
-5640
-6010
-7364
-8181
-7666
-5790
-2998
451
3083
4497
5893
7557
9387
10655
11104
9725
7375
5815
5277
4785
3530
4703
7707
8973
7043
6359
8167
9517
9923
8440
6449
4633
4455
3031
-2196
-9904
-13949
-10749
-6920
-6251
-7570
-7604
-6788
-3702
-41
401
-3115
-7535
-7684
-4288
-1166
-1323
-2070
-3011
-3348
-2348
-1148
-1612
-3072
-2303
335
2822
1716
-2021
-5476
-6152
-4402
-3148
-4954
-8754
-10104
-7880
-4328
-1891
-731
294
2259
5318
8018
9150
9603
10144
10148
8476
6498
5327
4068
2278
3344
8625
11730
8998
5251
5999
8930
10931
10141
6683
3129
2114
3100
211
-8255
-15262
-13116
-6834
-4082
-5007
-6430
-7045
-6054
-2720
-201
-1646
-6458
-8560
-5622
-1836
-1018
-1836
-2452
-2698
-2048
-972
-885
-2240
-2216
77
1959
921
-1843
-4217
-5378
-5088
-4205
-4440
-6640
-8621
-8317
-5640
-2352
54
1348
2314
4508
7582
9873
10389
10353
9974
8418
6448
5784
6098
5287
4791
6319
8075
7010
5401
6392
8292
8536
7106
5909
4689
3602
2100
-1355
-7408
-12019
-10763
-6774
-5040
-5822
-5962
-5673
-5244
-4163
-2637
-2715
-5267
-6934
-5534
-2989
-2491
-2544
-2004
-1792
-2646
-3316
-2941
-1857
-225
869
803
-538
-1956
-3101
-4048
-4594
-4301
-4094
-5268
-7053
-7453
-5607
-2693
-190
1406
2399
3796
5937
7945
9510
10645
10896
9368
7301
5657
5227
4771
4285
6127
9247
9428
6303
5306
6339
7680
7490
5635
3805
3516
3607
1008
-4142
-10494
-11692
-7364
-3967
-4895
-6833
-7332
-6722
-4258
-2543
-2665
-5086
-7614
-7557
-4658
-2547
-2650
-2438
-1991
-1541
-1349
-1645
-2953
-3023
-1139
908
1091
-1104
-3750
-4914
-3960
-2705
-2614
-4340
-6397
-6835
-5294
-2581
3
1902
2915
3955
5459
7218
8932
9938
9699
7967
6243
5949
6535
5987
4774
5426
7190
7949
7400
7138
7356
7407
6632
5193
4265
3614
2949
834
-3700
-8792
-10604
-8963
-6620
-4894
-4596
-5612
-6801
-6227
-4020
-2401
-3702
-6401
-6923
-5332
-3845
-2800
-2055
-2238
-2540
-2323
-2097
-2814
-3535
-2617
-132
1361
259
-2192
-4385
-5175
-4304
-2548
-2216
-3698
-5053
-4516
-2376
-285
1058
1816
2988
4769
6609
8085
9016
8697
7161
6135
6085
6451
6306
6073
7365
9498
9482
7205
6372
7235
7875
7625
6384
4535
3170
2312
242
-3463
-7780
-9548
-7968
-6226
-5893
-5781
-5672
-6388
-6146
-4508
-3603
-4903
-6696
-6394
-4605
-3777
-4356
-4046
-2793
-2008
-2038
-2832
-4261
-4794
-2708
290
1253
-423
-2904
-4491
-4532
-3293
-1860
-1628
-3216
-5118
-5259
-3291
-739
1315
2598
3505
4526
5856
7312
8462
8959
8340
7407
6937
6934
7019
8436
11050
11473
8472
5421
5675
7757
9030
7606
4690
2763
2504
2237
-852
-6417
-10367
-9123
-5900
-4468
-4371
-4731
-6047
-6979
-5540
-3549
-3471
-5530
-6937
-5967
-4210
-3814
-4247
-4417
-4138
-2983
-2038
-3030
-5314
-5549
-2902
263
1266
-654
-3584
-4969
-3950
-1752
-628
-2121
-4525
-5023
-3167
-655
993
1282
1302
2864
5096
6397
6799
7309
7964
7960
7162
6503
6875
7105
8119
10353
11362
8921
5690
5638
7381
8186
6046
2973
1138
1556
2256
-328
-5911
-10095
-8304
-4372
-3029
-4327
-5248
-5010
-4574
-3727
-3490
-4789
-6963
-7471
-6342
-5597
-5663
-4973
-3863
-3473
-3603
-3270
-3131
-3762
-3623
-1933
526
1156
-111
-2228
-3508
-2913
-1369
-660
-1847
-3281
-3329
-2241
-945
361
1314
1766
2286
3616
5128
6192
7005
7306
6960
6363
6434
6967
7467
9093
11633
12558
9573
5945
5317
6658
7220
5205
2485
517
532
218
-3075
-8253
-10864
-7846
-3528
-1816
-3172
-4467
-4932
-4031
-2238
-2146
-4721
-8432
-9007
-6953
-4969
-4976
-5512
-5407
-4660
-3068
-2016
-2512
-4103
-4155
-1991
675
1589
159
-2243
-3432
-2156
22
301
-1690
-3419
-3196
-1576
142
1204
1021
378
933
2992
4952
5935
6583
6995
7254
7413
7649
7705
8992
12548
15349
13515
7910
4424
4867
6354
5601
2553
-616
-1987
-850
-796
-4738
-10386
-11211
-6209
-1301
-289
-1917
-3378
-4215
-3499
-1810
-2162
-6098
-9979
-9312
-5673
-3750
-4728
-5904
-5986
-5091
-3482
-2205
-2966
-4577
-3962
-714
1960
1256
-1805
-4255
-3662
-565
2155
1490
-1833
-3928
-2556
528
2394
2116
720
49
1091
3359
5243
6186
6111
5669
5530
6323
7786
9228
11106
12982
13638
11480
8299
6483
6284
5745
3378
833
-756
-1035
-1954
-4744
-8456
-10190
-7842
-4096
-1923
-1873
-1789
-1253
-1478
-2335
-3293
-4265
-6170
-7708
-7636
-6911
-6616
-6521
-5754
-5313
-5577
-5739
-5202
-4111
-2969
-1624
-634
-536
-1103
-1546
-1442
-1017
-134
746
663
-369
-1185
-755
632
1949
2231
1920
2098
3061
4218
5029
5184
4548
4284
5239
7320
8605
9266
11042
13265
13477
11071
9131
8132
7477
5693
2905
495
-862
-1340
-3255
-7038
-10935
-10581
-6781
-3381
-1960
-1774
-1896
-2136
-1818
-1737
-2287
-4703
-7339
-8065
-7107
-6800
-7250
-7295
-6850
-5823
-5607
-5771
-5896
-4826
-3273
-1599
-663
-774
-988
-1633
-1647
-818
642
1028
439
-541
-881
389
2373
3447
2852
2257
2413
3262
3804
4525
5099
5010
4647
5125
6575
7721
10028
13263
15429
13960
10782
8507
7242
6368
4511
2384
-48
-1592
-2796
-5003
-8633
-11183
-9908
-6421
-2939
-1323
-1011
-1758
-1943
-1132
-645
-2202
-5813
-8295
-8249
-6429
-5370
-5451
-6222
-6549
-6269
-5764
-5162
-4837
-4337
-3616
-2254
-1041
-602
-1399
-2520
-2593
-1071
1157
2327
1857
221
-428
912
3262
4334
3522
2281
1826
2441
3477
4322
3986
2906
2848
4984
7504
8979
10905
13230
13660
11529
9257
7945
7251
6291
4177
907
-2102
-3295
-3843
-6381
-10598
-11741
-8168
-3777
-1773
-1735
-2243
-2371
-1044
519
-38
-3447
-7038
-7647
-5664
-3977
-4226
-5303
-6224
-6336
-5819
-5463
-5672
-5526
-4117
-1839
82
260
-1237
-2841
-2676
-871
1134
1986
1571
664
483
1862
3807
4537
3308
2008
2049
2743
2929
3072
3471
3258
2808
3006
4256
6276
9656
13403
14936
12913
9313
7609
8065
8429
6039
1627
-2298
-3620
-3656
-5971
-10842
-13934
-11281
-5423
-1195
-1015
-2741
-3371
-1679
814
1458
-801
-4462
-5963
-4822
-3408
-3955
-5597
-6526
-6082
-5340
-5639
-6514
-6740
-5391
-3243
-1540
-1379
-2377
-3243
-2762
-840
1181
2022
1603
962
895
1835
3281
4213
4017
3324
3173
3787
4339
4063
3210
2428
2317
3214
4498
5237
6694
10315
13927
13741
10221
7543
7919
9295
8246
4262
-55
-2321
-2994
-4843
-9564
-13941
-13190
-8019
-3502
-2232
-2880
-3399
-2566
-540
1154
529
-2782
-5982
-6008
-3654
-2326
-3355
-5275
-6148
-5460
-4818
-5504
-6733
-6502
-4408
-2094
-1432
-2348
-3037
-2859
-1734
-164
1069
1359
1446
1819
2386
3449
4660
5395
4985
4056
3145
3021
3175
3314
3011
1844
1167
2010
3700
4814
7580
11259
13188
12153
10162
9322
9197
8784
5621
1674
-1327
-1950
-2530
-6193
-11569
-13618
-9967
-6067
-3999
-3423
-2825
-2020
-812
189
11
-1097
-3136
-4284
-4361
-3847
-3611
-3562
-4509
-5492
-5576
-5560
-5764
-5828
-5056
-4206
-3006
-2390
-2468
-3185
-3665
-2839
-927
1016
1724
1435
798
1292
3363
5502
5650
4407
3274
3257
3892
4388
4129
2740
1507
1690
3937
5933
7252
9136
11542
12382
10903
9470
8542
8186
6717
3982
763
-1922
-3463
-5379
-8293
-11553
-11313
-7733
-4513
-3280
-2906
-1998
-1263
-582
-382
-800
-2176
-3968
-4219
-3089
-2354
-3060
-4109
-4952
-5484
-5577
-5774
-6145
-6151
-5142
-3712
-2827
-2947
-3505
-3579
-3131
-1993
-367
1109
1580
1209
1263
2622
5096
6529
5687
3605
2681
3726
5046
5476
4330
2693
1440
1535
2621
4066
7191
11283
13756
11896
8571
7250
8371
9223
7261
3738
318
-1135
-2421
-5725
-10965
-13452
-10488
-5995
-3793
-4114
-4058
-3200
-1587
-115
469
-938
-3707
-4799
-3519
-1798
-1965
-3325
-4892
-5477
-4998
-4595
-5395
-6925
-7041
-5039
-2554
-2119
-3825
-5564
-5505
-3539
-837
1090
1446
694
541
1911
4334
6023
5916
4926
4329
4600
4783
4628
3903
3172
2859
2842
2810
2938
5345
9987
13524
12732
9374
7493
8032
9283
8550
5204
740
-2256
-2866
-3752
-7153
-11336
-11926
-8809
-5135
-2746
-2114
-3002
-3968
-2322
709
1375
-1757
-5099
-4758
-2395
-1328
-2376
-3806
-5138
-5802
-5186
-4341
-4532
-5624
-5665
-4373
-3137
-3310
-4207
-4540
-3893
-2190
-173
1001
906
639
1182
2668
4398
5535
5706
5368
4816
4417
4629
5227
4946
3146
1396
1342
2636
3297
4804
8495
11662
10659
7183
5766
6699
7918
6530
3253
41
-1116
-878
-2472
-7219
-12095
-11432
-7024
-3673
-3093
-3304
-3259
-2848
-1364
373
832
-1365
-3889
-4015
-2260
-1353
-1861
-3220
-4632
-4796
-3608
-2902
-4075
-5611
-5405
-2713
-343
-633
-3295
-5526
-4949
-1913
1114
1541
224
-934
-149
2368
4998
5663
4298
3223
3454
4606
5051
4577
3439
2285
2061
2902
3643
3386
4104
7073
10451
10480
7538
4895
5024
6816
6765
3797
-607
-3226
-3604
-3806
-6172
-9164
-9799
-7515
-4455
-2974
-2720
-3362
-3088
-1571
424
827
-1235
-3498
-3814
-2325
-1441
-1798
-3297
-4289
-4335
-3476
-3090
-4224
-5176
-4834
-2737
-1050
-1161
-2823
-4298
-3839
-1462
1049
1779
967
5
764
2637
4387
4791
4035
3664
3920
4662
5102
5177
4636
3633
2780
2688
2825
3083
4773
7764
10058
9002
6425
5188
5846
6312
4692
1881
-775
-1734
-1812
-3014
-6472
-9733
-9971
-7516
-4888
-3638
-2833
-2357
-1877
-1152
-108
-216
-2076
-3742
-3803
-3010
-2904
-3321
-3833
-4329
-4627
-4144
-3440
-3574
-4326
-4099
-2637
-1311
-1218
-2000
-2750
-2800
-1615
74
1031
490
-239
29
1549
3166
4228
4550
4227
4056
4379
5357
5688
4976
3317
2199
2479
3773
4915
5506
6750
8387
9257
7967
6100
5184
5466
5393
3811
1310
-1032
-2014
-3048
-5445
-9053
-10508
-8286
-4513
-2417
-2605
-2984
-2623
-1128
277
378
-1874
-4535
-5093
-3691
-2731
-3464
-4298
-4684
-4682
-4593
-3997
-3732
-4080
-3848
-2058
73
163
-1562
-3512
-3712
-2181
117
1317
316
-1373
-1417
884
3343
4116
3241
2427
2737
4180
5740
6110
5066
3396
2727
3348
4239
4495
5087
7250
9754
9779
6877
4385
4464
5730
5199
2753
522
-405
-550
-2066
-5709
-9539
-10053
-6824
-3494
-2771
-3460
-2912
-1042
717
1129
79
-2239
-4324
-4298
-2792
-2147
-3328
-4697
-5063
-4611
-4198
-4070
-4196
-4016
-2895
-944
437
-248
-2106
-3310
-2745
-1058
383
207
-1225
-2105
-1378
464
2138
3029
2973
2703
2745
3531
4844
5827
5651
4132
2141
1398
3010
5370
6919
7518
7737
7016
5754
5273
5572
5538
3947
2039
870
238
-1145
-3389
-6196
-8633
-8287
-5503
-2990
-2539
-2502
-1719
-737
-381
-584
-767
-1545
-2899
-3614
-3200
-3138
-3535
-3577
-3403
-3690
-4005
-3688
-3081
-2510
-1971
-1025
-402
-817
-2082
-2704
-1920
-418
603
102
-1325
-1948
-730
1068
2049
2020
1794
2108
2944
3626
4024
4568
4730
3987
2858
2596
3320
3953
3725
3773
5197
6770
6963
5967
4986
4201
3339
2101
863
420
451
-370
-3216
-7040
-9024
-7524
-4427
-2480
-1946
-1690
-973
-40
523
72
-1395
-3211
-4310
-4157
-3565
-3301
-3488
-3768
-3658
-2640
-1486
-1496
-2416
-2564
-877
1438
2367
922
-1647
-3155
-2409
-624
-266
-1686
-2919
-2410
-887
221
480
534
1040
2149
3493
4309
4562
4894
5308
4865
3759
3352
4093
4701
4202
3830
4715
5904
5694
4439
3309
2794
2494
1798
891
285
80
-1011
-3381
-5986
-6778
-5272
-3411
-2690
-2755
-2068
-740
316
220
-950
-2514
-3890
-4763
-4993
-4280
-3284
-2710
-2958
-3381
-3244
-2542
-1909
-1477
-607
688
1704
1518
328
-946
-1432
-1388
-1503
-2006
-2602
-2708
-2244
-1302
-218
793
1568
2272
3062
3762
4477
5190
5652
5272
4140
3167
3045
3557
3764
3720
4017
4845
5291
4669
3529
2795
2842
2686
1919
922
309
-414
-1953
-4068
-5763
-5641
-3928
-1950
-1136
-1285
-1523
-1431
-1323
-1727
-2456
-3394
-4170
-4472
-3912
-3192
-2998
-3161
-3028
-2251
-1462
-1296
-1785
-1689
-409
1324
1899
811
-832
-1835
-2095
-2156
-2110
-2171
-2448
-2687
-2317
-1512
-594
524
1722
2412
2458
2923
4339
5735
5846
4860
3943
3873
4298
4431
3659
2827
3334
5026
5989
5062
3736
3237
3281
2554
1398
688
592
455
-721
-2726
-4904
-5538
-4436
-2584
-1507
-1624
-2115
-2418
-2025
-1671
-2147
-3671
-4832
-4473
-3191
-2541
-3066
-3652
-3328
-2191
-1270
-1188
-1680
-1628
-534
849
1079
5
-1383
-2206
-2496
-2700
-2759
-2779
-2670
-2477
-1909
-1133
-256
818
2011
3039
3622
4147
4755
5306
5401
5097
4657
4287
3840
3062
2471
3005
4625
5642
4996
3856
3867
4608
4379
2722
943
477
1340
1742
-181
-3818
-5956
-4613
-1877
-991
-2267
-3479
-3283
-2107
-1077
-1416
-3555
-6000
-6387
-4569
-2895
-2821
-3479
-3504
-2627
-1272
-257
-515
-1495
-1468
254
1806
1382
-511
-2409
-3471
-3728
-3216
-2693
-2964
-3582
-3360
-2056
-668
402
1407
2429
3211
3906
4847
5724
6071
5733
4909
4042
3510
3368
3095
2608
2737
3815
4935
4914
4144
3604
3600
3465
2943
2469
2262
2160
1169
-899
-3332
-4700
-4396
-3405
-2746
-2594
-2456
-2301
-2214
-2369
-2802
-3846
-5116
-5490
-4597
-3204
-2507
-2532
-2449
-1876
-1067
-276
-15
-93
-161
299
1020
724
-769
-2545
-3487
-3590
-3527
-3868
-4243
-4346
-3560
-1819
-77
1192
1832
2480
3137
3541
4164
5256
5883
5295
3841
2994
3239
3514
3243
2379
1933
2648
4171
5161
4773
3663
3429
4081
4257
3363
1946
1340
1040
52
-1747
-3587
-4363
-3894
-2819
-2161
-2483
-3135
-2885
-1938
-1408
-2192
-3648
-4544
-4366
-3118
-1806
-1499
-2145
-2418
-1293
435
952
88
-816
-608
382
566
-812
-3157
-4953
-5191
-4413
-3902
-4114
-4578
-4356
-3089
-1217
587
1564
1934
2462
3561
4866
5635
5479
4645
3595
2959
2998
3059
2497
1375
1040
2379
4390
5263
4631
4058
4815
6038
6075
4662
2964
2319
2385
1753
-652
-3802
-5183
-4003
-2188
-1998
-3299
-4337
-4050
-2759
-1297
-1022
-2634
-4676
-4765
-2617
-790
-950
-1935
-1978
-851
435
851
-6
-1461
-1858
-732
59
-1142
-3524
-5007
-5079
-4659
-4332
-4181
-4365
-4529
-3654
-1463
768
1721
1765
2091
3134
4444
5445
5681
4887
3487
2560
2521
2582
1978
1147
1006
1799
3168
4649
5622
5511
4816
4616
5081
5134
4114
2807
2098
1796
997
-922
-3691
-5852
-5813
-3708
-1688
-1603
-2830
-3531
-3023
-2089
-1625
-1989
-2913
-3347
-2428
-820
-20
-221
-341
39
149
-491
-1428
-2004
-1876
-1075
-505
-1403
-3686
-5724
-6122
-5126
-3661
-2476
-2153
-2661
-2814
-1391
1072
2856
3160
2834
2965
3785
4817
5331
4711
3209
1977
1845
2239
2049
1368
1262
2296
3764
4758
5051
4937
4830
4955
4993
4196
2586
1183
623
167
-1053
-2696
-4045
-4812
-4873
-4062
-2875
-2337
-2656
-2946
-2691
-2335
-2268
-2317
-2249
-2127
-1899
-1425
-841
-320
131
275
-233
-1121
-1487
-1067
-869
-1674
-2972
-3806
-3919
-3771
-3771
-3972
-4080
-3595
-2505
-1398
-627
181
1459
2891
3839
4296
4703
5164
5378
4975
3992
2873
2194
2127
2197
1963
1676
2031
3184
4450
5192
5401
5482
5611
5592
5085
3854
2283
1078
491
-391
-2409
-4923
-6258
-5634
-4041
-2973
-3193
-3963
-3943
-2565
-987
-819
-2069
-3192
-3062
-2280
-1842
-1884
-1820
-1410
-887
-658
-867
-1247
-1400
-1343
-1625
-2520
-3656
-4411
-4737
-4807
-4656
-4212
-3563
-2842
-1987
-897
446
1818
3078
4044
4693
5108
5409
5486
5001
3885
2612
1928
2029
2490
2701
2646
2890
4032
5668
6547
6067
5175
5127
5605
5259
3649
1865
819
247
-619
-2159
-4054
-5381
-5255
-4010
-3071
-3265
-3824
-3644
-2652
-1594
-1146
-1644
-2782
-3400
-2685
-1442
-1168
-1900
-2190
-1359
-416
-510
-1569
-2658
-3058
-2761
-2490
-3043
-4267
-5097
-4882
-4209
-3852
-3681
-3170
-2169
-833
701
2113
2996
3420
3992
4917
5662
5689
5017
4075
3299
2989
3050
2983
2595
2427
3108
4386
5370
5643
5546
5571
5789
5875
5404
4156
2395
775
-224
-817
-1623
-2994
-4557
-5463
-5154
-3999
-3109
-3193
-3730
-3566
-2458
-1453
-1567
-2528
-3194
-2962
-2225
-1732
-1723
-1907
-1872
-1534
-1280
-1436
-1857
-2183
-2436
-2918
-3583
-4011
-4043
-4020
-4196
-4291
-3807
-2694
-1468
-607
-35
824
2362
4128
5188
5151
4630
4434
4630
4671
4185
3412
2865
2848
3180
3325
3098
2990
3642
4902
5871
5972
5492
5043
4683
3875
2379
848
76
-168
-1011
-2938
-4830
-5242
-4236
-3190
-3118
-3690
-3908
-3267
-2130
-1354
-1515
-2322
-2877
-2635
-2014
-1783
-2052
-2269
-2046
-1633
-1551
-1963
-2407
-2348
-1869
-1665
-2222
-3196
-3861
-3934
-3761
-3545
-3008
-2017
-971
-306
156
890
1943
2975
3783
4332
4578
4441
4016
3627
3532
3737
3854
3501
2922
2713
3097
3744
4320
4888
5355
5331
4765
4070
3568
2970
1941
677
-310
-821
-1290
-2269
-3710
-4821
-4885
-4081
-3224
-2791
-2548
-2213
-1829
-1575
-1472
-1616
-2146
-2769
-2908
-2391
-1763
-1600
-1912
-2305
-2443
-2291
-2071
-2070
-2288
-2475
-2569
-2776
-3160
-3413
-3259
-2769
-2182
-1614
-1104
-652
-145
675
1797
2860
3514
3695
3620
3509
3589
3937
4296
4295
3933
3544
3473
3774
4295
4764
4823
4529
4364
4639
4942
4637
3749
2734
1798
787
-312
-1339
-2287
-3290
-4190
-4568
-4303
-3701
-3290
-3298
-3402
-3064
-2206
-1521
-1620
-2254
-2669
-2547
-2309
-2347
-2497
-2397
-2036
-1773
-1860
-2191
-2354
-2057
-1530
-1406
-2027
-2871
-3163
-2716
-2118
-1867
-1805
-1472
-672
325
1101
1449
1675
2273
3300
4079
4005
3351
2988
3381
4117
4438
4048
3381
3156
3590
4171
4369
4234
4192
4370
4518
4312
3691
2862
2138
1620
1006
22
-1223
-2306
-3103
-3781
-4337
-4464
-4068
-3593
-3423
-3507
-3420
-2894
-2102
-1616
-1858
-2460
-2600
-2102
-1730
-2093
-2806
-3142
-2887
-2306
-1855
-1881
-2355
-2688
-2408
-1809
-1567
-1812
-2059
-1964
-1537
-981
-525
-272
-52
435
1182
1896
2506
3111
3561
3685
3617
3689
3892
3959
3908
3955
4116
4189
4066
3975
4207
4771
5223
5049
4411
3978
3957
3671
2485
764
-526
-1088
-1457
-2209
-3393
-4461
-4803
-4306
-3619
-3463
-3782
-3872
-3302
-2328
-1511
-1446
-2272
-3257
-3251
-2126
-1198
-1561
-2696
-3312
-2989
-2348
-1997
-1989
-2128
-2256
-2376
-2517
-2581
-2361
-1803
-1183
-802
-667
-555
-308
162
888
1735
2359
2619
2817
3191
3551
3567
3423
3641
4293
4840
4757
4178
3746
3903
4485
4893
4800
4455
4178
3963
3578
2931
2110
1308
592
-115
-866
-1660
-2503
-3475
-4441
-4913
-4504
-3590
-3073
-3344
-3849
-3734
-2835
-1811
-1454
-1901
-2543
-2627
-2070
-1579
-1736
-2343
-2683
-2430
-1929
-1691
-1935
-2403
-2577
-2166
-1549
-1462
-2018
-2411
-1874
-660
275
320
-150
-268
472
1810
2871
3154
2935
2892
3297
3762
3971
4082
4332
4637
4628
4147
3536
3294
3617
4225
4631
4488
3872
3180
2759
2530
2150
1395
465
-255
-663
-1024
-1804
-3130
-4455
-5006
-4549
-3694
-3231
-3323
-3496
-3313
-2763
-2219
-2014
-2205
-2614
-2834
-2639
-2154
-1845
-2075
-2669
-3070
-2933
-2445
-2010
-1899
-1972
-1924
-1649
-1351
-1269
-1264
-987
-400
132
292
253
470
1141
2030
2754
3047
2936
2734
2856
3471
4276
4805
4811
4457
4133
4073
4250
4462
4533
4398
4109
3747
3346
2912
2452
1926
1289
551
-182
-809
-1409
-2179
-3094
-3808
-4117
-4118
-4000
-3853
-3664
-3506
-3339
-2986
-2393
-1817
-1630
-1897
-2383
-2706
-2579
-2135
-1862
-2081
-2591
-2861
-2570
-1909
-1364
-1319
-1636
-1755
-1299
-588
-313
-676
-1064
-860
-128
584
946
1151
1474
1995
2573
3069
3368
3390
3261
3300
3755
4349
4419
3704
2799
2593
3201
3849
3839
3371
3098
3195
3248
2847
2120
1434
894
310
-426
-1103
-1522
-1784
-2310
-3220
-4029
-4166
-3556
-2775
-2467
-2748
-3160
-3119
-2467
-1659
-1395
-1973
-2878
-3155
-2471
-1509
-1237
-1901
-2675
-2687
-1990
-1388
-1480
-1969
-2093
-1554
-766
-441
-824
-1348
-1201
-205
929
1344
993
710
1198
2283
3162
3269
2858
2646
3023
3698
4134
4077
3651
3215
3095
3385
3861
4098
3901
3437
3046
2942
2989
2847
2301
1416
523
-28
-240
-461
-1103
-2165
-3182
-3705
-3691
-3491
-3440
-3561
-3631
-3483
-3177
-2910
-2828
-2930
-3054
-2981
-2652
-2252
-2089
-2220
-2342
-2212
-1941
-1831
-1996
-2201
-2162
-1833
-1438
-1188
-1110
-1094
-1004
-768
-345
219
819
1334
1735
2103
2537
2987
3331
3533
3647
3789
3985
4156
4268
4350
4401
4354
4146
3855
3700
3730
3778
3612
3173
2630
2157
1753
1286
703
117
-395
-841
-1314
-1887
-2449
-2888
-3256
-3640
-4092
-4444
-4443
-4123
-3808
-3837
-4165
-4359
-4070
-3413
-2838
-2700
-2852
-2893
-2640
-2270
-2092
-2131
-2130
-1875
-1404
-1008
-892
-977
-988
-729
-243
271
659
952
1248
1602
2019
2452
2814
3114
3460
3925
4446
4819
4875
4627
4264
4059
4203
4573
4759
4432
3789
3260
3059
3034
2853
2423
1812
1246
880
539
-53
-918
-1736
-2279
-2634
-2992
-3391
-3744
-3913
-3847
-3706
-3836
-4363
-4869
-4854
-4352
-3871
-3817
-4151
-4472
-4356
-3677
-2755
-2149
-2005
-1926
-1590
-1113
-789
-707
-750
-760
-591
-224
118
263
386
740
1292
1815
2320
2904
3376
3521
3533
3801
4233
4376
4138
3939
4130
4572
4886
4789
4326
3966
4153
4535
4245
3194
2421
2666
3085
2378
722
-504
-617
-353
-718
-1916
-3302
-3961
-3549
-2929
-3319
-4701
-5770
-5650
-4983
-4704
-4837
-5031
-5140
-5032
-4571
-4075
-4062
-4231
-3690
-2466
-1604
-1670
-2036
-1830
-1004
-14
657
600
27
-258
298
1239
1655
1475
1302
1589
2325
3179
3815
4043
4081
4389
4978
5425
5581
5689
5812
5627
5021
4443
4267
4289
4133
3726
3222
2742
2278
1742
1050
310
-255
-698
-1302
-2063
-2648
-2910
-3224
-3876
-4608
-5057
-5134
-5041
-4970
-5102
-5541
-5998
-6134
-5908
-5563
-5292
-5072
-4863
-4532
-3885
-3056
-2343
-1894
-1486
-808
-27
544
838
1065
1454
1949
2308
2387
2336
2603
3334
4095
4426
4316
4185
4337
4766
5384
5856
5780
5226
4713
4706
5020
5036
4516
3689
3054
2956
3120
2896
1990
901
325
108
-317
-1010
-1598
-1897
-2150
-2600
-3267
-4077
-4669
-4712
-4487
-4604
-5329
-6103
-6291
-5988
-5596
-5510
-5894
-6347
-6202
-5286
-4265
-3894
-3922
-3596
-2733
-1756
-1064
-602
-139
494
1366
2194
2545
2468
2573
3224
4027
4326
4098
3902
4113
4711
5334
5570
5292
4865
4882
5398
5782
5566
5008
4619
4484
4340
4019
3455
2730
2150
1941
1791
1104
-51
-944
-1259
-1473
-2084
-2965
-3634
-3890
-3847
-3785
-4072
-4693
-5149
-5038
-4692
-4735
-5136
-5391
-5335
-5282
-5424
-5628
-5741
-5625
-5141
-4386
-3734
-3361
-2894
-2021
-973
-149
442
1019
1634
2199
2718
3185
3447
3598
3937
4484
4845
4775
4612
4828
5310
5608
5478
5054
4644
4552
4803
4867
4274
3386
3020
3253
3298
2742
2070
1722
1517
1159
553
-287
-1175
-1759
-1908
-2098
-2784
-3662
-4182
-4300
-4287
-4209
-4103
-4210
-4511
-4598
-4367
-4178
-4262
-4327
-4188
-4148
-4347
-4474
-4335
-4031
-3697
-3353
-2974
-2586
-2064
-1338
-560
149
834
1564
2175
2550
2890
3390
3903
4216
4315
4368
4461
4556
4695
4915
5135
5188
5002
4722
4520
4305
3923
3381
2920
2673
2317
1647
1042
954
1231
1222
629
-88
-392
-322
-418
-1135
-2273
-3217
-3546
-3535
-3747
-4248
-4652
-4665
-4381
-4001
-3641
-3442
-3458
-3467
-3192
-2787
-2690
-3059
-3504
-3554
-3193
-2801
-2673
-2696
-2504
-1876
-1044
-388
-17
339
916
1653
2317
2740
2934
3024
3206
3551
3921
4117
4064
3937
3949
4090
4178
4017
3655
3294
3025
2807
2515
2112
1688
1343
1103
894
660
489
405
324
123
-232
-563
-794
-1007
-1303
-1751
-2286
-2779
-3085
-3082
-2936
-2995
-3294
-3460
-3130
-2447
-1932
-1869
-1996
-1900
-1500
-1092
-970
-1089
-1191
-1131
-1043
-1144
-1359
-1418
-1157
-721
-404
-294
-257
-56
463
1169
1741
1954
1893
1898
2116
2405
2567
2550
2456
2356
2256
2167
2090
2051
1992
1785
1463
1163
978
861
698
497
326
220
111
-46
-148
-141
-83
-97
-250
-501
-765
-980
-1126
-1220
-1335
-1538
-1802
-1977
-1960
-1818
-1697
-1626
-1502
-1265
-1027
-936
-922
-791
-476
-176
-155
-394
-661
-729
-614
-501
-493
-602
-734
-771
-650
-366
-35
236
447
661
930
1230
1521
1783
2003
2132
2111
1974
1817
1720
1686
1627
1472
1236
977
765
638
591
568
511
372
190
7
-132
-185
-186
-209
-330
-539
-735
-833
-818
-776
-835
-1023
-1254
-1364
-1297
-1202
-1223
-1363
-1468
-1397
-1169
-915
-729
-617
-512
-331
-92
114
170
84
-24
-54
-25
-96
-336
-620
-762
-672
-483
-381
-366
-305
-41
403
831
1139
1308
1474
1754
2069
2273
2187
1878
1612
1489
1425
1222
830
438
198
119
69
-116
-373
-506
-417
-189
-85
-228
-465
-602
-529
-371
-356
-513
-741
-844
-791
-759
-829
-980
-1068
-985
-847
-779
-866
-1029
-1048
-875
-599
-407
-353
-283
-100
186
431
535
552
559
600
599
465
241
19
-110
-137
-159
-195
-201
-103
133
415
639
800
938
1101
1244
1274
1188
1022
856
743
612
409
149
-58
-121
-97
-90
-153
-264
-331
-344
-363
-436
-564
-629
-555
-439
-403
-538
-707
-719
-597
-468
-498
-647
-714
-616
-450
-367
-414
-423
-227
111
360
383
302
360
640
938
991
774
522
477
604
635
373
-41
-332
-362
-240
-231
-393
-548
-499
-238
8
51
-47
-49
183
540
752
693
518
455
565
626
435
64
-226
-282
-219
-285
-548
-820
-876
-690
-473
-394
-413
-372
-203
2
97
91
109
184
248
193
48
-55
-45
8
-5
-102
-202
-216
-146
-68
-46
-53
-46
20
140
254
365
450
521
568
565
552
504
404
272
106
-56
-205
-371
-535
-657
-668
-580
-456
-362
-309
-221
-61
129
272
354
375
382
407
408
343
211
75
23
74
122
89
-35
-186
-260
-277
-288
-333
-397
-390
-302
-235
-252
-335
-384
-307
-117
76
185
203
188
168
120
33
-55
-59
37
178
252
217
113
30
61
198
361
488
550
562
535
436
301
162
60
34
16
-30
-125
-266
-395
-473
-464
-379
-268
-165
-109
-52
27
90
130
131
115
106
118
140
142
83
-21
-130
-214
-264
-311
-337
-325
-281
-232
-231
-276
-313
-310
-245
-141
-63
-30
-48
-74
-79
-65
-11
28
30
12
-30
-53
-43
3
85
173
260
303
281
229
191
223
329
463
541
505
411
287
154
58
19
33
87
130
103
24
-76
-157
-168
-120
-28
62
106
117
98
74
41
25
34
36
21
-28
-97
-146
-155
-133
-106
-116
-182
-270
-336
-341
-282
-180
-72
-31
-70
-166
-263
-308
-284
-191
-80
-6
-39
-168
-307
-367
-311
-191
-98
-67
-79
-116
-146
-160
-95
39
167
249
234
187
195
260
351
432
456
384
249
125
83
114
174
216
235
238
171
80
73
207
421
563
560
501
463
431
375
306
297
322
290
175
26
-123
-245
-333
-348
-300
-304
-398
-513
-538
-496
-511
-551
-509
-369
-237
-239
-347
-422
-406
-368
-348
-324
-305
-320
-381
-431
-423
-382
-315
-199
-32
114
162
117
104
182
319
453
542
569
525
424
322
257
241
264
307
360
373
280
110
-12
-16
72
190
273
337
375
340
255
190
206
261
289
264
198
85
-79
-234
-289
-284
-283
-331
-414
-433
-416
-405
-381
-335
-281
-279
-336
-374
-344
-281
-236
-218
-189
-174
-213
-283
-309
-250
-130
-44
-12
21
65
95
94
111
173
260
314
314
326
339
323
289
270
286
295
263
196
140
123
133
148
160
177
174
146
103
67
80
115
125
130
111
64
-3
-53
-61
-59
-62
-98
-136
-150
-177
-224
-254
-254
-224
-219
-234
-236
-232
-214
-206
-183
-137
-99
-69
-50
-40
-14
-10
-34
-47
-48
-25
0
22
55
88
122
134
143
148
151
170
188
203
218
227
228
197
125
55
5
-23
-36
-41
-28
-16
-44
-111
-152
-154
-128
-97
-61
-2
48
51
-7
-62
-73
-71
-66
-77
-73
-39
-40
-94
-167
-193
-166
-123
-95
-80
-40
-2
-7
-50
-68
-13
50
74
74
81
107
102
61
36
53
101
116
105
103
124
139
113
89
107
148
177
174
159
172
179
145
94
63
58
56
41
14
1
-4
-38
-80
-109
-122
-120
-141
-145
-126
-129
-143
-173
-176
-142
-127
-129
-124
-106
-88
-99
-132
-130
-97
-88
-103
-103
-86
-67
-75
-88
-58
-7
24
29
32
45
70
74
68
78
108
146
136
112
117
138
156
140
127
134
152
158
140
137
148
146
132
107
92
81
66
46
36
38
35
11
-27
-41
-43
-64
-95
-126
-135
-119
-116
-115
-111
-119
-133
-159
-174
-169
-174
-174
-150
-115
-87
-91
-116
-134
-128
-116
-102
-74
-42
-18
-13
-19
-44
-61
-34
25
89
135
147
130
117
116
111
115
145
179
219
227
200
179
163
159
178
204
219
222
201
176
149
127
106
74
51
38
29
7
-50
-94
-103
-117
-141
-171
-190
-191
-207
-229
-236
-236
-239
-242
-237
-223
-212
-213
-206
-189
-177
-164
-157
-131
-107
-102
-88
-69
-33
-12
-7
12
44
75
65
45
67
117
148
152
152
182
204
196
173
176
212
227
212
202
221
240
213
175
173
196
196
154
116
123
130
94
32
7
26
10
-47
-97
-113
-112
-140
-192
-211
-186
-178
-215
-245
-231
-201
-210
-236
-229
-183
-150
-159
-155
-123
-96
-98
-118
-119
-94
-65
-28
-9
9
33
30
33
43
54
95
129
153
174
193
213
204
183
174
183
202
198
193
195
189
168
121
89
76
70
70
80
82
62
28
-13
-48
-58
-64
-74
-74
-85
-106
-144
-188
-207
-218
-226
-231
-237
-229
-222
-232
-248
-262
-244
-220
-195
-176
-149
-107
-85
-72
-61
-43
-25
-17
-6
19
61
118
159
178
192
206
199
197
209
235
279
308
327
335
345
333
313
298
285
282
271
276
278
274
242
177
123
89
53
22
5
-5
-21
-55
-98
-148
-191
-230
-265
-286
-301
-315
-337
-364
-382
-384
-408
-425
-426
-427
-406
-397
-391
-379
-367
-343
-311
-276
-245
-207
-179
-143
-85
-19
37
78
113
142
155
153
165
191
235
286
331
369
386
393
408
416
435
461
475
492
491
476
447
416
389
360
334
305
273
229
187
151
113
69
31
-24
-78
-120
-173
-209
-244
-283
-307
-343
-383
-421
-452
-466
-480
-488
-490
-498
-502
-492
-478
-451
-429
-409
-379
-339
-298
-258
-213
-165
-124
-77
-39
0
48
77
125
165
205
255
284
320
338
354
379
389
404
429
456
477
483
483
487
477
462
439
405
384
350
307
271
230
186
139
82
43
-6
-52
-82
-126
-166
-206
-248
-270
-297
-339
-369
-383
-386
-372
-388
-395
-389
-398
-382
-381
-368
-333
-311
-284
-264
-243
-217
-196
-160
-126
-86
-49
-20
18
46
74
103
118
147
171
182
200
198
215
239
254
274
265
274
279
265
267
259
254
253
240
232
214
179
154
136
125
111
86
61
27
1
-15
-37
-52
-70
-85
-95
-104
-111
-120
-136
-148
-158
-156
-166
-175
-175
-179
-184
-195
-194
-194
-188
-189
-185
-160
-150
-144
-148
-132
-106
-90
-73
-49
-19
5
21
33
65
102
110
105
112
139
150
126
115
140
159
158
152
155
175
165
151
155
165
176
158
124
117
113
94
68
42
52
54
29
7
-19
-18
-31
-76
-93
-99
-96
-109
-138
-133
-130
-133
-147
-157
-138
-137
-148
-165
-165
-130
-131
-145
-136
-123
-99
-114
-105
-57
-39
-18
-18
-2
34
33
36
48
74
99
90
101
118
125
139
129
147
160
139
134
120
116
120
97
92
91
78
81
54
40
30
6
-3
-29
-42
-37
-62
-75
-84
-86
-73
-83
-92
-86
-78
-83
-96
-92
-72
-63
-69
-65
-60
-50
-58
-64
-41
-25
-11
-15
-18
11
20
10
12
27
52
49
44
55
61
76
67
72
104
101
83
68
68
84
70
53
67
70
73
59
44
69
70
54
37
26
38
16
-9
-11
-5
-6
-43
-69
-73
-76
-86
-113
-128
-119
-141
-175
-185
-179
-166
-185
-208
-195
-193
-185
-182
-184
-157
-152
-153
-137
-110
-85
-79
-70
-38
-23
-15
9
38
88
113
117
132
155
181
194
212
252
282
286
287
288
312
317
300
303
307
311
299
280
277
263
247
228
208
195
155
120
102
72
36
-1
-41
-69
-101
-133
-167
-201
-231
-271
-304
-333
-345
-366
-380
-390
-391
-381
-383
-378
-370
-361
-351
-341
-328
-313
-291
-263
-241
-221
-191
-170
-138
-105
-79
-39
-8
27
61
86
125
162
193
218
234
256
273
293
310
338
358
360
364
360
359
356
355
357
344
327
308
288
266
223
199
188
174
160
124
97
68
37
8
-30
-55
-85
-122
-159
-195
-218
-243
-265
-274
-282
-290
-302
-317
-318
-325
-328
-315
-311
-305
-296
-286
-271
-265
-248
-210
-183
-138
-113
-89
-56
-45
-11
15
29
62
73
95
118
126
153
159
173
205
219
231
235
245
256
241
243
245
238
249
238
227
219
186
169
157
135
122
98
74
55
11
-3
-26
-66
-74
-115
-138
-146
-173
-183
-196
-208
-212
-230
-227
-233
-244
-226
-219
-203
-179
-169
-151
-140
-128
-104
-89
-75
-55
-37
-12
11
23
56
74
88
116
125
146
173
183
205
209
207
214
216
226
229
227
219
201
185
171
153
143
129
118
97
72
48
8
-22
-42
-70
-86
-100
-136
-154
-179
-191
-196
-212
-216
-242
-253
-244
-259
-254
-268
-275
-238
-224
-203
-198
-181
-137
-132
-111
-96
-76
-38
-35
-24
14
36
56
63
85
119
126
143
168
189
210
217
243
277
262
260
267
284
293
262
257
271
268
236
210
225
242
204
151
128
123
93
40
20
23
-2
-55
-100
-119
-136
-175
-218
-235
-248
-268
-284
-293
-285
-288
-312
-328
-317
-295
-287
-283
-272
-249
-237
-231
-212
-180
-154
-144
-117
-83
-63
-44
-19
21
60
78
102
134
168
191
204
216
252
279
268
269
278
293
291
282
279
277
280
263
239
225
210
195
155
126
118
101
77
38
11
-6
-40
-73
-90
-97
-123
-164
-195
-202
-212
-243
-265
-261
-258
-277
-298
-294
-271
-258
-265
-255
-217
-198
-198
-205
-189
-150
-121
-107
-73
-22
17
39
55
86
131
149
156
179
206
229
236
236
243
261
268
261
261
265
264
260
264
259
252
251
235
221
193
155
141
119
99
79
41
12
-13
-51
-83
-129
-167
-189
-218
-245
-271
-287
-299
-314
-334
-338
-328
-324
-323
-319
-302
-290
-281
-268
-253
-232
-196
-168
-139
-105
-72
-42
-16
12
39
70
99
124
140
160
181
193
199
212
226
232
250
259
257
253
250
255
247
237
233
223
213
196
174
167
152
134
125
104
87
61
34
30
13
-16
-41
-71
-86
-107
-124
-141
-156
-152
-169
-184
-182
-204
-209
-213
-214
-190
-195
-186
-177
-181
-161
-156
-152
-133
-126
-100
-79
-70
-51
-54
-30
-3
-2
32
50
75
100
95
117
129
137
153
146
156
174
167
162
148
149
159
140
139
136
113
107
93
73
63
42
24
13
1
-10
-28
-32
-47
-73
-75
-89
-95
-96
-118
-115
-120
-132
-124
-133
-136
-136
-133
-119
-114
-105
-88
-75
-66
-52
-42
-28
-15
-7
-7
1
16
26
24
19
36
59
80
90
95
104
107
107
115
125
138
131
123
127
124
106
101
98
93
89
71
70
63
48
43
29
24
9
-20
-35
-51
-64
-83
-95
-87
-100
-119
-130
-135
-145
-157
-161
-160
-156
-151
-139
-133
-127
-117
-105
-95
-86
-72
-56
-42
-34
-26
-19
1
18
32
48
57
72
86
103
108
118
131
139
151
151
146
151
158
161
152
146
145
137
125
114
98
89
68
55
55
36
21
-2
-17
-23
-37
-36
-44
-49
-58
-79
-81
-84
-113
-127
-132
-128
-131
-153
-136
-131
-137
-130
-132
-116
-114
-128
-109
-97
-89
-86
-89
-67
-69
-76
-58
-46
-25
-13
-17
8
29
35
44
54
85
97
85
92
104
114
120
122
138
148
134
126
131
144
145
137
141
149
143
134
127
119
115
93
75
65
53
40
17
14
12
-14
-36
-67
-83
-75
-81
-84
-96
-93
-90
-128
-139
-148
-159
-152
-164
-160
-144
-149
-140
-133
-126
-101
-100
-105
-97
-89
-70
-70
-63
-38
-19
-10
-14
-2
22
23
36
34
49
82
55
56
74
89
121
86
77
119
120
117
100
110
151
129
100
88
78
99
55
26
60
60
58
27
6
32
15
-6
-23
-29
5
-23
-50
-33
-24
-18
-41
-59
-35
-28
-49
-62
-61
-27
-29
-54
-48
-44
-34
-41
-64
-50
-29
-22
-30
-40
-21
-20
-26
-26
-27
-11
-9
-15
-2
-2
17
34
28
29
15
19
30
20
16
23
45
43
16
8
10
33
34
13
26
37
39
12
-15
-10
3
-3
-15
-8
-5
-12
-30
-33
-19
-10
-1
-5
-16
-17
-29
-41
-38
-18
2
-3
-5
-15
-11
-7
-15
-10
-1
1
-6
-12
-8
6
19
24
19
15
14
7
5
22
32
38
35
23
12
4
2
5
12
20
27
27
29
31
31
26
13
11
7
-5
-16
-9
-1
5
16
4
-3
-10
-23
-24
-39
-33
-31
-43
-32
-27
-16
-13
-23
-6
-17
-21
-20
-33
-19
-14
-3
12
0
6
-1
-13
-10
-21
-13
-1
-7
5
13
19
27
24
19
14
5
4
12
17
21
14
13
16
11
20
21
26
30
15
10
8
1
7
15
27
30
14
5
-4
-14
-10
-15
-11
-1
1
-3
-13
-13
-18
-30
-26
-12
-14
-13
-12
-14
-18
-31
-29
-30
-23
-12
-14
-11
-19
-19
-20
-21
-9
0
6
0
-7
-11
-11
-4
6
15
25
26
30
32
30
27
23
18
12
10
17
25
33
50
55
41
22
14
10
18
23
27
30
19
8
-12
-29
-19
-14
-14
-11
-10
-6
-22
-38
-29
-20
-12
-6
-19
-39
-52
-55
-50
-44
-33
-19
-23
-30
-40
-42
-35
-39
-24
-7
-2
-5
-14
-17
-23
-24
-8
4
8
16
20
16
5
2
12
24
41
60
69
61
46
45
43
51
62
62
61
61
53
36
33
41
43
51
50
43
35
12
2
1
-3
0
4
-1
-10
-36
-41
-44
-47
-36
-44
-45
-51
-63
-68
-62
-56
-48
-38
-37
-42
-49
-50
-45
-35
-30
-21
-16
-16
-22
-32
-28
-23
-12
11
10
1
6
2
7
14
31
48
38
21
8
9
25
32
46
56
43
30
13
3
1
2
16
24
10
17
16
10
14
7
17
20
22
24
12
8
0
-6
-1
0
-1
10
1
-18
-16
-7
1
-3
-2
6
10
7
-4
-5
-3
-10
-9
-10
-11
-2
-12
-13
0
-12
-12
-14
-20
-4
-12
-9
-7
-21
-19
-18
-15
-10
-11
-13
-4
-3
-8
-10
-9
-7
-10
-10
4
17
16
9
1
4
-1
-6
-4
1
9
4
-2
-5
-3
0
-10
-6
2
7
13
10
3
12
18
21
17
17
16
3
-1
5
10
16
12
4
9
-1
-8
-7
-4
8
12
9
11
9
1
-4
0
6
3
-4
-18
-17
-3
-8
-6
0
-8
2
9
14
21
13
10
5
-8
-13
-12
4
-4
-16
-11
-9
-4
-5
-9
-7
2
-6
-17
-15
-5
-6
-7
-3
-5
2
1
-3
-7
-9
-6
-2
4
1
1
6
-4
-12
-13
-9
-5
-10
-11
0
6
5
0
2
11
17
8
1
-2
3
14
8
12
11
10
10
0
0
5
15
7
1
3
10
13
10
8
13
20
19
15
4
5
11
12
13
10
9
-2
-7
-8
-15
-10
-7
-1
-15
-34
-32
-24
-9
-9
-12
-20
-26
-29
-29
-28
-29
-19
-7
-1
5
5
-3
1
0
-2
-3
-10
-9
-6
1
5
10
16
11
7
3
16
25
24
30
28
27
20
5
2
6
17
20
17
17
14
10
7
4
7
13
13
2
2
-3
-6
-6
-14
1
6
-4
-12
-16
-22
-23
-27
-24
-13
-8
-5
-7
-8
-7
-9
-7
-7
0
6
-1
-6
-15
-7
-1
6
13
10
2
-5
-5
-9
-5
-4
5
7
3
4
1
-12
-9
-4
-2
-2
-9
-4
0
5
-2
-10
-6
4
3
4
6
13
18
16
12
4
16
18
18
19
11
13
7
-1
-1
-10
-3
2
-8
-5
-5
-6
-4
-12
-4
-1
1
13
4
-1
0
-6
-3
-5
0
6
1
-8
-10
-14
-10
-10
-23
-14
-12
-12
-8
-9
4
-2
-4
-5
-5
8
4
6
6
2
3
1
10
13
14
12
10
9
10
8
5
2
-4
-6
-1
-1
-6
-4
-9
-8
2
8
6
2
14
21
13
16
4
0
1
-4
0
4
5
-11
-15
-3
8
10
-1
-6
1
-3
-4
9
11
15
8
-5
-11
-13
-17
-16
-9
-5
1
-7
-22
-24
-19
-16
-12
-6
-3
-5
2
3
0
0
0
3
-6
-8
-5
-3
-5
-1
13
20
12
1
-2
0
-1
-5
-1
6
16
15
5
9
12
3
1
-2
-1
9
6
1
-11
-7
5
0
3
1
8
23
18
12
8
9
9
1
-9
-7
3
2
-5
-14
-9
-2
-9
-14
-9
-3
5
6
6
1
-7
-4
-8
-5
4
11
10
9
6
-2
-2
-3
1
-8
-6
0
-4
-5
-13
-10
-9
-11
-5
-1
2
1
-9
-20
-20
-22
-18
-9
-4
3
10
11
14
22
26
11
0
3
9
21
19
16
6
-1
-4
-9
2
14
21
20
16
12
9
-1
-6
-6
-10
-5
-4
-9
-5
-9
-10
-15
-12
-1
-4
5
6
-2
-4
-8
-10
-8
-11
-13
-14
-14
-3
-1
-5
-1
-1
-1
0
-9
-9
-6
-8
-9
-18
-13
-4
-7
-10
-10
-1
0
-3
2
2
11
21
15
11
9
9
8
10
12
9
10
7
8
14
11
13
6
-1
-2
-1
6
18
18
11
17
16
18
11
3
13
14
7
8
13
18
12
2
1
-3
-9
-24
-31
-14
-1
-10
-13
-11
-6
-6
-22
-30
-21
-2
-4
-24
-22
-20
-26
-32
-37
-19
-5
-5
1
3
7
3
-8
4
23
20
7
0
-1
2
0
1
4
9
8
6
6
0
-1
-6
-7
4
7
1
-1
3
5
6
9
13
22
20
13
16
23
22
14
0
-3
0
-4
-7
-11
-4
1
0
3
7
0
6
4
5
11
8
12
8
5
3
3
2
-1
-2
-6
-14
-21
-10
-5
-8
-8
-7
-1
1
-5
-6
3
-5
-14
-16
-8
0
-6
-5
-1
-4
-8
-13
-5
-2
-7
-7
-3
1
-3
-9
-13
-11
-11
-12
-5
-1
8
14
2
-1
3
3
0
-9
-4
1
0
-1
-9
-2
-1
-5
1
0
4
15
10
13
11
0
7
9
13
24
31
28
18
17
19
16
21
30
36
28
11
7
2
-1
4
5
8
8
-1
0
0
-5
-7
-14
-22
-19
-21
-25
-21
-14
-13
-14
-18
-21
-22
-24
-23
-20
-22
-26
-22
-19
-25
-20
-18
-8
-3
-7
-6
-10
-8
-8
-19
-10
-3
-5
1
8
5
4
4
2
9
11
22
29
25
24
28
32
25
26
31
27
27
25
22
17
15
20
20
20
14
9
7
7
11
13
11
13
3
1
-1
-7
-12
-19
-17
-14
-17
-17
-11
-24
-36
-29
-35
-34
-22
-15
-4
-1
-12
-21
-39
-30
-16
-14
-7
-12
-10
-10
-14
-10
-7
-4
-3
0
3
4
-10
-17
-3
10
10
11
20
20
19
29
34
41
40
16
14
19
19
24
21
24
20
12
12
15
10
5
1
-6
-3
-7
-13
-13
-11
-8
-7
0
1
0
4
-3
-2
4
6
-3
-13
-13
-6
-11
-17
-9
-5
-3
-5
-12
-19
-13
-6
-4
3
3
3
0
-7
-4
-10
-14
-8
-7
-6
-8
-25
-17
-5
-6
-9
-11
-12
-10
2
5
6
12
13
5
-2
0
1
-2
-11
1
12
11
16
13
11
13
8
9
5
9
16
12
16
15
8
5
0
7
20
20
19
18
12
7
-4
-7
-10
-9
-15
-17
-7
-5
-5
-11
-13
-6
3
3
-4
-15
-21
-17
-12
-14
-2
8
18
15
0
-1
1
-1
-2
4
0
-11
-8
-1
8
4
3
-1
-11
-8
-6
-6
-7
-9
-4
-6
0
3
4
14
14
7
12
1
-2
4
4
7
-3
-4
-6
-14
-22
-28
-17
-1
6
10
14
9
6
0
-4
-6
0
7
1
-3
-7
-13
-6
4
13
14
6
6
10
12
12
12
16
18
11
6
-2
1
2
-5
2
11
15
12
-5
-15
-13
-9
-4
-8
-10
-1
1
-4
2
10
19
12
-1
-8
-11
-10
-17
-19
-17
-14
-17
-12
-4
-7
-15
-18
-12
-14
-15
-9
-5
-2
-5
-2
-5
-8
2
9
19
22
23
29
24
13
11
8
1
13
9
4
14
9
11
3
3
17
19
23
14
-1
-4
-6
-6
-6
-6
1
1
-4
0
-4
-7
-5
-1
2
2
-3
1
-12
-22
-13
-11
-6
-9
-9
-4
-9
-19
-20
-8
-8
1
-1
-7
-6
-18
-21
-23
-24
-21
-14
7
16
13
3
5
12
26
28
21
27
23
16
1
-11
-11
-4
-1
0
1
-1
-2
-7
-9
-2
10
13
8
5
3
1
-5
-11
2
10
1
5
7
20
24
15
14
9
11
12
8
12
11
4
0
-8
-11
-5
4
7
3
-1
3
3
-10
-10
-15
-19
-17
-22
-19
-14
-23
-23
-16
-13
-2
2
5
4
4
2
-3
-10
-15
-18
-22
-16
-10
-1
9
3
2
2
2
3
1
0
2
0
-1
3
10
-1
-6
5
18
29
22
20
24
16
9
2
0
15
24
15
9
11
6
-5
-8
-4
6
2
1
2
-7
-3
-9
-13
-7
5
5
-9
-11
-17
-14
-14
-17
-9
-2
1
-7
-14
-14
-12
-3
6
1
-1
-2
-10
-10
-13
-8
-8
-3
4
10
14
8
3
0
6
5
4
11
15
9
-4
-1
9
12
13
11
14
6
3
10
10
15
23
15
7
3
-2
-2
-9
-7
4
-2
-3
-4
-13
-13
-17
-13
-7
-13
-12
-23
-28
-25
-22
-9
-4
6
14
12
14
18
10
-1
-4
1
13
9
1
-1
-2
-1
-7
-7
-3
4
7
-3
-9
-6
-3
0
-8
-3
8
8
3
4
4
0
7
9
16
15
5
4
6
10
6
-1
0
1
1
5
-1
-7
-16
-23
-18
-20
-28
-25
-24
-18
-13
-16
-5
10
14
8
4
8
12
9
5
-6
-3
5
8
14
16
24
22
9
3
0
-3
-1
10
17
15
-1
-6
0
7
17
12
14
15
6
-4
-3
5
8
15
9
9
7
-6
-10
-15
-11
-6
2
0
-7
-15
-18
-13
-15
-23
-23
-18
-9
-9
-18
-18
-18
-23
-23
-29
-16
-6
-7
-9
-14
-3
4
5
5
-3
-1
3
4
5
2
15
25
23
18
12
8
15
17
24
29
19
17
14
6
6
4
14
15
10
13
6
4
9
15
22
26
17
3
-9
-4
5
1
4
6
1
-1
-15
-22
-21
-21
-18
-29
-23
-15
-17
-16
-26
-31
-23
-21
-21
-20
-23
-19
-19
-14
0
0
-2
0
-8
-11
-13
-13
-5
-1
4
9
13
25
27
28
21
9
16
14
15
21
23
33
24
18
13
10
21
26
35
39
35
24
21
13
13
15
10
10
9
12
6
-5
-7
-8
-15
-22
-24
-23
-24
-28
-29
-32
-28
-15
-26
-22
-25
-38
-35
-44
-28
-21
-30
-27
-42
-39
-32
-32
-7
-5
-6
-1
-2
8
2
-10
-5
10
22
20
21
30
27
16
10
17
31
29
22
18
16
16
16
16
30
33
22
20
14
15
24
16
23
28
22
14
3
4
3
6
9
18
22
9
0
0
-3
-8
-8
-8
-15
-18
-28
-29
-15
-9
-5
-7
-15
-19
-20
-15
-14
-14
-9
-9
-16
-20
-14
-9
-5
-6
-13
-8
-8
-18
-20
-17
-7
-4
-15
-15
-17
-11
-3
-10
-9
-10
-5
-8
-2
9
14
16
4
7
15
13
7
5
3
11
13
11
20
22
18
18
24
20
13
13
15
15
8
1
3
3
3
0
-2
8
12
6
3
10
18
18
14
17
17
10
-2
-17
-25
-22
-12
-6
-11
-4
-1
-7
-5
-20
-22
-5
-11
-8
-13
-15
-15
-28
-27
-20
-3
11
10
4
0
-3
9
10
-2
3
4
5
-5
-13
-5
-8
-4
3
4
12
12
7
4
-4
-7
-9
-17
-14
-6
-5
-2
-6
-8
-11
-14
-11
-8
-5
3
-1
5
14
15
20
20
28
22
11
20
16
25
29
16
22
21
11
8
1
3
7
1
7
5
0
4
-5
-2
6
-4
-9
-9
-8
-10
-9
-3
-8
-5
-4
-18
-14
-16
-26
-27
-34
-29
-27
-30
-21
-26
-24
-14
-12
-4
-1
2
13
5
-4
-7
2
18
20
13
10
18
16
8
-1
7
21
26
20
11
15
12
8
11
7
4
11
1
2
8
7
10
11
15
14
14
8
2
1
1
-1
8
13
4
8
0
-2
-12
-23
-19
-22
-26
-23
-22
-25
-24
-23
-13
-7
0
-3
-6
-6
-12
-5
-3
-4
1
-4
-4
-2
-1
1
-9
-2
4
0
3
-4
-9
1
0
1
13
23
20
13
9
8
4
8
5
1
10
6
9
10
10
16
15
24
14
-1
-2
-2
-6
-14
-9
-2
4
6
-1
0
10
12
10
10
9
7
1
1
1
-2
-4
-1
0
-13
-9
-12
-17
-9
-13
-4
4
-7
-15
-18
-13
-13
-12
-6
0
-1
-14
-26
-24
-15
-9
-6
-3
-4
-7
-16
-13
-5
-1
7
6
3
9
5
13
27
18
23
15
14
23
6
8
12
9
10
1
-1
0
-2
2
-2
-2
5
-5
2
11
7
15
11
1
1
-14
-13
0
8
17
10
9
0
-13
-8
-5
3
14
0
-5
-6
-4
-3
-15
-12
-8
-14
-13
-20
-12
7
2
-2
-4
4
6
3
7
5
14
12
2
0
-8
-6
-3
-1
2
10
8
2
-3
-8
-5
-3
-6
-11
-10
-5
-1
3
13
19
7
-6
-15
-3
-3
-9
-1
-3
0
-1
-20
-13
-3
3
9
4
20
18
3
0
-4
-2
-3
-3
-5
-8
-8
-4
-1
-2
3
4
3
1
7
16
13
15
12
0
-1
-5
1
6
-5
0
3
1
-4
-10
1
6
-1
-12
-11
5
13
6
2
8
9
-2
-1
5
5
0
-3
-9
-15
-13
-5
-2
-8
-6
-2
0
0
2
8
7
7
3
-5
-7
1
8
7
8
4
4
0
-8
-6
-5
-12
-17
-18
-14
-8
-4
12
19
15
6
1
6
-3
-1
4
10
9
-3
-5
-5
-5
0
-4
0
10
10
11
10
4
3
-5
-15
-9
-10
-7
-4
-3
4
8
11
4
0
7
5
3
-3
-9
-8
-13
-13
-1
1
0
1
2
-2
-9
-6
2
9
5
1
-5
-8
-8
-12
-6
-5
-1
1
2
7
8
0
0
-4
-6
3
6
14
11
8
11
14
10
6
1
3
5
-6
-7
-2
2
0
-5
1
-3
-5
-3
0
13
12
6
3
-8
-5
-3
-9
-4
-5
-5
4
6
3
5
4
-5
-9
-1
-3
-2
4
-2
3
0
-5
6
13
18
15
9
2
-2
-1
-8
-6
2
-1
-5
-15
-23
-18
-14
-8
-10
-10
-3
7
8
-5
4
9
6
9
9
10
12
8
2
-2
3
-7
-26
-16
-11
0
5
-5
12
7
-1
2
-6
3
3
-5
-8
-18
-15
-15
-12
-8
-2
11
12
11
13
5
-5
-3
-10
-10
-2
-11
-13
-4
-4
2
6
18
27
16
11
7
1
6
4
2
5
3
3
-5
-4
5
6
10
13
18
18
20
12
5
5
7
8
-2
-5
-4
4
8
3
7
8
-2
-3
-7
-12
-12
-12
-13
-23
-23
-13
-6
-7
-8
4
8
6
-9
-16
-11
-6
-9
-5
2
3
4
-9
-12
-9
-8
-1
-1
3
7
-1
-10
-12
-10
-9
1
6
6
8
10
8
3
-1
-10
-5
-4
-2
1
12
27
29
30
19
6
-4
-8
-7
-7
4
0
-5
-10
-24
-15
-1
3
11
14
8
7
5
-5
-10
-9
-14
-14
-15
-7
7
6
6
7
-1
3
0
-5
3
3
12
10
4
7
2
-1
12
16
11
4
-3
0
1
0
6
11
7
3
-10
-11
5
6
12
11
14
10
1
6
6
-3
-6
-12
-6
-8
-20
-17
-19
-8
1
-5
-1
1
2
1
-19
-20
-12
-17
-12
-11
-2
3
-7
-17
-25
-17
-8
-5
-3
-7
-2
-10
-8
5
10
14
14
17
9
3
4
4
10
18
25
21
6
-4
-13
-4
-2
7
22
23
17
12
4
-1
2
-1
7
19
22
16
6
7
-1
-5
4
8
12
13
-2
-8
-12
-16
-12
-11
-3
-1
-5
-8
-20
-16
-7
-9
-3
-4
-3
-6
-20
-23
-20
-9
2
-8
-7
-8
-13
-10
-18
-13
-2
3
12
17
11
5
3
7
6
10
16
6
0
-5
-14
-16
-5
8
16
21
31
26
12
9
5
3
2
2
2
5
-1
-13
-12
-2
5
2
-6
-4
6
6
-6
-7
-1
7
0
-8
-6
-10
-8
-6
-4
0
8
13
10
2
-8
-11
-6
-2
-3
-7
-11
-16
-13
-6
9
10
3
12
8
5
3
-5
-5
0
-4
-7
-6
-4
-5
-5
-4
-3
-2
-1
7
14
15
11
1
-4
-4
-7
-4
6
13
19
21
17
8
-4
-10
-10
-15
-7
6
2
0
-3
0
-6
-14
-14
-16
-2
3
-2
-4
-4
2
-11
-2
9
11
11
0
-5
0
3
-1
-2
-1
2
2
-3
3
10
10
7
9
16
17
9
-2
0
1
-6
-13
-8
4
5
-4
-4
0
0
2
0
2
6
-1
-11
-18
-23
-18
-18
-13
-9
-6
-6
3
3
-1
-8
-16
-3
6
10
2
-4
4
1
4
11
7
15
15
5
-1
-2
9
10
3
6
-4
0
7
4
16
14
15
10
1
4
9
5
1
9
-3
-4
-1
-4
10
17
13
12
2
-4
-2
-6
-10
-10
-3
-13
-17
-18
-23
-11
-12
-4
7
4
12
10
3
1
-10
-14
-10
-10
-7
2
5
5
-5
-16
-11
-16
-10
-10
-10
-6
-10
-14
-19
-17
-7
0
7
4
-3
-2
-7
-9
-1
11
16
14
7
-2
-4
-6
0
5
15
20
14
11
14
10
4
5
9
22
18
11
10
17
19
8
16
19
14
12
6
12
14
14
17
12
20
17
2
-3
-3
4
-5
-20
-20
-17
-18
-16
-23
-19
-8
-6
-4
-5
4
0
-13
-13
-19
-19
-16
-20
-20
-30
-28
-28
-30
-24
-21
-12
-8
-12
-15
-23
-21
-13
-8
6
12
3
2
1
5
17
23
25
25
15
8
2
2
14
20
25
27
17
17
22
19
19
11
8
19
18
8
7
1
4
6
3
5
12
20
10
5
9
1
-2
-3
5
5
-5
-3
-3
-4
-7
-7
0
-4
-4
-3
-9
-10
-9
-13
-11
-6
-17
-12
1
-7
-7
-5
-7
-9
-9
-8
-10
-9
-11
-16
-20
-18
-16
-13
-8
-8
-3
-12
-9
-14
-19
-9
-8
-2
-1
-3
4
-1
2
10
12
15
13
7
10
8
9
11
9
16
12
15
11
6
10
8
17
13
18
25
10
3
14
12
12
16
4
1
10
11
13
12
2
-2
-5
-4
-7
-14
-3
1
-4
-12
-13
-7
-5
-4
-12
-23
-18
-19
-14
-8
-16
-5
-6
-11
-8
-16
-15
-6
-7
-2
-2
0
11
1
-5
2
-3
5
4
6
10
2
0
0
-1
-7
-6
1
2
3
-1
-5
-6
