SAMPLES:	14118
BITSPERSAMPLE:	16
CHANNELS:	1
SAMPLERATE:	16000
NORMALIZED:	FALSE
-61
56
115
160
140
113
86
35
8
-63
-81
-39
-15
37
6
-38
-46
-76
-46
-51
-58
-26
-46
-18
12
24
70
62
55
67
58
98
111
106
95
39
-6
-51
-102
-125
-138
-142
-128
-88
1
122
231
270
240
153
42
-28
-55
-3
78
112
86
-14
-109
-141
-103
-4
65
107
126
89
28
-66
-171
-210
-185
-114
-41
7
23
9
14
35
72
127
149
133
91
16
-71
-120
-100
7
183
319
346
255
103
-22
-63
-24
1
-13
-48
-100
-110
-73
-35
-7
-11
-37
-62
-64
-47
-61
-98
-155
-210
-206
-182
-167
-176
-224
-271
-281
-244
-166
-64
52
125
146
125
44
-29
-70
-68
-30
-5
7
28
68
97
66
-3
-84
-101
-14
122
234
235
138
11
-57
-21
50
123
168
203
242
246
209
121
10
-49
-27
64
125
86
-3
-77
-67
6
92
183
204
152
65
-41
-109
-150
-118
9
158
277
259
137
0
-101
-87
-4
108
183
143
78
-3
-86
-154
-221
-218
-168
-97
-34
-53
-127
-231
-286
-228
-107
14
41
-51
-205
-355
-379
-254
-53
112
143
68
-42
-99
-83
-39
16
44
56
44
-7
-74
-146
-156
-97
-8
80
106
108
92
64
56
20
-5
2
-6
17
12
-23
-23
-32
-4
52
88
143
169
166
142
78
41
19
24
87
133
185
206
143
91
3
-77
-78
-75
-21
36
29
23
-24
-64
-44
-13
61
105
94
59
-11
-29
-31
-8
86
127
136
93
-21
-82
-153
-218
-195
-160
-91
-19
-5
-16
-73
-108
-76
5
102
83
-14
-118
-217
-186
-96
-25
41
16
-16
-24
-66
-58
-17
54
137
159
154
110
61
54
57
108
122
69
21
-44
-66
-39
-32
-14
-22
-46
-50
-66
-67
-79
-109
-119
-107
-53
21
61
53
20
-5
7
15
-23
-84
-139
-142
-96
-46
0
26
44
73
116
159
175
137
51
-50
-124
-143
-107
-50
9
41
46
24
-28
-66
-66
-43
-5
11
25
65
105
142
135
95
69
50
47
48
39
49
54
39
-10
-72
-75
-15
91
190
204
152
40
-76
-105
-72
12
80
65
3
-102
-180
-186
-151
-49
69
171
238
194
84
-42
-127
-100
-21
83
159
129
29
-147
-292
-300
-211
-52
57
63
-1
-129
-220
-241
-192
-68
35
75
31
-78
-142
-120
-32
76
116
101
34
-68
-135
-147
-67
62
148
167
111
39
-1
-21
-20
-5
30
71
75
23
-51
-96
-85
-25
67
168
250
256
151
-18
-152
-162
-66
57
137
157
129
59
-30
-95
-83
11
107
153
137
81
23
-49
-109
-119
-70
12
67
73
49
18
-17
-65
-97
-79
6
104
146
85
-60
-194
-257
-230
-142
-53
2
1
-38
-73
-89
-80
-62
-36
13
75
127
129
74
1
-28
15
99
169
186
159
102
27
-51
-112
-118
-55
53
148
168
100
-11
-92
-106
-65
-1
46
55
17
-67
-167
-235
-215
-120
-15
30
-9
-73
-117
-121
-86
-38
15
45
45
19
-26
-48
-26
31
86
93
55
-7
-58
-75
-67
-31
31
119
206
230
177
90
22
15
50
87
105
100
88
77
58
18
-51
-121
-150
-125
-75
-28
1
16
40
79
105
77
-6
-104
-161
-157
-121
-89
-67
-40
0
29
10
-49
-112
-137
-109
-50
16
67
102
103
71
16
-34
-39
12
95
145
114
15
-82
-100
-33
73
151
151
101
27
-38
-82
-103
-72
-3
69
115
96
41
-10
-24
14
76
125
108
33
-60
-131
-141
-111
-65
-44
-47
-45
-24
10
14
-30
-98
-145
-119
-44
34
75
64
34
-2
-43
-79
-104
-102
-93
-71
-33
21
99
139
127
74
25
32
46
56
44
-2
-30
-61
-62
-20
51
164
229
220
136
13
-51
-78
-59
-27
-15
2
-25
-72
-121
-136
-80
13
120
180
163
70
-72
-163
-183
-125
-36
22
59
31
-22
-73
-105
-55
-23
-9
-18
-70
-48
-27
1
34
-7
18
34
40
50
-52
-100
-114
-81
28
31
25
1
-19
45
48
56
63
91
213
284
297
192
13
-95
-144
-86
-16
11
30
-2
-7
-23
-26
27
58
109
94
37
-9
-75
-48
-37
-20
15
-13
18
-2
-6
18
-29
-7
-48
-57
-4
-36
-11
-90
-171
-170
-202
-85
-28
14
81
9
9
-79
-155
-147
-173
-38
39
79
85
-75
-138
-187
-125
46
129
216
163
78
31
-32
20
65
127
174
108
36
-86
-140
-93
-25
108
147
133
72
-47
-80
-108
-56
28
67
148
154
149
118
20
-1
-22
21
93
82
96
45
-2
-5
-48
-26
-36
-50
-26
-52
-10
5
2
28
-11
11
22
-5
-12
-100
-138
-135
-101
18
75
110
54
-88
-172
-250
-202
-105
-50
26
6
28
64
64
106
34
-12
-39
-70
14
35
55
48
-38
-32
-45
-13
47
10
9
-53
-104
-85
-80
6
63
78
76
4
-28
-43
-34
-1
-4
5
14
22
27
-12
-56
-86
-78
-12
66
117
119
59
-37
-108
-128
-62
49
127
151
84
-1
-59
-83
-26
29
98
161
163
186
148
122
110
42
31
-34
-52
-13
-12
75
80
94
138
103
152
120
78
67
-43
-54
-115
-148
-86
-98
-15
-23
-71
-63
-140
-77
-46
-33
11
-106
-151
-231
-268
-177
-164
-65
-53
-82
-47
-119
-105
-134
-181
-127
-132
-35
39
56
113
63
84
119
135
208
156
92
-14
-126
-111
-103
-20
48
62
110
75
56
15
-43
-34
-42
17
95
174
248
206
116
-12
-77
-14
79
196
206
136
55
-26
-3
50
91
104
36
6
4
27
76
29
-13
-30
-23
48
27
-5
-61
-138
-134
-173
-147
-84
-63
-20
-100
-178
-215
-239
-139
-67
-6
21
-46
-50
-86
-75
11
68
166
129
33
-39
-110
-50
-21
16
70
89
159
131
115
115
125
207
166
87
-6
-106
-85
-80
-22
101
108
130
57
-37
14
-10
-11
-55
-175
-197
-184
-155
-134
-140
-120
-130
-111
-99
-34
82
132
201
23
-32
-123
-82
140
68
154
-7
42
6
-92
17
-119
51
-36
-14
80
50
210
74
41
-16
-87
-25
-68
0
143
154
164
91
12
53
-27
33
39
20
69
-20
-16
-76
-86
10
72
153
108
22
-71
-187
-199
-154
-76
15
14
-12
-55
-158
-188
-217
-154
-43
-34
10
-25
-24
25
12
76
86
93
142
107
102
35
-13
59
85
141
153
107
112
61
45
62
51
114
137
102
65
-33
-70
-80
-110
-54
-40
-21
-27
-135
-175
-222
-215
-135
-117
-52
-18
-16
4
-29
-30
-20
-32
12
31
24
6
-80
-119
-149
-168
-96
-42
47
105
82
113
95
94
93
19
40
59
115
175
96
35
-75
-132
-58
11
146
161
78
-2
-85
-27
69
169
237
201
107
-51
-164
-191
-118
-5
50
57
-2
-38
-60
-76
-43
-36
21
59
57
70
11
-24
-75
-134
-96
-56
16
46
-35
-86
-128
-97
15
35
51
0
-84
-64
-94
-66
-57
-108
-60
-63
24
122
143
179
88
41
9
1
90
104
137
88
-1
-57
-134
-95
-41
45
119
61
-17
-132
-165
-97
-12
95
120
101
60
12
-15
-32
-51
-75
-75
-85
-54
-4
30
82
33
-12
-33
-18
104
128
149
93
-33
-52
-123
-59
24
39
103
-25
-90
-138
-150
22
94
199
209
108
106
47
60
82
32
24
-60
-128
-156
-172
-102
-55
-18
12
-6
-37
-76
-127
-133
-82
-48
-5
-12
-52
-42
-75
-48
-21
-4
65
26
9
-39
-90
-41
-40
13
51
64
135
139
155
132
60
24
-37
-31
33
100
163
124
43
-30
-74
-36
18
77
91
39
-30
-103
-112
-58
36
145
173
113
-24
-150
-193
-177
-121
-87
-39
14
45
72
28
-33
-88
-109
-53
-7
29
37
10
-7
-29
-32
-4
42
101
148
134
64
-54
-135
-101
0
98
102
22
-50
-69
-11
53
70
59
33
32
31
19
-3
-36
-42
-44
-51
-64
-67
-23
41
115
160
122
39
-65
-106
-84
-51
-8
-39
-101
-122
-95
8
87
96
43
-69
-114
-99
-56
0
18
27
18
-10
-45
-121
-188
-172
-65
108
244
254
141
-40
-149
-130
-34
108
199
199
127
7
-66
-74
-19
77
130
128
91
28
-47
-138
-202
-196
-129
-22
54
56
9
-59
-92
-96
-83
-38
2
39
62
66
67
46
24
-2
-17
10
47
88
95
70
45
9
4
7
19
60
81
81
54
3
-6
34
93
135
117
79
55
41
23
-28
-99
-153
-171
-151
-118
-69
-11
45
72
40
-33
-115
-153
-112
-34
29
27
-48
-126
-146
-97
-19
30
31
1
-11
3
25
28
5
-10
-9
7
29
24
12
10
9
16
9
-5
-8
-30
-52
-64
-64
-38
-9
8
-6
-27
2
60
110
126
110
77
20
-30
-46
-33
18
96
148
141
71
-17
-76
-64
14
93
134
121
55
-34
-89
-91
-76
-48
-47
-72
-60
-44
-67
-123
-184
-198
-116
-20
44
62
14
2
6
7
109
187
215
216
103
-16
-129
-217
-181
-116
85
298
198
20
20
194
202
-98
-152
119
302
225
-50
-172
-99
-31
48
11
-8
137
112
-6
15
98
39
-282
-348
-72
-82
-308
-383
-271
-151
-233
-281
-164
-128
-109
-129
-229
-297
-383
-307
-67
47
53
121
368
454
105
-53
356
680
521
381
531
644
416
94
210
500
504
418
317
212
225
153
39
-5
25
103
-196
-480
-301
-280
-477
-607
-449
-81
-121
-207
-67
-132
-276
-388
-312
-160
-375
-478
-230
-148
-287
-476
-500
-453
-583
-592
-388
-261
-379
-530
-531
-485
-498
-264
443
497
-224
-95
787
892
201
48
720
1354
1283
791
779
1111
1125
1089
1072
924
1177
1423
1094
951
1136
872
216
68
399
350
-277
-759
-488
-209
-644
-1019
-865
-847
-1144
-1312
-1292
-1424
-1914
-2160
-1709
-1519
-2078
-2368
-1875
-1309
-1268
-1461
-1382
-1127
-946
-758
-407
-86
67
324
670
1014
1291
1616
2095
2342
2361
2419
2643
2885
2817
2710
2795
2855
2793
2552
2270
2159
1973
1605
1195
893
596
26
-343
-476
-598
-796
-1412
-1797
-1706
-1680
-2128
-2721
-2651
-2506
-2688
-2829
-2865
-2732
-2696
-2778
-2671
-2551
-2462
-2214
-2100
-2060
-1953
-1797
-1564
-1582
-1337
-791
-582
-539
-264
469
819
968
1652
1774
1591
2337
3241
3058
2658
3006
3662
4205
3833
3161
3548
4030
3753
3571
3493
3155
3191
2955
2237
2055
1815
891
-85
-160
13
-641
-1387
-1684
-1544
-1712
-2426
-2699
-2736
-3148
-3375
-3035
-2924
-3355
-3962
-3864
-3136
-3068
-3424
-3488
-2980
-2551
-2546
-2508
-2499
-2191
-2009
-1851
-1220
-1009
-1149
-916
-253
434
818
1090
1151
1166
1969
3163
3299
2570
2497
3395
4251
4251
3829
3711
3965
4340
4346
4031
3637
3440
3535
3172
2653
2408
1801
694
146
513
248
-1021
-1901
-1447
-911
-1718
-2675
-2646
-2502
-3154
-3449
-3063
-3213
-3833
-4135
-3467
-2992
-3552
-3972
-3672
-3051
-2759
-2747
-2819
-2850
-2584
-2049
-1644
-1567
-1462
-1345
-930
-414
52
957
1502
1403
1350
2082
3368
3561
2869
2991
3961
4745
4735
4148
3865
4159
4617
4651
4105
3753
3863
3976
3542
2976
2881
2165
773
172
558
481
-912
-1846
-1385
-1257
-2155
-2933
-2766
-2735
-3482
-3569
-2999
-3262
-4297
-4634
-3851
-3359
-3915
-4443
-4047
-3437
-3089
-2940
-3089
-3097
-2822
-2285
-1951
-1960
-1680
-1340
-1039
-547
138
509
804
1771
2176
1703
2214
3758
3977
2992
3165
4575
5636
5158
3948
3945
5010
5177
4456
4200
4178
4252
3912
2920
2576
2653
1715
157
-73
576
-140
-1614
-2127
-1896
-1847
-2336
-2874
-3099
-3412
-3649
-3347
-3307
-4151
-4952
-4611
-3554
-3508
-4456
-4762
-3936
-3029
-3038
-3411
-3296
-2827
-2488
-2280
-1894
-1520
-1523
-1342
-514
398
623
614
1583
2414
2331
2342
3566
4985
3855
2846
4729
6714
5804
3705
4055
5565
5850
4849
3989
4199
4511
4379
3651
2684
2065
1797
949
-369
-260
308
-1020
-2786
-2475
-1250
-2106
-3922
-4050
-3446
-3529
-4168
-4222
-4270
-5180
-5437
-4356
-3530
-4489
-5426
-4391
-2930
-3043
-4021
-3907
-2848
-2222
-2402
-2464
-1824
-1384
-1231
-770
180
1099
930
1315
2858
3345
2933
3438
4769
4883
4268
4717
5501
5805
5531
5026
5062
5346
5320
5256
4962
4312
4100
3999
3012
1871
1770
1615
210
-705
-286
-681
-2224
-3094
-2721
-2301
-3060
-4183
-4594
-4451
-4412
-4728
-5154
-5719
-5710
-4811
-4327
-4988
-5611
-4894
-3990
-4081
-4083
-3416
-2931
-3112
-2934
-1881
-1213
-1362
-1234
58
1432
1684
1857
2785
3534
3411
3862
5084
5341
5043
5280
6032
6248
5627
5397
5832
6260
5750
4976
5004
4993
4414
3648
2801
2066
2015
1642
420
-526
-826
-1145
-1927
-2455
-2721
-3122
-3586
-3750
-3901
-4616
-5306
-5370
-4916
-5019
-5659
-5789
-5310
-4964
-5107
-4985
-4743
-4420
-4005
-3688
-3095
-2675
-2519
-2467
-2123
-1340
-1038
-891
-299
934
1840
2127
3036
3612
3622
3757
4929
6049
5718
5524
5575
6157
6610
6290
5750
5080
5389
6068
5858
4821
4279
4318
3638
2877
2554
1858
112
-1030
-163
-232
-2202
-3516
-3436
-2962
-3455
-4172
-4909
-5808
-5820
-5227
-5015
-6090
-6692
-5812
-5218
-5546
-5794
-5392
-5233
-5012
-4055
-3253
-3552
-3967
-2972
-1663
-1448
-1590
-1158
-197
594
1234
2093
2617
3392
4304
4383
4186
5261
6793
6256
5710
6115
6248
6914
7355
6358
4765
4974
6717
7060
5281
3323
3477
4477
3996
2544
815
-307
-482
-172
-717
-2786
-3963
-3914
-3688
-3982
-4324
-5025
-6795
-6554
-4911
-4631
-6385
-8010
-6860
-4994
-4738
-6059
-6692
-5742
-4326
-3189
-3273
-3954
-3908
-2842
-1455
-980
-1394
-1643
-857
664
1824
2152
1747
2907
4823
4567
4019
5069
6594
6087
5069
5902
7274
7378
5754
5158
6192
6732
5843
4685
4747
5293
5261
4063
3010
2830
2491
1126
-570
-665
-395
-1642
-2989
-2947
-2474
-3336
-4639
-4947
-5105
-5427
-5930
-5877
-5603
-6283
-6848
-6620
-5874
-5820
-6298
-5784
-4607
-3902
-4410
-4628
-3657
-2782
-2698
-2721
-1746
-614
-460
-339
515
1599
2138
2517
4071
5022
4256
3836
5561
7205
5969
5092
6063
7636
7885
5787
4714
5795
7202
6344
4470
4284
5116
5436
3787
2278
2177
2017
755
-650
-609
-793
-2175
-3449
-3631
-3383
-4176
-5197
-5961
-6014
-5325
-5784
-6666
-6682
-6218
-6326
-6554
-6235
-6028
-5817
-5657
-4609
-3691
-4303
-4540
-3519
-2183
-2226
-2465
-1332
83
614
509
1236
2438
2695
3154
4813
5383
4480
4325
6268
7443
5996
5322
6313
7475
6987
5739
5674
5988
6030
5546
5347
5071
4765
4448
3567
2981
2546
1839
283
-828
-463
-680
-2543
-4062
-3534
-2986
-4210
-5521
-5663
-5309
-5660
-6510
-6617
-6432
-7078
-7287
-6150
-5695
-6389
-6741
-5779
-4594
-4707
-4934
-4229
-3235
-2830
-2691
-2052
-1337
-662
-47
795
1594
1924
2337
3464
5076
5139
3998
4259
6475
7473
6105
5445
6444
7613
7184
5939
5631
5983
6333
5926
5225
4950
4965
4534
3449
2811
2666
1905
160
-895
-416
-556
-2490
-3961
-3428
-3034
-4192
-5206
-5505
-5594
-6120
-6604
-6167
-6194
-7223
-7400
-6014
-5407
-6218
-6624
-5522
-4044
-4228
-4766
-4023
-2841
-2534
-2735
-1965
-831
-74
177
953
2173
2435
2435
3094
4585
5011
4152
4515
6638
7407
5729
5069
6174
7356
6988
5871
5734
5942
5895
5430
5046
4514
4278
4297
3634
3046
2468
1430
-32
-785
-501
-745
-2707
-4369
-3692
-2987
-3927
-5344
-5820
-5543
-5681
-6107
-6266
-6434
-7245
-7245
-5838
-5555
-6569
-6936
-5639
-4332
-4429
-4831
-4191
-3092
-2870
-2491
-1442
-875
-556
93
1290
2102
2191
2451
3389
4933
5073
4457
4755
6296
7019
5975
5749
6387
7137
7066
6040
5763
6266
6346
5529
4801
4950
5249
4522
3141
2652
2945
2071
132
-828
-405
-152
-2349
-4189
-3602
-3011
-3976
-5841
-6382
-5714
-5344
-5965
-6672
-6625
-6953
-7016
-6206
-5989
-6412
-6374
-5400
-4659
-4783
-4966
-4182
-3084
-2778
-2456
-1795
-1303
-691
5
904
1659
1882
2225
3145
4781
5199
4291
4292
6061
7306
6075
5187
5974
7206
7453
6317
5653
5738
5967
5754
5252
4977
4790
4596
3717
3018
3065
2368
655
-635
-454
19
-1658
-3947
-4129
-3206
-3519
-4932
-5848
-6042
-5821
-5984
-6367
-6637
-7379
-7304
-6057
-5695
-6389
-6529
-5557
-4688
-4696
-4936
-4354
-3521
-3287
-2651
-1575
-1141
-907
-376
733
1811
2117
2372
3126
4687
5131
4428
4380
5813
7177
6313
5488
6168
7465
7492
6152
5763
6121
6347
5945
5303
4981
4948
4943
4055
3218
2826
2066
849
-223
-438
-364
-1976
-4031
-3915
-2910
-3676
-5614
-6385
-5931
-5613
-6295
-6966
-6989
-7189
-7287
-6452
-6101
-6842
-7175
-6225
-5020
-4871
-5152
-4506
-3411
-2949
-2710
-2017
-1462
-966
-80
1111
2005
2086
2426
3246
4624
5113
4623
4744
6065
7537
6917
5728
5904
7249
8071
6915
5850
6127
6853
6464
5295
4976
5170
5255
4347
3402
3113
2429
1000
-303
-668
-603
-1675
-3524
-3933
-3313
-3852
-5278
-6218
-6238
-5825
-6081
-6836
-7227
-7402
-7553
-7009
-6708
-7034
-7167
-6517
-5440
-4851
-4935
-4753
-3785
-2977
-2642
-2147
-1591
-986
-163
766
1559
1963
2364
3100
4804
5617
4816
4460
5835
7644
7194
5788
5894
7447
8183
6932
5989
5979
6590
6651
5853
5290
5150
5341
4483
3316
2776
2434
1410
-261
-954
-612
-1429
-3468
-4316
-3544
-3667
-5345
-6523
-6377
-5872
-6348
-7109
-7218
-7406
-7627
-7286
-6931
-7102
-7118
-6386
-5418
-4897
-5049
-4673
-3695
-3063
-2780
-2147
-1428
-694
297
1017
1608
2000
2580
3543
4906
5411
4890
4909
6158
7537
6973
5873
6293
7844
8450
7188
6085
5998
6635
6655
5744
5216
5311
5389
4385
3309
2766
2202
1076
-276
-653
-593
-1728
-3615
-4360
-3911
-4300
-5691
-6482
-6335
-5994
-6568
-7443
-7791
-7776
-7541
-7172
-6854
-6888
-6890
-6340
-5650
-5194
-5046
-4610
-3589
-2962
-2705
-2111
-1315
-490
143
803
1531
2314
3066
3830
5035
5332
4897
5108
6496
7573
6876
6023
6579
8037
8077
6723
6047
6370
6906
6461
5610
5369
5480
5068
4012
3330
2898
2235
1009
-290
-695
-737
-2174
-4040
-4326
-3747
-4113
-5574
-6772
-6781
-6322
-6689
-7293
-7595
-7740
-7587
-7100
-6951
-7277
-7278
-6449
-5372
-5185
-5350
-4524
-3281
-2851
-2663
-1867
-939
-476
36
1144
2220
2603
2761
4158
5558
5146
4791
5652
7150
7429
6662
6428
7143
8015
7328
6682
6719
6658
6719
6370
5835
5477
5189
4479
3829
3681
3122
1704
200
-538
-716
-1449
-3093
-3983
-3986
-4154
-4903
-5921
-6638
-6743
-6522
-6669
-7132
-7773
-7984
-7366
-6934
-7255
-7477
-6931
-5933
-5424
-5381
-5023
-4003
-3185
-2944
-2344
-1503
-715
-132
687
1634
2126
2514
3341
4814
5200
4833
5243
6392
7450
7049
6410
6782
7752
7933
6960
6393
6528
6824
6615
5928
5645
5452
4871
4272
3804
3227
1931
611
-56
-428
-1121
-2571
-3515
-3751
-3926
-4475
-5345
-6137
-6837
-6746
-6558
-6896
-7526
-8191
-7750
-6912
-6868
-7384
-7300
-5925
-4979
-4950
-4963
-4360
-3355
-2994
-2648
-1798
-860
-363
225
1325
1918
2060
2846
4376
5271
4846
4851
6200
7086
7016
6208
6446
7901
7741
6549
6373
7457
7119
5784
5591
5936
6382
5332
3886
3486
3280
2804
1178
-466
-804
-481
-1309
-3441
-4305
-4151
-4358
-5365
-6693
-6456
-6575
-7600
-7296
-6477
-7134
-8337
-7680
-6607
-6474
-6953
-6645
-4975
-4794
-5475
-4436
-3046
-2913
-2989
-1851
-356
163
56
862
2293
2601
2970
4429
5128
4660
4777
6123
7217
6700
5897
6586
7626
7411
6728
6502
6294
6112
6149
6058
5539
4978
4972
4755
3878
2945
2287
1406
-26
-823
-819
-1542
-3352
-4424
-3744
-3704
-5179
-6190
-6221
-6063
-6510
-6975
-7076
-7569
-7822
-6996
-6253
-6859
-7282
-6092
-4949
-5071
-5342
-4429
-3112
-2922
-2804
-1676
-683
-643
-191
1304
2063
2135
2833
4281
5031
4386
4689
6325
6892
5969
5957
7205
7604
6985
6442
6663
6923
6462
6033
6075
5998
5544
4997
4466
3841
3024
2238
1208
154
-460
-1121
-2034
-3051
-3597
-3851
-4499
-5336
-5943
-6276
-6463
-6698
-7103
-7394
-7664
-7629
-7127
-6923
-6971
-6549
-5752
-5371
-5410
-5006
-3955
-3263
-3104
-2576
-1397
-575
-443
268
1270
1916
2396
3304
4731
5092
4723
5178
6359
6671
6002
6027
6782
7464
7156
6406
6402
6535
6201
5890
5748
5452
5281
4810
4215
3819
2992
1673
455
30
-172
-912
-2562
-3789
-3589
-3712
-4720
-5558
-5718
-5930
-6293
-6562
-6987
-7316
-7712
-7420
-6500
-6569
-7062
-6530
-5359
-4856
-4931
-4558
-3623
-3016
-2969
-2261
-1101
-752
-390
575
1521
2124
2622
3825
4697
4557
4643
5766
6757
6303
6076
6519
6927
6937
6503
6407
6260
6039
5930
6001
5666
4907
4775
4700
4104
3203
2437
1567
440
-395
-875
-1612
-3002
-3792
-3797
-4135
-4957
-5898
-6135
-6220
-6601
-6727
-6996
-7424
-7528
-6872
-6440
-6835
-6772
-5812
-4795
-4829
-4853
-3686
-2775
-2625
-2346
-1453
-568
-530
-30
1311
2232
2631
3477
4687
4618
4424
5453
6585
6427
5429
5975
7229
7204
6098
5777
6430
6284
5645
5332
5545
5387
4702
4261
3899
3286
2446
1650
627
-175
-494
-1354
-2878
-3743
-3661
-3854
-4836
-5702
-5725
-5684
-6139
-6675
-6786
-7056
-7383
-6782
-6263
-6587
-6752
-5835
-4765
-4680
-4743
-3820
-2702
-2685
-2599
-1446
-491
-518
-369
858
2022
2494
3075
4204
4758
4346
4898
6264
6546
5766
5584
6594
7148
6453
5760
6065
6260
5744
5421
5407
5154
4609
4357
3948
3272
2520
1770
1060
-73
-639
-1332
-2848
-3790
-3813
-3703
-4631
-5582
-5649
-5606
-6078
-6714
-6538
-6685
-7207
-6854
-6244
-6185
-6598
-6234
-5021
-4518
-4729
-4207
-2904
-2408
-2448
-1655
-537
-83
-23
713
1886
2482
3177
4284
4590
4269
4859
6248
6458
5594
5571
6638
7308
6511
5737
5896
6000
5808
5474
5366
5070
4552
4452
3998
3113
2285
1742
950
-268
-579
-1058
-2564
-3895
-4013
-3475
-4398
-5707
-5828
-5465
-5752
-6682
-6945
-6993
-7133
-6907
-6316
-6022
-6490
-6093
-4929
-4567
-4728
-4247
-2935
-2199
-2058
-1537
-736
-268
36
1117
2047
2413
3273
4374
4687
4271
4837
6201
6504
5625
5456
6762
7232
6215
5588
5964
6132
5668
5440
5276
4902
4455
4086
3827
3159
2335
1687
638
-426
-790
-1471
-3079
-4119
-3721
-3459
-4593
-5957
-6012
-5500
-6082
-6911
-6855
-6737
-6839
-6530
-5997
-6096
-6367
-5675
-4427
-4056
-4467
-3943
-2754
-2312
-2092
-1293
-449
-127
269
1266
2129
2526
3361
4479
4651
4297
5092
6505
6425
5498
5742
7056
7298
5917
5269
5867
6167
5469
4773
5005
5120
4581
3845
3353
2926
2182
1301
174
-542
-779
-1755
-3285
-4190
-3835
-3715
-4983
-6049
-5835
-5325
-6022
-6970
-6860
-6683
-6736
-6687
-6317
-6120
-6346
-5731
-4524
-3999
-4132
-3689
-2498
-1949
-1768
-1197
-408
314
642
1298
2264
2882
3733
4601
4648
4633
5622
6571
6185
5586
6046
6892
6729
5717
5530
6056
5995
5280
4778
4985
4975
4537
3937
3190
2733
2158
1223
-116
-934
-1023
-1976
-3319
-4093
-4100
-4323
-5315
-5836
-5833
-5849
-6438
-7057
-7211
-7299
-7081
-6671
-6213
-6078
-5890
-5106
-4468
-4288
-4079
-3174
-2176
-1837
-1532
-953
-211
599
1274
1792
2350
3354
4411
4631
4579
5105
6143
6537
5643
5311
6466
7409
6594
5468
5769
6258
5810
4958
4797
5059
4914
4316
3549
2934
2149
1352
462
-374
-890
-1625
-2552
-3615
-4072
-4018
-4678
-5715
-6096
-5792
-6001
-6736
-6995
-7037
-7037
-6686
-6173
-5981
-6236
-5878
-4556
-3901
-4178
-3920
-2750
-1826
-1727
-1383
-480
297
731
1261
2105
2680
3365
4413
4846
4797
5390
6397
6431
5514
5442
6775
7260
5954
5097
5736
6314
5582
4568
4596
5003
4707
3895
3252
2761
2053
1207
37
-938
-1261
-2095
-3249
-3881
-3965
-4068
-5145
-6102
-5999
-5669
-6036
-6799
-6945
-6950
-6941
-6592
-6217
-6106
-6128
-5235
-3920
-3817
-4361
-3687
-2080
-1414
-1532
-1159
-192
530
894
1729
2642
3174
3997
4768
4685
4617
5528
6436
6090
5385
6073
7451
7183
5466
4974
6039
6390
5306
4262
4439
4913
4641
3915
3036
2225
1577
934
-31
-990
-1568
-2529
-3721
-4232
-4052
-4324
-5605
-6430
-6044
-5599
-6282
-7284
-7371
-6921
-6382
-6152
-6114
-6111
-5904
-4864
-4010
-4081
-4221
-3344
-1926
-1351
-1150
-695
-102
497
1190
2088
2839
3437
4101
4566
4573
5009
6029
6354
5568
5274
6620
7526
6569
5195
5250
6250
6139
4932
4203
4619
4836
4235
3529
2810
2071
1267
516
-236
-937
-1813
-2975
-3726
-4020
-4114
-4720
-5724
-6092
-5849
-5719
-6215
-6839
-7240
-6947
-6087
-5695
-5892
-6315
-5667
-4222
-3746
-4101
-3949
-2611
-1554
-1464
-1281
-616
169
617
1339
2300
2927
3604
4279
4453
4413
5167
6259
6209
5260
5444
6902
7066
5610
4684
5419
6297
5595
4438
4296
4882
4796
4005
3389
2661
1764
757
7
-359
-1099
-2354
-3506
-3802
-3790
-4300
-5244
-5853
-5665
-5729
-6114
-6341
-6488
-6722
-6875
-6213
-5724
-6010
-6108
-5145
-3717
-3656
-3993
-3287
-2097
-1400
-1446
-1021
-162
464
1122
1813
2361
2821
3850
4717
4543
4649
5605
6274
5731
5025
5720
7000
6826
5290
4730
5711
6226
5208
4049
4016
4502
4415
3400
2436
2100
1881
983
-423
-1039
-1443
-2449
-3623
-4131
-3929
-4439
-5404
-5951
-5852
-5613
-6100
-6494
-6604
-6684
-6434
-5868
-5534
-5872
-5616
-4376
-3528
-3657
-3730
-2711
-1526
-1174
-1093
-480
316
718
1169
1909
2551
3166
4012
4534
4530
4858
5883
6332
5498
5126
6125
6907
6054
4675
4728
5694
5789
4687
3875
4148
4456
4054
3180
2418
1898
1336
365
-858
-1526
-1936
-2788
-3837
-4259
-4100
-4594
-5589
-6070
-5868
-5604
-5997
-6555
-6750
-6558
-5945
-5451
-5480
-5743
-5182
-3736
-3163
-3603
-3457
-2259
-1234
-1133
-914
-72
599
926
1401
2127
2833
3556
4387
4686
4617
5082
5822
5854
5047
5098
6378
6763
5556
4541
5103
5840
5163
3948
3763
4523
4610
3633
2608
1916
1433
660
-443
-1126
-1419
-1989
-2991
-3776
-3971
-4121
-4743
-5573
-5823
-5585
-5663
-6105
-6512
-6651
-6396
-5851
-5368
-5311
-5315
-4569
-3407
-2952
-3228
-2979
-1781
-909
-889
-673
73
667
950
1498
2322
3037
3786
4341
4500
4712
5260
5652
5292
4899
5358
6191
6133
5032
4384
4901
5405
4725
3708
3568
4014
4025
3207
2369
1848
1421
682
-336
-1042
-1747
-2487
-3227
-3806
-4072
-4499
-4865
-5245
-5584
-5607
-5552
-5600
-6113
-6508
-6054
-5221
-4883
-5172
-4971
-4026
-3294
-3217
-3258
-2607
-1531
-919
-813
-447
217
802
1387
1826
2148
2867
3978
4468
4150
4276
5253
5940
5219
4354
5015
6196
6068
4744
4245
4893
5322
4652
3627
3459
3740
3806
3104
2379
1848
1304
747
-428
-1176
-1855
-2738
-3414
-3858
-3840
-4411
-5111
-5516
-5504
-5132
-5351
-5729
-6021
-6086
-5556
-4991
-5153
-5486
-4966
-3719
-2839
-3057
-3144
-2167
-1082
-717
-660
-150
514
949
1396
1817
2159
2643
3711
4590
4321
4158
4891
5496
4963
4359
5125
6174
5628
4213
4221
5003
4824
3726
3142
3609
4023
3639
2490
1902
1763
1348
463
-875
-1378
-1552
-2343
-3454
-3987
-3732
-4056
-4989
-5510
-5298
-5036
-5342
-5523
-5511
-5607
-5423
-4928
-4604
-4809
-4666
-3611
-2769
-2904
-3098
-2137
-1003
-856
-773
-199
573
1016
1257
1727
2090
2720
3768
4367
4083
3953
4843
5591
5032
4185
4595
5487
5328
4417
4331
4796
4610
3968
3377
3314
3575
3527
2816
2158
1689
1297
638
-758
-1340
-1497
-1964
-3001
-3832
-3606
-4011
-4600
-5228
-5379
-5058
-5308
-5314
-5626
-5901
-5581
-4836
-4474
-4901
-4536
-3520
-2851
-2905
-2926
-1934
-1067
-1000
-814
-186
399
668
1149
1727
2139
2845
3686
4172
3778
3715
4837
5457
4832
4174
4900
5767
5219
4341
4219
4559
4406
3769
3577
3627
3522
3287
2679
2203
1534
834
294
-710
-1167
-1561
-2293
-3077
-3663
-3621
-4086
-4632
-4967
-5097
-5055
-5372
-5386
-5615
-5754
-5274
-4547
-4215
-4748
-4488
-3330
-2613
-2717
-2893
-1942
-885
-634
-587
-235
422
851
1396
1986
2179
2654
3589
4319
3958
3617
4539
5390
5019
4062
4312
5200
5087
4354
3917
4197
4231
3697
3252
3163
3431
3384
2785
2044
1378
1013
625
-385
-1384
-1805
-2013
-2684
-3587
-3867
-3999
-4198
-4637
-5074
-5005
-4968
-5002
-5337
-5535
-5153
-4515
-4200
-4606
-4356
-3354
-2731
-2706
-2808
-2040
-1005
-716
-812
-454
415
997
1413
1619
1691
2479
3715
4246
3633
3322
4247
5139
4710
3873
4177
4985
5096
4504
4079
4039
3881
3526
3263
3297
3261
3114
2741
2220
1823
1230
512
-382
-983
-1282
-1952
-2796
-3547
-3603
-3626
-4059
-4410
-4902
-4909
-4748
-4829
-5163
-5565
-5154
-4519
-4200
-4485
-4472
-3446
-2678
-2406
-2474
-2080
-1127
-694
-544
-309
208
701
1084
1467
1593
2284
3395
3993
3758
3097
3746
4954
4833
3997
3800
4781
5314
4611
3876
3592
3781
3858
3515
3154
2932
3028
2874
2251
1793
1399
1047
148
-838
-1056
-1612
-2532
-3370
-3505
-3360
-3955
-4490
-4750
-4617
-4624
-4905
-5019
-5450
-5423
-4858
-4327
-4238
-4454
-3798
-2889
-2525
-2603
-2415
-1438
-809
-700
-575
-117
630
960
1315
1554
1793
2775
3629
3872
3493
3690
4746
4991
4422
3893
4337
5022
4795
4308
3908
3779
3731
3559
3333
2924
2829
2913
2532
1945
1413
1098
528
-566
-1137
-1279
-1965
-3162
-3747
-3439
-3447
-3981
-4549
-4745
-4658
-4697
-4659
-4934
-5326
-4942
-4185
-4032
-4505
-4184
-3034
-2461
-2655
-2710
-1649
-731
-917
-818
-73
605
687
799
1401
1900
2334
3026
3676
3429
3188
4154
5025
4595
3688
3758
4622
4945
4233
3571
3505
3569
3722
3544
2962
2738
3125
3091
2301
1539
1138
829
62
-605
-991
-1751
-2721
-3233
-3131
-3406
-3987
-4157
-4167
-4315
-4700
-4819
-4718
-4939
-5044
-4613
-4045
-4083
-4255
-3608
-2846
-2625
-2606
-2224
-1321
-768
-765
-596
-59
408
669
1079
1322
1639
2491
3303
3491
3237
3620
4551
4739
3993
3692
4447
5093
4674
3656
3355
3703
3857
3469
2895
3000
3603
3617
2556
1791
1812
1443
460
-448
-571
-890
-1986
-2817
-3016
-3102
-3684
-4066
-4107
-4362
-4650
-4753
-4507
-4724
-5190
-4858
-4165
-4049
-4474
-4215
-3440
-2995
-2814
-2572
-1816
-1151
-1105
-1098
-594
177
569
779
1162
1634
2221
2855
3258
3074
3111
4015
4669
4271
3569
3800
4783
5097
4194
3326
3510
4074
4140
3587
3061
3202
3552
3038
2118
1749
1624
1167
58
-652
-674
-1252
-2448
-3121
-2808
-2923
-3540
-4097
-4534
-4449
-4494
-4564
-4822
-5332
-5148
-4341
-3868
-4404
-4516
-3618
-2805
-2640
-2886
-2333
-1388
-1105
-1026
-617
-72
263
589
1033
1467
1953
2594
3235
3262
2953
3541
4436
4402
3830
3819
4555
4797
4089
3492
3587
3820
3824
3647
3340
3148
3117
2851
2466
2335
1919
1254
380
-245
-238
-1000
-2329
-3055
-2787
-2620
-3472
-4185
-4354
-4141
-4230
-4555
-4612
-5029
-5046
-4410
-4042
-4374
-4817
-4087
-2932
-2614
-2860
-2656
-1650
-1256
-1442
-1005
-360
113
380
926
1543
1675
2116
2802
3108
2912
3229
4270
4394
3829
3725
4291
4661
4184
3919
4191
4160
3748
3636
3716
3350
3051
2992
2699
2431
2112
1548
780
1
-274
-570
-1502
-2498
-2685
-2529
-3034
-3608
-3990
-4365
-4565
-4637
-4530
-4873
-5361
-4922
-4037
-3972
-4566
-4213
-3286
-3001
-3086
-2932
-2198
-1452
-1328
-1314
-743
-288
-155
367
1094
1456
1692
2515
3188
3036
2813
3549
4593
4337
3563
3593
4421
4851
4356
3814
3678
3836
3908
3734
3314
3181
3315
2978
2424
2260
2063
1265
384
-43
-89
-774
-2103
-2671
-2388
-2406
-3204
-3877
-4050
-3988
-3897
-4070
-4450
-5018
-5162
-4593
-4221
-4398
-4403
-3761
-3116
-2913
-2901
-2707
-2158
-1776
-1533
-1004
-553
-305
52
629
1125
1386
1876
2698
3092
2742
2876
4011
4493
3783
3295
3753
4579
4677
3984
3583
3733
4118
4158
3545
2946
2920
3283
3046
2505
2175
1643
1011
186
-88
-342
-1532
-2378
-2240
-1968
-2770
-3600
-3799
-4068
-4116
-4342
-4395
-4470
-4914
-4695
-4029
-3889
-4480
-4410
-3448
-2864
-2854
-2927
-2352
-1658
-1503
-1393
-1074
-614
-241
241
920
1303
1449
2017
2762
2751
2540
3234
4147
4090
3470
3393
4089
4501
4107
3610
3570
3976
4144
3779
3187
3084
3528
3381
2766
2367
2184
1770
779
273
232
-517
-1693
-2201
-1917
-2240
-3112
-3498
-3707
-3839
-4022
-4142
-4298
-4770
-4808
-4478
-4308
-4511
-4585
-3954
-3410
-3221
-3131
-2858
-2273
-1925
-1637
-1218
-788
-337
-88
273
647
880
1477
2303
2788
2615
2742
3777
4365
3824
3132
3497
4557
4840
4152
3525
3725
4195
3942
3256
3005
3391
3651
3198
2765
2604
2170
1148
110
193
351
-654
-1926
-2235
-1884
-2342
-3265
-3887
-4060
-3851
-3852
-3975
-4548
-5196
-4933
-4150
-3922
-4489
-4492
-3728
-3085
-2978
-3193
-2860
-2233
-1785
-1300
-845
-607
-439
44
645
915
1043
1602
2360
2577
2539
3137
3947
3864
3259
3201
4013
4591
4107
3558
3603
3921
4145
4043
3506
3219
3750
3864
3109
2555
2410
2081
1133
344
287
-149
-1319
-2118
-2046
-2032
-2668
-3314
-3672
-3815
-3861
-3996
-4232
-4748
-4964
-4400
-3997
-4309
-4677
-4320
-3655
-3307
-3206
-3156
-2693
-2149
-1887
-1547
-1141
-665
-262
186
709
955
1223
1745
2400
2577
2379
2988
3992
4171
3625
3453
4131
4680
4382
3647
3395
3917
4336
3940
3191
3246
3974
3836
2933
2520
2500
2029
924
255
335
-85
-1342
-2203
-1988
-2027
-2827
-3553
-3971
-3914
-3828
-4054
-4443
-4919
-4930
-4443
-4071
-4328
-4551
-4124
-3517
-2974
-3075
-3373
-2834
-1973
-1430
-1337
-1240
-752
-183
196
418
780
1282
1870
2484
2583
2664
3192
3604
3788
3593
3637
4338
4796
4387
3614
3759
4291
4178
3615
3319
3811
4099
3504
2772
2651
2607
1904
908
295
124
-318
-1233
-2067
-2339
-2386
-2845
-3550
-4066
-4036
-3822
-4156
-4609
-4865
-4890
-4463
-4194
-4487
-4718
-4213
-3475
-3263
-3396
-3352
-2632
-1901
-1913
-1678
-943
-500
-351
-21
565
944
1368
2034
2645
2674
2624
3467
3996
3786
3467
3833
4730
4798
4153
3693
4228
4589
4224
3716
3338
3915
4329
3666
2787
2786
2829
1968
857
51
8
-419
-1359
-1948
-2231
-2431
-2956
-3506
-4141
-4210
-3882
-4130
-4621
-5313
-5237
-4413
-4266
-4757
-4771
-3963
-3412
-3485
-3689
-3390
-2419
-1981
-2000
-1550
-1168
-829
-442
101
641
894
1570
2153
2388
2229
2493
3603
3896
3645
3469
4152
5103
4728
4111
4140
4548
4599
4154
3686
3693
4133
4040
3359
2997
3017
2538
1742
890
414
271
-598
-1510
-2097
-2339
-2546
-3081
-3506
-4017
-4037
-3907
-4170
-4758
-5329
-4817
-4239
-4490
-4937
-4807
-4131
-3703
-3670
-3760
-3271
-2466
-2122
-1871
-1468
-1055
-745
-524
-2
580
1083
1825
2423
2681
2656
3016
3773
4042
3787
3620
4391
5134
4758
3940
3825
4482
4672
4172
3665
3831
4170
3963
3280
2811
2858
2332
1492
850
449
-180
-1349
-2019
-2162
-2162
-2741
-3472
-3660
-3911
-3997
-4330
-4709
-4859
-4960
-4596
-4529
-4796
-4967
-4711
-3985
-3595
-3366
-3258
-2900
-2196
-2031
-1993
-1788
-1238
-504
-76
342
646
1203
1950
2344
2522
2771
3495
4124
4088
3822
3909
4527
4821
4376
4026
4333
4870
4724
4064
3799
4173
4308
3550
2980
3113
2944
1954
856
563
533
-440
-1602
-1856
-1792
-2168
-2966
-3547
-3797
-4030
-4415
-4694
-4855
-5224
-5195
-4790
-4650
-4938
-5111
-4691
-4088
-3688
-3674
-3376
-2658
-2248
-1945
-1654
-1286
-895
-556
55
561
1000
1621
2314
2786
2570
2752
3736
4404
4302
3792
4166
5106
5179
4350
3659
4135
4914
4847
4054
3630
4178
4365
3657
2920
2645
2496
1769
765
273
-54
-877
-1813
-2154
-2127
-2479
-3160
-3739
-4098
-4283
-4420
-4660
-5176
-5419
-4855
-4355
-4658
-5197
-5045
-4262
-3682
-3506
-3492
-3208
-2482
-1985
-1871
-1841
-1495
-786
-119
457
606
977
1924
2569
2718
2702
3391
4191
4311
4103
3903
4544
5118
4753
4201
4190
4732
4749
4298
4002
4115
4383
4003
3262
2817
2713
2208
1242
631
331
-221
-1204
-1848
-2052
-2447
-2928
-3431
-3886
-4379
-4770
-4705
-4773
-5205
-5363
-5080
-4799
-4953
-5177
-4741
-4133
-3791
-3456
-3313
-2997
-2520
-2146
-1698
-1444
-1035
-537
-43
467
722
1496
2107
2263
2687
3160
3985
4331
4064
4028
4404
5138
5105
4562
4308
4493
4909
4705
4209
3962
4095
4273
3938
3365
3098
2730
1796
1022
677
223
-739
-1394
-1444
-1847
-2690
-3676
-3985
-3948
-4303
-4593
-4768
-4946
-5297
-5341
-4986
-5088
-5427
-5145
-4392
-3983
-3845
-3687
-3449
-2934
-2404
-2025
-1826
-1565
-789
-129
166
340
620
1682
2625
2608
2520
3241
4227
4445
4203
4006
4443
5254
5179
4477
4297
4721
4912
4636
4076
3877
4368
4460
3832
3288
2989
2323
1273
458
313
-51
-1092
-1688
-2014
-2273
-2753
-3412
-3759
-4406
-4669
-4491
-4511
-5046
-5814
-5456
-4865
-5034
-5491
-5284
-4185
-3628
-3625
-3565
-3158
-2474
-2193
-1901
-1480
-1018
-501
-33
527
799
1370
2292
2702
2814
2929
3777
4756
4580
3962
3836
4640
5359
4927
4295
4250
4731
4990
4487
3933
3972
4407
4308
3500
3095
2848
1983
996
304
-56
-760
-1751
-2108
-2230
-2708
-3461
-3883
-4051
-4493
-4708
-4621
-4775
-5425
-5833
-5297
-4827
-5098
-5384
-4992
-4204
-3717
-3545
-3520
-3238
-2372
-1669
-1516
-1358
-892
-257
348
673
886
1619
2602
2998
2868
3223
4225
4691
4276
3903
4459
5472
5644
4820
4119
4494
5147
4886
4177
3882
4232
4628
4062
2997
2694
2637
1702
625
315
-5
-1019
-2016
-2361
-2435
-2985
-3850
-4135
-4294
-4582
-4548
-4795
-5285
-5626
-5495
-4971
-5107
-5592
-5369
-4418
-3806
-3838
-3600
-3246
-2837
-2172
-1613
-1430
-1325
-728
33
671
803
998
2138
3010
3029
2978
3675
4630
4699
4180
4128
4992
5601
5298
4699
4421
4818
5087
4634
3857
3724
4449
4497
3629
2915
2537
2137
1075
212
196
-516
-1656
-2119
-2178
-2521
-3520
-4128
-4124
-4400
-4878
-4976
-5007
-5583
-5810
-5250
-4947
-5353
-5585
-4844
-3876
-3650
-3732
-3404
-3047
-2783
-2212
-1733
-1489
-946
-255
309
578
796
1740
2744
2915
2821
3439
4363
4545
4176
4051
4715
5333
5305
4990
4627
4692
5019
4899
4259
4100
4472
4469
3910
2974
2738
2723
1645
644
358
-140
-1272
-2061
-2130
-2417
-3185
-3850
-3861
-4081
-4712
-4802
-4635
-4932
-5686
-5651
-4981
-4843
-5111
-5103
-4382
-3953
-3898
-3616
-3254
-2682
-2249
-1703
-1149
-860
-482
-178
311
778
1382
2286
2629
2724
3144
3922
4432
4091
3788
4242
5046
5502
5150
4472
4334
4747
4961
4369
3788
3923
4228
4105
3315
2747
2522
1780
809
401
278
-661
-1843
-2238
-2262
-2774
-3691
-4046
-4047
-4348
-4677
-4699
-4894
-5590
-5768
-5104
-4677
-4957
-5236
-4669
-3830
-3594
-3574
-3310
-2754
-2283
-1959
-1451
-1069
-706
-254
197
710
1211
2058
2794
2808
2848
3736
4626
4467
3979
4011
4819
5498
5203
4586
4342
4718
4963
4543
3917
3751
4316
4519
3603
2672
2594
2450
1489
393
98
-173
-1287
-2169
-2404
-2513
-3016
-3742
-4280
-4667
-4635
-4588
-4851
-5538
-5971
-5210
-4529
-4917
-5527
-5050
-3923
-3669
-4013
-3864
-3018
-2330
-2050
-1635
-1115
-733
-529
-129
440
1011
1919
2714
2909
2876
3358
4390
4749
4164
3772
4442
5502
5483
4623
4078
4392
5028
4911
4084
3594
4017
4583
4251
3005
2125
1957
1592
852
2
-472
-1038
-1789
-2279
-2796
-3143
-3513
-3958
-4329
-4592
-4617
-4757
-5267
-5792
-5438
-4658
-4635
-5178
-5178
-4139
-3311
-3445
-3614
-3155
-2419
-1950
-1688
-1383
-874
-363
-54
453
1060
1584
2360
2919
2947
3204
3902
4540
4442
4002
4356
5153
5401
4803
4235
4356
4849
5030
4381
3915
4025
4097
3900
3132
2279
2053
1877
955
135
-274
-996
-1836
-2341
-2501
-2735
-3319
-4006
-4355
-4615
-4770
-4742
-5130
-5519
-5496
-5175
-4931
-5076
-5121
-4514
-3651
-3527
-3630
-3223
-2725
-2278
-1772
-1303
-927
-580
-132
391
869
1483
2226
2792
2886
3015
3863
4634
4487
3891
4137
5070
5371
5086
4474
3993
4376
5015
4823
3985
3669
4074
4297
3516
2448
2276
2195
1330
175
-187
-372
-1556
-2531
-2746
-2652
-2910
-3554
-4057
-4596
-4502
-4443
-5078
-5731
-5807
-4933
-4520
-4893
-5167
-4614
-3638
-3597
-3673
-3308
-2729
-2249
-2046
-1422
-842
-630
-213
384
837
1296
2148
2789
2574
2523
3523
4638
4618
3671
3592
4762
5428
4906
4119
4084
4606
4798
4300
3653
3625
4059
4192
3466
2635
2471
2137
1154
172
-89
-345
-1516
-2396
-2497
-2607
-3121
-3836
-3893
-4003
-4549
-4650
-4674
-5061
-5551
-5345
-4749
-4715
-4834
-4549
-3728
-3355
-3618
-3168
-2288
-1770
-1527
-1278
-831
-428
-85
180
470
1196
2271
2926
2445
2258
3433
4445
4493
3890
3855
4831
5327
4954
4319
4070
4260
4530
4635
4024
3350
3361
3632
3342
2490
2219
2094
1239
316
-97
-436
-1438
-2483
-2793
-2700
-2993
-3765
-4162
-4381
-4502
-4356
-4573
-5252
-5714
-5146
-4331
-4551
-5143
-4728
-3626
-3271
-3481
-3232
-2521
-1981
-1746
-1287
-659
-336
-155
356
859
1244
2131
2902
2791
2596
3295
4388
4564
3939
3875
4751
5407
5061
4374
4131
4260
4425
4283
3829
3627
3735
3828
3384
2575
2315
2044
1078
70
-231
-431
-1415
-2526
-2987
-2724
-2875
-3815
-4227
-4239
-4367
-4575
-4806
-5083
-5379
-5163
-4758
-4722
-4911
-4592
-3683
-3433
-3516
-2922
-2167
-1878
-1833
-1337
-648
-324
-102
385
873
1209
2196
3185
2979
2620
3315
4452
4419
3615
3753
4731
5304
4797
4281
4306
4231
4256
4280
4141
3900
3623
3473
3182
2682
2200
1710
821
16
-169
-623
-1540
-2138
-2398
-2718
-3242
-3933
-4297
-4305
-4463
-4599
-4744
-5102
-5251
-4947
-4561
-4624
-4852
-4452
-3606
-3289
-3477
-3073
-2285
-2018
-1883
-1456
-922
-456
16
633
1044
1450
2180
2883
3013
2671
3236
4344
4474
3841
3664
4600
5155
4601
4055
4118
4510
4516
4193
3762
3599
3843
3795
3236
2537
2185
1866
1027
106
-233
-509
-1411
-2216
-2525
-2715
-3217
-3765
-3814
-4025
-4411
-4612
-4851
-5178
-5391
-4967
-4484
-4661
-4988
-4496
-3347
-3087
-3546
-3316
-2395
-1641
-1448
-1354
-1014
-465
191
700
987
1281
2128
3266
3273
2689
3175
4313
4533
3615
3517
4756
5455
4636
3566
3817
4507
4467
3755
3198
3683
4229
3921
2832
1867
1951
2051
1067
-445
-863
-569
-1205
-2344
-2975
-2859
-2947
-3699
-4310
-4474
-4427
-4526
-4735
-5085
-5245
-4742
-4283
-4503
-4842
-4229
-3050
-2858
-3528
-3361
-2039
-1215
-1469
-1499
-715
68
343
538
919
1464
2291
3046
3078
2861
3420
4358
4419
3677
3702
4769
5314
4690
3990
4024
4395
4383
3812
3585
3811
3778
3533
2897
2105
1714
1535
780
-165
-301
-744
-1842
-2615
-2714
-2575
-3182
-4031
-4332
-4245
-4298
-4646
-4984
-5341
-5330
-4799
-4359
-4573
-4979
-4403
-3216
-2812
-3127
-2890
-1993
-1305
-1068
-1059
-692
-109
339
889
1192
1568
2363
2873
2795
2960
3948
4509
3959
3418
4076
5293
5125
3877
3449
4117
4637
4221
3336
3092
3695
3944
3428
2556
1784
1757
1736
753
-426
-892
-1124
-1874
-2522
-2780
-3085
-3499
-4136
-4306
-4116
-4289
-4536
-4946
-5059
-4676
-4310
-4283
-4781
-4741
-3817
-2858
-2787
-3248
-2650
-1640
-1119
-1015
-1080
-651
-90
589
1083
1215
1746
2686
3409
3045
2957
4035
4642
4321
3762
4163
5013
4782
3986
3773
4084
3995
3517
3199
3277
3657
3855
3429
2522
1843
1613
1272
300
-545
-825
-1270
-1893
-2427
-2856
-3372
-3876
-4113
-4235
-4446
-4645
-4516
-4735
-5280
-5109
-4575
-4490
-4831
-4537
-3438
-2907
-3076
-2972
-2288
-1645
-1366
-1005
-579
-237
115
670
1197
1282
1772
2997
3530
2981
3037
4164
4764
3967
3175
4110
5287
4806
3644
3463
4230
4319
3579
3023
3185
3804
3806
3254
2341
1576
1600
1323
430
-534
-1006
-1199
-1909
-2595
-3133
-3446
-3613
-3934
-4097
-4468
-4646
-4509
-4755
-5246
-5180
-4221
-3860
-4444
-4587
-3624
-2594
-2883
-3184
-2298
-1182
-942
-1271
-871
-48
415
759
1194
1637
2113
2883
3268
2758
2833
4028
4637
3963
3333
4146
5364
4893
3557
3352
4217
4434
3435
2789
3142
3617
3446
2758
2057
1549
1410
930
-3
-618
-1160
-1754
-2205
-2505
-2967
-3528
-3783
-3899
-3963
-4365
-4726
-4539
-4717
-5146
-5007
-4362
-4114
-4479
-4196
-3161
-2517
-2744
-2828
-1913
-1045
-825
-802
-444
222
609
922
1266
1680
2427
3080
3112
2909
3467
4290
4323
3795
3625
4332
4816
4295
3635
3626
4028
3987
3359
2837
3069
3429
3054
2479
2095
1803
1327
491
-227
-519
-966
-2081
-2806
-2629
-2674
-3370
-4157
-4287
-3999
-4067
-4467
-4890
-5079
-4905
-4439
-4302
-4660
-4678
-3886
-2800
-2558
-3002
-2796
-1876
-1255
-1125
-884
-369
175
632
1174
1546
1777
2455
3282
3411
3024
3534
4465
4250
3518
3753
5034
5297
3963
3143
3814
4653
4089
2878
2732
3577
3912
3175
2193
1693
1757
1506
455
-581
-876
-1078
-1872
-2574
-2868
-3133
-3705
-4236
-4181
-4192
-4546
-4824
-4897
-4906
-4930
-4566
-4174
-4283
-4406
-3851
-2788
-2435
-2768
-2503
-1522
-804
-920
-1059
-422
463
899
926
1054
1671
2678
3378
3254
3060
3620
4378
4388
3766
3676
4427
4899
4409
3619
3559
3864
3612
2984
2790
3315
3582
3094
2260
1660
1645
1239
268
-528
-882
-1184
-2060
-2771
-2962
-2986
-3360
-4152
-4421
-4300
-4176
-4265
-4581
-4750
-4667
-4266
-4163
-4538
-4638
-3827
-2698
-2535
-2893
-2509
-1411
-740
-775
-737
-230
381
608
865
1391
2120
2883
3296
3292
3193
3726
4336
4129
3633
3932
4907
4881
3930
3485
3737
3993
3573
2977
2905
3308
3504
2949
2296
1747
1411
1128
180
-680
-1009
-1315
-1966
-2679
-3040
-3336
-3718
-4169
-4241
-4210
-4377
-4384
-4779
-5318
-5121
-4399
-4114
-4473
-4544
-3603
-2446
-2501
-3003
-2413
-1229
-710
-752
-507
85
590
824
1122
1508
2023
2818
3265
3082
3081
3920
4598
4255
3697
3933
4783
4777
3913
3519
3606
3663
3449
2939
2723
3037
3216
2891
2168
1569
1490
1159
106
-783
-926
-1249
-2224
-2847
-2815
-2859
-3430
-4061
-4195
-4218
-4358
-4448
-4712
-5007
-4825
-4182
-3933
-4339
-4167
-3150
-2487
-2744
-2942
-2068
-1131
-980
-796
-334
44
260
751
1454
1622
1863
2745
3415
3055
2669
3746
4672
4038
3279
3763
4920
4719
3543
3308
3813
3947
3315
2735
2738
3082
3306
2791
2007
1471
1207
1064
191
-858
-1089
-1283
-1908
-2615
-3033
-3232
-3524
-3735
-4068
-4522
-4763
-4598
-4357
-4768
-5016
-4412
-3866
-3913
-4025
-3402
-2439
-2247
-2585
-2259
-1270
-759
-779
-536
97
716
951
1049
1401
2125
3095
3581
3212
2907
3711
4626
4197
3242
3418
4651
5049
3961
3043
3385
4046
3728
2815
2539
2970
3188
2651
1841
1402
1249
994
129
-849
-1077
-1307
-1996
-2785
-3150
-3130
-3541
-4179
-4575
-4432
-4152
-4400
-4818
-5070
-4676
-4028
-3986
-4234
-4103
-3177
-2259
-2298
-2660
-2165
-1041
-698
-899
-460
275
647
850
1260
1755
2243
2826
3293
3408
3360
3813
4291
4066
3629
3643
4421
4663
3907
3430
3465
3653
3371
2987
2797
2600
2779
2620
2106
1474
945
917
350
-588
-1221
-1580
-1884
-2555
-3187
-3516
-3603
-3736
-4039
-4274
-4406
-4251
-4357
-4968
-5065
-4458
-3943
-3932
-3887
-3237
-2425
-2201
-2451
-2144
-1210
-675
-615
-385
233
661
807
1183
1530
2065
2937
3347
3054
2924
3667
4303
3971
3375
3565
4322
4355
3743
3321
3346
3544
3323
2869
2718
2780
2787
2635
2171
1498
1060
723
11
-460
-682
-1320
-2040
-2595
-2768
-3108
-3680
-3796
-3844
-3871
-4089
-4307
-4442
-4763
-4603
-4151
-3821
-3839
-3890
-3266
-2507
-2274
-2388
-1967
-1055
-553
-447
-350
-136
176
819
1414
1420
1793
2856
3532
3118
2473
3215
4203
3880
3085
3210
4387
4629
3709
2980
3025
3585
3483
3030
2806
2982
3116
2627
1929
1203
1089
1118
261
-742
-1043
-1103
-1610
-2485
-3141
-3320
-3436
-3571
-3934
-4276
-4297
-4179
-4084
-4632
-4953
-4345
-3690
-3669
-3970
-3389
-2295
-1962
-2438
-2347
-1175
-567
-633
-408
148
766
893
989
1345
1829
2693
3167
2934
2854
3691
4557
4021
3121
3209
4172
4707
3966
3186
3190
3548
3407
2765
2498
2530
2698
2607
2063
1547
1072
925
303
-674
-953
-1430
-1980
-2451
-2775
-2951
-3389
-3615
-3893
-3880
-3912
-4186
-4269
-4710
-4770
-4440
-4017
-3832
-3921
-3283
-2453
-2104
-2392
-2297
-1238
-529
-351
-332
-138
299
661
1209
1651
1928
2580
3235
3274
2844
3151
4082
4226
3810
3582
3981
4413
3986
3219
2887
3173
3328
2993
2567
2451
2693
2831
2432
1461
937
935
468
-457
-1198
-1469
-1825
-2271
-2763
-3241
-3351
-3424
-3624
-4003
-4324
-4375
-4238
-4293
-4581
-4271
-3780
-3705
-3806
-3511
-2661
-2200
-2247
-2201
-1445
-741
-698
-382
-45
406
768
1044
1596
1737
2208
3035
3231
2795
2829
3715
4183
3803
3257
3566
4342
4152
3277
3012
3366
3610
3266
2506
2370
2725
2812
2306
1425
1159
1231
689
-333
-935
-958
-1406
-2071
-2494
-2877
-3148
-3515
-3526
-3572
-4096
-4264
-4145
-4097
-4490
-4560
-3896
-3606
-3791
-3942
-3141
-2197
-2314
-2396
-1850
-892
-506
-752
-481
192
782
978
1040
1391
2146
2970
2976
2595
2836
3587
3995
3663
3348
3725
4230
4000
3472
3291
3281
3353
3252
2984
2872
2814
2809
2503
1823
1392
1070
565
-14
-387
-729
-1329
-1914
-2495
-2915
-3254
-3500
-3397
-3618
-4040
-4170
-4040
-4031
-4496
-4473
-3930
-3714
-3880
-3988
-3252
-2413
-2300
-2335
-2028
-1239
-671
-656
-500
-43
444
851
1138
1385
1799
2462
3137
3090
2591
3092
4003
4036
3523
3229
3892
4444
3823
3073
2910
3283
3364
2926
2636
2685
2918
2581
1755
1436
1582
1384
476
-475
-663
-801
-1545
-2314
-2664
-2726
-3026
-3449
-3750
-4090
-4313
-4203
-3926
-4222
-4602
-4160
-3567
-3602
-4000
-3618
-2615
-2243
-2462
-2370
-1412
-807
-1003
-750
-146
329
434
676
1297
1691
2076
2492
2724
2554
2715
3553
3977
3682
3214
3496
4104
4110
3549
3146
3348
3459
3282
2823
2657
2946
2776
2308
1968
1748
1447
634
-407
-576
-412
-1030
-2089
-2700
-2555
-2604
-3145
-3751
-3877
-3748
-3977
-4182
-4517
-4565
-4095
-3758
-3707
-3862
-3621
-2983
-2571
-2506
-2279
-1529
-982
-1042
-1016
-491
141
307
379
985
1637
1992
2451
2793
2550
2592
3294
3789
3701
3369
3421
3731
3829
3660
3354
3109
3189
3517
3562
3098
2557
2567
2628
2257
1702
1312
1049
206
-522
-831
-1219
-1708
-2449
-2747
-2839
-2982
-3237
-3969
-4361
-4186
-3652
-3732
-4624
-4807
-4125
-3480
-3722
-4066
-3543
-2780
-2272
-2175
-1943
-1423
-1134
-848
-413
35
344
528
1036
1544
1848
2459
2985
2955
2580
2918
3823
3922
3437
3160
3717
4376
3967
3187
2938
3285
3534
3270
2902
2811
2898
2658
2241
1959
1578
1123
419
-172
-239
-853
-1785
-2251
-2394
-2600
-3190
-3391
-3381
-3732
-4310
-4448
-4011
-4335
-4785
-4516
-3959
-3655
-3812
-3622
-3118
-2622
-2336
-2159
-1707
-1289
-1063
-793
-412
43
373
764
1286
1456
1940
2575
2759
2542
2503
3491
4055
3779
3166
3112
4144
4418
3874
3083
2984
3670
3628
3156
2724
2873
3176
2760
2220
1829
1659
1014
-119
-422
-362
-847
-1806
-2390
-2299
-2422
-2904
-3700
-4174
-4177
-4093
-3785
-4139
-4758
-4638
-3938
-3463
-3919
-4093
-3281
-2421
-2315
-2567
-2150
-1496
-1349
-1320
-957
-175
358
337
580
1075
1712
2304
2469
2442
2607
3503
4087
3683
3054
3218
4268
4382
3784
3329
3144
3342
3233
2950
2773
2881
2994
2759
2541
2090
1609
1248
411
-176
-428
-874
-1374
-2005
-2145
-2265
-2831
-3349
-3828
-4060
-4113
-3871
-3881
-4373
-4526
-4249
-3786
-3982
-4244
-3493
-2593
-2206
-2312
-2122
-1516
-1283
-1270
-956
-181
327
365
677
1105
1400
1929
2481
2589
2460
2904
3887
4166
3368
2781
3492
4495
4356
3372
2951
3385
3570
3252
2772
2640
2999
2978
2362
1888
1712
1360
663
-132
-539
-794
-1373
-2080
-2316
-2240
-2686
-3303
-3627
-3803
-4012
-4030
-3889
-4201
-4510
-4290
-3837
-3776
-4090
-3899
-3062
-2350
-2430
-2447
-1696
-1205
-1321
-1265
-538
197
252
334
885
1515
2050
2474
2433
2211
2797
3893
4176
3337
2877
3620
4404
4135
3324
3270
3690
3784
3412
2970
3020
3233
3058
2585
2297
2064
1712
842
-156
-232
-349
-1290
-2297
-2367
-2137
-2781
-3467
-3576
-3596
-3977
-4219
-3925
-4080
-4603
-4457
-3803
-3587
-4022
-4029
-3322
-2748
-2698
-2534
-1751
-1361
-1510
-1169
-410
107
160
383
802
1160
1850
2570
2825
2531
2874
3869
3871
3221
2976
3696
4379
4091
3635
3349
3343
3294
3115
3050
2984
3025
3104
2869
2273
1667
1195
659
-89
-346
-283
-873
-1864
-2434
-2459
-2844
-3346
-3547
-3797
-4024
-4087
-3852
-4121
-4703
-4505
-3752
-3407
-4048
-4203
-3036
-2284
-2613
-2672
-1844
-1180
-1286
-1229
-442
247
330
442
909
1322
1773
2551
2898
2397
2524
3779
4326
3502
2897
3562
4406
4324
3721
3346
3492
3525
3195
3062
3210
3274
3050
2684
2134
1717
1456
686
-210
-340
-267
-1177
-2333
-2641
-2387
-2463
-3203
-3791
-3975
-4059
-4089
-3993
-4140
-4675
-4587
-3903
-3654
-4004
-4078
-3230
-2488
-2472
-2423
-1877
-1302
-1342
-1311
-741
-31
410
549
892
1225
1856
2614
2508
2199
2594
3622
4014
3424
3037
3333
4140
4281
3703
3527
3606
3725
3650
3276
2932
2889
3056
2807
2402
2053
1582
1063
129
-445
-580
-1203
-1936
-2360
-2259
-2388
-2999
-3574
-4099
-4120
-4030
-3846
-3982
-4765
-4590
-3739
-3466
-3888
-4089
-3349
-2624
-2535
-2610
-2113
-1509
-1498
-1310
-783
-226
207
562
958
1074
1601
2477
2711
2334
2386
3563
4076
3466
2940
3186
4319
4579
3857
3440
3499
3751
3594
3198
2926
2952
3228
2984
2409
2011
1670
1230
255
-455
-579
-992
-1637
-2300
-2594
-2751
-3124
-3626
-4181
-4287
-4060
-3751
-4027
-4853
-4754
-3915
-3547
-4014
-4335
-3373
-2232
-2282
-2791
-2384
-1385
-989
-1063
-946
-337
279
469
671
1066
1771
2553
2778
2418
2545
3671
4308
3650
2787
3204
4421
4552
3680
3088
3322
3785
3688
3086
2696
3021
3324
2942
2225
1751
1714
1327
97
-726
-737
-928
-1746
-2651
-2652
-2372
-2704
-3562
-4258
-4092
-3808
-3728
-4119
-4807
-4501
-3687
-3482
-4100
-4395
-3278
-2120
-2140
-2619
-2145
-1170
-1039
-1164
-901
-135
480
554
844
1175
1803
2526
2606
2400
2628
3698
4147
3564
3066
3195
4010
4075
3488
3199
3197
3545
3578
3135
2582
2706
3143
2822
2211
1622
1521
1235
32
-717
-779
-1014
-1838
-2616
-2746
-2779
-3138
-3810
-4153
-4087
-3861
-3590
-4049
-4687
-4450
-3697
-3507
-4047
-3988
-3028
-2193
-2176
-2325
-1615
-957
-976
-898
-445
120
324
539
1155
1552
1924
2604
2865
2554
2752
3730
4117
3436
2948
3489
4167
3826
3094
3090
3544
3575
3103
2780
2809
2954
2889
2466
1975
1699
1630
1015
-334
-1027
-788
-1058
-2081
-2669
-2619
-2814
-3400
-3953
-4157
-4021
-3943
-3888
-4015
-4441
-4441
-3915
-3669
-3911
-3843
-2945
-2070
-2205
-2506
-1827
-962
-917
-1021
-529
231
623
674
932
1299
1964
2735
2948
2592
2744
3960
4179
3346
2940
3563
4562
4273
3526
3280
3556
3608
3122
2833
2594
2791
2900
2471
1974
1519
1507
1047
-102
-757
-782
-1162
-2268
-2856
-2725
-2716
-3202
-3957
-4219
-4154
-4067
-4051
-4334
-4639
-4372
-3553
-3363
-3873
-3896
-3001
-2016
-2040
-2268
-1762
-1119
-821
-725
-452
7
502
1000
1341
1539
1918
2588
2842
2459
2633
3734
4166
3277
2656
3500
4539
4034
2926
2952
3582
3564
2933
2509
2662
2862
2731
2319
1788
1520
1449
942
-213
-911
-857
-1329
-2281
-2673
-2374
-2504
-3418
-3915
-3758
-3686
-3968
-4108
-4082
-4320
-4278
-3766
-3546
-3910
-3852
-2741
-1907
-2156
-2391
-1647
-883
-916
-829
-187
488
672
885
1414
1655
2029
2577
2785
2526
2786
3861
3943
3218
3028
3840
4591
3921
3251
3388
3696
3477
2822
2628
2520
2625
2885
2695
1917
1008
918
567
-427
-1061
-1222
-1452
-2242
-2739
-2884
-3112
-3588
-4099
-4050
-4091
-4075
-4000
-4324
-4512
-4155
-3440
-3511
-4134
-3854
-2640
-1730
-2018
-2219
-1455
-818
-683
-572
-108
394
658
1245
1710
1782
2112
2740
3019
2742
3204
4100
4013
3202
2895
3817
4393
3743
3118
3310
3722
3514
2960
2461
2318
2557
2711
2293
1402
824
773
403
-672
-1348
-1539
-1944
-2428
-2755
-2792
-3027
-3527
-3765
-3800
-3835
-3903
-3975
-4345
-4564
-3816
-3117
-3309
-3634
-3085
-1947
-1721
-2241
-2093
-1171
-519
-463
-321
17
314
699
1316
1629
1624
2203
2989
2883
2369
2995
4024
3764
2937
2995
4028
4277
3188
2617
3112
3540
3195
2586
2234
2220
2562
2548
1901
1220
946
925
365
-600
-1062
-1334
-1968
-2470
-2569
-2704
-3238
-3773
-3820
-3896
-4138
-4034
-3802
-4050
-4259
-3703
-3273
-3529
-3711
-2969
-1829
-1666
-2082
-1784
-905
-485
-440
-150
300
628
932
1491
1630
1575
2363
3128
2967
2593
3258
4085
3672
2953
2965
3754
3987
3227
2827
2973
3196
2999
2511
2191
2175
2500
2406
1679
954
764
691
-52
-916
-1200
-1275
-1809
-2453
-2704
-2945
-3335
-3648
-3803
-3936
-3947
-3729
-3699
-4115
-4198
-3510
-3099
-3367
-3465
-2852
-1947
-1605
-1729
-1514
-956
-535
-257
45
240
412
1027
1622
1598
1682
2459
3147
2737
2329
3294
4054
3432
2678
3017
3894
3779
2977
2609
2858
3191
2948
2395
2008
2223
2740
2414
1533
1090
1153
853
-254
-1072
-1121
-1369
-2141
-2533
-2475
-2765
-3284
-3607
-3676
-3761
-3764
-3517
-3563
-3879
-3766
-3132
-3051
-3680
-3559
-2524
-1722
-1819
-1938
-1305
-805
-751
-587
-206
183
555
1099
1570
1585
1742
2525
2950
2539
2517
3442
3944
3320
2776
3220
3852
3566
2860
2732
2950
2921
2638
2219
1897
1979
2205
2020
1282
714
673
468
-281
-1065
-1241
-1436
-1981
-2312
-2522
-2777
-3210
-3507
-3526
-3653
-3707
-3599
-3551
-3808
-3772
-3063
-2749
-3028
-3002
-2133
-1282
-1438
-1705
-1216
-463
-243
-290
-31
320
734
1145
1419
1445
1652
2447
2882
2418
2295
3335
3827
3041
2428
2920
3757
3468
2726
2543
2875
3027
2472
1925
1694
2082
2364
1792
1168
915
1027
512
-764
-1307
-1016
-1226
-2201
-2710
-2451
-2454
-3123
-3693
-3680
-3394
-3380
-3529
-3591
-3715
-3353
-2804
-2899
-3337
-3153
-1968
-1304
-1627
-1720
-1068
-372
-500
-444
147
545
828
1137
1587
1647
1806
2498
2707
2269
2134
3103
3686
2978
2503
2952
3583
3350
2747
2636
2728
2709
2394
2004
1766
1793
2113
1944
1154
616
622
466
-505
-1296
-1275
-1466
-2109
-2500
-2354
-2432
-3015
-3392
-3404
-3272
-3353
-3440
-3438
-3611
-3285
-2699
-2699
-3050
-2898
-1899
-1222
-1438
-1598
-1002
-395
-444
-304
122
484
800
1214
1690
1600
1676
2425
2861
2446
2183
3116
3658
2883
2189
2613
3444
3154
2374
2245
2617
2761
2308
1854
1648
1885
2060
1520
827
526
805
621
-403
-1016
-1077
-1336
-2112
-2581
-2409
-2508
-3043
-3351
-3153
-3148
-3390
-3387
-3346
-3370
-3218
-2706
-2503
-2843
-2790
-1925
-1198
-1375
-1564
-971
-151
-36
-144
146
595
1024
1148
1297
1376
1618
2282
2448
2075
2119
3049
3340
2588
2180
2664
3317
2942
2331
2244
2483
2493
2075
1817
1724
1934
1858
1435
1092
814
743
224
-616
-1050
-975
-1245
-2073
-2323
-2148
-2311
-2852
-3231
-3127
-3038
-3148
-3056
-2943
-3179
-3145
-2615
-2467
-2868
-2821
-1962
-1162
-1195
-1467
-854
-114
-115
-141
182
639
894
1024
1160
1272
1720
2323
2535
2195
2153
2974
3231
2626
2330
2707
3144
2787
2244
2119
2193
2204
1962
1734
1514
1655
1846
1369
781
427
445
209
-679
-1212
-1299
-1476
-1965
-2246
-2070
-2179
-2620
-2943
-2849
-2716
-2840
-2910
-3020
-3046
-2695
-2371
-2578
-2888
-2492
-1532
-1013
-1246
-1316
-690
-119
-169
-164
213
724
1057
1078
1318
1482
1638
2108
2236
2116
2177
2741
3016
2372
2077
2513
2954
2644
1898
1859
2189
2139
1807
1523
1449
1453
1373
1156
846
707
720
285
-600
-1081
-993
-1251
-2001
-2211
-1881
-2004
-2716
-3108
-2693
-2502
-2879
-2937
-2709
-2675
-2723
-2349
-2022
-2228
-2137
-1591
-1165
-1256
-1363
-769
-185
-94
-135
47
440
691
909
1231
1326
1481
2037
2305
1982
1834
2454
2895
2554
2316
2416
2715
2614
2103
1991
1996
2011
1935
1645
1342
1199
1376
1265
834
612
553
338
-354
-1007
-980
-1107
-1857
-2311
-2322
-2250
-2443
-2790
-2751
-2735
-2824
-2776
-2649
-2593
-2616
-2413
-2291
-2252
-2068
-1707
-1166
-974
-987
-674
-230
-62
11
193
428
872
1167
1363
1535
1550
1929
2186
2002
1944
2347
2791
2599
2225
2108
2321
2361
2056
1955
1870
1803
1758
1641
1337
1036
1181
1250
951
590
486
378
-201
-756
-817
-1067
-1802
-2044
-1826
-1901
-2375
-2802
-2564
-2248
-2422
-2563
-2537
-2573
-2449
-2122
-2054
-2297
-2240
-1654
-1238
-1351
-1379
-862
-365
-414
-354
104
429
595
852
1118
1215
1100
1305
1897
2044
1869
1941
2202
2186
1974
2014
2150
2230
2217
2265
2148
1731
1594
1625
1396
1042
1154
1521
1272
621
368
487
133
-641
-858
-629
-857
-1570
-1969
-1871
-1905
-2202
-2447
-2491
-2372
-2259
-2142
-2213
-2277
-1962
-1748
-1884
-2043
-1724
-1134
-1028
-1112
-840
-356
-274
-514
-263
280
635
781
875
1000
1016
1086
1441
1790
1765
1670
1820
2105
2159
2000
1906
1857
1900
1806
1718
1669
1478
1430
1317
1173
1096
1041
969
761
609
464
185
-359
-798
-730
-677
-1078
-1618
-1726
-1574
-1704
-2091
-2311
-2133
-2027
-2159
-2119
-2086
-2173
-2170
-2044
-1809
-1699
-1603
-1356
-1083
-888
-886
-743
-473
-242
143
426
545
657
793
1034
1200
1231
1364
1597
1709
1669
1777
2104
2180
1954
1697
1685
1992
2008
1781
1592
1513
1637
1429
1062
888
1019
1270
1008
615
339
116
-194
-664
-771
-713
-874
-1330
-1735
-1744
-1697
-1861
-2153
-2209
-2041
-1968
-2152
-2348
-2187
-1847
-1527
-1474
-1520
-1342
-1091
-871
-942
-986
-653
-258
27
85
249
572
644
689
777
925
1104
1188
1405
1523
1528
1613
1657
1713
1648
1624
1685
1557
1481
1518
1484
1306
1160
1298
1438
1163
710
611
732
667
199
-300
-294
-212
-302
-595
-995
-1090
-1220
-1457
-1716
-1819
-1564
-1673
-1961
-2025
-1975
-1777
-1832
-1890
-1638
-1296
-1085
-1177
-1127
-834
-657
-663
-662
-493
-296
-10
213
256
356
501
733
958
1104
1166
1188
1359
1454
1454
1495
1554
1649
1667
1544
1374
1330
1430
1503
1425
1289
1207
1178
1074
829
762
826
767
502
197
132
-12
-313
-650
-901
-919
-988
-1218
-1499
-1600
-1588
-1649
-1735
-1884
-1883
-1747
-1693
-1709
-1588
-1346
-1314
-1301
-1208
-1090
-915
-789
-652
-533
-348
-187
-161
-136
-65
255
592
711
723
728
924
1051
1151
1337
1431
1504
1498
1544
1495
1365
1388
1338
1418
1456
1409
1428
1228
1092
1093
1025
745
483
532
518
442
198
-196
-385
-488
-586
-828
-1115
-1223
-1127
-1083
-1375
-1617
-1565
-1437
-1498
-1636
-1518
-1286
-1170
-1182
-1188
-1173
-1098
-996
-1002
-931
-768
-538
-361
-458
-469
-168
192
367
367
432
617
731
709
778
1056
1241
1146
1087
1183
1232
1286
1378
1427
1347
1335
1486
1429
1228
1129
1152
1083
812
692
731
733
601
328
-94
-498
-431
-218
-331
-596
-763
-857
-1187
-1515
-1525
-1434
-1404
-1394
-1227
-1090
-1224
-1406
-1441
-1312
-1154
-992
-940
-1188
-1227
-881
-742
-919
-1141
-1070
-560
-66
62
87
406
895
1116
1178
1275
1465
1651
1620
1556
1424
1348
1496
1582
1609
1563
1477
1346
1156
1029
947
908
843
702
518
446
336
97
-131
-345
-302
-417
-761
-876
-1003
-1058
-1191
-1363
-1411
-1469
-1337
-1231
-1252
-1394
-1378
-1102
-1139
-1266
-1180
-802
-444
-560
-596
-371
-197
-233
-359
-238
-7
140
147
141
221
335
479
479
433
509
759
1034
1108
1082
1013
1035
1160
1392
1624
1518
1412
1492
1546
1383
957
742
856
923
753
477
230
-26
-297
-531
-661
-777
-894
-955
-1062
-1218
-1363
-1508
-1660
-1563
-1183
-913
-968
-1181
-1155
-970
-982
-1092
-1018
-800
-657
-600
-456
-241
-192
-178
-48
39
96
151
305
418
329
403
627
724
665
647
863
1038
969
867
910
1070
1242
1277
1111
991
1101
1300
1257
948
827
900
851
623
393
308
155
-104
-284
-369
-385
-448
-568
-709
-898
-1084
-1155
-1104
-1007
-934
-960
-1084
-1304
-1435
-1286
-1055
-896
-797
-640
-451
-515
-713
-795
-673
-426
-281
-163
-31
161
279
98
-95
-153
19
350
579
732
736
704
659
578
648
803
1049
1273
1314
1211
1093
1117
1103
998
937
978
1054
921
667
445
367
371
225
56
-76
-108
-146
-315
-475
-655
-792
-901
-938
-911
-970
-1010
-1067
-1111
-1055
-947
-808
-793
-845
-851
-806
-737
-764
-730
-569
-425
-316
-254
-234
-321
-417
-338
-239
-146
13
160
237
241
347
551
672
740
808
943
1123
1162
1123
1095
1115
1182
1135
1028
939
937
1005
893
704
626
625
571
395
287
210
40
-112
-172
-200
-363
-565
-616
-635
-719
-808
-827
-851
-955
-1034
-1050
-1072
-1082
-998
-867
-849
-976
-1066
-1009
-880
-747
-634
-560
-525
-486
-379
-261
-202
-149
-40
145
291
322
286
218
216
342
554
754
873
965
1085
1144
1106
1082
1133
1239
1320
1285
1113
896
826
857
792
643
562
590
563
370
115
-86
-176
-166
-138
-171
-277
-364
-407
-509
-673
-729
-660
-682
-867
-987
-924
-902
-1071
-1218
-1126
-970
-959
-983
-913
-767
-629
-548
-550
-667
-696
-531
-391
-375
-373
-220
22
120
156
237
334
440
528
669
818
871
913
997
1121
1196
1131
1026
1030
1113
1095
935
819
873
890
675
409
288
317
337
240
140
56
-30
-88
-170
-229
-258
-314
-393
-474
-496
-502
-605
-756
-883
-997
-1065
-1042
-937
-853
-860
-913
-916
-862
-769
-674
-604
-539
-484
-422
-318
-205
-154
-165
-107
75
258
391
493
563
613
621
610
628
706
906
1133
1180
1021
839
808
888
887
769
621
506
478
465
377
257
208
261
303
238
132
54
-43
-178
-288
-327
-310
-318
-420
-563
-674
-763
-893
-986
-910
-758
-780
-977
-1065
-929
-796
-833
-916
-858
-677
-515
-423
-400
-423
-405
-308
-209
-160
-76
98
276
357
383
415
421
480
712
995
1118
1094
1084
1136
1168
1142
1104
1067
1020
994
928
740
501
399
518
679
653
463
284
166
51
-93
-221
-270
-262
-276
-375
-538
-646
-662
-685
-750
-822
-862
-887
-956
-1005
-977
-956
-1010
-1054
-988
-870
-821
-843
-835
-788
-753
-705
-600
-429
-239
-147
-140
-99
7
153
289
411
578
750
842
847
802
770
795
849
914
985
1054
1078
1017
924
864
829
788
787
856
889
812
667
478
256
85
73
173
193
85
-33
-149
-324
-529
-627
-557
-438
-423
-576
-824
-1021
-1101
-1122
-1103
-986
-801
-726
-829
-958
-964
-859
-743
-632
-497
-373
-332
-403
-504
-502
-326
-65
140
294
465
552
465
312
302
501
768
923
930
875
840
820
771
747
817
922
954
879
776
674
539
420
382
406
428
388
279
149
78
81
46
-108
-285
-344
-295
-309
-489
-706
-790
-771
-798
-918
-992
-916
-776
-724
-788
-863
-863
-789
-700
-633
-571
-507
-460
-446
-420
-343
-268
-220
-159
-37
132
247
263
243
284
403
535
661
790
891
905
807
670
624
705
816
846
788
724
709
699
662
641
664
668
597
493
411
332
220
97
-10
-90
-151
-217
-314
-438
-539
-587
-622
-713
-818
-823
-730
-636
-639
-710
-754
-740
-694
-685
-696
-654
-562
-476
-450
-460
-392
-254
-167
-190
-244
-182
-24
94
169
250
352
449
477
475
518
575
595
555
493
509
572
596
544
438
378
405
440
468
481
467
441
355
257
201
126
60
16
-11
-42
-131
-200
-192
-190
-228
-290
-344
-346
-342
-380
-481
-592
-580
-459
-370
-343
-340
-326
-336
-414
-454
-409
-323
-206
-117
-46
10
10
15
20
39
110
129
103
110
186
315
335
241
185
194
298
430
514
565
525
464
427
374
381
394
373
345
259
165
53
-86
-123
-95
-61
-41
-89
-124
-161
-244
-296
-298
-237
-172
-228
-358
-475
-495
-392
-326
-336
-367
-379
-343
-330
-326
-270
-221
-208
-202
-142
4
111
90
10
-27
27
115
151
169
240
326
380
328
221
213
294
401
443
398
383
360
270
179
146
232
337
306
196
95
67
81
-3
-125
-159
-55
91
49
-165
-345
-350
-246
-233
-270
-218
-87
-25
-113
-216
-271
-295
-305
-293
-225
-160
-114
-106
-196
-293
-278
-153
-30
7
3
42
98
125
128
87
40
-1
-42
-39
-24
59
192
232
224
197
245
341
306
207
100
52
53
14
60
172
289
325
152
-20
-72
-17
117
139
142
138
16
-109
-245
-271
-136
-25
51
-3
-108
-144
-196
-242
-302
-262
-117
-80
-140
-192
-147
-71
-66
-74
-24
75
80
-12
-153
-286
-275
-212
-105
8
38
106
136
162
228
222
244
225
227
302
302
297
176
31
44
111
222
187
69
74
63
27
-93
-176
-97
-34
36
73
87
101
-10
-115
-200
-255
-226
-207
-120
-26
-22
-86
-252
-340
-284
-193
-135
-189
-198
-130
-120
-148
-185
-103
44
106
148
162
156
73
-78
-114
-48
101
207
202
172
86
20
-21
-25
70
167
253
275
223
190
160
166
159
95
88
136
179
147
52
-14
-69
-60
41
142
155
41
-101
-169
-146
-110
-120
-128
-123
-91
-63
-116
-177
-180
-143
-41
13
-39
-122
-227
-235
-179
-155
-105
-96
-66
-22
-15
50
53
29
22
-23
-18
-22
23
95
102
155
208
241
203
186
217
120
161
130
-45
8
23
58
58
-82
-5
1
-36
69
-5
-63
-17
-38
-27
-17
-117
-185
-167
-176
-134
-123
-155
-24
2
-162
-118
1
-53
-69
-17
-21
-56
-81
-82
-69
-97
-48
15
-53
-33
97
128
53
-27
41
152
168
220
228
175
114
87
117
94
127
189
178
145
93
105
98
93
201
235
160
71
42
34
-9
-12
-36
-77
-109
-149
-133
-139
-176
-190
-171
-142
-199
-268
-241
-154
-70
-9
9
-66
-162
-196
-198
-165
-108
-55
-62
-180
-213
-98
-15
70
120
58
-10
-94
-128
4
182
302
330
232
65
-81
-111
-44
34
98
152
175
118
72
98
69
77
181
267
297
231
143
89
32
19
39
28
21
40
21
-37
-102
-160
-156
-117
-58
27
66
16
-101
-203
-235
-167
-48
-2
-33
-118
-172
-166
-196
-171
-83
-32
-3
-4
55
117
60
-36
-102
-59
56
116
132
103
37
-25
-110
-164
-85
125
326
368
247
75
-62
-124
-49
105
196
214
211
184
111
23
-55
-114
-158
-192
-158
-93
-52
-56
-154
-207
-146
-53
10
-18
-63
-77
-107
-120
-116
-67
6
10
-22
-48
-33
-29
-96
-125
-19
138
188
109
1
-67
-87
-51
57
171
225
215
139
66
37
14
7
15
92
236
303
243
90
-51
-77
-17
69
124
100
43
-8
-39
-61
-88
-52
27
30
-5
-16
-53
-137
-258
-300
-217
-112
-38
-56
-133
-166
-209
-224
-135
-31
62
76
-25
-98
-84
25
119
92
96
174
177
107
32
-33
-78
-59
31
90
84
123
180
155
106
82
42
36
59
38
-45
-151
-199
-186
-81
100
201
220
197
122
42
16
71
119
145
153
46
-112
-209
-262
-247
-147
-28
74
119
74
-6
-72
-82
-146
-251
-214
-120
-46
-50
-112
-135
-208
-236
-230
-245
-139
-57
-10
10
-59
-65
-69
-28
119
218
316
358
289
197
115
107
119
94
77
81
80
91
74
28
56
118
169
161
78
78
59
50
113
103
150
147
68
76
37
82
104
-8
-37
-123
-157
-134
-192
-171
-188
-173
-133
-209
-239
-257
-222
-184
-228
-221
-207
-146
-108
-164
-143
-75
11
47
-21
-50
-47
-6
39
50
84
101
78
12
-35
-25
35
129
188
221
207
157
97
57
123
218
311
359
298
232
140
69
39
12
69
123
181
224
156
54
-67
-115
-66
-15
29
0
-65
-113
-176
-201
-196
-133
-74
-126
-238
-348
-379
-340
-303
-267
-246
-222
-211
-243
-235
-181
-124
-83
-81
-51
17
77
102
106
142
188
177
137
112
118
145
151
165
172
181
218
230
247
247
250
276
251
221
207
201
205
149
89
19
-88
-136
-101
24
129
136
77
-27
-120
-178
-180
-147
-143
-122
-78
-39
-70
-203
-294
-306
-265
-216
-229
-247
-258
-258
-232
-211
-151
-62
24
78
66
54
36
-15
-68
-79
12
83
108
151
167
141
59
20
101
212
299
289
207
161
122
90
57
24
48
96
122
122
101
108
106
69
33
-8
-35
-26
9
31
-16
-82
-136
-151
-118
-70
-41
-90
-152
-172
-165
-133
-143
-186
-203
-175
-106
-105
-152
-177
-194
-161
-101
-16
62
104
144
127
109
87
38
7
-23
30
55
12
34
75
182
281
246
185
109
121
196
192
198
221
234
228
178
103
11
-46
-59
-17
75
145
119
-46
-205
-265
-240
-135
-76
-54
-39
-66
-111
-210
-278
-277
-271
-219
-156
-92
-52
-89
-178
-285
-325
-281
-192
-77
52
181
209
155
45
-86
-104
-43
53
160
211
230
181
91
36
25
98
221
338
418
390
272
104
-25
-28
53
142
168
105
6
-107
-161
-90
24
140
198
154
95
15
-98
-186
-245
-227
-130
-55
-54
-136
-271
-349
-332
-253
-139
-55
-11
-27
-122
-198
-215
-148
-11
64
71
35
-50
-98
-114
-94
-21
21
53
63
43
60
68
93
156
191
231
230
193
209
233
263
273
229
227
250
245
221
132
65
37
-7
13
56
107
168
97
-22
-124
-230
-238
-219
-163
-61
-60
-113
-203
-311
-322
-296
-245
-150
-92
-55
-70
-151
-218
-265
-265
-201
-130
-73
-69
-144
-235
-298
-282
-159
3
145
209
163
57
-25
-24
92
272
417
489
466
363
229
93
8
8
66
175
271
296
290
242
174
129
96
99
120
118
103
46
-22
-65
-117
-125
-84
-40
-23
-47
-63
-68
-82
-117
-209
-301
-318
-285
-228
-182
-177
-217
-278
-271
-186
-80
-11
-35
-101
-127
-111
-84
-69
-33
67
185
280
309
231
135
78
39
21
28
71
96
99
140
183
223
305
337
258
138
39
-22
-49
7
105
133
110
39
-90
-174
-155
-86
-33
-4
18
6
-40
-87
-147
-187
-178
-156
-161
-208
-255
-265
-260
-262
-277
-289
-259
-193
-123
-69
-45
-51
-70
-86
-73
-16
69
139
172
161
144
153
162
181
204
237
301
366
396
355
264
212
217
251
265
223
151
93
70
69
60
36
16
5
7
27
37
32
6
-40
-64
-81
-98
-131
-198
-243
-250
-233
-209
-229
-272
-291
-284
-232
-181
-167
-165
-167
-150
-118
-105
-128
-167
-186
-153
-84
-26
3
-1
-26
-23
18
69
125
152
153
153
151
164
171
175
194
220
251
258
228
200
191
211
230
219
178
129
104
100
87
53
-10
-72
-128
-172
-187
-184
-150
-113
-102
-98
-116
-118
-92
-61
-25
-35
-83
-157
-229
-246
-220
-168
-126
-119
-124
-134
-146
-174
-203
-184
-97
44
150
156
97
44
58
115
151
166
173
216
265
271
243
194
173
186
228
299
333
294
169
38
14
88
192
229
192
129
41
-56
-163
-225
-196
-135
-70
-56
-95
-156
-265
-338
-339
-257
-114
-77
-147
-292
-446
-478
-446
-341
-196
-121
-73
-104
-151
-135
-128
-94
-85
-76
4
63
104
83
32
27
41
116
231
354
448
430
330
210
159
207
298
371
372
310
224
162
159
197
263
299
275
219
146
88
14
-76
-133
-145
-113
-122
-180
-235
-263
-234
-215
-203
-178
-166
-169
-220
-272
-251
-203
-154
-155
-194
-180
-170
-169
-196
-242
-216
-173
-113
-35
18
66
48
6
15
54
134
165
163
179
189
228
223
187
133
63
62
95
162
200
181
151
99
93
92
86
91
45
5
-62
-112
-83
-42
53
94
72
29
-63
-76
-83
-80
-71
-111
-73
-53
-51
-73
-161
-150
-137
-126
-112
-132
-59
-52
-109
-178
-250
-170
-69
36
106
60
36
5
39
124
161
234
281
302
263
136
62
54
114
174
161
129
68
17
3
2
31
55
60
47
-10
-81
-146
-165
-110
-31
34
84
111
115
63
-61
-176
-238
-227
-156
-105
-73
-68
-100
-109
-124
-133
-126
-134
-92
-53
-37
-52
-143
-194
-187
-112
9
57
63
11
-64
-93
-109
-71
-43
-53
-42
-44
-3
47
85
148
176
201
209
220
288
332
331
246
118
58
47
101
178
228
258
199
140
113
104
143
122
74
-4
-108
-116
-102
-54
-10
-28
-18
-79
-149
-176
-214
-192
-211
-240
-221
-189
-93
-60
-121
-208
-284
-238
-157
-89
-64
-116
-168
-223
-216
-154
-73
72
182
234
207
117
96
83
104
144
138
174
158
132
127
72
109
146
177
204
148
169
148
90
72
29
69
90
125
172
66
-47
-169
-218
-233
-302
-272
-254
-181
-107
-110
-103
-191
-205
-195
-214
-134
-107
-62
-66
-121
-62
-41
24
111
145
179
94
6
-43
-69
11
99
165
177
129
117
130
177
221
219
189
150
131
105
86
97
144
199
192
167
126
60
-2
-48
-25
39
59
32
-34
-116
-138
-130
-132
-161
-240
-281
-267
-215
-126
-138
-227
-306
-317
-228
-155
-96
-66
-111
-164
-201
-168
-73
38
167
211
162
88
16
-9
-35
-20
63
163
298
359
305
176
27
27
94
152
194
168
166
150
115
101
30
6
48
111
181
142
49
-61
-148
-116
-41
46
81
42
8
-35
-64
-92
-145
-196
-224
-210
-167
-118
-87
-59
-100
-184
-228
-231
-129
-55
-24
-1
-61
-64
-70
-43
57
77
132
82
-50
-138
-262
-207
-85
55
222
193
165
94
38
101
78
110
81
20
79
79
149
146
80
114
108
183
187
79
-4
-108
-52
61
138
191
111
42
-34
-80
-34
-3
83
115
68
-10
-161
-225
-244
-203
-104
-73
-29
-47
-80
-104
-168
-176
-177
-129
-82
-84
-86
-101
-78
-78
-106
-145
-159
-78
22
121
124
58
28
11
89
150
181
206
158
164
143
133
165
174
273
313
311
281
181
140
71
36
34
2
67
101
107
56
-90
-137
-143
-60
62
88
76
-56
-206
-318
-400
-332
-245
-172
-174
-276
-311
-322
-285
-250
-296
-296
-261
-169
-73
-74
-102
-153
-170
-111
-43
50
128
165
157
48
-44
-56
23
198
324
390
360
256
198
140
137
162
206
299
308
305
291
268
305
283
293
261
176
144
42
-14
-89
-152
-103
-125
-91
-81
-105
-77
-153
-166
-168
-180
-123
-175
-209
-238
-256
-176
-184
-216
-254
-264
-165
-104
-64
-66
-112
-90
-30
81
157
136
68
-30
-73
-59
22
105
136
157
158
178
188
176
183
148
150
169
154
129
30
-2
30
73
148
127
88
24
-71
-99
-184
-236
-227
-178
-31
1
-10
-57
-170
-145
-117
-58
-11
-101
-100
-150
-200
-178
-235
-184
-167
-168
-72
-59
18
52
17
43
0
54
110
83
98
75
129
200
172
124
29
27
137
227
290
238
130
39
-51
-24
76
199
277
204
85
-16
-57
1
52
95
112
54
-1
-69
-86
-32
-2
51
55
15
-2
-78
-119
-162
-205
-150
-120
-79
-83
-153
-140
-138
-97
-74
-144
-166
-194
-149
-61
-48
-16
-39
-32
40
74
123
74
-59
-149
-204
-123
-8
29
63
53
76
139
152
184
192
184
183
129
117
132
160
217
207
180
146
110
102
48
-1
-43
-79
-68
-98
-131
-188
-255
-240
-207
-139
-96
-110
-95
-112
-118
-132
-170
-164
-187
-210
-227
-230
-155
-93
-56
-56
-57
1
77
142
145
108
70
56
80
96
143
196
240
267
232
239
269
308
334
277
271
290
294
249
77
-66
-126
-97
18
89
144
159
104
33
-93
-184
-215
-220
-176
-156
-129
-102
-132
-175
-236
-253
-208
-137
-52
-25
-71
-168
-274
-320
-317
-277
-219
-167
-106
-65
-48
-52
-63
-18
93
211
269
217
101
12
-19
49
127
156
150
88
75
73
56
67
42
64
97
95
90
4
-47
-32
17
135
200
235
234
170
130
92
74
80
59
37
-14
-76
-111
-140
-147
-148
-147
-128
-115
-106
-96
-95
-86
-76
-82
-108
-142
-144
-100
-45
-29
-72
-139
-167
-126
-33
55
89
60
-8
-62
-54
27
147
246
299
283
224
155
83
61
82
142
216
232
202
123
33
-5
-8
40
75
71
54
30
40
44
27
-10
-69
-91
-79
-40
-18
-69
-155
-254
-322
-335
-313
-250
-193
-162
-189
-275
-340
-326
-204
-32
85
103
42
-26
-75
-98
-95
-68
8
88
140
124
50
5
15
98
195
260
293
292
288
256
195
133
77
70
87
126
185
238
288
278
202
106
20
8
43
66
51
-40
-144
-193
-184
-104
-35
-6
-2
-40
-61
-109
-172
-196
-226
-202
-204
-249
-265
-281
-231
-194
-211
-208
-209
-148
-97
-118
-138
-144
-47
84
150
156
81
45
74
132
204
213
217
226
240
246
175
84
12
22
123
216
268
225
138
76
47
70
74
93
119
132
151
71
-39
-160
-249
-210
-146
-24
55
11
-60
-206
-263
-220
-169
-59
-28
-15
-14
-114
-174
-250
-258
-154
-80
40
73
24
-25
-127
-113
-54
3
77
45
48
65
86
163
149
134
115
97
155
148
128
115
93
149
141
83
34
-36
-23
-36
-99
-119
-164
-130
-67
-53
18
28
11
-11
-93
-58
-9
5
25
-74
-125
-146
-183
-114
-83
-19
38
-39
-87
-198
-262
-195
-149
12
123
151
191
101
