SAMPLES:	14103
BITSPERSAMPLE:	16
CHANNELS:	1
SAMPLERATE:	16000
NORMALIZED:	FALSE
1
-5
-8
-9
-7
-1
5
8
5
0
1
1
6
13
15
12
9
5
1
2
2
6
7
10
7
3
0
-3
-2
-2
2
4
6
12
12
7
1
-4
-2
0
6
7
7
2
-4
-1
1
-1
-4
-5
-3
2
4
-1
-5
-12
-14
-12
-10
-7
-7
-9
-12
-15
-10
-5
-6
-8
-10
-15
-10
-8
-7
1
7
6
-1
-9
-12
-10
-6
0
3
3
0
2
3
4
6
13
16
15
14
11
8
6
3
1
0
1
4
12
11
9
8
12
13
10
7
9
11
8
6
2
-1
-4
-6
-7
-3
0
5
7
5
2
-4
-4
-4
-4
0
1
-6
-10
-13
-12
-11
-12
-10
-11
-8
-5
-5
-7
-10
-14
-15
-9
-6
-1
2
1
0
-1
-2
1
4
2
0
-2
-7
-6
-2
2
8
12
14
12
9
9
10
8
9
11
9
6
-1
-5
-7
-4
3
9
9
8
2
0
-2
-4
-1
2
3
2
-1
-1
0
-3
-4
-4
-6
-2
3
2
2
1
-3
-3
-1
3
6
3
-5
-6
-3
1
2
5
3
-1
1
-2
-4
-3
-4
-7
-7
-7
-6
-2
-3
0
-1
-8
-10
-8
-9
-8
-8
-7
-3
-3
0
2
5
6
11
10
8
7
2
-1
2
5
7
11
8
3
4
6
6
8
10
12
13
10
9
7
1
1
0
2
6
2
-2
-5
-3
-4
-6
-6
-6
-6
-4
0
0
0
-3
-8
-7
-9
-10
-5
-1
-2
-5
-7
-7
-8
-8
-4
-2
-5
-6
-5
2
5
8
7
4
1
-3
-4
-1
-2
0
5
8
9
5
2
-1
-5
-8
-4
0
3
5
5
2
-1
0
3
6
7
4
4
3
0
4
5
3
2
-1
-2
1
0
1
-1
-4
-5
-5
-1
0
2
3
-1
0
4
1
0
-4
-6
-5
-2
3
2
1
-2
-7
-5
-3
-4
-5
-5
-3
-1
5
9
8
5
0
-4
-5
-8
-8
-3
0
7
11
10
6
-1
-7
-3
3
8
15
13
7
2
-2
-2
2
1
1
0
-6
-7
-3
-2
2
8
3
1
-3
-5
-4
-1
4
8
6
5
2
-1
-3
-3
-2
0
1
2
-1
-1
2
0
-2
-5
-9
-7
-7
-5
0
-1
-4
-14
-19
-16
-12
-9
-10
-12
-11
-9
-5
-2
-3
-3
-2
-2
0
2
4
8
8
8
7
5
1
-1
-3
-1
2
6
12
12
8
4
2
3
8
12
20
18
16
15
14
16
14
13
13
10
10
7
4
4
1
-1
-1
2
2
0
-2
-5
-10
-12
-11
-9
-5
-6
-5
-6
-11
-14
-15
-15
-12
-8
-8
-9
-11
-10
-10
-12
-11
-7
-4
-1
2
1
-4
-8
-13
-12
-6
2
5
6
1
-3
-4
-4
-2
0
4
10
10
9
3
1
2
6
12
17
16
10
6
0
-3
0
6
11
14
11
4
4
3
3
5
2
1
1
4
2
-2
-2
-6
-3
2
3
4
5
-1
-5
-7
-8
-4
4
6
3
2
-3
-11
-11
-7
-4
1
-3
-9
-13
-15
-13
-10
-9
-7
-2
-3
0
0
-5
-7
-6
-3
3
6
5
4
5
2
2
-1
2
4
7
8
7
9
4
6
9
8
11
13
7
7
4
-1
0
2
5
4
3
7
4
3
0
-4
-8
-8
1
10
15
10
1
-6
-9
-9
-5
-3
-3
-5
-7
-7
-9
-11
-11
-11
-6
-1
2
1
-3
-12
-17
-16
-10
-4
1
3
3
0
-5
-10
-9
-1
4
5
0
-1
0
-1
1
3
5
2
0
-3
-1
1
2
8
8
5
8
10
10
7
6
6
7
7
8
8
4
3
3
3
8
16
13
8
3
-6
-7
-10
-6
-5
1
7
8
7
4
-2
-4
-1
0
2
2
5
6
2
-2
-6
-7
-9
-8
-5
-9
-11
-14
-15
-10
-5
-3
0
1
-3
-5
-7
-4
-4
-3
-6
-7
-9
-11
-13
-11
-7
-1
5
6
6
2
0
4
7
11
14
8
5
0
1
3
5
8
5
-2
-6
-4
-3
1
5
5
7
4
4
3
2
3
0
0
4
5
11
13
11
7
2
2
-1
-1
-2
-1
-3
-3
-4
-4
-4
-6
-8
-9
-9
-9
-6
-3
2
-5
-7
-8
-8
-4
-3
1
0
3
3
0
1
2
2
3
3
4
2
2
2
1
0
-3
-4
-2
4
8
10
9
8
4
1
2
2
2
4
1
2
2
5
7
6
7
2
-3
-2
-3
-4
-2
-1
2
4
2
-1
-3
-3
-1
-4
-6
-8
-10
-9
-6
-5
-8
-9
-4
-1
4
4
0
-8
-11
-9
-6
0
5
3
1
-2
-4
-4
-4
-2
1
-6
-7
-9
-8
-2
2
4
7
5
1
-2
-4
-2
-1
0
6
8
10
15
15
13
6
4
5
6
11
10
8
5
0
-4
-1
1
6
13
12
5
0
-3
-7
-2
2
3
4
1
0
-6
-10
-7
-5
-1
0
2
2
3
0
-4
-7
-8
-7
-4
-2
-3
-5
-8
-9
-8
-6
0
4
3
1
-2
-6
-8
-6
0
-3
1
2
-2
-2
-1
-1
-1
2
5
3
-1
-4
-9
-7
-4
0
6
10
12
8
2
-3
-6
-5
-2
5
11
12
6
-3
-9
-4
4
11
16
15
6
-7
-13
-12
-5
0
4
5
6
3
3
0
-1
-1
-2
0
1
0
-2
-1
-3
-4
-4
1
4
6
9
8
7
4
3
1
1
2
0
0
-3
-5
-5
-4
-2
-2
-1
-1
-4
-3
-3
-4
-5
-4
-5
-5
-1
2
1
-1
-1
-1
2
4
2
-3
-6
-2
-3
-4
-5
-7
-2
3
6
6
0
-4
-7
-3
2
3
4
1
-2
-1
2
2
1
-5
-6
-9
-5
2
4
6
7
7
8
6
4
6
5
4
3
3
2
0
-3
-6
-7
-4
0
3
5
7
9
8
4
3
1
0
-2
-1
1
-1
2
1
-1
0
-2
-3
-3
-3
3
6
5
0
-6
-8
-7
-6
-7
-8
-12
-14
-12
-6
2
6
9
7
1
-1
-1
-1
4
4
5
7
7
7
6
4
-3
-9
-12
-9
1
5
3
-3
-12
-12
-9
-5
4
11
9
5
-2
-7
-9
-8
-5
-1
8
7
1
-5
-12
-9
-6
0
9
9
10
8
3
1
1
3
7
11
12
10
6
1
0
1
1
6
12
17
16
9
5
-2
-3
-2
0
0
-2
0
3
1
-1
-1
-2
-2
-3
-9
-12
-12
-10
-2
1
-6
-7
-8
-8
-5
-4
-3
-4
-5
0
1
-3
-8
-13
-13
-9
-2
4
4
1
3
1
-3
-4
-6
-6
1
7
9
10
9
3
-2
-3
-6
-2
4
8
11
4
-1
-1
-2
0
5
7
6
4
3
0
-1
1
6
6
7
5
1
-3
-6
-5
-2
2
5
8
6
4
3
1
1
2
4
4
3
3
2
-1
-6
-8
-6
-3
1
4
-1
-1
-6
-8
-5
-3
-1
-1
0
-3
-4
-2
-2
-2
1
0
-2
-4
-3
-2
-1
-1
-1
1
3
3
-1
-4
-3
1
4
5
6
6
1
0
1
4
7
6
2
-2
-2
-3
2
9
11
9
6
4
0
0
-2
-5
-10
-13
-11
-8
-8
-6
-6
-5
-6
-5
-6
-9
-7
-3
0
1
-1
-1
-1
-3
0
2
2
2
0
-1
-1
0
0
1
4
5
7
8
6
6
5
6
9
12
13
13
12
4
-4
-6
-4
-1
2
2
4
5
1
-2
-6
-5
-5
-1
3
3
0
-4
-8
-11
-9
-3
-1
0
-1
-2
-3
-4
-4
-3
-2
-1
1
3
4
4
4
2
2
0
-3
-3
0
1
0
-2
-1
2
6
11
9
0
-5
-9
-7
-2
3
5
-1
-5
-5
-6
-6
-4
-1
0
-1
0
3
3
0
-2
-5
-14
-12
-8
-4
5
11
9
5
-1
-7
-6
1
5
8
4
-2
-4
-2
2
4
5
3
0
2
5
7
8
4
-3
-8
-8
-5
1
5
7
9
5
3
0
-2
0
1
3
4
3
0
-2
-4
-4
-3
-2
-2
-2
-2
1
4
3
-1
-1
-3
-2
2
6
5
2
3
0
5
6
4
4
0
-4
-8
-10
-9
-6
-1
1
0
-1
1
1
-1
-2
-5
-5
-3
0
2
6
3
-4
-10
-14
-13
-4
4
7
5
3
-1
-3
-3
-4
0
-1
0
0
0
0
-3
-4
0
3
6
5
0
0
2
2
5
6
7
6
6
3
3
9
13
15
10
4
-2
-5
-6
-6
-3
0
-1
0
1
2
3
-4
-3
-4
-3
6
7
3
-5
-12
-12
-9
-4
1
-1
-6
-12
-18
-17
-11
-4
2
3
5
7
8
4
1
-4
-1
2
3
3
1
-1
-1
1
5
7
9
9
8
7
3
0
1
4
5
9
8
5
2
-1
-3
-3
-2
-3
-2
1
2
3
1
-4
-9
-9
-7
-7
-4
0
0
2
2
-1
-3
-4
-5
-5
-7
-6
-6
-5
-3
-4
1
4
7
5
-1
-7
-9
-4
-2
-1
3
1
-2
0
2
4
8
10
11
13
13
9
3
-3
-4
-1
3
6
6
8
4
0
-5
-5
-4
-2
2
3
0
-1
-4
-8
-9
-8
-6
-5
-1
3
3
6
1
-5
-9
-9
-5
-1
2
-1
-4
-3
-1
3
5
3
0
-2
-5
-7
-5
-1
1
1
2
-1
-1
-2
-3
1
4
8
10
9
6
4
2
2
4
7
11
8
5
2
-2
-3
-1
0
0
0
-2
-3
-5
-6
-5
-6
-4
-4
-4
-3
-3
-4
-5
-4
0
1
2
1
1
-2
0
3
3
2
-3
-9
-9
-5
-3
1
5
7
6
4
3
5
4
6
2
1
3
3
3
5
4
2
-2
-1
1
3
2
1
-4
-6
-4
-4
-8
-5
1
4
7
5
3
0
0
-1
-7
-6
-5
-3
-4
-4
-5
-5
-4
-2
-1
0
3
4
5
7
8
4
-3
-8
-5
-4
-4
-2
-3
-5
-1
1
4
8
5
3
-2
-3
-5
-5
0
5
8
8
3
-1
-1
0
1
6
11
12
10
4
-1
-2
-3
-2
-2
1
7
7
0
-3
-6
-9
-4
-2
0
2
-1
-2
-4
-5
-4
-2
-2
0
0
2
-2
-5
-6
-7
-4
1
4
2
-2
-7
-7
-6
-8
-6
1
8
10
9
5
0
-5
-10
-7
-2
2
2
2
4
4
8
10
9
7
5
1
-2
-4
-5
-3
-3
1
4
1
2
0
1
1
-3
-1
3
6
7
4
-2
-6
-4
-2
1
3
3
4
5
2
0
-1
0
2
1
3
2
-4
-6
-10
-12
-9
-6
0
1
1
-2
-9
-13
-12
-7
-1
6
8
4
-1
-6
-4
-1
5
9
8
3
0
-5
-7
-4
-2
6
11
11
7
-1
-7
-7
-5
-3
4
2
10
2
8
8
-1
-4
-8
7
3
8
9
-2
-2
-8
-12
-6
-4
14
4
7
-3
3
4
-1
2
-3
6
-4
-1
2
5
8
7
8
5
-1
-2
-1
-1
-4
1
-5
-5
-2
-5
-2
-9
-12
-8
-6
-3
-6
-9
-8
-11
-5
-2
-2
-2
2
6
6
9
5
-2
-7
-9
-6
-3
2
4
-2
-4
-6
-2
1
4
11
15
13
8
2
2
3
6
9
10
7
6
1
-2
-4
-5
-1
2
2
1
-1
-2
-5
-7
1
8
15
13
7
1
-3
-1
0
-1
-3
-5
-3
-2
-2
-2
-1
0
0
4
2
4
4
2
-5
-15
-13
-7
-3
1
4
1
-4
-6
-8
-5
-1
0
0
-2
-6
-8
-7
-5
-2
0
0
1
-2
-4
-3
0
3
1
4
4
5
7
5
1
1
-3
-5
1
4
5
10
12
8
8
-1
-5
-4
-2
3
7
11
9
4
3
1
0
1
-1
-4
-1
-1
-2
-1
-6
-9
-6
-2
4
6
3
-2
-3
-8
-8
-1
4
4
1
-3
-3
0
2
4
6
1
-6
-8
-10
-5
-3
-4
-5
-7
-8
-4
-7
-7
-5
-4
0
4
8
8
6
1
2
0
-1
4
4
8
8
5
2
2
8
14
15
12
8
0
-7
-8
-1
6
11
12
8
0
-6
-12
-12
-7
-1
4
3
-2
-10
-13
-15
-11
-4
4
5
2
-3
-14
-16
-16
-13
-6
-1
2
2
1
-2
-2
-1
1
2
6
10
12
13
8
2
-2
-7
-4
-1
4
7
8
8
4
0
2
5
5
5
4
2
3
3
2
4
5
6
8
7
1
-5
-9
-13
-12
-10
0
9
6
0
-4
-4
-1
0
-2
-2
0
2
6
5
3
-1
-10
-14
-17
-13
-7
-7
-9
-10
-5
-3
-3
-2
1
7
10
8
6
5
4
4
3
8
14
13
9
7
3
0
0
0
-1
-2
-3
-1
-3
-3
-7
-10
-9
-8
-8
-8
-9
-10
-7
-2
1
0
-1
-2
-5
-4
0
4
7
8
8
4
1
-2
0
1
3
8
5
-1
-3
-1
7
18
23
21
14
3
-4
-3
3
5
6
3
-1
-6
-8
-7
0
6
8
4
1
-2
-4
-1
-2
-4
-8
-9
-7
-4
0
-1
-4
-8
-13
-12
-13
-10
-4
-4
-5
-7
-7
-3
0
3
8
5
2
1
-2
-2
0
-1
-2
-3
-3
-1
-3
-2
1
5
7
9
7
5
3
-2
-7
-8
-8
-9
-1
6
10
11
5
3
-1
1
13
17
15
7
-1
-8
-11
-4
1
7
12
13
7
6
4
4
9
8
6
3
-4
-7
-5
-4
-3
-2
-3
-2
3
1
-3
-7
-6
-4
-2
-7
-5
0
-3
-3
-9
-8
-7
0
7
1
-4
-9
-7
-8
-9
-7
-7
-8
-1
10
6
-4
-3
0
7
9
8
-2
-18
-15
-4
6
3
1
4
7
14
13
8
1
-2
10
24
18
-5
-15
-10
1
-2
-9
-5
3
7
3
-5
-11
-11
-9
-4
11
16
5
-7
-5
2
0
-5
-12
-2
20
24
1
-14
4
18
1
-20
-19
-4
10
22
7
-11
-6
16
7
-23
-14
11
13
-3
-15
-15
-13
-3
-2
-21
-44
-30
-12
-24
-12
-3
-29
-7
121
138
-41
-124
64
259
95
-173
-126
109
228
75
-173
-155
86
220
89
-150
-150
122
202
-19
-177
-123
-18
-79
-184
-152
-193
-243
-139
-77
-128
-184
-157
-31
-30
-126
-59
18
-55
-96
-24
54
11
-20
127
236
185
169
255
376
452
380
325
426
556
680
662
451
455
703
793
568
312
366
555
546
385
223
136
167
154
-21
-254
-465
-577
-614
-792
-1075
-1271
-1411
-1558
-1622
-1597
-1618
-1679
-1627
-1477
-1365
-1195
-1009
-1023
-925
-499
-121
-27
-73
33
394
775
979
1001
1063
1361
1725
1891
1839
1747
1910
2177
2119
1937
1830
1705
1613
1494
1261
983
761
655
492
215
-43
-279
-445
-529
-765
-1106
-1268
-1292
-1300
-1397
-1623
-1782
-1797
-1720
-1676
-1775
-1879
-1826
-1679
-1589
-1587
-1647
-1479
-1116
-1000
-846
-646
-460
-60
98
202
538
875
1165
1210
1395
1666
1795
2120
2146
2069
2232
2282
2406
2353
2207
2222
2070
2099
1911
1450
1342
1009
791
764
141
-292
-374
-515
-667
-1183
-1606
-1535
-1560
-1892
-2225
-2308
-2113
-2209
-2547
-2576
-2594
-2505
-2347
-2509
-2579
-2406
-2132
-1870
-1893
-1925
-1620
-1208
-1149
-550
617
39
-1001
325
2668
2678
839
567
2409
4057
3871
2310
1619
2933
4569
4227
2959
2252
3100
4718
3736
2099
1877
1808
1550
1358
891
-313
-1469
-1133
7
-74
-1998
-3176
-2243
-931
-1453
-3110
-3231
-2836
-2603
-2283
-2866
-3530
-3099
-2282
-1913
-2285
-2876
-2282
-1015
-988
-1277
-1390
-1329
-566
-35
-6
-295
-499
305
1094
1008
915
1145
1405
1752
1968
2028
2212
2087
2197
2569
2570
2549
2446
2359
2613
2609
2536
2421
2053
1861
1993
1942
1422
865
537
693
709
66
-595
-896
-886
-841
-1172
-1794
-2237
-2270
-2078
-2157
-2659
-3017
-2920
-2482
-2326
-2914
-3165
-2690
-2288
-2278
-2628
-2820
-2570
-2115
-1892
-1950
-2017
-1816
-1458
-1151
-1070
-21
1102
-151
-1117
1285
3934
2796
547
999
3449
4972
4181
2243
1919
3866
5691
4920
3087
2505
4255
5929
4151
1900
2284
3285
2431
1039
791
615
-580
-1090
-292
-229
-1717
-2484
-1972
-1741
-2448
-2950
-2810
-3544
-4139
-3137
-2695
-3849
-4467
-3246
-1819
-2511
-3858
-3188
-1805
-2013
-2503
-2505
-2602
-2176
-1348
-1055
-1490
-2007
-335
2329
1004
-1537
287
4100
4075
1056
559
3040
4691
4356
2919
2090
3295
5337
5167
3419
2440
3688
5805
4317
1416
1948
3621
2345
408
316
664
-160
-1141
-789
-845
-2013
-2103
-1761
-2146
-2997
-3163
-2394
-2878
-4272
-3821
-2743
-3433
-4241
-3581
-2604
-2751
-3727
-3340
-1965
-2072
-2776
-2982
-2777
-1884
-1112
-1274
-1801
-1829
928
2792
-74
-1603
2194
5137
3151
628
1605
4481
5699
4467
2724
2688
4755
6356
5253
3306
2898
5150
6203
3444
1390
2814
3626
1592
185
566
381
-692
-1127
-749
-1189
-2494
-2576
-2132
-2698
-3413
-2915
-2765
-4272
-4743
-3194
-2887
-4457
-4841
-3318
-2542
-3709
-4477
-3158
-2004
-2673
-3224
-3067
-2765
-1930
-1210
-1258
-1991
-924
2083
1810
-762
370
4368
4621
1548
1013
3625
5906
5392
3177
2555
4487
6502
5856
3914
3098
4573
6608
4989
1771
1765
3898
3178
569
-16
418
-22
-837
-955
-1154
-2449
-3124
-2552
-2557
-3818
-4503
-3821
-3914
-4779
-4408
-3802
-4779
-5484
-4020
-2768
-3654
-5101
-4351
-2304
-2257
-3283
-3254
-2839
-1973
-1021
-744
-1523
-245
2834
1472
-945
2011
6528
4665
212
1360
6006
8005
5552
1913
2541
6762
8922
5941
2810
3108
6545
8742
4652
543
2057
5029
3249
-228
-604
-85
-1091
-1346
-435
-1698
-4545
-4297
-2255
-2285
-4940
-6348
-4367
-3999
-5535
-5077
-4441
-5876
-5872
-3327
-2558
-5034
-6451
-3404
-844
-2947
-4714
-3380
-1577
-669
-800
-1132
-821
1257
3273
2149
223
2382
5939
4817
1827
2182
5448
7430
5377
2911
4028
6481
7121
5592
3929
3758
5747
6517
4197
1865
2242
3548
2186
-275
-547
-335
-1341
-1787
-1545
-2418
-3906
-3961
-3127
-3425
-5109
-5157
-4134
-4907
-5560
-4757
-4680
-5632
-5463
-3831
-3472
-4770
-4621
-2607
-1968
-3163
-3352
-2544
-1523
-925
-1005
-665
-331
1730
3618
1896
203
2741
6266
5273
2205
2439
5579
7275
5601
3760
3971
5626
6886
5864
4313
3664
5215
6424
4583
2185
2111
3049
1941
47
-233
-217
-1404
-2244
-1752
-2276
-3818
-4128
-3593
-3588
-4698
-4806
-4245
-4996
-5647
-5006
-4609
-5406
-5390
-4092
-3490
-4250
-4586
-3051
-2201
-2981
-3322
-2707
-1886
-1297
-1046
-828
-817
819
3097
2272
384
2140
5661
5359
2704
2447
5019
6772
5657
3963
4107
5540
6585
5973
4794
3855
4914
6200
4725
2526
2315
3372
2227
-25
-276
104
-1110
-2247
-1600
-1647
-3269
-4148
-3886
-3715
-4639
-5069
-4815
-5470
-5858
-4837
-4400
-5664
-6101
-4374
-3203
-4352
-5321
-3649
-1949
-2619
-3396
-2896
-2065
-1277
-503
-324
69
1984
2822
1799
1657
4196
6130
4320
2305
3667
6622
7361
4931
3199
4708
7171
6977
5157
4238
4596
6331
6115
3528
1825
2558
3016
1339
-333
-616
-1048
-2021
-2017
-1664
-3119
-4615
-4408
-3731
-4196
-5677
-5844
-5132
-5418
-5596
-4761
-5071
-6284
-5458
-3406
-3224
-4902
-5138
-2900
-1756
-2880
-3559
-2805
-1670
-775
-262
-247
562
2458
2884
1933
2459
4957
5575
3572
2973
5202
7333
6572
3947
3465
5815
7533
6164
4338
4279
5701
6700
5018
2639
2318
3451
2892
690
-637
-554
-898
-1739
-1989
-2673
-3876
-3981
-3666
-4053
-5072
-5604
-5244
-5281
-6139
-5953
-5165
-5653
-6012
-5023
-4003
-4355
-4893
-4111
-2639
-2300
-2976
-2979
-2397
-1197
-206
-266
-504
1149
3463
2857
1499
3025
5792
5381
3066
3413
5772
7187
6171
4016
3973
6091
7360
5762
4020
4232
6264
6777
4089
2316
3046
3552
1996
-28
-590
-596
-1367
-1763
-1926
-3181
-4350
-3884
-3470
-4319
-5531
-5551
-4811
-5274
-6094
-5660
-5406
-5887
-5424
-4471
-4514
-5225
-4862
-3409
-2485
-3052
-3428
-2755
-2017
-987
-248
-607
-577
1914
3894
2568
1395
3920
6537
5087
2804
3821
6363
7244
5609
3929
4754
6736
7098
5372
4162
4896
6766
6304
3569
2382
3510
3539
1131
-700
-433
-461
-1668
-2356
-2516
-3419
-4138
-3785
-4069
-5116
-5759
-5317
-5066
-6012
-6453
-5631
-5461
-6047
-5538
-4402
-4465
-5067
-4542
-3102
-2561
-3349
-3328
-2409
-1370
-604
-629
-743
378
3097
3733
1834
1940
5227
6953
4551
2684
4411
7192
7663
5339
3811
4987
7429
7622
5277
4026
5038
6822
5954
3167
2242
3265
2840
661
-476
-383
-1270
-2323
-2190
-2266
-3832
-4881
-4154
-4165
-5397
-5887
-5299
-5435
-6443
-6278
-5323
-5678
-6335
-5477
-4164
-4649
-5307
-4269
-2976
-2909
-3468
-3007
-2241
-1583
-823
-380
-265
829
3370
3563
1594
2487
5974
6831
4030
2827
5362
7828
7261
4856
4235
5808
7535
7014
4881
4043
5411
7091
5829
2824
2299
3311
2336
327
-381
-311
-1421
-2634
-2221
-2153
-4048
-4877
-4192
-4582
-5799
-5952
-5336
-5708
-6820
-6248
-5145
-6013
-6761
-5132
-3781
-4687
-5358
-4043
-2534
-2832
-3579
-3202
-2087
-1034
-272
-69
-158
1568
4127
3556
1564
2854
6417
6742
3835
3086
5767
7977
7038
4619
4008
5817
7541
6719
4813
4029
5439
6894
5235
2587
2392
3216
2045
51
-631
-710
-1873
-2876
-2323
-2705
-4473
-4770
-4078
-4454
-5830
-6149
-5520
-5833
-6818
-6373
-5634
-6342
-6264
-4578
-3984
-5024
-5326
-3647
-2222
-2673
-3396
-2972
-1684
-496
56
-337
-283
2115
4254
3185
1696
3572
6739
6287
3722
3562
6095
7669
6410
5027
4565
5300
7256
7383
4756
3424
5823
7283
4648
2173
3020
3337
1049
-436
-304
-603
-2245
-3003
-1702
-2757
-5110
-4918
-4081
-5101
-6289
-5839
-5506
-6838
-7173
-4860
-4908
-7696
-6839
-3582
-3477
-5803
-5931
-2771
-1368
-3008
-3550
-2226
-1503
-628
768
573
136
2213
4787
4059
1931
3632
6833
6063
3428
4047
6971
7515
5556
4307
5039
6316
6430
5695
4522
4360
5982
6037
3558
1952
2926
3029
703
-1074
-746
-623
-2519
-3368
-2667
-3258
-4610
-5102
-4400
-4694
-5825
-6013
-5798
-6189
-6298
-5369
-5682
-6495
-5558
-3994
-4049
-5585
-4912
-2585
-2092
-3045
-3344
-2132
-898
-85
237
3
742
3072
4422
2985
2308
4754
6658
5567
3570
4456
6897
7159
5596
4493
5228
6487
6484
5448
4598
4969
5832
5307
3381
2655
3234
2239
411
-458
-350
-1041
-2680
-2740
-2405
-3458
-4755
-4891
-4582
-5146
-5614
-5894
-6126
-6325
-6059
-5553
-6284
-6471
-5199
-4100
-4605
-5366
-4189
-2798
-2474
-2988
-3126
-2203
-1136
-50
146
-78
1191
3560
4105
2484
2692
5148
6416
5025
3515
4817
6789
6956
5670
4688
5315
6393
6407
5232
4403
5035
5873
5006
3099
2701
2758
1683
504
-232
-535
-1497
-2540
-2281
-2431
-3882
-4948
-4788
-4720
-5310
-5684
-5873
-6053
-6228
-5782
-5566
-6271
-6136
-4817
-4002
-4747
-5180
-3987
-2889
-2647
-2995
-2944
-2060
-825
200
334
303
1662
3821
3913
2744
3491
5565
6167
4793
4119
5383
6680
6665
5553
4771
5436
6625
6346
4815
4322
5108
5529
4389
2878
2833
2518
1192
207
-131
-703
-2070
-2572
-2245
-2660
-4076
-4975
-4636
-4961
-5511
-5815
-6276
-6446
-6357
-5732
-5993
-6665
-6070
-4756
-4322
-5181
-4790
-3370
-2581
-2543
-2897
-2313
-1459
-432
451
421
739
2291
3905
3309
2485
3913
5993
6092
4275
4244
6185
7221
6526
5081
4959
6000
6686
5965
4537
4398
5365
5488
3856
2623
2579
1986
980
110
-436
-1415
-2634
-2504
-2143
-3102
-4799
-5006
-4378
-4994
-5805
-6141
-6146
-6184
-5999
-5726
-6255
-6443
-5478
-4188
-4519
-5242
-4210
-2996
-2464
-2649
-2695
-2060
-1271
-194
380
357
921
2819
3888
2863
2894
4751
6125
5388
4088
4772
6268
6749
5896
5085
5354
6105
6575
5616
4541
4853
5470
4976
3416
2803
2686
1744
742
309
-232
-1924
-2757
-2049
-2085
-3810
-5393
-4830
-4326
-5134
-6073
-6330
-5802
-5636
-5708
-6181
-6691
-6281
-5107
-4385
-5266
-5339
-3838
-2725
-2617
-3058
-2669
-1806
-862
136
259
382
1935
3976
3688
2435
3494
5706
6292
4760
4224
5695
6720
6511
5439
4745
5165
6166
6311
4951
4220
4989
5583
4340
2618
2540
2495
1424
480
26
-976
-2469
-2607
-1990
-2676
-4700
-5513
-4569
-4583
-5690
-6432
-6353
-6048
-5986
-5762
-6009
-6427
-5574
-4094
-4280
-5435
-4825
-3121
-2221
-2504
-2715
-1997
-1086
51
745
419
742
2845
4437
3378
2584
4495
6557
5849
4033
4546
6414
6842
5815
5006
5064
5651
6276
5783
4596
4357
5315
5393
3521
2304
2418
2064
901
-144
-607
-1760
-3025
-2904
-2653
-3828
-5524
-5426
-4516
-5016
-6254
-6534
-6092
-6280
-6323
-6083
-6232
-6087
-5258
-4109
-4455
-5311
-4233
-2519
-2071
-2631
-2504
-1561
-471
534
700
609
1625
3864
4590
3062
3226
5673
6735
5093
3919
5456
7216
6881
5364
4860
5592
6221
6077
5025
4377
5022
5723
4792
2874
2312
2490
1566
112
-520
-855
-2153
-3041
-2889
-3144
-4588
-5857
-5266
-4578
-5461
-6631
-6536
-5932
-6173
-6396
-6538
-6707
-6086
-4797
-4148
-5076
-5220
-3412
-1996
-2300
-2991
-2303
-992
-13
609
638
1013
2688
4412
3906
2953
4623
6746
6262
4412
4635
6824
7475
5902
4696
5375
6397
6375
5558
4561
4737
5712
5430
3709
2316
2422
2481
1094
-493
-1258
-1856
-2452
-2665
-3123
-4252
-5372
-5311
-4563
-5145
-6616
-6897
-6046
-5709
-6284
-6814
-6793
-6250
-5360
-4702
-5035
-5407
-4275
-2536
-2056
-2669
-2647
-1564
-265
488
483
740
2170
3841
3926
3029
3900
6182
6615
4954
4485
6272
7504
6319
4723
5206
6692
6830
5563
4429
4678
5886
6002
4396
2674
2190
2591
1957
113
-1232
-1934
-2195
-2216
-2699
-3965
-5251
-5307
-4705
-4915
-6397
-7323
-6453
-5644
-6056
-7074
-7422
-6654
-5492
-4791
-5149
-5301
-4392
-2814
-1906
-2663
-3051
-1997
-623
322
558
874
2212
3795
3819
3195
4030
5829
6357
5031
4581
6100
7475
6903
5052
4756
6240
7113
6218
4644
4626
5878
6158
4692
2814
2073
2266
1940
615
-872
-2029
-2440
-2166
-2561
-3856
-5378
-5684
-4727
-4756
-6014
-7147
-6994
-5875
-5743
-6748
-7488
-6947
-5626
-4761
-5176
-5721
-4728
-3069
-2015
-2362
-3101
-2250
-723
195
346
518
1858
3702
4038
3218
3994
5898
6523
5432
4597
5854
7510
7355
5651
4712
5849
7147
6745
4922
4432
5838
6501
5327
3221
2130
2344
2231
1005
-676
-1879
-2410
-2146
-2344
-3763
-5281
-5729
-4988
-4987
-6169
-7056
-7068
-6494
-6302
-6789
-7507
-7464
-6299
-5039
-5016
-5909
-5496
-3727
-2416
-2436
-3044
-2536
-997
288
576
648
1803
3468
4083
3640
4202
5892
6493
5614
4918
5907
7397
7396
6031
5108
5972
7233
7015
5484
4753
5849
6591
5483
3463
2304
2375
2194
1037
-695
-2011
-2377
-2084
-2336
-4019
-5706
-5684
-4823
-5107
-6546
-7268
-6735
-6190
-6539
-7102
-7273
-7001
-6212
-5274
-5255
-5774
-5228
-3743
-2651
-2728
-3141
-2443
-993
166
394
448
1800
3510
3763
3352
4336
6079
6558
5585
4913
6034
7559
7575
6163
5216
6248
7545
7123
5254
4451
5809
6546
5315
3351
2438
2756
2448
1027
-803
-2131
-2337
-1856
-2142
-4072
-5765
-5470
-4558
-5169
-6921
-7676
-6951
-6295
-6813
-7467
-7403
-6933
-6176
-5606
-5685
-5778
-5112
-3716
-2802
-3001
-3175
-2400
-1146
-143
267
677
1945
3347
3563
3480
4620
6188
6420
5487
5291
6575
7764
7303
5912
5517
6547
7466
6870
5365
5007
6063
6615
5494
3583
2632
2793
2633
1203
-813
-2006
-2230
-2010
-2393
-3925
-5408
-5622
-4950
-5181
-6557
-7426
-7107
-6532
-6827
-7390
-7558
-7227
-6481
-5915
-5812
-5875
-5238
-3895
-2887
-2826
-3101
-2487
-1194
-63
387
867
2259
3345
3426
3803
5134
6157
5952
5337
5487
6622
7565
7312
6157
5534
6338
7347
6975
5529
5240
6309
6464
5313
3919
2997
2552
2124
1288
-311
-2115
-2820
-2117
-2218
-4021
-5586
-5823
-5211
-5238
-6430
-7603
-7735
-7071
-6690
-7101
-7974
-7732
-6251
-5389
-5850
-6379
-5293
-3511
-2761
-3071
-3275
-2540
-1243
72
348
455
2025
3690
3888
3651
4901
6403
6230
5298
5308
6640
7738
7508
6386
5703
6509
7526
7136
5521
4810
6148
7014
5655
3518
2761
3093
2684
1248
-581
-1844
-2206
-1959
-2285
-4177
-5689
-5531
-4822
-5240
-6670
-7219
-6859
-6597
-6843
-7332
-7863
-7722
-6452
-5546
-5868
-6491
-5765
-3916
-2997
-3282
-3372
-2549
-1302
-71
403
588
1860
3168
3487
3725
4901
6178
6117
5326
5379
6655
7497
7098
6244
5964
6743
7380
6883
5598
5188
6154
6814
5713
3647
2910
3117
2574
826
-913
-1677
-2030
-1980
-2539
-4028
-5351
-5497
-4914
-5652
-6937
-7300
-6763
-6591
-7069
-7190
-7555
-7531
-6664
-5535
-5376
-6271
-5635
-3645
-2544
-3306
-3831
-2583
-1114
-221
72
995
2347
2958
3412
4228
5396
5760
5528
5518
5908
7041
7506
6625
5613
5970
7197
7251
6121
5321
5998
6862
6339
4934
3681
3407
3324
2264
476
-1096
-1726
-1494
-1674
-3267
-4823
-5005
-4653
-5057
-6253
-6997
-6827
-6643
-6964
-7241
-7423
-7527
-7047
-6301
-5845
-6008
-6011
-4810
-3304
-2917
-3423
-3316
-2262
-928
-221
-89
1086
2656
3117
3203
4255
5772
6043
5405
5297
6356
7529
7356
6323
5668
6296
7306
7064
5839
5366
6216
6727
5781
4122
3284
3399
3111
1696
-141
-1257
-1522
-1466
-2168
-3877
-5266
-5119
-4357
-5133
-6567
-6953
-6601
-6642
-7304
-7388
-7347
-7465
-7001
-6102
-5663
-6129
-5897
-4574
-3370
-3175
-3371
-2701
-1851
-841
-56
378
1623
2782
3212
3592
4896
6057
5721
5191
5386
6728
7735
7085
6022
5910
7002
7411
6597
5619
5798
6872
6806
5636
3957
3214
3411
2806
1290
-552
-1680
-1824
-1366
-2121
-4417
-5612
-5051
-4217
-5153
-6997
-7401
-6700
-6428
-7055
-7478
-7651
-7381
-6412
-5799
-5927
-6363
-5566
-3862
-3264
-3757
-3756
-2504
-1317
-611
-86
745
2114
2764
2903
3556
4985
5998
5646
5224
5806
7217
7711
6533
5528
6095
7309
7283
6182
5551
6095
6776
6460
5251
3802
3213
3260
2643
873
-939
-1707
-1654
-1560
-2798
-4637
-5400
-5073
-4765
-5711
-6910
-7067
-6486
-6583
-7239
-7300
-7300
-7057
-6460
-5794
-5599
-5899
-5256
-3800
-2964
-3404
-3405
-2317
-1319
-534
52
1341
2462
2380
2766
4330
5700
5520
5046
5382
6448
7537
7195
6044
5509
6474
7626
6912
5504
5534
6770
7030
5844
4447
3783
3600
2981
1881
374
-1098
-1821
-1522
-1636
-3462
-5062
-5035
-4542
-5006
-6050
-6550
-6546
-6629
-7015
-7115
-7211
-7367
-6977
-6320
-5840
-5915
-5624
-4545
-3696
-3439
-3498
-3182
-2378
-1197
-341
260
1527
2287
2448
3170
4658
5844
5443
4812
5520
7108
7786
6816
5680
5769
6963
7387
6462
5619
5890
6867
6843
5474
4127
3663
3522
2834
1403
-96
-979
-1454
-1598
-2344
-3925
-4821
-4773
-4686
-5476
-6478
-6572
-6370
-6890
-7418
-7039
-7064
-7457
-7161
-6261
-5546
-5785
-5611
-4494
-3604
-3413
-3324
-2789
-2000
-922
33
1129
1975
1963
2592
4182
5565
5559
4754
4834
6098
7445
7246
6048
5464
6379
7671
7274
5995
5691
6577
7010
6152
4827
3847
3528
3123
2338
1073
-576
-1604
-1540
-1432
-2775
-4510
-5030
-4714
-4791
-5750
-6623
-6775
-6595
-6786
-7079
-7262
-7421
-6950
-6158
-5703
-5769
-5731
-4904
-3923
-3638
-3683
-3113
-2285
-1542
-836
158
1664
2201
1920
2759
4760
6012
5455
4545
4907
6589
7732
6936
5431
5361
7013
7876
6735
5420
5788
6980
6788
5379
4097
3757
3718
2859
1496
83
-939
-1384
-1493
-2356
-3870
-4458
-4648
-5091
-5741
-6258
-6315
-6460
-6855
-7092
-6732
-6691
-6955
-6671
-6221
-5774
-5660
-5194
-4342
-3899
-3523
-3232
-2743
-2051
-1390
-582
855
2265
2150
1997
3456
5533
6026
4816
4521
5847
7457
7546
6149
5360
6200
7636
7366
5842
5389
6418
7295
6212
4474
3943
3985
3262
1948
950
-77
-1040
-1450
-1791
-2947
-4321
-4459
-4439
-5244
-6075
-6271
-6176
-6780
-7385
-7067
-6596
-6837
-6989
-6399
-5994
-5869
-5512
-4784
-4234
-4120
-3522
-2670
-2247
-1852
-1046
192
1493
2037
1885
2530
4264
5515
5302
4417
4720
6520
7661
6820
5472
5684
7038
7468
6463
5498
5904
6776
6710
5515
4173
3901
3820
2865
1417
275
-408
-981
-1432
-2374
-3577
-4124
-4262
-4686
-5635
-6206
-6015
-5946
-6681
-7179
-6720
-6621
-6832
-6565
-5969
-5685
-5717
-5056
-4123
-3835
-3907
-3428
-2605
-1985
-1330
-634
668
1772
1750
2024
3430
5023
5274
4667
4603
5550
6918
6968
5829
5320
6407
7534
6866
5608
5431
6517
6995
5749
4564
4420
4286
3167
1869
900
-257
-1083
-1312
-1731
-2979
-3977
-3968
-4272
-5228
-5961
-5978
-5916
-6485
-6878
-6728
-6837
-7180
-6716
-5827
-5797
-5961
-5269
-4129
-3718
-3946
-3518
-2741
-2236
-1710
-953
142
1206
1696
1800
2566
4122
5309
5163
4273
4726
6554
7329
6056
4799
5537
7013
7162
6037
5408
6111
6919
6457
5041
4290
4368
4038
2573
990
192
-512
-1032
-1477
-2398
-3433
-3871
-3947
-4647
-5483
-5813
-5712
-6059
-6770
-6439
-6158
-6682
-7057
-6412
-5326
-5419
-5688
-4975
-3947
-3635
-3688
-3239
-2760
-2055
-1296
-566
562
1429
1782
2195
3351
4581
4915
4511
4290
5450
6997
6878
5345
4937
6414
7280
6270
5088
5595
6853
6955
5634
4260
4121
4131
3241
1839
574
-156
-493
-794
-1949
-3525
-4121
-3786
-3895
-5062
-5880
-5838
-5706
-6101
-6702
-6708
-6698
-6646
-6241
-5831
-5705
-5664
-4983
-4318
-4147
-3985
-3411
-2599
-2203
-1796
-1009
303
1505
1582
1625
2875
4678
5327
4697
4125
4834
6644
7070
5596
4685
5802
7371
7021
5509
5190
6416
7172
6125
4532
4026
4362
3761
2034
669
-159
-669
-714
-1195
-2644
-3698
-3656
-3850
-4829
-5680
-5770
-5575
-6081
-6591
-6270
-6214
-6702
-6692
-5923
-5476
-5757
-5487
-4417
-3738
-3966
-3972
-3266
-2505
-1729
-1137
-196
1081
1640
1848
2510
3785
4733
4825
4433
4508
5855
6841
6156
4909
5113
6579
6917
5931
5173
5744
6681
6211
4889
4141
4159
3793
2726
1599
525
-356
-828
-1099
-2068
-3373
-3682
-3548
-4073
-5090
-5655
-5523
-5767
-6513
-6565
-6229
-6549
-6748
-6036
-5373
-5453
-5543
-4782
-3762
-3791
-4013
-3312
-2536
-1946
-1393
-584
678
1564
1797
2098
3121
4301
4815
4568
4277
5206
6576
6534
5181
4635
5941
7017
6306
5144
5446
6659
6705
5413
4290
4126
4013
2988
1605
612
-237
-833
-994
-1802
-3221
-3815
-3639
-3881
-4787
-5527
-5538
-5523
-6173
-6481
-6075
-6090
-6358
-6126
-5648
-5441
-5436
-4966
-4034
-3537
-3600
-3300
-2664
-2059
-1414
-904
-29
1118
1658
1846
2691
4087
4813
4553
4081
4637
6068
6684
5870
4830
5223
6425
6526
5370
4815
5890
6777
5995
4460
3948
4200
3551
2152
1036
250
-637
-936
-992
-2308
-3834
-4099
-3819
-4402
-5454
-5629
-5250
-5595
-6417
-6251
-5890
-6323
-6396
-5638
-5026
-5333
-5320
-4190
-3442
-3731
-3716
-2863
-2210
-1765
-1121
-220
856
1399
1639
2386
3533
4367
4544
4235
4150
5220
6411
5981
4691
4749
6165
6683
5626
4755
5447
6414
6078
4918
4088
4030
3872
2927
1561
464
-314
-800
-921
-1844
-3235
-3764
-3675
-3905
-4754
-5268
-5303
-5443
-6012
-6136
-5634
-5913
-6301
-6041
-5373
-5030
-5165
-4681
-3738
-3218
-3445
-3306
-2593
-1881
-1085
-550
366
1216
1365
1845
2997
4093
4320
4200
4225
4839
5935
6111
5236
4512
5192
6378
6104
4906
4830
6082
6560
5374
4026
3708
3801
3201
2028
909
-160
-885
-860
-1158
-2612
-3816
-3569
-3344
-4302
-5321
-5547
-5346
-5693
-6261
-6204
-6103
-6156
-5817
-5275
-5244
-5308
-4720
-3816
-3336
-3494
-3239
-2435
-1825
-1321
-807
71
1131
1627
1716
2369
3711
4584
4439
3894
4146
5395
6184
5581
4474
4653
5925
6297
5304
4480
5144
6242
5983
4608
3708
3728
3494
2455
1272
502
-226
-843
-1038
-1907
-3237
-3746
-3631
-3899
-4706
-5095
-5057
-5376
-6089
-6113
-5677
-6093
-6417
-5714
-4767
-4773
-5162
-4490
-3436
-3080
-3339
-3137
-2432
-1742
-957
-392
492
1462
1831
2054
2821
4100
4551
4192
3966
4646
5971
6157
5115
4438
5398
6525
5984
4837
4663
5708
6133
5048
3865
3584
3668
2999
1794
575
-413
-910
-983
-1321
-2740
-3935
-3708
-3409
-4179
-5277
-5558
-5316
-5532
-6018
-6048
-5933
-6130
-5934
-5175
-4862
-5105
-4759
-3653
-3082
-3328
-3271
-2567
-1854
-1357
-900
-37
1271
1913
1818
2317
3698
4737
4510
3864
4125
5431
6352
5566
4308
4658
6210
6546
5209
4412
5288
6470
6048
4413
3628
4005
3955
2605
1064
205
-427
-877
-1272
-2196
-3304
-3656
-3596
-4203
-5061
-5297
-5127
-5465
-6250
-6213
-5637
-5832
-6347
-5915
-5000
-4840
-5032
-4576
-3545
-2945
-3096
-3072
-2435
-1502
-879
-586
221
1392
1934
1959
2667
4025
4782
4546
4045
4587
5913
6348
5386
4317
4807
6036
6043
4958
4539
5386
6080
5560
4169
3379
3551
3352
2343
955
-215
-917
-1040
-1133
-2457
-3994
-4211
-3831
-4186
-5181
-5660
-5492
-5450
-5801
-5885
-5837
-6201
-6046
-5180
-4667
-4938
-4995
-3991
-2992
-2911
-3055
-2677
-2071
-1435
-850
-311
822
1925
2113
2210
3235
4630
4978
4330
4021
5090
6472
6235
4834
4393
5676
6594
5737
4496
4649
5869
6202
5189
3749
3235
3483
3010
1738
155
-809
-1020
-1115
-1769
-3273
-4091
-3898
-3802
-4493
-5492
-5654
-5519
-5732
-6161
-6216
-6139
-6402
-6013
-5288
-4997
-5200
-5052
-3898
-3132
-3117
-3063
-2482
-1614
-813
-407
-131
1319
2401
2155
2463
3944
5276
4953
4149
4314
5560
6542
5772
4693
4847
6104
6593
5489
4578
5032
6199
6105
4723
3632
3525
3662
2782
1308
-147
-1137
-1276
-1039
-1822
-3829
-4545
-3784
-3753
-4939
-6054
-6007
-5638
-5831
-6204
-6298
-6532
-6542
-5539
-4897
-5291
-5478
-4561
-3162
-2837
-3264
-2985
-2100
-1249
-630
-401
235
1699
2466
2217
2598
4059
5275
5036
4073
4425
6054
6632
5574
4547
5031
6312
6379
5322
4684
5277
6039
5644
4422
3301
3095
3143
2546
1101
-645
-1348
-1240
-1207
-2360
-4115
-4510
-4023
-3834
-4773
-5938
-6082
-5774
-5641
-5940
-6172
-6412
-6093
-5091
-4919
-5238
-5312
-4420
-3034
-2662
-3014
-3164
-2270
-920
-303
-369
316
2096
2633
2251
3173
4835
5330
4390
3992
4997
6358
6497
5321
4720
5368
6327
6106
4918
4592
5514
6162
5267
3970
3329
3193
2824
1848
873
-546
-1640
-1430
-1243
-2497
-4450
-4852
-4288
-4304
-5273
-6463
-6454
-5952
-5632
-5842
-6653
-7014
-5972
-4403
-4614
-5631
-5337
-3797
-2516
-2720
-3196
-2849
-1742
-530
-164
-257
728
2499
2925
2600
3496
5164
5531
4433
4302
5717
6844
6366
5143
4990
5910
6490
5883
4794
4645
5571
6022
5083
3820
3179
2905
2413
1446
137
-1142
-1836
-1645
-1749
-3183
-4581
-4754
-4212
-4314
-5544
-6532
-6431
-5775
-5564
-5941
-6580
-6745
-5547
-4585
-4934
-5464
-4990
-3604
-2790
-2925
-3196
-2643
-1403
-443
-101
196
1490
2657
2570
2752
4219
5425
4906
4089
4721
6103
6597
5843
5039
5194
6050
6322
5410
4363
4692
5747
5603
4383
3396
3388
3387
2388
1007
-239
-1123
-1508
-1497
-2031
-3615
-4621
-4395
-4074
-4745
-5790
-6045
-5844
-5713
-5771
-5946
-6364
-6421
-5415
-4666
-4912
-5348
-4797
-3275
-2518
-2940
-3181
-2406
-1108
-199
-175
302
1883
2680
2444
2939
4463
5179
4602
4246
4952
6170
6454
5684
4875
5129
6221
6390
5353
4488
5161
6083
5408
3795
2896
3145
2987
1928
521
-591
-1282
-1763
-1684
-2584
-4184
-4647
-4323
-4235
-5250
-6137
-6020
-5756
-6020
-6367
-6153
-6245
-5977
-5137
-4740
-4778
-4961
-4082
-2900
-2668
-2797
-2505
-1569
-740
-176
210
1248
2507
2402
2498
3859
5292
5342
4329
4266
5411
6561
6297
5005
4532
5486
6576
5965
4528
4408
5559
6041
4932
3505
3002
3127
2652
1329
-126
-1154
-1723
-1893
-2015
-3253
-4603
-4726
-4369
-4561
-5622
-6250
-6007
-5941
-6234
-6231
-6088
-6288
-5771
-4803
-4499
-4804
-4904
-3745
-2543
-2563
-2875
-2380
-1217
-238
120
423
1715
2723
2620
3102
4436
5376
5026
4397
4759
5825
6714
6132
4790
4785
6105
6815
5718
4354
4640
5823
5775
4372
3095
2734
2778
2295
1058
-494
-1543
-1767
-1586
-2308
-4204
-5212
-4843
-4395
-5076
-6383
-6596
-5963
-5667
-6131
-6512
-6494
-6134
-5243
-4956
-5096
-4957
-4203
-2986
-2595
-2814
-2601
-1619
-680
-355
-138
881
2538
2771
2256
3301
5239
5927
4927
4438
5373
6626
6845
5694
4693
5278
6672
6643
5126
4222
5051
5968
5108
3613
2921
2827
2460
1498
465
-659
-1729
-2170
-1993
-2623
-4275
-4975
-4666
-4612
-5362
-6266
-6323
-6202
-6257
-6128
-6162
-6579
-6460
-5262
-4489
-4845
-5092
-4134
-2617
-2162
-2539
-2390
-1478
-401
128
454
1514
2522
2555
2844
4208
5317
5162
4534
4686
5810
6845
6555
5167
4618
5749
6711
5977
4447
4294
5472
5766
4630
3396
3010
2801
2294
1517
85
-1396
-2004
-1614
-1935
-3886
-5257
-5000
-4304
-4774
-6099
-6602
-6234
-5955
-6115
-6202
-6379
-6253
-5383
-4980
-5077
-5128
-4431
-3257
-2853
-2862
-2617
-1758
-826
-313
25
829
2312
2868
2552
3215
4990
5905
4894
3979
4895
6728
7071
5648
4534
5053
6530
6667
5122
4141
5041
6300
5602
3777
3131
3326
2804
1399
202
-474
-1428
-2102
-2140
-2856
-4268
-4967
-4751
-4837
-5539
-6087
-6028
-6136
-6672
-6431
-6027
-6450
-6617
-5635
-4531
-4636
-4971
-4215
-2957
-2480
-2582
-2110
-1334
-614
-7
551
1612
2623
2758
2807
4057
5611
5787
4842
4466
5824
7346
6857
5037
4389
5804
6944
5988
4417
4302
5516
6065
4842
3356
3000
2924
2122
962
-197
-1311
-2030
-2105
-2401
-3706
-4835
-4846
-4673
-5187
-6180
-6517
-6155
-6234
-6511
-6336
-6276
-6336
-5825
-5093
-4854
-4861
-4368
-3395
-2829
-2892
-2743
-1914
-915
-380
-43
1088
2522
2878
2519
3167
5057
6079
5344
4254
4776
6674
7330
5971
4467
4940
6602
6779
5257
4230
5172
6268
5533
3698
2940
3277
2906
1619
188
-687
-1301
-1930
-2265
-3061
-4095
-4514
-4607
-5087
-5760
-5951
-5994
-6381
-6755
-6337
-5818
-6161
-6294
-5547
-4652
-4489
-4727
-4064
-2814
-2315
-2540
-2351
-1668
-912
-397
81
1363
2494
2556
2666
3851
5239
5384
4638
4373
5465
6834
6714
5223
4396
5525
6697
6008
4488
4341
5552
6031
4899
3444
3039
2917
2206
1226
123
-930
-1601
-1536
-1949
-3550
-4560
-4353
-4252
-5064
-5878
-5953
-5924
-6274
-6617
-6439
-6365
-6349
-5751
-5133
-4966
-4961
-4272
-3362
-3118
-2991
-2464
-1664
-1105
-645
-167
764
2275
2700
2260
2835
4803
6109
5129
3864
4444
6448
7242
5866
4494
4891
6505
6710
5238
4221
4812
6083
5692
4023
3056
3116
2933
1685
493
-495
-1388
-1803
-1957
-2678
-4154
-4848
-4591
-4724
-5453
-6038
-5968
-6108
-6332
-6086
-6046
-6392
-6335
-5336
-4600
-4905
-4951
-3919
-2772
-2643
-2804
-2372
-1524
-681
-321
112
1341
2602
2744
2401
3371
5221
5897
4838
3999
5221
7028
6958
5134
4277
5625
6877
6299
4743
4371
5424
5934
4852
3312
3009
3223
2633
1477
59
-1104
-1708
-1760
-2127
-3631
-4678
-4592
-4440
-5052
-6015
-6149
-6030
-6142
-6265
-6224
-6273
-6588
-6016
-5256
-5127
-5200
-4654
-3428
-2941
-2781
-2400
-1922
-1232
-613
-154
534
2107
3007
2560
2735
4349
6055
5748
4293
4297
6158
7414
6239
4493
4623
6312
6942
5716
4454
4733
6021
6018
4322
3022
3034
3026
2148
871
-358
-1243
-1665
-1867
-2714
-4095
-4747
-4579
-4688
-5439
-6040
-6163
-6279
-6446
-6189
-5979
-6552
-6635
-5604
-4774
-5016
-5377
-4552
-3292
-2837
-2887
-2500
-1711
-896
-312
-15
988
2318
2800
2681
3362
5113
5982
5155
4160
4894
6881
7353
5696
4362
5389
6880
6452
4942
4290
5288
6220
5541
4002
3095
3136
2753
1698
258
-1118
-1538
-1465
-1818
-3240
-4413
-4486
-4539
-4986
-5761
-6091
-6106
-6328
-6406
-6467
-6598
-6792
-6238
-5320
-5052
-5133
-4847
-3832
-3250
-3136
-2799
-2409
-1588
-618
-9
458
1722
2947
2740
2491
3860
5940
6058
4430
4032
5720
7465
6849
4907
4428
5956
7163
6320
4680
4305
5525
6213
4953
3368
3003
3292
2721
1316
-90
-1203
-1757
-1811
-2180
-3511
-4711
-4734
-4493
-4920
-5819
-6376
-6531
-6574
-6326
-6212
-6626
-6939
-6142
-4908
-4699
-5233
-4932
-3561
-2759
-2824
-2787
-2262
-1213
-212
125
498
1860
2916
2702
2849
4355
5783
5377
4315
4715
6319
7227
6210
4733
4865
6365
6923
5688
4466
4672
5891
6010
4394
3061
2982
3109
2257
869
-416
-1347
-1665
-1651
-2441
-4138
-4860
-4480
-4471
-5241
-6228
-6371
-6207
-6246
-6229
-6288
-6629
-6488
-5342
-4668
-5067
-5259
-4287
-3104
-3013
-3048
-2537
-1714
-819
-253
-16
866
2426
2899
2311
2736
4744
6091
5119
3928
4792
6773
7228
5645
4433
5202
6602
6696
5491
4455
4926
6022
5844
4184
2929
2955
2947
2064
632
-637
-1439
-1875
-1991
-2854
-4355
-5015
-4760
-4716
-5476
-6218
-6349
-6389
-6433
-6245
-6086
-6528
-6470
-5380
-4677
-4846
-5151
-4338
-3147
-2752
-2680
-2464
-1771
-813
10
270
1122
2721
3053
2732
3537
5379
5818
4583
4121
5125
6839
7068
5595
4538
5223
6728
6586
5089
4031
4760
6164
5755
4082
2922
3100
3074
1888
268
-1106
-1626
-1662
-1775
-3157
-4791
-4885
-4490
-4624
-5776
-6568
-6341
-6139
-6233
-6466
-6487
-6683
-6114
-5121
-5009
-5151
-4975
-3816
-2781
-2688
-2685
-2376
-1500
-622
-125
177
1340
2768
2753
2608
3890
5798
5838
4346
4189
5678
7150
6726
5077
4528
5761
7025
6235
4527
3993
5212
6325
5280
3489
2845
3191
2845
1307
-190
-1180
-1653
-1591
-1868
-3305
-4793
-4918
-4560
-4929
-5973
-6577
-6303
-6032
-6095
-6171
-6485
-6803
-6211
-5107
-4845
-5274
-5009
-3554
-2372
-2489
-2914
-2474
-1363
-257
263
610
1771
2905
2895
2919
4280
5737
5522
4570
4654
6000
7119
6593
5106
4520
5755
6819
6006
4467
4232
5550
6141
4792
2988
2536
3074
2668
1177
-476
-1455
-1759
-1729
-2345
-4185
-5193
-4661
-4201
-4894
-6246
-6567
-6115
-6009
-6364
-6527
-6515
-6390
-5551
-4886
-4922
-5170
-4637
-3216
-2607
-2682
-2455
-1737
-888
-207
222
815
2174
2841
2604
3196
4756
5689
5037
4349
4757
6002
6705
5819
4677
4826
6105
6505
5515
4396
4574
5816
5904
4524
3147
2913
3018
2203
814
-584
-1443
-1897
-1856
-2373
-4088
-5049
-4768
-4414
-5216
-6289
-6323
-6048
-6095
-6326
-6087
-6293
-6572
-5699
-4850
-4737
-5065
-4416
-3045
-2394
-2450
-2420
-1572
-761
-89
371
1001
2262
2776
2737
3387
5043
5765
4786
4243
4987
6364
6759
5716
4397
4658
6362
6630
5161
3868
4395
5812
5680
4058
2725
2828
2937
1930
431
-831
-1477
-1699
-1780
-2868
-4563
-4991
-4402
-4458
-5724
-6413
-5902
-5669
-6162
-6392
-5994
-6111
-6321
-5633
-4898
-4807
-4844
-4010
-2956
-2643
-2508
-1938
-1183
-647
-28
694
1585
2387
2494
2688
3889
5380
5682
4837
4507
5443
6802
6694
5071
4146
5192
6543
6296
4831
3899
4673
5806
5279
3613
2428
2554
2786
1871
136
-1359
-1942
-1715
-1768
-3412
-5185
-5176
-4352
-4452
-5846
-6715
-6277
-5765
-5934
-6262
-6324
-6339
-5802
-5053
-4760
-4804
-4605
-3514
-2511
-2415
-2512
-1942
-1021
-396
104
711
1863
2679
2572
2835
4269
5634
5417
4501
4548
5804
6927
6348
4827
4299
5651
6734
5868
4278
4054
5413
5915
4717
3172
2617
2839
2370
1198
-313
-1438
-1963
-1826
-2053
-3678
-4929
-4912
-4483
-4969
-6061
-6238
-6062
-6177
-6359
-6038
-6117
-6495
-5859
-4919
-4522
-4840
-4494
-3094
-2218
-2167
-2266
-1759
-1115
-373
318
986
2166
2737
2774
3284
4607
5467
4866
4330
4751
6087
6945
6003
4492
4367
5894
6433
5305
4030
4239
5608
5736
4357
2742
2204
2511
2106
820
-884
-1816
-1876
-1601
-2426
-4469
-5260
-4666
-4121
-4814
-5997
-6120
-5885
-5805
-5884
-5974
-6316
-6163
-5103
-4456
-4463
-4770
-4024
-2577
-2173
-2406
-2280
-1391
-520
49
363
1193
2600
2928
2658
3292
4946
5628
4644
3979
4604
6165
6706
5469
4104
4466
6098
6319
4871
3603
4219
5662
5513
3961
2461
2273
2562
1958
507
-1126
-1937
-1855
-1663
-2789
-4568
-5052
-4572
-4382
-5255
-6027
-5906
-5793
-5996
-6056
-5888
-6175
-6150
-5252
-4393
-4349
-4612
-3806
-2591
-2171
-2256
-2097
-1340
-476
150
579
1523
2475
2555
2648
3871
5470
5572
4484
4071
5113
6629
6509
4817
3792
5034
6609
6152
4333
3502
4832
5994
5165
3317
2279
2697
2815
1743
-2
-1427
-1912
-1604
-1751
-3486
-4956
-4881
-4287
-4597
-5886
-6316
-5926
-5786
-5912
-5932
-5975
-6262
-5821
-4919
-4444
-4583
-4435
-3301
-2425
-2195
-2053
-1614
-908
-222
328
874
1979
2568
2474
2989
4308
5317
4893
4104
4469
5868
6654
5748
4355
4173
5574
6463
5606
4130
3897
5227
5642
4418
2998
2496
2535
1973
941
-278
-1420
-2157
-2069
-2221
-3689
-4762
-4743
-4339
-4741
-5847
-6043
-5911
-6069
-6026
-5753
-6052
-6336
-5472
-4499
-4304
-4737
-4313
-2854
-2200
-2126
-1929
-1525
-967
-219
433
1111
2238
2659
2498
3212
4804
5726
4969
4097
4441
5975
6998
5934
4307
4269
5749
6392
5172
3612
3752
5362
5629
4026
2539
2354
2578
1946
759
-732
-1851
-1929
-1473
-2273
-4267
-5056
-4620
-4243
-4851
-5932
-6078
-5960
-5920
-5713
-5642
-6239
-6209
-4844
-4130
-4435
-4802
-4033
-2637
-2248
-2163
-1975
-1606
-859
113
507
782
1960
2677
2767
3280
4772
5903
4842
3778
4584
6299
6646
5025
3971
4949
6538
6284
4375
3160
4358
6165
5457
3182
2057
2886
3261
1588
-217
-1036
-1215
-1638
-2133
-3086
-4363
-4643
-4441
-4296
-5172
-6156
-5715
-5346
-5608
-6072
-6080
-6099
-5918
-5014
-4439
-4323
-4504
-3689
-2454
-2307
-2256
-1957
-1235
-392
294
467
935
2315
2965
2995
3078
4300
5856
5435
4279
4148
5577
6752
5972
4296
3828
5627
6806
5429
3356
3465
5418
5788
4054
2200
2091
2856
2192
245
-1681
-2280
-1796
-1645
-2983
-4709
-4780
-4089
-4263
-5647
-6414
-5850
-5639
-5878
-6064
-6117
-6088
-5613
-4925
-4746
-4637
-4224
-3247
-2451
-2220
-1861
-1593
-1426
-784
417
950
1130
2103
2931
3153
3540
4710
5338
4664
4298
4800
5855
6203
5355
4416
4327
5348
5895
5170
3966
3940
5265
5276
3682
2332
2453
2788
1835
501
-930
-1816
-1831
-1677
-2579
-4469
-4983
-4241
-3992
-5109
-6141
-5744
-5528
-5876
-6149
-5956
-5897
-5909
-5070
-4490
-4586
-4687
-3914
-2666
-2223
-2119
-1876
-1411
-761
190
867
1220
1999
2503
2872
3627
4610
5150
4804
4520
4927
5973
6340
5316
4414
4796
5852
5818
4703
3902
4471
5456
4999
3572
2557
2513
2657
1866
259
-1233
-1762
-1524
-1583
-3101
-4797
-4804
-3994
-4138
-5538
-6356
-5851
-5360
-5630
-6155
-6256
-6044
-5379
-4748
-4793
-4985
-4560
-3273
-2454
-2467
-2347
-1775
-1027
-326
395
534
1026
2368
2989
2859
3180
4686
5613
4920
4218
4649
5982
6309
5212
4198
4541
5736
5767
4637
3631
4299
5709
5244
3414
2244
2628
2782
1570
49
-1162
-1531
-1514
-1740
-2882
-4366
-4518
-4074
-4401
-5526
-6091
-5696
-5503
-5741
-5999
-5939
-6117
-5870
-4824
-4406
-4550
-4431
-3399
-2223
-2136
-2308
-2030
-1289
-292
494
518
808
2343
3346
3069
2895
4076
5534
5178
4095
4202
5578
6442
5510
4227
4193
5380
5946
4976
3782
3960
5182
5266
3768
2329
2238
2657
1872
159
-1254
-1707
-1578
-1729
-2882
-4367
-4614
-4062
-4174
-5290
-6135
-5725
-5231
-5589
-6048
-5996
-5834
-5466
-4863
-4645
-4675
-4382
-3465
-2625
-2351
-2163
-1816
-1225
-358
384
415
914
2526
3371
3000
3032
4448
5533
4970
4214
4436
5547
6112
5335
4340
4430
5536
6009
5145
3962
4172
5350
5188
3519
2133
2202
2434
1596
40
-1324
-1796
-1725
-1743
-2947
-4498
-4591
-4013
-4104
-5215
-5995
-5747
-5435
-5514
-5682
-5689
-5865
-5457
-4510
-4283
-4650
-4665
-3531
-2395
-2285
-2399
-2058
-1259
-286
536
511
789
2337
3282
2846
2779
4384
5554
4900
4135
4469
5679
6167
5385
4399
4394
5395
5871
5008
3586
3773
5242
5226
3341
1891
2243
2647
1863
106
-1441
-1775
-1452
-1506
-3129
-4796
-4585
-3560
-3771
-5519
-6372
-5621
-4978
-5448
-6084
-5976
-5711
-5089
-4461
-4518
-4759
-4369
-3188
-2450
-2443
-2331
-1667
-883
-193
471
497
1082
2575
3271
2970
2998
4417
5518
4823
3869
4310
5640
5991
5184
4295
4354
5313
5688
4822
3647
3902
5005
4779
3199
1991
2173
2452
1501
-75
-1111
-1521
-1547
-1629
-2933
-4409
-4502
-3933
-3921
-4957
-5856
-5533
-4981
-5233
-5646
-5759
-5806
-5283
-4471
-4237
-4521
-4421
-3348
-2246
-1993
-2259
-2047
-1093
8
540
272
709
2364
3428
2956
2626
4068
5420
4874
3733
3866
5130
5935
5398
4137
3901
5033
5808
4945
3438
3618
5021
5136
3364
1880
2153
2645
1744
-94
-1181
-1393
-1426
-1612
-2875
-4311
-4445
-3704
-3815
-5188
-5883
-5245
-4652
-5189
-5829
-5700
-5511
-5097
-4534
-4300
-4381
-4254
-3210
-2137
-1954
-2077
-1599
-779
-69
522
406
759
2254
2996
2633
2516
3801
5114
4861
4036
3982
5065
5763
5167
4111
3852
4827
5461
4801
3530
3466
4696
4873
3339
1957
2189
2657
1861
231
-1004
-1350
-1421
-1556
-2656
-4155
-4263
-3497
-3517
-4843
-5864
-5349
-4708
-5101
-5720
-5823
-5649
-5109
-4469
-4331
-4514
-4399
-3286
-2184
-2266
-2420
-1835
-942
-167
368
342
616
2184
3240
2832
2283
3373
5128
4889
3751
3703
4843
5856
5448
4275
3788
4898
5840
5257
3775
3134
4460
5216
3775
1930
1940
2890
2234
512
-913
-1370
-1271
-1399
-2414
-4151
-4494
-3577
-3296
-4502
-5872
-5449
-4526
-4735
-5578
-5857
-5545
-5074
-4437
-4343
-4624
-4608
-3558
-2211
-2283
-2644
-2056
-946
-127
155
248
591
1929
3028
2803
2311
3184
4844
4911
3934
3654
4604
5697
5429
4337
3730
4503
5456
5179
3856
3120
4321
5066
3700
1993
1958
2645
1978
485
-766
-1166
-1167
-1378
-2234
-3741
-4150
-3438
-3306
-4576
-5669
-5110
-4452
-4820
-5611
-5688
-5257
-4893
-4318
-4129
-4370
-4321
-3360
-2208
-2238
-2464
-1814
-836
-318
-34
277
544
1683
2849
2759
2235
2956
4754
5119
4075
3448
4139
5408
5541
4603
3570
3900
5126
5271
4048
2847
3669
4905
4103
2374
1753
2284
2056
817
-341
-1106
-1430
-1478
-1930
-3236
-4122
-3728
-3415
-4194
-5253
-5264
-4667
-4831
-5282
-5338
-5228
-5113
-4617
-3993
-4167
-4392
-3696
-2538
-2108
-2406
-2137
-1300
-541
-46
288
499
1316
2736
3099
2468
2723
4341
5179
4272
3452
3988
5217
5547
4672
3712
3943
5187
5501
4272
3109
3675
4815
4281
2586
1834
2275
2257
1022
-278
-902
-1240
-1495
-1890
-2956
-3968
-3899
-3489
-4037
-5029
-5223
-4799
-4790
-5200
-5336
-5310
-5204
-4777
-4208
-4127
-4339
-3836
-2792
-2200
-2197
-1967
-1298
-661
-31
453
591
1149
2291
2764
2479
2677
3857
4731
4414
3798
3948
4897
5449
4928
3999
3878
4815
5224
4485
3466
3532
4329
4112
2882
1982
2071
1900
938
9
-821
-1435
-1602
-1830
-2853
-3791
-3738
-3587
-3876
-4605
-5128
-4899
-4759
-4973
-5075
-5050
-5055
-4688
-4045
-4101
-4219
-3641
-2810
-2310
-2221
-1909
-1323
-666
-92
411
619
883
2057
2794
2533
2506
3570
4648
4359
3785
3813
4615
5344
4918
4036
3598
4332
5106
4641
3486
3147
4121
4256
3115
2122
2015
2003
1147
336
-491
-1161
-1508
-1865
-2298
-3296
-3727
-3550
-3689
-4279
-4857
-4689
-4682
-4925
-5063
-5026
-4917
-4888
-4292
-4041
-4154
-3912
-3263
-2406
-2204
-2030
-1501
-938
-327
323
773
810
1674
2812
2918
2599
3086
4356
4515
3881
3650
4075
5028
5053
4191
3498
3940
4975
4775
3690
2966
3557
4276
3429
2059
1579
1772
1383
594
-250
-1163
-1460
-1627
-2027
-2944
-3797
-3644
-3438
-3853
-4747
-5091
-4650
-4501
-4713
-4950
-4878
-4668
-4147
-3705
-3839
-3714
-3221
-2398
-1853
-1917
-1645
-1005
-373
154
549
603
1147
2480
2960
2499
2474
3556
4542
4251
3550
3507
4423
5225
4855
3814
3508
4457
4995
4191
3050
3037
3759
3580
2601
1745
1492
1348
887
114
-876
-1468
-1738
-1801
-2382
-3484
-3775
-3531
-3603
-4294
-4780
-4575
-4397
-4465
-4695
-4709
-4637
-4209
-3638
-3767
-3814
-3402
-2583
-2002
-1956
-1696
-1330
-612
54
392
609
749
1729
2781
2798
2174
2543
4119
4535
3786
3255
3778
4834
4926
4138
3214
3728
4811
4487
3450
2759
3288
3847
3309
2211
1421
1466
1237
603
-308
-1217
-1611
-1757
-1837
-2792
-3621
-3502
-3447
-3719
-4430
-4624
-4352
-4371
-4470
-4468
-4392
-4484
-4008
-3485
-3466
-3387
-3148
-2274
-1760
-1750
-1431
-1040
-316
356
755
667
856
2190
3036
2559
1990
3042
4391
4081
3235
3073
4011
4717
4301
3438
3088
3995
4600
4091
2993
2567
3405
3579
2639
1600
1315
1371
1020
332
-673
-1245
-1496
-1555
-1984
-3124
-3472
-3271
-3277
-3832
-4460
-4272
-4132
-4324
-4380
-4229
-4286
-4197
-3606
-3361
-3287
-3155
-2689
-1964
-1816
-1633
-1215
-817
-254
385
743
678
1307
2459
2710
2222
2357
3549
4080
3535
3255
3650
4374
4557
4085
3467
3391
4080
4335
3459
2341
2558
3417
3086
1915
1093
1163
1251
720
-166
-1014
-1323
-1358
-1478
-2224
-3162
-3241
-3108
-3446
-4023
-4105
-3998
-4249
-4236
-4008
-4003
-4228
-4163
-3734
-3421
-3209
-2959
-2349
-1851
-1579
-1054
-812
-681
-114
638
883
842
1505
2508
2780
2326
2643
3596
3721
3501
3532
3805
4117
4256
4006
3395
3316
3796
4001
3269
2505
2818
3230
2904
1871
1174
1144
914
480
-297
-1191
-1696
-1719
-1786
-2558
-3328
-3398
-3092
-3272
-3829
-4025
-4058
-4024
-4033
-4026
-4028
-4319
-4140
-3516
-3246
-3249
-3043
-2392
-1706
-1309
-1168
-998
-562
29
651
775
824
1696
2655
2726
2339
2836
3746
3866
3605
3535
3945
4447
4550
3962
3209
3443
3917
3718
3024
2682
3088
3217
2583
1551
1167
1290
865
126
-538
-980
-1438
-1653
-1937
-2846
-3363
-3380
-3363
-3586
-3945
-4170
-4335
-4206
-4060
-3903
-4042
-4289
-3750
-3092
-2976
-3176
-2859
-2060
-1592
-1377
-1256
-934
-325
448
917
702
991
2084
2606
2236
2266
3246
3953
3787
3348
3427
4086
4291
3815
3335
3416
3948
4000
3348
2637
2881
3503
2991
1819
1220
1514
1396
449
-358
-816
-1041
-1419
-1828
-2549
-3237
-3132
-3070
-3279
-3867
-4261
-4024
-3868
-4015
-4239
-3958
-3850
-3816
-3351
-3107
-2926
-2750
-2232
-1713
-1598
-1366
-1106
-645
-75
455
596
624
1599
2497
2445
2197
2667
3562
3793
3526
3287
3592
4112
4025
3701
3441
3601
3861
3574
2990
2630
2932
3067
2349
1526
1431
1462
838
141
-416
-887
-1281
-1516
-1825
-2682
-3289
-3287
-3125
-3326
-3950
-4149
-3898
-3795
-3939
-4075
-4174
-4054
-3493
-3087
-3096
-3101
-2541
-1681
-1469
-1619
-1359
-717
-83
291
405
506
1149
2181
2529
2084
2191
3256
3903
3617
3232
3389
3986
4167
3776
3245
3085
3707
3978
3263
2586
2668
3124
2890
1933
1320
1273
1084
543
-172
-767
-1198
-1512
-1596
-2172
-2968
-3066
-3073
-3343
-3712
-3980
-3999
-4009
-4045
-3897
-3870
-4078
-3741
-3120
-2973
-3132
-2987
-2194
-1636
-1578
-1335
-925
-389
231
724
857
1016
1718
2412
2475
2263
2839
3656
3534
3270
3403
3712
3932
3798
3433
3161
3460
3722
3279
2668
2526
2843
2718
1859
1306
1526
1372
501
-173
-442
-770
-1324
-1616
-2073
-2768
-2882
-2899
-3093
-3486
-3880
-3810
-3747
-3899
-3865
-3642
-3772
-3816
-3282
-2893
-2919
-2931
-2388
-1770
-1650
-1416
-906
-506
-229
253
595
787
1387
2014
2234
2036
2455
3443
3594
3166
2982
3531
4082
3944
3486
3105
3413
3743
3544
2951
2470
2798
2965
2362
1643
1431
1352
921
290
-324
-750
-1337
-1551
-1756
-2592
-2978
-2959
-2962
-3242
-3671
-3822
-3828
-3798
-3858
-3832
-3973
-3895
-3291
-2990
-2946
-2833
-2330
-1695
-1485
-1323
-965
-546
-245
106
502
676
1069
1765
2234
2137
2283
3183
3539
3183
2957
3234
3806
3814
3261
2864
3171
3675
3517
2765
2255
2724
3065
2427
1463
1173
1452
1058
287
-322
-641
-904
-1304
-1593
-2226
-2642
-2759
-2925
-3085
-3503
-3656
-3640
-3634
-3611
-3550
-3450
-3534
-3223
-2803
-2760
-2787
-2584
-2075
-1664
-1387
-1247
-947
-467
36
593
647
933
1718
2189
2175
1997
2681
3468
3313
2979
3076
3669
3974
3512
2905
2961
3503
3521
2888
2291
2446
2946
2823
1911
1185
1279
1119
463
-293
-914
-1204
-1334
-1366
-2041
-2784
-2778
-2760
-2961
-3391
-3719
-3758
-3705
-3604
-3647
-3729
-3673
-3265
-2869
-2816
-2807
-2548
-2007
-1726
-1459
-1120
-939
-500
78
514
559
860
1692
2124
2128
2162
2839
3499
3311
3052
3301
3848
3756
3330
3153
3047
3346
3481
3008
2371
2452
3022
2713
1875
1410
1382
1211
611
-114
-788
-1190
-1401
-1543
-2028
-2782
-2958
-2604
-2616
-3361
-3811
-3623
-3569
-3629
-3688
-3834
-3837
-3399
-2896
-2815
-2842
-2591
-2005
-1564
-1460
-1275
-904
-489
-27
507
679
832
1523
2077
2112
2146
2701
3186
3101
2973
3164
3546
3585
3289
3087
3172
3433
3440
3104
2586
2577
2913
2613
1872
1307
1196
984
485
-54
-740
-1222
-1319
-1355
-1934
-2757
-2953
-2631
-2658
-3310
-3679
-3566
-3377
-3284
-3451
-3635
-3602
-3150
-2673
-2740
-2927
-2588
-1887
-1543
-1461
-1227
-838
-393
68
477
581
861
1609
2123
2084
2141
2770
3201
3035
2918
3136
3458
3510
3233
3030
3130
3285
3226
2925
2548
2590
2764
2326
1678
1319
1146
821
301
-135
-684
-1223
-1341
-1433
-1986
-2660
-2895
-2738
-2720
-3252
-3701
-3586
-3408
-3291
-3319
-3543
-3536
-3032
-2514
-2641
-2892
-2496
-1768
-1511
-1565
-1272
-759
-281
175
535
675
1038
1752
2039
1959
2210
2771
3054
2919
2842
3076
3427
3421
3119
3044
3180
3230
3140
2821
2454
2546
2652
2234
1667
1315
1141
810
322
-160
-744
-1192
-1269
-1443
-2089
-2741
-2883
-2597
-2584
-3193
-3624
-3427
-3097
-3115
-3450
-3660
-3484
-2975
-2596
-2755
-2917
-2401
-1612
-1377
-1484
-1219
-638
-155
166
335
528
1127
1795
2000
1981
2354
3030
3234
3022
3010
3267
3499
3441
3153
2950
3035
3219
3126
2622
2228
2386
2471
2038
1439
1056
917
658
217
-321
-938
-1261
-1261
-1486
-2095
-2612
-2726
-2601
-2686
-3209
-3637
-3536
-3241
-3181
-3402
-3571
-3353
-2823
-2467
-2556
-2643
-2240
-1563
-1217
-1240
-1112
-655
-46
354
448
635
1155
1739
1935
1970
2330
2778
2925
2928
3041
3142
3224
3276
3128
2960
2976
3097
3027
2634
2355
2429
2408
1969
1418
1077
930
716
203
-436
-935
-1109
-1179
-1637
-2326
-2722
-2640
-2505
-2849
-3345
-3370
-3098
-3055
-3155
-3247
-3279
-3080
-2770
-2607
-2622
-2487
-2114
-1713
-1409
-1257
-1031
-632
-162
216
528
845
1167
1632
1971
2136
2428
2720
2737
2749
3076
3180
2997
2974
3077
3108
2992
2953
2840
2627
2511
2456
2320
1858
1394
1154
955
563
-23
-462
-850
-1101
-1255
-1644
-2177
-2557
-2537
-2505
-2781
-3238
-3437
-3148
-3045
-3214
-3325
-3285
-3100
-2806
-2474
-2477
-2394
-1940
-1492
-1217
-1097
-821
-449
-13
372
532
762
1117
1578
1823
1877
2147
2535
2784
2673
2618
2819
3015
3098
2955
2828
2836
3002
2997
2572
2265
2279
2325
1962
1332
936
869
720
35
-597
-790
-951
-1245
-1635
-2093
-2439
-2388
-2352
-2697
-3029
-3038
-2818
-2845
-3072
-3053
-2870
-2775
-2751
-2560
-2387
-2320
-2072
-1725
-1492
-1297
-927
-578
-320
85
475
775
1020
1279
1685
2036
2165
2245
2499
2786
2890
2870
2836
2957
3080
3000
2790
2623
2681
2679
2391
2072
1915
1854
1635
1230
830
550
246
-128
-464
-909
-1303
-1491
-1738
-2071
-2345
-2503
-2612
-2743
-2849
-2888
-2936
-2932
-2822
-2812
-2843
-2677
-2436
-2324
-2268
-2093
-1794
-1516
-1267
-990
-756
-472
-58
350
617
787
1049
1410
1749
1968
2133
2252
2363
2651
2863
2836
2755
2762
2880
2927
2814
2570
2386
2339
2261
2052
1638
1291
1196
1092
674
78
-192
-255
-524
-980
-1347
-1551
-1737
-1901
-2120
-2345
-2511
-2600
-2623
-2701
-2696
-2665
-2745
-2754
-2524
-2232
-2202
-2255
-1995
-1508
-1270
-1244
-1011
-640
-293
6
231
414
687
1092
1367
1447
1573
1862
2134
2196
2191
2316
2489
2536
2506
2507
2495
2442
2367
2249
2102
2011
1863
1532
1213
1084
957
581
79
-217
-307
-530
-977
-1371
-1553
-1646
-1831
-2105
-2332
-2418
-2400
-2421
-2531
-2575
-2455
-2327
-2272
-2174
-2011
-1863
-1737
-1529
-1266
-1083
-935
-729
-471
-189
89
296
477
735
1052
1322
1471
1587
1788
2016
2139
2147
2166
2260
2363
2336
2195
2125
2158
2113
1904
1710
1632
1552
1341
1012
748
630
487
139
-260
-468
-567
-752
-1071
-1393
-1573
-1632
-1717
-1894
-2086
-2194
-2159
-2090
-2136
-2206
-2154
-1985
-1832
-1760
-1692
-1534
-1293
-1101
-1002
-866
-620
-370
-184
-27
125
330
576
768
923
1062
1203
1387
1548
1642
1724
1787
1825
1887
1932
1917
1879
1837
1748
1604
1527
1507
1346
1074
904
833
680
388
120
14
-69
-302
-593
-825
-957
-977
-1037
-1277
-1558
-1646
-1555
-1523
-1641
-1770
-1813
-1788
-1712
-1596
-1507
-1499
-1492
-1334
-1093
-948
-853
-709
-545
-376
-151
91
261
362
480
666
857
983
1084
1215
1343
1417
1449
1477
1521
1586
1631
1579
1499
1484
1448
1357
1282
1180
1022
880
787
689
533
340
181
68
-88
-299
-464
-549
-646
-801
-971
-1128
-1228
-1241
-1237
-1301
-1397
-1459
-1479
-1453
-1397
-1353
-1293
-1224
-1199
-1162
-1041
-895
-802
-693
-514
-347
-246
-154
-34
149
403
602
646
642
733
922
1102
1162
1159
1234
1341
1303
1159
1123
1215
1295
1303
1206
985
789
742
735
685
623
508
304
111
26
-31
-175
-344
-387
-345
-448
-717
-914
-896
-799
-819
-960
-1079
-1087
-1000
-955
-1036
-1096
-1012
-881
-826
-831
-811
-720
-560
-423
-394
-391
-272
-86
27
86
175
275
359
426
507
607
690
760
854
912
872
866
975
1067
1029
934
912
928
895
824
729
607
539
538
442
211
92
131
42
-189
-279
-256
-334
-479
-553
-562
-609
-702
-732
-724
-797
-845
-780
-762
-843
-841
-748
-706
-695
-639
-603
-604
-533
-371
-289
-366
-367
-176
9
53
52
84
166
345
505
477
391
482
697
799
722
632
664
754
752
717
731
669
557
528
550
547
477
339
221
225
298
224
-8
-168
-144
-62
-119
-317
-441
-437
-429
-437
-486
-588
-627
-564
-551
-638
-680
-592
-484
-478
-538
-545
-437
-318
-281
-268
-235
-166
-52
-1
-29
16
155
247
251
282
367
395
407
500
581
559
533
579
625
568
509
544
550
487
427
376
323
273
227
158
51
-15
-15
-78
-209
-275
-287
-327
-411
-472
-473
-458
-447
-479
-545
-549
-472
-419
-451
-501
-463
-360
-316
-349
-339
-258
-178
-132
-104
-79
-22
54
86
106
179
236
221
234
329
412
421
373
350
422
512
491
396
361
403
438
382
273
253
309
293
192
120
116
125
89
0
-72
-84
-82
-105
-181
-259
-256
-204
-253
-365
-358
-281
-305
-385
-383
-344
-353
-348
-300
-308
-353
-305
-216
-208
-232
-192
-128
-103
-62
18
50
27
55
141
188
203
249
276
259
302
396
393
316
321
401
408
335
297
311
310
284
255
205
142
140
161
102
11
-4
0
-76
-149
-148
-143
-207
-278
-267
-243
-299
-371
-358
-313
-306
-332
-370
-373
-311
-256
-276
-305
-260
-159
-103
-146
-177
-97
11
44
29
23
64
157
228
213
172
213
315
354
295
263
322
369
339
292
285
288
280
261
209
157
146
152
117
35
-4
26
21
-62
-121
-118
-136
-186
-216
-221
-244
-283
-285
-272
-286
-313
-299
-260
-244
-251
-249
-216
-177
-158
-161
-150
-112
-66
-34
-18
5
52
97
106
107
157
235
240
182
178
264
316
270
236
284
332
308
272
272
260
234
225
210
169
139
134
110
61
29
16
-6
-29
-53
-99
-143
-152
-156
-216
-283
-276
-248
-263
-296
-303
-307
-334
-333
-304
-312
-332
-286
-219
-227
-270
-235
-165
-162
-176
-96
12
34
32
67
93
85
116
213
292
306
299
285
281
319
360
330
281
311
367
327
222
176
209
223
169
105
60
36
20
-24
-81
-84
-56
-69
-126
-159
-131
-125
-181
-205
-167
-138
-164
-200
-187
-156
-150
-143
-140
-158
-153
-124
-135
-172
-148
-67
-31
-75
-85
-38
-20
-14
24
73
90
77
78
91
95
122
179
205
206
217
205
166
153
189
231
209
174
190
186
137
105
112
114
95
62
28
-21
-59
-38
-31
-75
-104
-120
-163
-202
-207
-183
-169
-188
-212
-254
-301
-294
-263
-256
-227
-192
-214
-265
-282
-226
-163
-151
-118
-64
-55
-66
-64
-33
34
98
143
175
171
165
184
194
216
276
297
270
248
229
211
188
188
252
287
245
187
150
131
116
98
118
156
156
103
25
-24
-14
10
5
1
7
-10
-73
-149
-178
-153
-109
-97
-114
-133
-148
-183
-216
-217
-182
-142
-138
-163
-183
-196
-212
-214
-176
-126
-96
-95
-98
-91
-81
-52
-3
31
56
100
127
117
105
133
179
184
168
176
181
160
137
128
113
97
97
87
52
34
51
64
32
-9
-21
-16
-17
-19
-22
-36
-44
-43
-55
-86
-101
-81
-58
-59
-75
-91
-102
-109
-99
-88
-92
-100
-94
-84
-96
-116
-112
-90
-64
-42
-45
-58
-49
-2
31
26
37
90
136
146
138
145
162
180
203
218
212
192
181
175
158
143
134
115
95
97
84
45
16
15
15
-9
-31
-34
-43
-58
-64
-67
-87
-117
-117
-101
-107
-123
-128
-134
-160
-176
-172
-174
-181
-175
-159
-159
-162
-155
-145
-120
-84
-56
-46
-44
-26
2
21
29
53
85
94
94
103
110
106
118
142
145
123
113
123
132
131
125
124
110
89
79
72
70
75
73
50
17
-2
-4
-2
-5
-13
-26
-42
-60
-74
-76
-69
-65
-70
-82
-100
-109
-104
-99
-106
-110
-102
-97
-91
-84
-79
-69
-56
-44
-39
-25
-1
17
25
35
46
48
54
75
101
105
92
90
94
87
85
101
119
112
90
78
83
81
69
60
52
44
29
13
7
2
-9
-25
-37
-39
-46
-61
-69
-67
-75
-87
-90
-83
-76
-85
-94
-89
-85
-81
-78
-78
-69
-59
-56
-58
-46
-28
-28
-39
-35
-19
-13
-15
-8
8
15
10
13
26
46
65
72
70
73
78
83
87
99
106
101
92
87
86
80
73
71
66
45
22
21
30
26
7
-6
-14
-20
-30
-38
-35
-30
-37
-51
-55
-53
-58
-68
-75
-70
-77
-91
-92
-76
-67
-71
-70
-61
-54
-50
-48
-35
-23
-16
-8
-4
-3
6
14
22
33
45
54
56
62
66
66
63
59
62
63
65
72
72
65
60
61
57
50
45
49
47
27
5
-6
-15
-20
-21
-27
-29
-32
-40
-49
-57
-62
-65
-63
-63
-66
-72
-75
-63
-56
-63
-67
-57
-32
-18
-19
-17
-8
-4
-6
3
17
26
21
10
9
18
28
33
35
38
43
44
41
36
29
29
30
36
41
35
35
41
48
51
40
34
43
44
32
11
8
18
16
1
-8
-3
6
1
-19
-31
-34
-32
-41
-56
-59
-52
-49
-58
-69
-68
-65
-58
-54
-56
-53
-45
-40
-37
-27
-22
-13
-2
9
12
12
11
17
24
28
26
26
41
57
54
43
38
45
54
54
46
48
58
57
41
24
18
24
29
15
2
2
0
-8
-13
-13
-19
-24
-30
-36
-30
-26
-33
-40
-37
-36
-35
-31
-36
-42
-42
-40
-39
-34
-31
-27
-21
-18
-18
-11
-10
-9
1
14
22
24
26
22
24
31
32
37
46
53
57
55
58
60
56
47
50
62
66
53
44
43
38
26
15
11
15
17
6
-6
-17
-29
-35
-37
-43
-49
-57
-67
-75
-82
-91
-87
-75
-74
-83
-91
-86
-77
-76
-77
-74
-65
-59
-54
-43
-45
-52
-44
-25
-10
2
15
28
36
33
39
61
87
104
106
107
109
111
106
109
115
110
106
110
115
114
95
71
63
60
46
32
26
19
4
-17
-34
-42
-51
-59
-69
-80
-83
-84
-84
-90
-99
-102
-101
-89
-77
-75
-74
-61
-58
-66
-66
-53
-28
-20
-20
-19
-1
16
11
0
3
27
47
56
56
46
42
55
67
61
51
60
74
77
67
53
44
42
45
42
38
39
36
18
4
4
-3
-9
-11
-17
-27
-29
-32
-49
-61
-57
-47
-42
-51
-66
-74
-65
-50
-49
-60
-62
-47
-35
-36
-42
-42
-35
-25
-13
-2
4
10
15
18
23
27
27
35
47
57
59
63
66
63
63
63
67
76
75
66
62
53
40
30
25
32
27
13
0
-2
-6
-20
-33
-36
-32
-30
-34
-49
-67
-74
-65
-52
-49
-48
-51
-45
-37
-41
-49
-50
-36
-22
-21
-24
-20
-13
-9
-7
-4
8
21
24
22
18
20
22
20
28
44
55
50
38
34
37
43
44
43
47
51
50
36
15
6
11
19
20
13
4
1
-4
-14
-26
-31
-24
-11
-6
-15
-31
-47
-58
-59
-51
-38
-25
-21
-22
-30
-39
-41
-46
-30
-10
0
-1
-12
-18
-19
-14
-10
-1
6
13
15
7
2
-1
2
11
22
33
43
50
47
35
26
26
34
42
49
50
45
37
26
21
24
26
31
31
24
9
-6
-17
-21
-20
-17
-19
-23
-30
-39
-47
-54
-53
-46
-38
-36
-40
-41
-37
-33
-27
-27
-33
-28
-25
-19
-13
-10
-10
-4
6
13
20
23
26
27
26
22
23
31
44
58
57
49
38
25
25
29
30
34
39
41
38
23
10
-2
-5
-3
-3
-1
-5
-11
-21
-35
-45
-47
-37
-23
-13
-12
-24
-34
-43
-51
-48
-40
-30
-18
-15
-23
-33
-44
-38
-24
-11
1
6
5
0
-5
-8
-2
7
20
33
40
43
36
25
20
17
16
22
27
35
38
35
28
18
12
15
19
18
14
11
10
14
14
13
12
12
10
3
-4
-13
-15
-13
-12
-10
-10
-11
-12
-17
-23
-27
-21
-15
-13
-18
-28
-32
-23
-13
-8
-5
-11
-13
-14
-12
-8
-6
-7
-11
-8
-1
-2
-1
-1
1
9
11
16
18
22
23
10
0
0
10
17
14
11
7
8
9
5
-2
1
3
3
6
7
4
-7
-13
-16
-11
1
10
11
5
-6
-12
-12
-11
-4
-1
2
4
3
0
-4
-3
-2
-1
3
7
9
8
7
6
4
5
5
7
6
1
-1
1
5
5
-2
-3
-3
2
6
2
-4
-10
-7
-1
-1
4
5
5
-1
-8
-13
-15
-10
-2
3
4
7
0
-9
-17
-15
-7
2
7
4
2
-3
-12
-24
-24
-15
-6
3
5
2
0
-3
-10
-15
-13
-4
11
12
4
0
-2
2
1
2
8
16
22
13
5
8
13
18
19
20
23
27
28
15
8
7
9
9
3
0
2
2
1
-7
-10
-8
-7
-2
-5
-14
-16
-15
-13
-15
-19
-20
-20
-20
-23
-23
-17
-10
-5
-5
-7
-7
-6
-4
-3
-3
2
10
8
5
0
-2
6
15
14
11
9
8
8
9
7
6
10
9
7
6
6
6
4
1
0
7
13
13
5
2
5
-1
-1
-6
-9
0
7
6
0
-1
1
-1
-10
-14
-10
-5
2
0
-4
-8
-15
-17
-17
-20
-16
-7
-2
-4
-6
-8
-8
-7
-8
-7
2
9
13
12
14
9
9
11
12
16
15
12
7
5
4
4
3
1
-2
-7
-5
2
11
13
12
10
13
10
2
-2
-4
-3
-7
-12
-12
-9
-8
-11
-17
-18
-13
-5
-2
3
3
-2
1
0
-3
-1
2
5
8
4
-1
-10
-14
-13
-8
-3
5
10
8
3
2
7
5
4
8
12
20
22
15
8
0
-4
-2
-3
-3
0
-2
-6
-9
-9
-11
-8
-2
1
1
2
0
-1
-7
-12
-9
-2
2
1
-2
-8
-13
-12
-8
-5
-3
0
2
2
2
-2
-3
-6
-1
7
12
11
5
0
-6
-7
-4
1
7
11
13
9
3
-1
-5
-3
5
8
6
3
4
9
12
13
14
14
10
5
4
-1
-2
2
4
9
7
0
-4
-8
-10
-4
-2
-1
-4
-7
-12
-14
-16
-19
-16
-8
-2
-3
-6
-8
-9
-9
-4
-4
-5
-4
-4
-1
-2
-3
0
1
3
2
2
5
5
5
2
-2
-3
-1
5
6
1
-1
1
6
6
7
7
5
7
7
9
10
5
-2
-4
-4
3
11
16
13
6
-3
-6
-5
-2
2
0
-3
-6
-7
-5
-8
-9
-6
1
9
8
3
0
-6
-7
-4
1
7
10
8
0
-10
-17
-13
-5
-2
-1
-3
-4
-2
-1
-1
-4
-7
0
7
13
11
-4
-16
-17
-6
12
22
15
6
-7
-11
-5
2
12
10
7
4
-3
-2
0
4
5
-2
-4
-1
0
4
3
-3
-3
-6
-7
-5
-6
2
8
12
11
3
-3
-11
-9
-1
3
10
10
-2
-11
-15
-9
1
4
8
4
-4
-6
-8
-3
6
11
8
0
-4
-5
-3
-4
-4
-2
-1
3
5
-2
-4
-4
-3
3
4
4
5
3
-3
-4
-5
-3
2
6
4
0
-3
-1
0
4
9
10
10
5
0
-3
1
6
7
6
2
-5
-11
-7
-5
-4
-1
0
1
0
-4
-10
-15
-14
-8
3
10
13
7
4
2
0
1
1
5
9
8
5
4
-1
-4
-3
0
5
5
5
3
-2
-7
-10
-12
-9
-7
-2
-1
-5
-4
-4
2
2
3
2
-4
-7
-8
-7
-2
3
4
3
-1
-1
-1
-2
-2
-5
-7
-7
-6
-3
1
5
4
3
-3
-2
3
6
10
11
7
4
1
2
3
4
3
2
3
2
3
5
7
9
9
3
2
1
0
-2
-2
0
-2
-3
-4
-3
0
0
1
1
1
0
-3
-4
-6
-9
-8
-8
-4
-3
-4
-2
2
4
1
-4
-1
2
3
2
4
8
7
4
-1
-6
-7
-4
-1
4
5
4
1
-3
-6
-4
-1
3
6
5
4
0
-1
0
-2
1
6
6
2
0
-1
-4
-5
-6
-7
-9
-7
-4
-6
-3
-3
-5
-2
-2
-3
-2
-1
-3
-4
-5
0
4
4
4
1
1
2
4
7
8
10
9
2
1
0
1
4
1
4
5
1
-1
-2
-3
-2
-2
1
4
9
14
11
6
-1
-1
-2
-3
-2
-1
-2
2
8
10
6
3
-1
-4
-1
3
2
-1
-4
-11
-13
-12
-7
0
2
3
-2
-10
-12
-11
-8
-1
2
2
1
0
-2
-3
-4
-2
0
-1
2
4
2
1
2
2
1
1
0
-2
-5
-3
0
5
10
11
10
7
6
3
-6
-11
-11
-7
1
4
7
3
0
-2
-3
0
3
6
4
-3
-11
-12
-10
-6
-2
4
5
2
2
0
-1
-1
-1
4
6
2
0
1
2
1
2
7
11
7
4
3
-2
-8
-10
-8
0
7
10
7
1
-3
-3
-3
-3
-2
1
4
2
0
-4
-4
-2
-1
2
4
5
1
1
1
-1
-1
3
3
5
7
3
4
3
1
-2
-3
-5
-4
-1
-3
-6
-5
-5
-4
-2
-1
-3
-4
-7
-6
0
-1
-2
-6
-7
-4
-3
-3
-4
-4
-4
-2
2
6
9
6
1
-3
-5
-4
0
6
9
9
5
1
4
3
2
2
1
1
3
4
3
2
0
0
5
9
9
5
-1
-4
-3
-2
0
-1
-4
-2
-3
-5
-7
-6
-8
-6
-2
-2
-2
-1
0
0
1
2
4
1
0
1
0
0
0
2
4
5
7
6
4
3
3
2
-2
-2
-3
-3
-3
-2
-4
-7
-11
-10
-5
2
8
8
6
2
1
3
3
6
6
3
1
-2
-4
-3
-2
0
2
-2
-2
-3
-6
-2
1
1
0
3
3
1
-6
-9
-7
-7
-4
-6
-5
-5
-6
-5
-5
-5
-4
-1
6
10
10
9
10
5
3
2
4
6
6
3
-1
-2
1
3
2
4
4
3
-1
-3
-2
1
5
6
2
-3
-3
-3
-4
-4
-1
0
-3
-6
-8
-10
-8
-6
-4
-4
-7
-9
-8
-6
4
6
6
6
3
2
1
4
9
13
9
8
7
5
7
7
6
6
6
3
-2
-2
-3
0
2
3
-1
-4
-3
-4
-4
-5
-6
-7
-5
-6
-10
-9
-6
-8
-9
-4
-4
0
0
0
1
0
-1
-3
-1
0
2
1
-2
-2
-3
-1
1
2
1
3
5
2
3
0
2
7
10
9
8
5
1
2
1
2
2
3
0
-4
-3
-3
0
3
4
3
-1
2
8
11
11
8
3
-2
-6
-4
-2
0
1
0
-3
-9
-11
-9
-5
-1
5
2
-6
-12
-13
-9
-1
2
3
-1
-4
-3
-1
0
-2
-5
-5
3
4
5
2
-1
-1
3
6
6
1
-4
-7
-12
-10
-4
6
12
9
4
-3
-5
-2
4
7
5
0
-5
-4
0
2
5
5
5
3
-2
-4
0
3
1
-1
0
1
3
4
0
-4
-7
-9
-4
1
7
8
5
2
0
1
4
8
8
10
9
3
-2
-7
-4
-1
3
6
-1
-3
-8
-11
-11
-9
-2
4
8
10
2
-8
-13
-14
-11
-5
1
7
