SAMPLES:	17373
BITSPERSAMPLE:	16
CHANNELS:	1
SAMPLERATE:	16000
NORMALIZED:	FALSE
-23
-94
-177
-172
-86
-51
-17
-32
-55
-63
-86
-83
-79
-40
9
22
4
-66
-112
-134
-138
-136
-164
-137
-155
-197
-195
-248
-180
-84
-58
45
47
76
117
34
62
57
84
173
111
121
99
9
5
-84
-89
22
115
274
342
308
244
83
-33
-28
51
187
246
183
126
65
-5
-49
-111
-67
46
103
145
76
-25
-113
-211
-186
-85
71
164
88
-40
-163
-158
-120
-136
-135
-140
-52
43
54
40
-51
-111
-106
-53
49
109
101
45
-27
-87
-95
-82
-69
-5
18
14
-27
-132
-136
-85
-28
70
84
75
35
-93
-132
-141
-92
33
76
125
79
-58
-130
-166
-50
84
166
239
207
168
58
-71
-107
-128
-32
75
138
153
52
10
-18
-51
-67
-60
58
153
166
57
-119
-227
-243
-112
31
105
114
53
29
-12
-47
-20
36
107
115
64
-3
-48
-58
-22
58
118
177
185
150
128
89
104
97
58
46
-20
-65
-118
-125
-4
59
61
-10
-104
-89
-85
-73
-53
-78
-95
-159
-238
-291
-327
-267
-185
-113
-92
-120
-74
-53
-47
-58
-93
-65
-84
-47
68
167
287
269
184
63
-126
-143
-102
20
187
202
204
72
-75
-90
-135
-80
-55
-47
55
104
223
258
166
83
-25
8
59
97
192
183
169
117
80
132
129
190
198
117
39
-84
-55
18
68
137
79
36
-36
-133
-145
-185
-115
-31
-22
-10
-82
-96
-101
-145
-140
-180
-167
-140
-131
-99
-136
-153
-165
-145
-32
58
131
72
-89
-188
-253
-205
-138
-74
29
44
73
61
28
60
15
7
-32
-63
29
49
75
29
-70
-29
22
151
247
213
178
74
34
31
-24
-57
-125
-127
-78
-31
23
-7
-20
-4
34
137
211
281
318
281
217
106
22
16
46
97
127
112
103
98
85
79
52
35
9
-26
-45
-127
-211
-278
-312
-249
-168
-62
0
-36
-65
-142
-179
-141
-79
0
-33
-100
-138
-164
-128
-103
-99
-92
-68
23
106
156
184
135
46
-12
-13
34
80
114
126
85
53
11
-74
-90
-37
33
63
43
23
-60
-79
-4
64
176
230
189
38
-154
-226
-250
-165
-8
63
55
-58
-139
-129
-45
100
163
166
131
56
-15
-89
-86
14
164
284
274
149
-11
-145
-175
-101
18
103
129
145
111
26
-30
-94
-139
-105
-20
24
-10
-18
-63
-164
-206
-183
-93
44
152
118
-12
-36
-30
-86
-120
-98
-42
-23
-26
-31
-65
-72
-47
6
55
35
-7
-56
-82
-63
-40
-7
58
108
63
-18
-21
-7
-8
54
137
180
191
183
144
97
122
166
183
182
127
68
56
55
1
-110
-176
-146
-47
72
117
61
-60
-156
-157
-85
11
80
95
58
16
-41
-125
-172
-193
-168
-114
-40
46
44
-3
-105
-216
-213
-183
-123
-73
-46
-18
-46
-28
-1
17
69
55
56
26
-44
-61
-97
-80
-66
-82
-46
-41
22
91
110
141
109
110
107
59
30
-38
-52
-17
23
94
155
227
258
202
95
-22
-97
-89
1
99
165
140
37
-66
-153
-136
-62
17
111
141
141
79
-9
-31
-6
79
149
149
124
43
-60
-122
-117
-39
34
56
32
-26
-59
-49
-22
-11
-34
-77
-99
-80
-59
-67
-104
-145
-184
-195
-139
-68
-14
-6
-46
-103
-165
-182
-132
-51
25
59
46
3
-59
-103
-106
-74
-15
41
103
128
64
-70
-204
-241
-157
-1
140
179
124
41
10
63
156
223
212
144
79
46
55
88
118
130
127
126
99
57
42
62
115
139
111
48
-6
11
42
54
38
-19
-44
-31
11
53
32
-11
-46
-49
-32
-53
-87
-106
-70
14
71
92
38
-60
-135
-171
-119
-61
-45
-66
-131
-171
-199
-175
-81
-25
-8
-27
-49
-42
-90
-111
-66
-23
30
14
-51
-100
-141
-75
28
83
105
32
-27
-49
-92
-99
-121
-72
43
67
88
102
80
65
6
0
10
14
101
162
205
208
136
115
112
151
208
178
101
-17
-88
-64
20
137
154
105
59
-17
-18
35
77
121
110
82
11
-108
-175
-204
-156
-63
-6
74
67
-13
-52
-79
-20
21
-20
-57
-132
-179
-204
-238
-208
-210
-205
-123
-47
47
77
38
39
-3
-35
-53
-100
-102
-106
-42
82
133
131
51
-29
-25
7
84
133
122
90
40
26
21
31
76
139
217
251
243
183
91
37
11
17
-6
-81
-157
-232
-252
-223
-160
-73
-12
4
-16
-65
-123
-131
-79
23
94
86
34
-57
-129
-173
-171
-78
16
107
145
109
71
-7
-40
-27
-4
64
95
136
147
117
111
96
117
145
154
153
103
29
-26
-30
-1
15
15
8
14
18
2
-51
-121
-138
-100
-17
47
52
20
-48
-102
-142
-154
-118
-89
-81
-104
-136
-143
-138
-100
-64
5
115
179
185
114
24
-9
7
61
79
56
13
-28
-10
20
26
-9
-80
-134
-131
-62
23
68
41
-31
-69
-29
70
146
144
72
-23
-76
-79
-60
-61
-42
-11
-34
-87
-139
-141
-97
-57
25
134
248
345
317
212
82
-77
-164
-133
-47
45
116
109
30
-61
-125
-115
-49
44
135
159
100
-3
-102
-125
-97
-54
25
88
49
-62
-143
-115
-19
50
74
32
-52
-116
-151
-137
-40
55
80
88
63
47
85
114
152
153
111
58
-36
-78
-80
-99
-71
-16
50
103
91
47
-7
-43
-77
-113
-106
-40
40
65
56
21
-51
-116
-162
-143
-51
26
49
31
-2
-43
-86
-99
-66
-37
-8
56
89
72
-12
-116
-122
-66
24
80
55
57
24
9
45
16
-9
-63
-66
33
77
107
45
-63
-78
-90
-15
50
30
17
-39
-19
35
66
140
143
114
51
-32
-14
38
75
61
20
30
38
25
-17
-48
-32
-24
-20
-30
-18
14
9
10
2
-16
-2
7
37
15
-54
-74
-92
-87
-86
-101
-45
-10
-18
-39
-69
-24
1
3
14
-32
-28
8
64
154
177
173
121
37
8
9
72
127
102
37
-54
-93
-84
-55
5
35
64
52
-23
-87
-125
-87
-33
-13
-8
-43
-66
-78
-90
-96
-130
-139
-90
-14
62
56
1
-48
-62
-26
-8
-11
-27
-43
-35
-19
-2
3
-16
-31
-19
28
79
81
72
84
103
102
76
88
127
120
62
4
20
63
77
92
108
106
54
-37
-74
-59
-44
-41
-55
-63
-68
-89
-68
-15
35
62
32
-16
-76
-119
-98
-51
3
34
29
31
8
-45
-104
-136
-82
23
123
191
170
93
-8
-83
-69
-33
7
35
23
19
-38
-93
-94
-64
48
131
157
114
-14
-75
-76
2
116
127
119
46
-21
-21
-71
-107
-188
-242
-165
-78
48
87
24
-19
-88
-65
-19
2
70
69
73
44
-29
-32
-43
-9
26
5
8
-32
-38
-23
-36
-5
-2
23
38
2
0
-26
-10
23
25
71
67
65
32
-71
-124
-171
-126
-38
-18
24
22
74
155
134
93
-28
-75
-4
73
185
186
143
126
57
61
39
26
73
47
51
6
-59
-37
-49
-5
19
-11
7
-53
-95
-128
-184
-139
-98
-42
-1
-35
-54
-86
-84
-34
28
107
131
91
-3
-107
-167
-164
-107
-49
6
43
46
33
-11
-32
-8
50
123
134
91
23
-29
-31
-7
32
72
103
108
63
-33
-129
-158
-104
0
84
117
104
61
19
-33
-81
-107
-102
-54
-2
45
55
21
-18
-49
-35
1
25
47
47
52
40
-16
-111
-234
-293
-251
-120
47
128
109
39
-12
31
111
172
172
89
8
-61
-93
-90
-95
-60
-32
-8
31
44
84
101
99
97
63
64
56
46
41
11
12
1
2
22
33
86
118
139
119
44
-4
-41
-6
50
68
71
24
15
24
19
11
-58
-97
-115
-126
-107
-123
-102
-54
-1
59
26
-20
-69
-97
-79
-113
-121
-135
-117
-47
-57
-66
-107
-130
-61
-25
38
35
-54
-131
-252
-246
-123
42
224
219
110
-49
-189
-160
-59
110
234
214
153
37
10
64
118
177
156
157
158
158
198
181
199
166
64
7
-58
-1
74
60
19
-85
-89
-32
15
59
7
-30
-79
-134
-136
-137
-49
24
52
59
-22
-65
-111
-144
-127
-136
-86
-63
-63
-46
-77
-56
-39
-26
8
-21
-41
-81
-128
-114
-102
-37
33
72
112
63
16
-25
-45
24
59
92
87
36
19
-51
-94
-101
-72
46
110
136
119
76
119
142
151
122
34
16
22
50
81
46
11
-49
-91
-72
-42
13
39
31
41
36
17
-31
-112
-140
-108
-44
25
41
15
3
-15
-4
32
63
113
117
62
-25
-100
-94
-53
29
89
86
75
16
-11
-4
-9
12
7
-6
-24
-47
-30
-26
-46
-119
-195
-183
-154
-107
-78
-84
-28
15
28
9
-96
-170
-177
-93
47
123
141
96
52
19
-20
4
9
-10
-42
-94
-74
-42
-21
-1
-9
3
25
87
151
151
135
81
63
58
17
23
20
41
80
96
128
78
3
-71
-108
-7
89
196
230
123
31
-77
-89
-30
22
100
106
108
39
-67
-89
-119
-26
86
138
212
163
73
-17
-105
-108
-85
-30
-25
-50
-88
-186
-230
-258
-220
-91
-12
29
13
-23
-42
-31
26
29
25
-44
-151
-177
-210
-164
-102
-72
-10
3
34
41
39
75
46
36
1
-54
-49
-72
-60
-19
3
38
40
47
54
56
74
33
13
17
11
65
103
131
160
105
30
-37
-57
-1
92
191
229
194
93
-16
-68
-76
-65
-60
-47
-6
44
91
97
83
58
-6
-34
-58
-45
25
36
53
23
-56
-55
-54
12
79
45
11
-69
-99
-51
-17
24
18
8
7
3
13
9
19
-3
-35
-43
-83
-93
-113
-133
-81
-33
18
19
-57
-80
-87
-51
-12
-45
-37
-21
25
93
56
-2
-103
-189
-153
-98
26
106
93
67
-26
-72
-114
-154
-133
-107
-3
65
90
77
-39
-90
-113
-34
138
226
278
197
64
-8
-50
10
83
118
126
97
79
92
105
106
114
113
150
172
141
107
-21
-113
-154
-168
-28
60
134
150
3
-54
-143
-137
-7
7
70
-21
-159
-168
-231
-141
-80
-64
16
-57
-79
-151
-236
-169
-142
-3
85
68
92
2
12
20
-22
15
-36
33
100
93
118
4
-17
-9
-22
50
0
11
24
-9
27
-30
-13
24
11
42
-18
-39
-33
-56
-15
-39
-42
-15
-6
53
60
39
-2
-62
-41
37
120
162
135
42
-55
-142
-186
-110
6
168
274
231
139
-23
-87
-30
58
220
265
259
211
46
-37
-122
-116
-10
1
3
-132
-267
-280
-282
-171
-91
-19
71
32
4
-63
-131
-149
-200
-165
-98
-28
45
45
45
36
64
116
106
39
-78
-139
-143
-110
-53
-18
48
85
121
129
50
-3
-43
-13
38
32
73
93
109
77
-13
-12
17
60
61
-14
-60
-103
-76
1
60
121
118
83
29
-30
-51
-31
9
48
63
50
38
27
46
71
65
66
41
32
36
42
76
87
69
48
16
-27
-53
-71
-18
-1
-2
-8
-23
3
-69
-95
-104
-118
-63
-52
33
58
-9
-56
-117
-35
10
55
60
-39
-138
-206
-238
-118
-82
42
79
-35
-88
-289
-140
-196
-134
-120
-150
26
-108
-15
-19
49
175
51
154
39
105
4
-88
-73
-92
77
45
196
134
248
153
109
107
69
206
159
169
73
11
48
12
43
67
105
162
43
32
-4
-13
-18
-74
-33
7
39
90
52
52
15
18
36
21
60
60
68
-5
-87
-137
-142
-108
-28
26
66
15
-88
-125
-143
-112
-17
-39
-14
-92
-226
-153
-207
-96
9
-16
73
-3
-50
-40
-118
-41
26
21
33
1
-3
20
-90
-90
-85
-126
0
3
73
77
-50
-29
-57
-52
-11
9
90
97
81
47
14
-41
-119
-137
-67
54
141
163
95
-52
-191
-205
-80
141
274
293
222
66
2
35
155
244
209
161
77
4
-51
-54
41
58
52
67
63
29
-95
-128
-58
-3
33
26
65
64
-8
6
12
33
49
20
24
-68
-142
-155
-206
-201
-196
-106
-13
-92
-95
-79
-104
-99
-169
-120
-78
-147
-112
-72
13
76
56
59
-28
-57
50
178
334
373
295
189
2
-84
-48
-1
44
9
-12
-32
-74
-73
-57
0
63
79
107
90
23
-20
-49
-17
25
28
34
-28
-120
-176
-176
-62
28
88
119
19
-115
-259
-293
-201
-129
-16
72
61
8
-64
-11
96
128
156
124
67
8
-60
-8
44
69
99
48
6
-52
-98
-74
-88
-61
15
104
219
242
211
157
40
-55
-137
-156
-103
-55
24
97
108
60
-33
-62
-18
25
60
48
16
12
10
24
11
-11
1
24
50
56
33
3
-20
-31
-14
8
30
63
60
62
41
-41
-114
-157
-94
29
105
132
53
-75
-202
-311
-306
-234
-127
-39
-22
-12
-30
-66
-89
-105
-69
-21
17
50
23
-29
-85
-119
-62
9
74
107
70
32
2
43
154
214
207
118
2
-38
-28
55
149
170
149
87
67
101
110
93
29
-41
-91
-119
-69
10
47
23
-39
-65
-68
-45
1
16
-9
-46
-30
10
-2
-20
15
98
138
85
-9
-96
-135
-103
-44
-7
-21
-62
-70
-80
-115
-126
-73
56
174
198
156
68
-26
-86
-102
-32
59
95
69
-34
-138
-180
-144
-33
42
38
-2
-53
-75
-92
-86
-39
21
86
111
87
29
-49
-90
-63
4
63
83
64
50
36
14
0
-22
-9
33
73
122
139
111
54
-53
-118
-134
-122
-46
-3
8
-46
-145
-119
-35
82
174
139
109
32
-52
-82
-163
-136
-85
-38
52
37
22
-23
-54
38
123
190
178
105
69
51
59
89
103
119
122
90
94
66
32
-40
-134
-40
-11
9
10
20
135
-103
-263
-164
-35
-38
-351
-293
35
87
-139
-413
-358
-99
-29
-96
-100
-95
73
89
-32
-3
-55
-7
-80
-80
109
-29
-199
-208
-25
166
84
99
217
197
138
51
11
-18
34
401
651
548
274
145
291
259
143
39
83
329
317
98
-313
-459
-275
-262
-259
-346
-294
-329
-542
-468
-484
-549
-561
-508
-335
-245
-194
-193
-105
122
541
800
665
678
824
1110
1125
860
861
872
1050
1011
729
584
377
384
298
144
81
-134
-389
-622
-566
-588
-765
-858
-831
-624
-1030
-1425
-1247
-1102
-963
-1213
-1334
-999
-880
-884
-903
-908
-796
-732
-786
-618
-418
-367
-325
-378
-209
40
51
-68
65
424
588
633
607
700
623
715
1457
1515
907
816
1674
2446
1681
794
1152
2094
2449
1723
1261
1486
1726
1839
1542
1158
1150
1211
1070
859
643
396
-156
-651
-437
-369
-1047
-1633
-1531
-1189
-1316
-1883
-2381
-2195
-1868
-2014
-2154
-2382
-2383
-2244
-2297
-2222
-2178
-1979
-1804
-1745
-1619
-1387
-1195
-1390
-1270
-860
-494
-317
-338
-115
45
187
172
261
665
779
945
1135
1380
1662
1554
1509
1680
1913
2132
2402
2482
2469
2666
2570
2433
2299
2258
2489
2392
2254
2246
2255
2033
1630
1487
1326
1129
764
404
254
-122
-606
-915
-1018
-1282
-1541
-1635
-1762
-1770
-2192
-2476
-2345
-2526
-2654
-2675
-2766
-2830
-2736
-2761
-2781
-2675
-2650
-2299
-2128
-2166
-1973
-1840
-1759
-1705
-1491
-1223
-1001
-718
-572
-266
-17
417
1259
1071
747
1748
2965
2871
1965
1997
3078
4035
3555
2773
3127
3744
3992
3610
3249
3247
3428
3281
2756
2623
2318
1793
1055
535
686
262
-713
-889
-405
-650
-1584
-2044
-2317
-2258
-2279
-2577
-2572
-3103
-3339
-2905
-2918
-3403
-3605
-3317
-2946
-2661
-2832
-2792
-2492
-2471
-2139
-1939
-2067
-1913
-1575
-1375
-1115
-803
-726
-386
313
1110
1682
1013
1151
2638
2978
2309
2112
3036
3669
3824
3732
3660
3971
3547
3504
4000
3976
3705
3462
3323
3157
3070
2038
1056
788
840
891
-134
-949
-684
-888
-1598
-1684
-1908
-2377
-2520
-2433
-2558
-2934
-3669
-3617
-2981
-3409
-3787
-3534
-3457
-3315
-3072
-2888
-2867
-2924
-2872
-2440
-2199
-2407
-2143
-1747
-1453
-1128
-856
-807
-260
642
1298
1248
745
1453
3173
3481
2463
2413
3520
4588
4499
3506
3448
4262
4544
4398
4278
4121
4062
3915
3299
3046
2730
2165
1512
1086
1057
567
-534
-1239
-1032
-959
-1649
-2205
-2329
-2560
-2626
-2999
-3250
-3401
-3714
-3416
-3216
-3642
-4004
-3873
-3556
-3366
-3150
-3193
-3035
-2937
-2973
-2637
-2442
-2356
-2000
-1488
-1140
-783
-526
-152
329
1293
1859
1280
1281
2824
3992
3251
2377
3119
4697
5175
4103
3643
4417
5019
4825
4320
4107
3941
3873
3322
2999
2826
2223
1229
475
500
251
-760
-1758
-1542
-1160
-1636
-2275
-2853
-3165
-3149
-3261
-3134
-3526
-4273
-4319
-3741
-3758
-4278
-4179
-3772
-3293
-3155
-3163
-3067
-2870
-2692
-2395
-2057
-2045
-1683
-1084
-866
-626
-8
418
546
1698
2326
1818
2172
3580
4459
3608
2898
3909
5277
5366
4209
4032
4941
5294
4820
4244
4009
4125
4099
3223
2699
2339
1760
789
-19
129
345
-966
-2057
-1739
-1569
-2208
-3188
-3614
-3662
-3410
-3695
-4028
-4237
-4931
-4662
-3954
-4265
-4704
-4418
-3679
-3527
-3508
-3625
-3429
-3040
-3174
-2617
-2132
-2014
-1445
-987
-784
-458
273
816
2088
3215
2103
2217
3944
4945
4382
3433
4499
6065
6158
4843
4651
5737
5623
4916
4507
4709
5034
4599
3440
2831
3196
2502
1120
58
-206
673
-521
-2404
-2225
-1989
-2255
-3006
-3758
-4201
-4074
-3813
-4093
-4300
-5646
-5852
-4427
-4545
-5436
-5652
-4757
-4233
-4169
-4384
-4016
-3184
-3289
-3005
-2351
-2191
-1925
-1262
-612
-314
197
423
1237
3142
2921
2160
2972
4883
5871
4500
3868
5389
7041
6624
5162
5092
5815
6584
6048
5161
4903
4693
4583
4191
3995
2720
1414
871
779
1161
-90
-2099
-2666
-2205
-1967
-2797
-3826
-4649
-4468
-3888
-4229
-5079
-6219
-6360
-5273
-4521
-5454
-6556
-5972
-4770
-4237
-4929
-5183
-4319
-3593
-3141
-3008
-2594
-2342
-1947
-1070
-605
109
723
1265
3076
3743
2630
2640
4785
6322
5298
4169
4869
7109
7797
6000
5135
5849
6722
6654
5616
4974
5284
5546
4281
3497
3403
2701
1349
191
600
823
-963
-2847
-2497
-1895
-2561
-3430
-4456
-4936
-4495
-4621
-5178
-6049
-6786
-6268
-5072
-5465
-6559
-6220
-5579
-5041
-4767
-4979
-4927
-4166
-3555
-3176
-2893
-2818
-2105
-1003
-722
-160
1047
1461
2428
3542
3161
3074
4499
5936
5845
4919
5023
6672
7701
6387
5583
6237
6780
6669
5982
5466
5514
5617
4549
3784
3483
2986
2080
762
246
388
-689
-2557
-2463
-1756
-2531
-3850
-4749
-4827
-4336
-5052
-5947
-5984
-6013
-6184
-6037
-6067
-6398
-6015
-5643
-5404
-5068
-4856
-4542
-4073
-3908
-3709
-3160
-2642
-2040
-985
-729
-289
789
1575
3169
3451
2304
3104
5646
6498
5089
4388
5588
7420
7433
5559
5370
6543
7040
6796
6109
5384
5498
5890
4889
4206
3851
2953
1637
558
610
586
-1136
-3056
-2409
-1687
-2914
-4164
-4920
-4893
-4480
-4917
-5785
-6488
-6714
-6235
-5440
-6228
-7240
-6461
-5439
-5148
-5393
-5209
-4631
-4102
-4042
-3824
-2870
-2539
-2128
-1047
-465
223
985
2205
3345
2894
2629
4392
6486
5693
4302
5077
7375
8621
6076
4417
6783
8890
7291
4799
5225
6989
7876
5454
3029
3864
4477
3054
788
158
754
189
-2120
-2976
-1803
-2413
-4397
-5001
-4703
-4199
-5272
-6844
-6245
-5567
-6232
-6992
-6835
-6785
-6159
-5520
-5731
-5621
-5612
-5013
-3846
-3800
-4302
-3730
-2380
-1657
-1424
-1348
-447
1161
2591
3094
2430
2649
4659
6516
5389
3840
4931
6920
7720
6502
5422
6082
6866
6880
6336
6009
5654
5959
5863
4743
4216
3596
2505
1345
982
1209
44
-2215
-2411
-1159
-1749
-3916
-4956
-4614
-3885
-4495
-5849
-6364
-6230
-6031
-5850
-6025
-6870
-6591
-5569
-5246
-5449
-5513
-5128
-4435
-4086
-3988
-3623
-3182
-2290
-1099
-764
-294
700
2381
3476
2580
2146
4119
6284
5320
3761
4657
6655
7562
6073
5014
6121
7264
7200
6405
5973
5775
6423
5855
4430
4095
3822
2960
1549
632
658
37
-1838
-2361
-1715
-2103
-3559
-4496
-4847
-4804
-4849
-5566
-6306
-6491
-6468
-5870
-6031
-6867
-6688
-5747
-5238
-5592
-5391
-5006
-4372
-4011
-3999
-3335
-2665
-2085
-1190
-715
-246
558
2587
3630
2628
2445
4275
6495
5351
3881
5003
6786
7706
6203
5399
6240
6880
6858
6047
5756
5666
6608
6128
4227
3685
3869
3303
1421
135
334
160
-1613
-2728
-2292
-2528
-3799
-4310
-4908
-5177
-4894
-5587
-6053
-6354
-6623
-5942
-5718
-6458
-6580
-5647
-5444
-5366
-4934
-4723
-3992
-3612
-3823
-3225
-2462
-1873
-964
-580
-160
895
2757
3185
2405
2872
4962
6269
4845
3798
5281
7233
7145
5372
5198
6329
7185
6735
5702
5579
5668
6270
5453
4263
3899
3516
2546
1142
627
803
-674
-2348
-2183
-1561
-2593
-4537
-4900
-4691
-4662
-5465
-6198
-6268
-6469
-6190
-5942
-6414
-6851
-6353
-5331
-5208
-5324
-5153
-4443
-3872
-3573
-3183
-2947
-2418
-1385
-412
3
247
1557
3281
2930
2307
3529
5942
6174
4372
4456
6349
7485
6393
5011
5759
6750
6856
6232
5771
5475
5601
5824
4623
3745
3383
3001
2078
648
153
495
-987
-2611
-2557
-2060
-2917
-4621
-5188
-5019
-4716
-5421
-6307
-6362
-6288
-5900
-5809
-6504
-6711
-5948
-5285
-5439
-5382
-4866
-4093
-3674
-3587
-2916
-2185
-1727
-822
39
438
774
2267
3688
3173
2641
4080
6400
5836
3947
4661
6793
7634
5917
4709
5812
6931
6575
5444
5357
5633
6110
5474
4095
3800
3556
2513
1065
436
713
-235
-2448
-2740
-1709
-2302
-4638
-5401
-4861
-4809
-5349
-6238
-6403
-6284
-6276
-6061
-6269
-6851
-6451
-5142
-4992
-5501
-5189
-4424
-3680
-3372
-3115
-2638
-2083
-1322
-251
393
504
1468
3524
3651
2709
3485
5726
6434
4426
3905
6164
7822
6867
4953
5197
6539
6993
6169
5362
5329
5597
6053
4985
3847
3433
2729
1596
758
657
141
-2036
-3321
-2192
-1329
-3373
-5904
-5432
-4207
-4464
-6236
-7271
-6552
-5821
-5809
-6334
-6940
-7046
-5982
-4901
-5125
-5281
-4796
-3831
-2975
-2826
-2878
-2436
-1570
-413
550
880
946
2361
4046
3650
3101
4084
6231
6197
4433
4612
6629
8168
6408
4438
5388
7045
7140
5127
4382
5210
6190
5578
3457
2961
2897
2206
1010
7
116
-782
-2804
-2929
-1894
-2164
-4590
-5710
-4929
-4221
-5111
-6828
-6724
-6018
-5776
-6130
-6420
-6676
-6300
-5304
-5143
-5059
-4789
-4226
-3239
-2813
-2696
-2403
-1794
-853
-27
481
879
2034
3818
3719
3001
3741
5682
6407
4752
4128
5870
7538
6889
5024
5078
6219
6667
6001
5383
5251
5260
5519
4756
4143
3005
1811
1279
912
481
-831
-2475
-2751
-2142
-2486
-4386
-5673
-5079
-4493
-5186
-6624
-6779
-6164
-6155
-6662
-6607
-6247
-6300
-5981
-5471
-4931
-4655
-4627
-3612
-2629
-2506
-2605
-1979
-656
168
471
864
1912
3591
3944
3417
3869
5368
6595
5532
4412
5509
7384
7469
5507
4882
5900
6673
6196
5220
5222
5279
5190
4600
4326
3415
1737
1114
1055
861
-678
-2604
-3124
-2376
-2159
-4024
-5701
-5692
-5028
-4774
-6197
-7184
-6866
-6143
-6186
-6840
-6803
-6341
-5453
-5302
-5240
-4739
-4455
-3733
-2928
-2348
-2177
-1975
-1251
-272
525
883
1853
3518
4313
3948
3939
5087
6186
5676
4860
5641
7049
7326
6093
5354
5832
6441
6240
5378
5123
5233
5375
4640
4001
3287
2038
1355
919
485
-784
-2088
-2796
-2635
-2700
-4305
-5352
-5295
-5076
-5309
-6331
-6896
-6767
-6196
-6416
-6903
-6753
-6299
-5424
-5552
-5638
-4915
-4202
-3536
-3110
-2626
-2185
-1655
-879
-83
609
1071
2051
3606
4305
3819
3813
4938
6060
5845
4923
5404
7069
7552
6342
5428
5690
6362
6403
5533
5110
5382
5367
4695
4087
3252
2213
1356
1045
662
-834
-2097
-2724
-2451
-2817
-4489
-5478
-5385
-4948
-5550
-6566
-6977
-6900
-6388
-6841
-7011
-6935
-6561
-5635
-5476
-5444
-5329
-4536
-3459
-2819
-2606
-2481
-1623
-705
-38
432
927
2080
3265
4137
3930
4065
5424
6515
6154
5019
5532
6950
7394
6553
5506
5800
6454
6435
5869
5219
5020
5091
5072
4317
3070
2228
1596
1133
283
-1203
-2100
-2590
-2738
-3227
-4353
-5194
-5538
-5420
-5859
-6439
-6817
-6863
-6545
-6867
-6917
-6724
-6593
-5938
-5351
-4942
-4833
-4408
-3330
-2723
-2596
-2465
-1587
-439
190
582
1217
2428
3630
4330
4123
4071
5292
6427
6201
5092
5292
6734
7216
6369
5393
5589
6157
6150
5766
5204
4881
4752
4733
4273
3006
1911
1198
919
240
-1180
-2180
-2707
-2608
-3251
-4591
-5196
-5257
-5182
-6099
-6881
-6762
-6297
-6454
-7163
-7034
-6774
-6402
-6069
-5522
-4607
-4517
-4502
-3580
-2570
-2338
-2387
-1573
-187
838
810
930
2316
3578
4282
4084
4222
5400
6377
6408
5364
5342
6509
7320
6741
5545
5696
6046
5888
5453
5072
4981
4742
4727
4274
3293
2288
1340
921
-49
-1372
-1988
-2547
-2839
-3641
-4590
-5280
-5708
-5495
-5881
-6413
-6993
-6781
-6301
-6775
-7025
-7054
-6337
-5827
-5674
-5118
-4739
-4181
-3515
-2655
-2155
-2188
-1573
-332
724
984
1021
2138
3575
4344
4044
4169
5462
6375
6425
5495
5428
6710
7474
6740
5241
5570
6662
6106
4856
4722
5601
5132
3837
3400
3656
3196
1511
255
-231
-877
-1772
-2992
-3708
-3794
-4017
-4861
-6018
-5921
-5620
-5910
-6747
-7115
-6425
-6420
-6953
-6821
-6167
-5986
-5828
-4925
-4194
-3804
-3472
-2726
-1972
-1872
-1475
-369
726
888
913
1984
3557
4113
3984
4447
5546
5953
5768
5866
5764
5964
6432
6515
6009
5631
5670
5682
5301
4717
4817
4826
4357
3894
3128
2379
1424
703
-150
-1405
-2287
-2647
-3086
-4234
-4766
-4830
-5178
-5860
-6204
-6063
-6248
-6764
-6802
-6374
-6300
-6701
-6469
-5610
-5126
-4968
-4522
-3638
-2766
-2082
-1791
-1524
-1104
-376
719
1401
1691
2546
3809
4480
4233
4413
5551
6699
6347
5210
5623
6790
6995
5974
5100
5470
5829
5478
4786
4497
4756
4686
4248
3168
2058
1651
1277
409
-881
-1728
-2234
-2775
-3255
-4347
-5003
-5456
-5725
-5572
-6007
-6561
-7045
-6779
-6718
-6862
-6801
-6792
-6075
-5495
-4839
-4408
-4401
-3872
-2932
-1837
-1596
-1522
-735
324
1233
1365
1865
3235
4260
4532
4634
5304
5969
6466
6222
5629
6275
7055
6828
5775
5326
5721
5900
5650
4998
4760
4865
4546
3916
3011
2119
1308
912
313
-1240
-2473
-2924
-3054
-3618
-4786
-5513
-5665
-5560
-5949
-6533
-6830
-7149
-7049
-6964
-6687
-6567
-6517
-6161
-5533
-4747
-4470
-4155
-3381
-2297
-1639
-1695
-1280
-168
796
1292
1506
2466
3926
4555
4396
4574
5685
6645
6780
6030
5401
6430
7302
6750
5713
5460
5814
5596
5090
4426
4449
4661
4214
3753
3082
2135
909
374
249
-1153
-2759
-3326
-3218
-3496
-4794
-6034
-5993
-5446
-5897
-6886
-7119
-6879
-6863
-7129
-7302
-6950
-6226
-5828
-5693
-4972
-4255
-3938
-3388
-2515
-1531
-1106
-836
99
1055
1434
1499
2545
4240
4975
4609
4713
6061
7106
6798
5729
5826
7077
7364
6564
5729
5721
5900
5651
5289
4755
4544
4528
4202
3435
2478
1596
713
119
-506
-1544
-2757
-3648
-3671
-3997
-5088
-6223
-6447
-5852
-6040
-6733
-7198
-7208
-7033
-7122
-6913
-6625
-6337
-5871
-5186
-4481
-4196
-3727
-3046
-2038
-1325
-1236
-704
203
1220
1884
1984
2735
4501
5449
4818
4793
6269
7405
6830
5581
5787
7207
7556
6260
5430
5890
6250
5726
4899
4543
4677
4636
3882
3085
2247
1341
534
-231
-765
-1962
-3305
-3784
-3708
-4229
-5418
-6155
-6247
-5927
-6451
-7238
-7322
-7110
-6878
-7079
-7003
-6776
-6281
-5638
-5276
-4727
-4225
-3647
-2860
-1961
-1253
-924
-388
418
1498
2035
1900
3143
4927
5605
5150
5018
6441
7491
6820
5465
5948
7643
7527
6230
5491
5991
6463
5587
4532
4381
4790
4464
3602
2953
2237
1372
376
-370
-1124
-2387
-3431
-3759
-3628
-4214
-5564
-6401
-6307
-6084
-6775
-7384
-7348
-6953
-6879
-7392
-7440
-6941
-6071
-5653
-5249
-4566
-4139
-3213
-2450
-1888
-1475
-1222
-238
971
1910
1988
2274
3853
5128
5256
4727
5304
6801
7511
6748
5761
6526
7505
7099
6129
5812
6070
6114
5661
4923
4649
4518
4079
3496
2984
2254
1083
181
-350
-1021
-2383
-3851
-4135
-3763
-4492
-5906
-6637
-6334
-5972
-6838
-7755
-7650
-6941
-6728
-7139
-7318
-6901
-5968
-5557
-5384
-4781
-3969
-3071
-2422
-1811
-1204
-948
-327
789
1850
2146
2120
3607
5227
5538
5085
5374
6845
7387
6615
5963
6752
7543
7068
6374
5987
5955
5767
5515
5094
4598
4424
4079
3529
2831
1976
1190
446
-183
-906
-2430
-3722
-3987
-3860
-4619
-6080
-6634
-6555
-6304
-7032
-7692
-7350
-7216
-6979
-7066
-7032
-6874
-6520
-5712
-5121
-4583
-4204
-3262
-2151
-1707
-1259
-875
-178
1015
1989
2153
2303
3976
5440
5547
5068
5252
6876
7615
6550
5786
6886
7831
7182
6461
6077
5983
5970
5564
4780
4499
4353
3822
3445
2895
2134
1250
235
-720
-1251
-2197
-3642
-4351
-4225
-4569
-5878
-6694
-6653
-6479
-7014
-7562
-7613
-7361
-7025
-7173
-7165
-6941
-6374
-5764
-5277
-4662
-4148
-3211
-2353
-1799
-1169
-754
-164
888
2048
2398
2510
3895
5365
5763
5185
5325
6884
7735
7084
6039
6670
7712
7331
6649
6036
5929
6172
5785
4928
4498
4447
4013
3464
2917
2125
1443
319
-820
-1257
-2085
-3378
-4482
-4529
-4492
-5660
-6698
-7080
-6641
-6691
-7562
-7889
-7916
-7284
-6989
-7217
-7191
-6709
-5655
-4962
-4669
-4551
-3669
-2268
-1599
-1240
-896
-152
942
1790
2345
2714
3777
5230
5819
5571
5611
6608
7223
6909
6395
6776
7694
7315
6621
6383
6150
5895
5415
5169
4879
4578
4123
3278
2838
2099
1267
483
-616
-1323
-2132
-3142
-4160
-4516
-4878
-5766
-6309
-6762
-6569
-6813
-7385
-7487
-7597
-7381
-7288
-7064
-6990
-6679
-5856
-5271
-4737
-4482
-3741
-2456
-1657
-1200
-802
-20
872
1666
2282
2519
3522
4861
5520
5396
5463
6613
7314
7076
6479
6595
7375
7291
6687
5975
5819
6015
5740
5177
4570
4523
4389
3816
2861
1845
1553
736
-525
-1217
-1926
-2785
-4014
-4719
-4804
-5263
-6030
-6818
-6599
-6448
-6997
-7413
-7604
-7328
-7267
-7160
-7174
-7055
-6134
-5240
-4563
-4398
-3815
-2541
-1759
-1390
-915
-155
665
1368
2097
2585
3329
4631
5370
5386
5454
6288
7201
7121
6442
6312
7197
7533
6742
5974
5788
5994
5809
5139
4466
4422
4648
4010
2979
2105
1450
1034
-134
-1348
-2031
-2552
-3321
-4495
-4903
-5291
-5877
-6492
-6757
-6517
-6910
-7281
-7635
-7644
-7269
-7180
-6994
-6758
-6087
-5175
-4580
-4446
-4062
-2878
-1729
-1314
-1023
-210
714
1429
1912
2319
3263
4534
5237
5408
5419
6068
6904
7098
6554
6151
7120
7505
6727
6052
5746
5928
5670
5100
4476
4262
4311
3718
3076
2500
1783
1037
-160
-1208
-1511
-2199
-3442
-4558
-4649
-4828
-5889
-6736
-6910
-6396
-6618
-7316
-7507
-7429
-6961
-6822
-6803
-6696
-6160
-5307
-4880
-4431
-4085
-3209
-2036
-1508
-971
-246
283
1000
1814
2493
2954
3842
4996
5383
5423
5670
6648
7220
6583
6040
6451
7399
7229
6370
6022
5818
5839
5352
4728
4223
4096
4047
3155
2584
1927
1186
337
-934
-1577
-2020
-2935
-4199
-4632
-4372
-5264
-6246
-6867
-6763
-6322
-6847
-7376
-7446
-7181
-6942
-6801
-6869
-6614
-5530
-4703
-4415
-4094
-3488
-2370
-1655
-1352
-777
11
887
1640
2189
2621
3439
4762
5433
5297
5681
6679
7330
6656
5777
6427
7520
7317
6152
5549
5907
6102
5429
4499
4234
4365
4100
3082
2289
2016
1433
557
-839
-1510
-1642
-2685
-3889
-4512
-4299
-4896
-6183
-6826
-6956
-6458
-6859
-7480
-7362
-6998
-6568
-6598
-6701
-6737
-5803
-4585
-4203
-3865
-3380
-2308
-1425
-1286
-845
-97
683
1521
2111
2428
3204
4350
4976
5085
5232
6090
7073
6895
6081
6050
6969
6992
6199
6010
5838
5739
5539
4857
4374
4148
4098
3736
2971
2290
1455
789
-154
-1500
-2055
-2402
-3337
-4406
-4753
-4817
-5510
-6401
-7017
-6836
-6486
-6755
-7233
-7400
-6959
-6633
-6663
-6501
-6050
-5107
-4157
-3766
-3473
-2773
-1952
-1400
-808
-200
414
1231
2051
2599
3084
3835
4656
5161
5416
5897
6709
7128
6372
5728
6328
7066
6885
5806
5321
5665
5684
5122
4255
3944
4022
3931
3373
2455
1639
1059
405
-961
-2147
-2659
-3257
-4030
-4607
-4951
-5458
-6215
-6773
-6645
-6495
-6814
-7005
-7084
-6946
-6635
-6513
-6506
-6311
-5388
-4381
-3897
-3602
-3026
-1926
-1285
-1151
-607
290
1074
1764
2226
2744
3910
4685
5076
5150
5286
6510
7336
6813
5778
6199
7312
6921
5902
5319
5546
5836
5459
4471
3941
4023
3852
3496
2576
1845
1437
541
-885
-1868
-2065
-2908
-4209
-4542
-4299
-5132
-6381
-6912
-6583
-6069
-6642
-7202
-6994
-6768
-6610
-6520
-6572
-6378
-5543
-4535
-4051
-3885
-3330
-2242
-1497
-1207
-575
67
706
1581
2468
2914
3120
4201
5160
5216
4889
5446
6899
6827
5863
5756
6801
7302
6128
5396
5442
5827
5568
4470
4044
4102
4261
3514
2328
1722
1458
1068
-410
-1654
-1954
-2341
-3449
-4650
-4803
-4828
-5369
-6266
-6747
-6332
-6265
-6624
-6847
-6884
-6587
-6295
-6233
-6303
-5841
-4816
-4081
-3745
-3467
-2444
-1416
-1149
-822
-264
448
1081
1939
2756
3140
3936
4869
5007
4782
5205
6255
6814
6172
5685
6240
6929
6693
5538
5075
5406
5596
5078
4036
3648
3990
3949
2934
1954
1449
1187
344
-1139
-1731
-2068
-2968
-4116
-4777
-4687
-5165
-6164
-6883
-6695
-6191
-6533
-6789
-6884
-6576
-6070
-6193
-6426
-6315
-5179
-4175
-3686
-3301
-2810
-1566
-1055
-1030
-444
265
965
1672
2312
2839
3718
4586
4870
5020
5462
6206
6668
6273
5676
6068
6877
6515
5408
4883
5077
5440
5076
4235
3855
3882
3741
3003
2099
1454
1188
609
-610
-1524
-2128
-2910
-3890
-4329
-4345
-4849
-5840
-6585
-6265
-5961
-6518
-6907
-6661
-6304
-6225
-6250
-6165
-5685
-4942
-4353
-3882
-3532
-2914
-1926
-1333
-946
-471
16
693
1419
2125
2541
3072
4236
5191
4989
4643
5665
6698
6456
5647
5496
6408
6820
5906
4950
4997
5416
5147
4316
3693
3641
3840
3432
2470
1732
1416
844
-482
-1293
-1593
-2420
-3523
-4135
-4313
-4824
-5515
-6324
-6337
-5973
-6438
-6816
-6720
-6522
-6363
-6072
-5965
-5917
-5380
-4689
-4090
-3750
-3376
-2289
-1307
-1028
-673
-86
532
1165
1933
2436
2851
3991
4894
4923
4750
5383
6521
6553
5732
5450
6272
6644
5824
5167
5022
5233
5060
4504
4040
3732
3852
3551
2858
2155
1447
971
8
-1054
-1569
-2227
-3209
-4072
-4384
-4609
-5155
-5761
-6164
-5910
-5806
-6259
-6601
-6837
-6659
-6118
-5828
-5881
-5618
-4715
-3923
-3516
-3352
-2760
-1548
-1072
-944
-304
396
1037
1570
2142
2580
3231
4258
4881
4828
4651
5641
6652
6258
5423
5621
6543
6376
5704
5072
4831
5231
4899
4083
3609
3615
3519
2877
2201
1474
1011
545
-615
-1370
-1804
-2872
-3829
-4150
-4256
-4873
-5603
-6048
-6021
-5715
-6172
-6647
-6744
-6520
-6068
-6066
-5942
-5608
-4958
-4210
-3860
-3535
-3044
-1889
-1073
-925
-323
167
680
1423
2105
2554
2978
4080
4877
4953
4745
5122
6240
6369
5573
5271
6041
6761
6313
5304
4621
4806
5020
4390
3550
3272
3624
3527
2619
1663
937
572
-92
-1047
-1650
-2303
-3078
-3906
-4374
-4696
-5248
-5612
-6029
-6045
-5895
-6275
-6581
-6678
-6304
-5762
-5585
-5639
-5388
-4381
-3883
-3836
-3446
-2681
-1479
-930
-708
-233
433
1270
1610
2105
2674
3423
4572
4859
4761
4898
5683
6379
5720
5291
5735
6346
6367
5543
4819
4743
4973
4507
3893
3711
3621
3632
3168
2403
1621
1029
476
-660
-1379
-1827
-2793
-3710
-4433
-4735
-4853
-5414
-6211
-6392
-5967
-6068
-6381
-6605
-6505
-5936
-5691
-5551
-5424
-4939
-4123
-3515
-3109
-2895
-2093
-1162
-669
-263
117
734
1335
2043
2617
3051
3970
4691
4805
4642
5176
6198
6068
5246
5153
6031
6507
5657
4746
4660
5086
5030
4155
3595
3601
3768
3540
2578
1709
1126
682
-153
-1370
-1851
-2335
-3147
-3804
-4307
-4766
-5474
-5718
-5829
-5868
-5780
-6118
-6207
-6322
-6292
-5963
-5724
-5424
-5016
-4176
-3718
-3506
-2906
-2190
-1319
-911
-662
-163
443
1188
1593
1925
2483
3466
4481
4534
4409
4870
5849
6318
5510
4853
5273
6196
6182
5306
4767
4636
4880
4578
3600
3154
3295
3337
2919
2327
1675
951
183
-553
-1249
-2098
-3000
-3514
-3666
-4306
-5034
-5349
-5627
-5773
-5839
-5783
-5844
-5977
-6058
-5958
-5617
-5609
-5365
-4949
-4402
-3507
-2960
-2465
-1969
-1234
-468
-251
155
914
1649
2169
2514
2968
3643
4367
4596
4654
5248
5874
5901
5220
4794
5511
6289
5937
4646
4117
4785
4900
4011
3045
2944
3512
3448
2528
1713
1091
579
-53
-1163
-1880
-2346
-2982
-3742
-4452
-4580
-4818
-5400
-5979
-5992
-5495
-5623
-6057
-6360
-6087
-5526
-5447
-5400
-5268
-4482
-3365
-2776
-2555
-2387
-1540
-713
-519
-70
606
1106
1523
1991
2486
3157
4002
4519
4597
4735
5492
6208
5706
4841
5247
6327
6126
4762
4038
4458
5017
4538
3489
3209
3532
3548
2830
2136
1591
898
398
-478
-1243
-1789
-2751
-3516
-3899
-4003
-4601
-5529
-5746
-5662
-5483
-5688
-6177
-6101
-5815
-5639
-5664
-5546
-5115
-4582
-3912
-3501
-2898
-2385
-2139
-1358
-852
-467
73
555
1170
1705
2175
2454
3280
4403
4723
4467
4615
5608
6133
5498
4638
5083
6201
5983
4825
4145
4511
4798
4170
3270
3013
3357
3394
2813
2023
1438
867
89
-960
-1518
-1706
-2608
-3794
-4286
-4062
-4301
-5310
-6207
-5944
-5096
-5229
-5956
-6351
-5957
-5341
-5201
-5214
-5085
-4482
-3615
-2950
-2646
-2535
-1966
-1127
-492
-121
183
817
1473
2204
2566
2587
3335
4267
4648
4361
4704
5716
5716
4986
4439
5137
6064
5491
4412
4136
4598
4698
3975
3070
2783
3159
3195
2473
1512
721
348
-227
-1095
-1651
-2211
-2845
-3468
-3986
-4435
-4964
-5247
-5273
-5338
-5476
-5590
-5578
-5560
-5650
-5447
-5060
-4799
-4541
-4164
-3521
-2692
-2099
-2074
-1686
-788
-207
21
221
969
1704
2165
2493
2728
3605
4239
4096
4090
4697
5485
5572
4832
4274
5049
5699
4925
4069
4075
4499
4357
3711
3047
2831
3176
2936
2176
1710
1250
751
-60
-1238
-1930
-2270
-2831
-3504
-3872
-4082
-4626
-5213
-5592
-5505
-5137
-5185
-5523
-5841
-5721
-5311
-5021
-4915
-4765
-4048
-3128
-2367
-2236
-2448
-1794
-879
-428
-193
196
937
1604
2039
2261
2638
3467
4161
4375
4262
4604
5319
5400
4838
4436
5050
5631
5022
4351
4367
4537
4263
3627
3091
3019
3355
2979
1937
1550
1344
601
-378
-1271
-1564
-1983
-2930
-3441
-3524
-3967
-4963
-5419
-5266
-5180
-5268
-5584
-5484
-5347
-5407
-5338
-5258
-4830
-4452
-4049
-3374
-2682
-2219
-2321
-1828
-725
-199
-46
150
888
1657
1998
2214
2606
3655
4365
4271
4043
4432
5307
5473
4858
4368
5023
5652
5040
4042
3795
4177
4045
3599
2921
2850
3398
3014
2169
1475
1053
603
-386
-1263
-1573
-1972
-2897
-3654
-3688
-3937
-4760
-5366
-5346
-4841
-4851
-5377
-5504
-5273
-4963
-4945
-5122
-4970
-4352
-3588
-3141
-2953
-2665
-2077
-1315
-819
-524
-121
294
908
1539
1951
2069
2311
3372
4207
4027
3743
4432
5523
5477
4559
4152
4949
5498
4662
4006
4064
4284
4312
3583
2854
3041
3488
3017
1941
1407
1248
769
-418
-1245
-1335
-1948
-2901
-3455
-3385
-3596
-4439
-5028
-5245
-4979
-4913
-5220
-5262
-5365
-5116
-4776
-4769
-4752
-4483
-3655
-3027
-2708
-2471
-2248
-1592
-1019
-659
-343
159
888
1373
1785
1977
2248
3061
3815
3915
3727
4319
5081
4931
4121
3908
4704
5135
4828
4080
3796
3946
3742
3469
3085
3052
3134
2987
2614
1995
1495
746
-192
-729
-845
-1562
-2941
-3586
-3269
-3255
-4169
-5049
-5101
-4496
-4379
-5088
-5448
-5256
-4727
-4303
-4586
-4935
-4501
-3402
-2874
-3029
-2919
-2372
-1397
-800
-698
-408
87
643
1253
1742
1638
2026
3272
4143
3960
3424
4080
5063
4889
3975
3895
4842
5099
4501
4004
4007
4120
4042
3644
3049
2788
2896
2953
2159
1352
1180
793
-4
-915
-1423
-1977
-2764
-3114
-3261
-3666
-4406
-4624
-4479
-4800
-4936
-4923
-4888
-5166
-5244
-4684
-4635
-4673
-4315
-3493
-2931
-2962
-2523
-2023
-1563
-1144
-690
5
281
637
1328
1790
1789
2127
3414
4094
3661
3436
4155
5178
4991
3893
3727
4727
5412
4824
3851
3685
4107
4309
3605
2713
2960
3471
3169
2353
1529
1075
700
84
-501
-1033
-1864
-2712
-2955
-2997
-3522
-4481
-5011
-4832
-4737
-4852
-5102
-5249
-5035
-4762
-4651
-4848
-4898
-4364
-3543
-3100
-3171
-2826
-2087
-1487
-1083
-881
-513
-6
649
1236
1497
1680
2182
3224
3755
3482
3422
4238
5005
4557
3881
3973
4847
5282
4601
3923
3798
4162
4136
3466
3026
3088
3332
2997
2246
1765
1614
1135
-71
-778
-907
-1434
-2351
-3096
-3216
-3318
-3799
-4699
-5134
-4584
-4213
-4396
-5179
-5565
-4848
-4287
-4501
-4903
-4530
-3616
-3023
-2944
-2918
-2359
-1664
-1142
-788
-567
-59
472
880
1332
1614
2134
2898
3375
3423
3418
3994
4610
4630
4191
4001
4552
4936
4500
3872
3883
4122
4036
3524
2925
3179
3588
3192
2373
1813
1726
1520
482
-768
-1114
-1305
-1874
-2718
-3533
-3632
-3662
-4061
-4778
-4988
-4600
-4602
-4790
-5190
-5151
-4632
-4524
-4654
-4564
-3872
-3206
-2791
-2578
-2383
-1573
-1035
-864
-549
-228
332
805
1067
1377
1905
2673
3183
3219
3270
3866
4546
4357
3707
3716
4416
4868
4575
4017
3836
4053
4035
3573
3167
3139
3520
3433
2712
2107
1566
1149
344
-494
-729
-1197
-1849
-2510
-2893
-3073
-3483
-3955
-4595
-4596
-4277
-4529
-4913
-5280
-5061
-4550
-4503
-4749
-4591
-3727
-3152
-2849
-2657
-2627
-2020
-1305
-1005
-844
-511
69
709
1170
1256
1697
2631
3189
3261
3294
3873
4604
4462
3701
3591
4504
5019
4464
3816
3793
4265
4349
3718
3177
3243
3706
3644
2756
2044
1711
1345
465
-565
-929
-1311
-1882
-2388
-2772
-3087
-3780
-4252
-4373
-4477
-4536
-4727
-4890
-5077
-4919
-4683
-4848
-4768
-4431
-3857
-3316
-3044
-2868
-2647
-2056
-1446
-1011
-846
-498
263
711
961
1000
1614
2830
3256
2931
2859
3836
4539
4405
3963
3611
4624
5233
4446
3836
3783
4261
4471
4044
3287
3247
3929
3666
3010
2535
1929
1373
556
-250
-644
-1164
-2091
-2547
-2623
-3031
-3623
-4204
-4269
-4229
-4399
-4635
-5042
-5153
-4913
-4690
-4816
-4744
-4415
-4091
-3539
-3304
-3023
-2673
-2330
-1607
-1174
-970
-780
-318
467
844
1007
1481
2516
3471
3306
2801
3406
4605
4713
3756
3401
4438
5367
4708
3617
3564
4329
4587
3668
2866
3186
4047
3955
2769
2138
2239
2027
837
-395
-431
-441
-1496
-2630
-2936
-2833
-3029
-3923
-4669
-4402
-4000
-4228
-4894
-5210
-4813
-4374
-4570
-4992
-4737
-3997
-3509
-3387
-3116
-2496
-1951
-1631
-1465
-1195
-584
-75
290
752
1073
1516
2319
2862
2760
2799
3486
4197
4117
3499
3612
4446
4934
4631
3988
3749
4048
4342
4049
3279
3071
3679
3844
3098
2214
1977
1726
891
126
-346
-735
-1492
-2068
-2500
-2994
-3332
-3879
-4033
-4210
-4252
-4122
-4718
-5164
-4973
-4494
-4634
-4913
-4526
-4051
-3509
-3348
-3248
-2790
-2325
-1661
-1348
-1220
-798
-260
426
742
894
1386
2342
3089
2899
2757
3348
4280
4403
3628
3311
4197
5185
4697
3782
3656
4181
4505
3819
3157
3490
4075
3772
3005
2470
2283
1962
850
-60
-146
-539
-1694
-2356
-2366
-2556
-3109
-3912
-4297
-4163
-4243
-4617
-4865
-4913
-4870
-4737
-4717
-4902
-4663
-3972
-3469
-3313
-3205
-2799
-2333
-1950
-1599
-1306
-916
-314
239
618
841
1216
2217
2910
2917
3034
3594
4239
4209
3715
3660
4417
4936
4601
4136
3883
4065
4150
3675
3177
3358
3999
3866
3073
2477
2363
2004
903
-6
-398
-468
-1035
-2075
-2601
-2752
-2810
-3436
-4270
-4583
-4374
-4005
-4559
-5235
-5063
-4610
-4449
-4716
-4768
-4271
-3579
-3305
-3338
-3024
-2447
-1874
-1532
-1322
-843
-294
76
394
770
1272
2105
2867
2798
2547
3194
4374
4597
3682
3268
4120
5210
4947
3829
3588
4179
4481
3917
3230
3223
3870
4126
3407
2655
2289
2057
1151
113
-112
-420
-1251
-2085
-2251
-2323
-2843
-3698
-4352
-4158
-4127
-4439
-4872
-5268
-5103
-4802
-4566
-4739
-4725
-4124
-3658
-3287
-3237
-3063
-2564
-2142
-1603
-1281
-976
-614
-165
519
723
1037
1835
2735
3118
2729
3192
4102
4343
3961
3662
4491
5057
4703
3905
3579
4163
4439
4315
3599
3399
4119
4186
3551
2464
2092
2109
1290
323
-396
-650
-1215
-2000
-2267
-2618
-3105
-3863
-4313
-4197
-4213
-4467
-4961
-5112
-4926
-4690
-4772
-5148
-4875
-4155
-3601
-3562
-3642
-3107
-2194
-1669
-1657
-1533
-1089
-441
181
560
617
1024
2285
3189
2985
2661
3235
4490
4742
3544
3247
4481
5368
4943
3997
3887
4423
4608
4040
3346
3548
4379
4355
3322
2373
2155
2133
940
-139
-318
-383
-991
-2383
-2886
-2747
-2989
-3845
-4635
-4489
-4135
-4133
-4909
-5506
-5247
-4769
-4656
-5182
-5091
-4235
-3523
-3233
-3340
-3108
-2430
-1861
-1660
-1506
-924
-418
105
718
817
1287
2337
2880
2763
2825
3665
4409
4178
3608
3893
4908
5048
4368
4094
4228
4514
4482
3952
3504
3694
4186
4100
3471
2641
2221
2031
1204
323
-255
-935
-1683
-2086
-2288
-2849
-3587
-4008
-4076
-4032
-4301
-4864
-5200
-5261
-4987
-4697
-4946
-5177
-4823
-4116
-3710
-3777
-3594
-2956
-2269
-1800
-1577
-1308
-856
-385
225
616
629
1251
2356
2994
2798
2767
3811
4548
4112
3391
3982
5257
5259
4451
3900
4309
4894
4631
3859
3485
4027
4353
3930
2991
2290
2376
1938
729
35
-224
-918
-1775
-2224
-2361
-2907
-3892
-4351
-4289
-4150
-4498
-5125
-5272
-5202
-4867
-4799
-5193
-5218
-4640
-3764
-3529
-3626
-3311
-2747
-2196
-1872
-1469
-1051
-668
-131
492
859
967
1688
2949
3306
2724
2979
4106
4567
3901
3525
4155
4919
5152
4332
3851
4357
4617
4227
3582
3572
3927
4120
3634
2786
2447
2177
1446
350
-87
-319
-1080
-1876
-2488
-2751
-3120
-3768
-4379
-4532
-4316
-4509
-4895
-5148
-5294
-4950
-4611
-4847
-5130
-4635
-3786
-3380
-3232
-3260
-2696
-1743
-1489
-1420
-984
-428
7
478
786
1098
2088
3013
2796
2636
3487
4411
4499
3578
3538
4765
5434
4797
3692
3940
4651
4625
4003
3266
3517
4225
4340
3443
2572
2411
2095
1287
236
-344
-741
-1390
-1999
-2453
-2893
-3664
-4196
-4245
-4226
-4333
-4705
-4930
-5092
-5162
-5058
-5126
-5236
-5048
-4281
-3709
-3481
-3200
-2865
-2141
-1806
-1782
-1384
-804
-169
283
610
780
1480
2655
3056
2657
2741
4121
4982
4291
3390
3872
5345
5385
4304
3663
4085
4891
4682
3873
3400
3857
4382
4028
3255
2596
2206
1575
618
-14
-246
-1075
-2301
-2526
-2261
-2841
-4018
-4661
-4336
-4040
-4629
-5404
-5556
-5148
-4817
-4792
-5091
-5322
-4665
-3812
-3504
-3536
-3366
-2570
-1825
-1685
-1645
-1289
-718
-101
462
832
1068
2081
3296
3203
2760
3393
4688
4893
3860
3433
4532
5671
4996
3842
3776
4444
4817
4166
3380
3348
4126
4423
3495
2654
2252
2100
1416
171
-326
-630
-1323
-2174
-2547
-2606
-3424
-4391
-4786
-4523
-4276
-4686
-4977
-5091
-5165
-5021
-5019
-5113
-4973
-4255
-3430
-3249
-3299
-3074
-2494
-1940
-1700
-1300
-798
-532
-116
542
1008
1413
2186
2807
2905
3212
4042
4695
4347
3727
4024
4964
5402
4769
4209
4276
4627
4767
4137
3543
3629
4191
4287
3499
2539
1945
1837
1146
-48
-791
-1274
-1616
-2136
-2676
-3164
-3859
-4281
-4570
-4726
-4818
-5181
-5310
-5363
-5287
-5123
-5185
-5072
-4971
-4410
-3694
-3430
-3188
-2887
-2100
-1485
-1323
-1045
-626
12
536
837
1182
2023
3034
3380
3060
3323
4524
4948
4321
3691
4262
5412
5253
4297
3848
4317
4827
4616
3808
3352
3804
4035
3586
2802
2261
2008
1297
231
-436
-865
-1584
-2333
-2609
-2672
-3345
-4237
-4745
-4765
-4589
-4930
-5263
-5308
-5303
-5107
-5020
-5006
-4867
-4534
-3903
-3258
-2944
-2785
-2296
-1786
-1382
-970
-756
-250
445
1029
1335
1662
2693
3334
3036
2811
3846
5164
4677
3439
3701
5267
5621
4290
3427
4034
4953
4809
3879
3214
3561
4086
3737
2913
2275
2162
1885
590
-600
-799
-1313
-2394
-2836
-2516
-2772
-3915
-4802
-4966
-4606
-4707
-5230
-5252
-5160
-5081
-5040
-5189
-5146
-4668
-3900
-3390
-3134
-2857
-2443
-1906
-1618
-1366
-984
-469
225
959
1409
1566
2308
3246
3353
3011
3518
4830
5170
4316
3858
4637
5484
5029
3904
3694
4448
4935
4420
3398
3182
3620
3885
3353
2374
1947
1757
1157
51
-624
-960
-1757
-2678
-3096
-3091
-3583
-4371
-4826
-4778
-4614
-5128
-5599
-5580
-5162
-4729
-4872
-5051
-4838
-4147
-3606
-3363
-3082
-2670
-1950
-1541
-1241
-902
-605
19
769
1387
1472
2067
3249
3527
3035
3136
4519
5554
4676
3403
4081
5555
5443
4188
3496
3939
4717
4691
3603
2892
3492
3904
3345
2567
1997
1749
1476
358
-658
-933
-1834
-3029
-3194
-2994
-3305
-4094
-4727
-4656
-4584
-4822
-5356
-5720
-5444
-4848
-4671
-5084
-5076
-4473
-3724
-3334
-3316
-2828
-1990
-1359
-1159
-1025
-512
-108
471
1203
1383
1925
2948
3476
3377
3421
4429
5260
4845
4045
4122
5134
5475
4548
3653
3775
4513
4679
3978
3204
3390
4181
3971
2901
2030
1647
1469
531
-500
-1113
-1787
-2290
-2824
-2994
-3479
-4259
-4595
-4677
-4449
-4883
-5416
-5547
-5386
-5005
-5125
-5420
-5305
-4442
-3765
-3665
-3386
-2871
-2123
-1554
-1381
-993
-592
-123
425
984
1344
1484
2683
3687
3707
3315
3638
5082
5203
4171
3717
4748
5843
5167
4018
3587
4287
4943
4455
3361
2958
3659
3818
2777
1676
1464
1492
761
-509
-932
-1220
-2294
-3103
-3230
-3071
-3630
-4495
-4885
-4937
-4770
-4996
-5452
-5687
-5355
-4596
-4635
-5042
-4792
-3910
-3317
-3382
-2945
-2171
-1600
-1288
-1162
-588
-164
179
814
1497
1955
2443
3442
3700
3233
3502
4765
5449
4599
3728
4212
5448
5564
4426
3591
3883
4696
4651
3617
2719
3041
3775
3478
2412
1740
1662
1508
371
-839
-1247
-1841
-2618
-3292
-3370
-3577
-4344
-5066
-5395
-4877
-4862
-5366
-5709
-5735
-4962
-4800
-5188
-5303
-4565
-3535
-3317
-3064
-2617
-1952
-1421
-1319
-916
-555
-176
452
1127
1761
2004
2799
3793
3868
3557
3965
5105
5211
4379
4129
4952
5803
5225
4177
3800
4194
4638
4382
3576
3015
3460
3781
3011
1952
1337
1237
702
-403
-1049
-1487
-2099
-2989
-3443
-3446
-3884
-4482
-5082
-5102
-4909
-5208
-5645
-6067
-5607
-4698
-4597
-5037
-4936
-3959
-3279
-3276
-3130
-2521
-1593
-1163
-1016
-534
-103
435
1021
1501
1800
2585
3896
4122
3463
3590
4826
5567
4631
3606
4285
5768
5759
4177
3368
4031
4852
4762
3652
2885
3190
3671
3227
2031
1373
1335
1004
-157
-1055
-1256
-1850
-2830
-3542
-3490
-3456
-4289
-5121
-5233
-4936
-5060
-5523
-5868
-5881
-5140
-4588
-4788
-4990
-4427
-3296
-2930
-3199
-2955
-1968
-1205
-1133
-717
-99
301
909
1544
1822
2040
3094
4192
3935
3401
4162
5482
5212
3777
3761
5348
6230
5126
3811
3791
4356
4709
4253
3299
3021
3512
3638
2756
1649
1081
938
443
-428
-903
-1661
-2874
-3393
-3171
-3404
-4493
-5262
-5077
-4565
-4968
-5906
-6035
-5754
-5234
-4876
-5104
-5075
-4384
-3565
-3459
-3559
-3102
-2219
-1334
-1238
-900
2
315
553
1107
1882
2150
2627
3884
4256
3850
3873
4953
5561
4615
3886
4486
5763
5857
4610
3861
3947
4287
4289
3483
2719
2932
3740
3495
2163
1347
1013
600
-340
-1157
-1597
-2298
-3077
-3561
-3545
-3823
-4453
-4972
-5144
-5279
-5412
-5333
-5730
-5878
-5352
-4829
-5008
-5261
-4496
-3481
-2922
-2959
-2696
-1822
-1171
-652
-226
176
569
1025
1801
2254
2605
3561
4325
4010
3593
4539
5532
5029
4034
4003
5182
5808
4920
3897
3785
4277
4441
3898
3065
2788
3304
3315
2449
1716
1323
906
32
-771
-1157
-1854
-2925
-3582
-3556
-3654
-4375
-5211
-5408
-5026
-4921
-5331
-5791
-5795
-5277
-4741
-4750
-5008
-4549
-3678
-3116
-3045
-2914
-2196
-1509
-944
-388
8
556
994
1556
2137
2230
2760
3759
4191
3748
3917
5065
5377
4552
3849
4514
5647
5429
4406
3738
3920
4403
4151
3216
2735
3166
3408
2903
2059
1360
946
339
-553
-994
-1567
-2644
-3253
-3240
-3487
-4497
-5242
-5218
-4965
-4898
-5219
-5467
-5578
-5480
-5131
-5104
-4982
-4490
-3844
-3412
-3143
-2583
-2106
-1619
-1124
-678
-109
137
591
1379
1872
1896
2214
3573
4370
3890
3597
4739
5995
5299
3864
3831
5266
5898
4667
3406
3538
4637
4685
3456
2568
2856
3594
3203
2100
1453
1386
988
-397
-1150
-1174
-1899
-3122
-3904
-3596
-3566
-4491
-5416
-5458
-4715
-4657
-5136
-5693
-5693
-4800
-4423
-4856
-5311
-4496
-3069
-2762
-3069
-2866
-1753
-953
-1022
-771
-241
280
866
1537
1962
2046
2957
3975
3865
3385
3971
5473
5547
4180
3682
4748
5728
5031
3937
3847
4248
4417
3968
3246
2973
3217
3297
2683
1884
1363
996
198
-996
-1289
-1378
-2423
-3508
-3500
-3125
-3807
-5034
-5567
-4915
-4498
-5046
-5616
-5825
-5260
-4622
-4645
-5093
-4951
-3741
-2971
-2986
-2930
-2151
-1131
-963
-882
-234
380
689
1077
1844
2195
2466
3539
4064
3588
3438
4657
5653
4758
3814
4342
5517
5496
4252
3600
3916
4341
4250
3649
3016
2853
3258
3191
2115
1394
1102
713
-137
-1052
-1320
-2106
-2997
-3449
-3387
-3568
-4548
-5055
-5303
-5086
-4949
-5364
-5717
-6010
-5433
-4621
-4532
-4839
-4493
-3315
-2813
-2819
-2559
-1839
-972
-812
-529
7
298
909
1634
2069
2071
2763
3985
3952
3511
4246
5580
5517
4265
3915
4770
5558
5088
4032
3789
4191
4353
3775
2922
2628
3019
3504
2937
1829
1524
1109
30
-803
-1002
-1584
-2953
-3507
-3199
-3222
-4054
-5273
-5396
-4783
-4606
-5100
-5730
-5722
-5120
-4429
-4775
-5369
-4785
-3677
-3160
-3261
-2746
-1892
-1477
-1107
-640
-109
214
563
1286
1977
2233
2538
3511
4003
3434
3754
5140
5511
4661
3927
4376
5296
5428
4678
3738
3807
4254
4311
3698
2651
2649
3232
3266
2306
1355
1065
467
-383
-1036
-1582
-2450
-3205
-3299
-3348
-3977
-4711
-5098
-5220
-5154
-5148
-5095
-5435
-5757
-5092
-4459
-4656
-4941
-4326
-3393
-2925
-2626
-2186
-1650
-1281
-842
-308
133
501
1161
2050
2240
2290
3213
4044
3643
3125
4262
5747
5379
3866
3668
5167
6017
5064
3649
3435
4337
4673
3757
2520
2415
3246
3371
2394
1379
1205
1035
12
-1024
-1244
-1756
-2969
-3579
-3209
-3148
-4205
-5283
-5266
-4734
-4720
-5287
-5672
-5501
-4910
-4437
-4712
-5042
-4435
-3379
-2979
-3110
-2732
-1754
-1204
-1113
-650
80
456
733
1418
2020
2082
2747
3821
3860
3127
3544
5151
5469
4293
3598
4521
5733
5436
4207
3505
3815
4449
4308
3317
2418
2640
3343
2962
1928
1299
1129
593
-461
-916
-1709
-2888
-3544
-3433
-3055
-3881
-4876
-5332
-5082
-4749
-5141
-5396
-5589
-5231
-4495
-4385
-4928
-4968
-3840
-3134
-3080
-2753
-2066
-1325
-1001
-784
-329
226
668
1168
1932
2136
2486
3617
4068
3639
3544
4723
5693
5059
4128
4217
5317
5445
4325
3639
3547
4163
4510
3804
2751
2483
3311
3240
2327
1344
682
693
-182
-1047
-1650
-2578
-3337
-3718
-3368
-3874
-4724
-4948
-5112
-5000
-5247
-5322
-5484
-5662
-5013
-4569
-4580
-4884
-4379
-3279
-2968
-2821
-2391
-1529
-896
-752
-155
211
499
1199
1951
2275
2233
3251
4246
3908
3342
4388
6076
5682
4282
3859
4984
5721
4703
3677
3410
3988
4468
4064
3143
2507
2952
3157
2252
1386
943
623
-198
-1150
-1327
-2045
-3098
-3662
-3514
-3426
-4411
-5048
-5243
-4969
-4925
-5324
-5447
-5747
-5376
-4643
-4526
-4988
-4679
-3469
-2925
-2815
-2415
-1609
-1058
-1033
-595
204
568
922
1680
2295
2266
2946
4264
4098
3255
3803
5670
6040
4287
3493
4782
6007
5186
3722
3399
3898
4456
4223
3242
2661
2883
3042
2458
1659
1189
932
-2
-1082
-1073
-1449
-2889
-4094
-3640
-3193
-4206
-5233
-5523
-4765
-4705
-5176
-5407
-5660
-5259
-4675
-4347
-4757
-4674
-3501
-2848
-2983
-2883
-1906
-863
-858
-841
-131
526
928
1207
1959
2247
2783
4096
4201
3554
3598
5059
5810
4475
3570
4392
5741
5355
3881
3422
3754
4150
3982
3172
2508
2703
3229
2852
1837
1168
991
602
-575
-1079
-1297
-2353
-3375
-3628
-3280
-3828
-4756
-5112
-4935
-4807
-5520
-5753
-5627
-5455
-4758
-4408
-4629
-4705
-3812
-2996
-3020
-3032
-2323
-1081
-599
-702
-111
536
787
1122
1715
2003
2442
3675
4064
3466
3402
4795
6005
5063
3680
4136
5687
5733
4243
3501
3766
4321
4269
3454
2838
3016
3229
2730
1766
1197
1190
614
-615
-1244
-1186
-2099
-3640
-3893
-3265
-3496
-4496
-5385
-5094
-4617
-4944
-5563
-5931
-5520
-4839
-4442
-4734
-4841
-4070
-3178
-3046
-3353
-2678
-1354
-658
-603
-417
224
831
1282
1606
1837
2403
3606
4398
3937
3254
4233
5580
5179
4112
3954
5127
5706
4903
4037
3715
4000
4192
3934
3147
2701
3007
2787
2121
1301
948
582
-496
-1147
-1143
-1617
-2902
-3634
-3364
-3613
-4563
-5354
-5451
-4878
-4865
-5079
-5414
-5565
-5037
-4451
-4436
-4879
-4220
-3137
-2830
-2992
-2891
-1751
-856
-965
-776
75
938
1357
1727
2093
2315
3327
4219
3850
3200
3968
5684
5548
4117
3557
4534
5642
5029
3904
3489
3780
4103
3886
3174
2407
2610
2890
2368
1596
1024
596
-378
-1065
-938
-1413
-2976
-3994
-3254
-3045
-4207
-5224
-5385
-4506
-4454
-5203
-5596
-5555
-4983
-4516
-4458
-4874
-4404
-3125
-2729
-2846
-2700
-1701
-816
-868
-581
99
653
1033
1545
2095
2120
2827
4075
4259
3678
3730
5128
5700
4367
3467
4277
5560
5235
3922
3504
3778
4070
3866
3028
2386
2667
3044
2520
1457
815
773
160
-1085
-1411
-1298
-2383
-3654
-3556
-3147
-4046
-5371
-5481
-4694
-4469
-5190
-5712
-5463
-4956
-4510
-4539
-4984
-4582
-3204
-2465
-2925
-3180
-2095
-768
-644
-799
-76
812
1304
1622
2042
2173
2421
3705
4448
3853
3520
4641
5728
4897
3746
4062
5146
5396
4602
3851
3591
3609
3609
3281
2658
2437
2694
2659
1830
1090
975
404
-754
-1458
-1510
-2174
-3256
-3477
-3299
-3814
-4841
-5150
-4830
-4756
-4990
-5182
-4980
-4776
-4681
-4553
-4670
-4496
-3703
-2903
-2910
-3123
-2246
-1124
-762
-791
-396
600
1177
1346
1789
2079
2351
3305
4144
3797
3168
4054
5449
5181
3991
3625
4611
5307
4620
3828
3502
3599
3778
3474
2647
2061
2439
2718
2011
1199
889
565
-353
-1307
-1318
-1810
-3127
-3470
-3216
-3399
-4383
-5098
-4696
-4308
-4582
-5128
-5081
-4801
-4587
-4139
-4438
-4736
-3951
-2912
-2520
-2812
-2310
-1074
-593
-685
-537
160
914
1416
1884
2155
2197
2787
3822
3935
3220
3371
4914
5468
4334
3700
4223
5046
4799
3882
3383
3322
3680
3613
3000
2347
2199
2520
2171
1381
860
577
-135
-1194
-1229
-1304
-2786
-3924
-3582
-3052
-3772
-4978
-5144
-4591
-4384
-4816
-5064
-4903
-4747
-4264
-4085
-4595
-4380
-3064
-2179
-2515
-2790
-2013
-967
-607
-578
65
847
1093
1437
1983
2161
2302
3319
4374
3960
3209
3984
5241
4908
3870
3758
4329
4687
4328
3829
3397
3246
3521
3399
2632
1997
2333
2423
1598
996
725
351
-603
-1295
-1262
-1884
-3254
-3688
-2870
-3090
-4320
-4758
-4511
-4274
-4712
-5062
-4803
-4652
-4292
-3963
-4199
-4261
-3538
-2657
-2493
-2518
-1947
-926
-301
-473
-273
440
809
1210
1798
2174
2086
2340
3436
3839
3120
2976
4214
5205
4440
3178
3246
4301
4674
3834
2959
2932
3419
3667
2884
1757
1751
2336
2179
1223
585
489
-4
-1010
-1538
-1333
-1995
-3256
-3292
-2766
-3058
-4101
-4674
-4304
-3997
-4156
-4400
-4622
-4618
-4117
-3725
-3995
-4031
-3131
-2141
-2018
-2176
-1584
-712
-403
-377
134
791
1011
1371
1847
2025
1887
2294
3571
3798
2969
2934
4247
5128
4059
2990
3138
4107
4486
3336
2471
2626
3440
3661
2393
1389
1714
2480
1959
662
328
392
24
-968
-1584
-1547
-2223
-3049
-3086
-2824
-3318
-4110
-4106
-3980
-4066
-4292
-4427
-4332
-4077
-3591
-3495
-3737
-3534
-2748
-2144
-2189
-2085
-1311
-493
-328
-306
235
698
941
1447
1903
2140
2176
2576
3402
3379
2799
2884
3873
4275
3530
3211
3513
4020
3846
3049
2552
2530
3092
2876
2074
1738
1795
2018
1539
820
466
383
57
-800
-1186
-1623
-2522
-2818
-2644
-2759
-3512
-3962
-3725
-3525
-3584
-4047
-4140
-3897
-3802
-3652
-3630
-3523
-3189
-2534
-2231
-2262
-1704
-1080
-633
-427
-277
259
626
816
1176
1602
1990
2163
2431
2824
3034
2992
2971
3653
4038
3423
2932
3041
3704
3819
2931
2331
2594
3042
2619
1847
1416
1503
2044
1683
821
450
392
226
-741
-1413
-1580
-2099
-2612
-2799
-2590
-3074
-3822
-3742
-3460
-3275
-3537
-3707
-3541
-3456
-3167
-2963
-3019
-3053
-2552
-1904
-1753
-1608
-1247
-650
-284
-244
219
673
822
1177
1633
1828
1679
1791
2472
2937
2819
2664
3057
3475
3161
2749
2791
3063
3142
2843
2525
2306
2285
2422
2203
1626
1394
1623
1494
824
452
442
103
-628
-1136
-1217
-1791
-2599
-2605
-2285
-2602
-3363
-3439
-3125
-3097
-3239
-3450
-3506
-3560
-3190
-2538
-2695
-3103
-2595
-1642
-1455
-1613
-1276
-727
-332
-162
154
476
480
956
1641
1728
1566
1579
2406
3166
2966
2667
2660
3057
3151
2928
2666
2370
2788
3046
2762
2283
1986
2399
2440
1754
1230
1326
1374
987
636
328
-58
-519
-924
-1296
-1730
-2075
-2036
-2057
-2700
-3143
-3099
-3031
-3132
-3405
-3269
-2999
-3046
-2939
-2744
-2773
-2863
-2490
-1839
-1655
-1614
-1406
-982
-404
-174
-19
123
311
982
1425
1349
1218
1369
2130
2700
2517
2199
2359
2987
3076
2655
2278
2240
2856
3038
2604
2170
2018
2288
2130
1673
1438
1481
1554
1295
984
557
175
-185
-592
-778
-1103
-1584
-1950
-2018
-2200
-2679
-2936
-2884
-2615
-2684
-2996
-3108
-2975
-2559
-2522
-2786
-2846
-2414
-1727
-1623
-1701
-1534
-1112
-552
-446
-570
-362
241
860
1070
1017
1008
1281
1881
2303
2251
1986
2148
2819
3049
2639
2154
2232
2692
2731
2310
1824
1903
2234
2288
2025
1469
1363
1483
1352
923
484
387
77
-391
-749
-1031
-1542
-2009
-1934
-2064
-2420
-2721
-2855
-2728
-2807
-2971
-2984
-2730
-2456
-2476
-2626
-2745
-2314
-1800
-1819
-1840
-1548
-833
-280
-495
-681
-180
476
826
975
1020
1198
1444
1793
2108
1993
1976
2269
2688
2758
2449
2277
2176
2496
2669
2441
2318
1977
1945
2058
1699
1204
1056
1393
1534
1262
740
269
-34
-424
-648
-919
-1429
-1713
-1726
-2008
-2450
-2540
-2459
-2439
-2664
-2772
-2638
-2699
-2830
-2836
-2675
-2494
-2128
-1769
-1721
-1670
-1448
-992
-831
-875
-479
225
630
522
601
957
1166
1153
1419
1883
1893
1851
2128
2572
2621
2306
2005
2109
2628
2491
2105
1789
1721
2170
2100
1512
1034
1374
1752
1476
1132
612
466
187
-417
-704
-1106
-1456
-1591
-1546
-1813
-2297
-2354
-2296
-2219
-2393
-2533
-2436
-2489
-2340
-2204
-2271
-2331
-2023
-1541
-1487
-1482
-1350
-895
-505
-559
-441
-188
57
197
419
738
849
1000
1263
1494
1532
1633
2124
2567
2397
1936
1857
2204
2472
2271
1943
1849
2088
2087
1545
1183
1243
1669
1755
1274
820
610
622
168
-460
-610
-703
-1121
-1562
-1606
-1719
-1941
-2110
-2223
-2067
-2097
-2282
-2389
-2430
-2380
-2349
-2376
-2458
-2103
-1630
-1673
-1758
-1468
-966
-817
-841
-575
-83
288
256
264
507
742
925
1294
1592
1627
1921
2282
2486
2341
2069
2276
2490
2484
2295
2107
2135
2121
2146
2067
1743
1515
1466
1465
1467
1182
725
431
81
-100
-454
-1182
-1504
-1400
-1345
-1868
-2366
-2321
-2244
-2149
-2463
-2849
-2752
-2565
-2427
-2545
-2722
-2657
-2185
-1697
-1839
-1938
-1494
-973
-763
-695
-440
-112
87
189
411
761
1000
1123
1339
1574
1706
1977
2257
2232
2112
2084
2092
2142
2242
2291
2215
2092
1968
1896
1822
1617
1593
1638
1506
1378
1121
847
534
54
-217
-345
-703
-1055
-1022
-1058
-1567
-2003
-2045
-1950
-1951
-2038
-2114
-2213
-2176
-1955
-1910
-2243
-2376
-1966
-1618
-1685
-1752
-1349
-939
-933
-944
-623
-259
-274
-92
315
521
636
694
1016
1216
1089
1234
1557
1780
1767
1730
1866
1923
1887
1854
1889
1872
1851
1911
1738
1550
1618
1673
1421
879
658
745
538
14
-332
-306
-610
-1165
-1330
-1241
-1327
-1644
-1810
-1911
-1920
-1901
-2016
-2187
-2276
-1856
-1588
-1827
-1966
-1694
-1194
-1273
-1558
-1258
-667
-447
-544
-267
64
81
283
661
815
766
795
1135
1400
1361
1469
1761
1916
1806
1772
1878
1903
1996
2048
1887
1647
1487
1426
1357
1169
1163
1366
1219
823
551
540
375
-101
-301
-398
-574
-900
-1191
-1155
-1419
-1740
-1735
-1729
-1783
-2035
-2076
-1984
-2137
-2060
-1969
-2069
-2049
-1807
-1516
-1501
-1481
-1187
-831
-665
-748
-635
-277
-80
109
343
461
624
774
874
1146
1399
1379
1299
1492
1801
1876
1807
1599
1570
1874
1883
1682
1586
1646
1683
1346
1107
1158
1321
1386
1036
733
630
500
235
-188
-446
-599
-833
-934
-996
-1225
-1464
-1645
-1627
-1543
-1643
-1698
-1866
-1936
-1701
-1676
-1835
-1843
-1419
-993
-1014
-1110
-1121
-840
-533
-610
-580
-240
115
281
281
276
389
595
801
1049
1261
1423
1411
1235
1269
1451
1596
1476
1252
1403
1676
1730
1437
1125
1164
1267
1224
934
685
843
951
736
447
134
-19
-97
-444
-802
-924
-910
-980
-1185
-1332
-1385
-1363
-1454
-1657
-1747
-1721
-1655
-1661
-1724
-1660
-1467
-1346
-1285
-1266
-1102
-752
-664
-748
-744
-543
-310
-250
16
292
412
489
495
723
987
1263
1394
1177
1204
1411
1613
1666
1419
1322
1472
1672
1553
1174
1040
1110
1339
1498
1395
1279
1174
1039
790
415
158
114
121
22
-98
-342
-733
-906
-936
-1000
-1033
-1154
-1259
-1297
-1435
-1563
-1682
-1789
-1688
-1465
-1387
-1569
-1601
-1273
-1034
-999
-1107
-1105
-757
-514
-462
-412
-347
-189
-16
221
317
375
684
748
691
822
994
1169
1245
1353
1410
1256
1057
1051
1249
1305
1246
1296
1347
1339
1271
1129
1009
940
830
773
742
599
467
245
45
-53
-323
-571
-759
-791
-668
-811
-1092
-1260
-1157
-1165
-1386
-1505
-1540
-1290
-1133
-1154
-1276
-1486
-1368
-1196
-1067
-1047
-1002
-717
-531
-529
-685
-583
-239
-61
54
168
267
360
526
564
570
776
1009
1141
1028
1030
1162
1164
1272
1345
1455
1583
1467
1337
1265
1233
1284
1279
1145
980
983
963
641
344
257
316
278
10
-148
-269
-487
-737
-862
-952
-1203
-1253
-1198
-1191
-1300
-1439
-1422
-1569
-1642
-1483
-1460
-1661
-1693
-1468
-1456
-1498
-1425
-1315
-1058
-872
-686
-206
222
351
363
451
510
625
891
951
1076
1228
1146
1086
1136
1273
1370
1528
1478
1320
1408
1477
1461
1177
1006
1069
1127
1160
862
769
924
882
587
100
-62
9
18
-301
-780
-890
-720
-591
-862
-1087
-1066
-1077
-1088
-1265
-1411
-1469
-1326
-1119
-1190
-1265
-1225
-907
-710
-836
-900
-900
-716
-619
-597
-436
-334
-231
-196
-115
-51
-72
169
387
561
661
562
598
688
904
1033
1012
1129
1199
1429
1535
1445
1440
1339
1215
981
923
922
791
809
734
549
318
267
287
116
-116
-320
-337
-460
-632
-707
-750
-776
-951
-1045
-1202
-1297
-1198
-1139
-1106
-1232
-1170
-1001
-986
-1001
-1070
-970
-824
-632
-403
-378
-398
-432
-369
-292
-191
143
411
503
481
549
752
799
718
705
882
1074
1101
1050
1055
1177
1274
1224
1050
933
1039
1182
1035
666
561
661
651
515
270
167
228
250
-14
-409
-429
-353
-414
-645
-905
-819
-671
-694
-931
-1136
-1065
-1049
-1103
-1171
-1193
-1105
-1054
-1030
-1058
-1017
-860
-793
-762
-723
-657
-604
-624
-484
-226
-89
-39
3
165
352
439
558
695
877
1016
1063
1079
939
886
1015
1171
1304
1326
1356
1271
1103
1086
1130
1117
959
881
883
740
524
329
228
98
-29
-95
-207
-271
-356
-451
-566
-838
-1002
-889
-797
-906
-1034
-1049
-1073
-1213
-1314
-1274
-1178
-1033
-922
-880
-925
-1015
-910
-820
-810
-645
-459
-321
-295
-227
-36
34
114
239
405
613
747
896
987
909
789
936
1201
1244
1305
1343
1293
1229
1176
1238
1070
812
797
853
894
746
610
537
351
229
56
-200
-372
-383
-288
-349
-594
-775
-857
-938
-959
-971
-988
-1096
-1274
-1266
-1246
-1238
-1210
-1168
-1021
-968
-921
-868
-868
-842
-810
-671
-573
-438
-210
-96
-43
7
176
363
445
622
876
1029
949
870
1026
1216
1267
1248
1307
1345
1249
1094
1033
1189
1309
1227
994
820
828
761
560
316
204
216
102
-105
-279
-330
-351
-489
-658
-779
-822
-827
-839
-831
-854
-969
-1110
-1156
-1081
-980
-980
-1037
-1034
-988
-914
-888
-887
-816
-655
-430
-324
-372
-422
-374
-181
30
144
173
222
368
506
595
689
772
843
884
935
1017
1035
1045
1061
1040
993
923
885
791
659
624
664
689
651
587
477
328
236
184
43
-191
-332
-347
-370
-480
-598
-647
-679
-702
-736
-782
-840
-855
-820
-840
-843
-815
-802
-841
-912
-823
-652
-500
-400
-414
-421
-420
-359
-229
-107
61
183
256
280
300
406
475
507
562
684
757
660
583
606
706
775
763
748
751
814
803
646
491
445
528
510
332
235
282
323
211
29
-10
16
-50
-202
-433
-570
-565
-526
-500
-597
-648
-615
-653
-681
-752
-770
-756
-777
-642
-537
-520
-518
-514
-394
-367
-405
-372
-361
-261
-159
-108
-83
-144
-72
102
223
352
451
631
780
741
686
630
664
759
706
612
514
551
719
728
649
538
457
443
336
282
296
293
282
135
-33
-137
-191
-152
-212
-351
-515
-688
-712
-653
-555
-489
-511
-501
-513
-539
-551
-575
-560
-536
-498
-470
-500
-481
-380
-243
-174
-180
-119
-25
24
27
39
115
186
247
346
453
543
588
613
649
649
591
532
495
542
656
717
672
503
358
305
245
206
157
179
226
132
-23
-170
-180
-104
-107
-154
-233
-228
-201
-342
-542
-675
-643
-519
-463
-427
-414
-391
-390
-495
-596
-620
-536
-412
-379
-381
-337
-294
-309
-334
-232
-17
176
297
315
235
105
28
117
331
555
671
644
564
519
537
539
468
425
479
556
551
452
331
241
176
133
148
190
220
209
129
-17
-240
-372
-296
-199
-189
-301
-393
-326
-279
-299
-400
-501
-431
-351
-268
-214
-277
-325
-416
-444
-353
-338
-283
-245
-222
-122
-125
-102
-74
-69
71
161
255
298
202
218
247
295
310
242
399
591
598
432
243
345
463
395
291
231
309
321
219
121
19
5
60
125
119
10
-89
-167
-224
-286
-345
-324
-218
-92
-139
-387
-588
-596
-465
-375
-357
-336
-312
-304
-379
-477
-442
-291
-139
-73
-84
-71
-83
-165
-205
-106
129
336
360
289
232
230
296
339
376
416
394
391
384
429
525
528
512
488
483
462
305
161
105
130
164
77
-16
-60
-39
-43
-183
-350
-426
-367
-302
-320
-329
-304
-279
-317
-361
-347
-310
-288
-359
-417
-398
-350
-295
-320
-303
-217
-186
-212
-298
-250
-59
81
191
204
174
194
203
271
345
403
443
344
253
288
344
393
403
401
435
376
262
216
207
299
373
321
243
86
4
-28
-162
-165
-91
4
30
-155
-264
-338
-400
-381
-428
-298
-114
-109
-200
-416
-464
-357
-282
-158
-135
-143
-203
-405
-470
-356
-130
58
61
47
12
-14
-36
-76
29
158
255
261
183
214
210
238
260
222
299
282
273
280
224
292
240
221
258
171
196
138
125
197
130
128
-1
-98
-47
-78
-5
-31
-119
-156
-270
-249
-227
-208
-146
-189
-169
-159
-171
-160
-248
-291
-321
-274
-128
-120
-153
-228
-273
-190
-153
-69
24
74
151
78
4
33
57
116
59
13
100
150
186
161
154
243
305
397
494
479
355
165
92
169
243
276
245
182
113
-28
-122
-144
-105
-4
26
41
-8
-142
-265
-377
-316
-197
-169
-165
-198
-187
-189
-259
-289
-293
-287
-264
-240
-191
-178
-231
-268
-281
-229
-131
-78
-74
-118
-99
-19
58
183
295
397
417
353
320
267
258
305
364
426
409
379
344
288
234
182
180
173
150
115
70
79
59
7
-72
-135
-75
-12
31
-6
-140
-238
-347
-371
-344
-360
-351
-372
-334
-281
-307
-339
-402
-381
-265
-137
-24
-34
-101
-154
-187
-169
-145
-76
26
93
112
85
62
67
99
157
249
357
402
361
254
172
168
246
385
491
538
506
421
332
237
185
160
126
87
35
7
-20
-83
-124
-95
9
91
33
-104
-229
-310
-330
-352
-363
-347
-349
-330
-333
-341
-327
-350
-326
-286
-227
-141
-113
-81
-112
-205
-255
-264
-185
-115
-54
34
80
153
220
277
290
216
185
184
205
195
144
169
183
219
259
252
294
276
249
229
190
254
270
292
319
258
203
35
-80
-81
-108
-78
-99
-88
-20
-25
-36
-134
-248
-274
-249
-120
-37
-42
-97
-251
-333
-333
-272
-176
-181
-161
-123
-130
-164
-279
-336
-292
-177
7
75
37
-36
-93
-56
-19
52
173
291
378
317
184
55
7
128
271
345
301
191
142
112
123
153
184
197
159
153
155
121
47
-38
-71
-93
-105
-100
-65
-30
-42
-91
-184
-222
-155
-60
-31
-123
-227
-288
-336
-336
-293
-227
-198
-197
-153
-108
-66
-32
3
30
15
13
13
11
40
87
130
102
68
136
245
304
253
166
115
106
170
243
258
214
144
100
84
118
206
246
199
146
143
145
86
13
-24
-58
-110
-159
-195
-200
-165
-132
-110
-123
-128
-78
-85
-130
-133
-83
-27
-134
-312
-385
-381
-280
-203
-168
-114
-156
-185
-163
-142
-56
-4
16
57
71
103
94
42
34
71
138
157
147
136
116
98
84
170
267
321
342
257
224
153
51
79
52
79
127
111
174
108
21
-26
-156
-172
-181
-147
-40
-95
-122
-92
-78
1
3
-24
-33
-116
-171
-218
-226
-125
-47
-21
-48
-124
-159
-173
-170
-80
10
54
79
54
34
32
30
64
95
123
186
193
142
97
74
69
22
-11
27
75
150
219
230
141
-11
-70
-49
-6
4
-32
-28
-24
-5
-16
-132
-182
-125
10
102
27
-55
-146
-206
-167
-117
8
50
7
-2
-102
-152
-163
-135
-19
-20
-6
18
-18
-4
-26
-14
9
2
61
123
130
93
76
101
121
75
-28
-88
-109
-55
64
93
105
96
56
44
-13
22
126
146
157
92
33
16
-65
-125
-194
-184
-58
7
30
-36
-106
-70
-34
33
51
7
-57
-152
-151
-96
5
135
162
122
9
-125
-193
-152
19
142
155
93
-14
-93
-112
-59
16
112
203
175
60
-40
-65
-37
14
108
161
117
8
-122
-191
-181
-131
-70
6
66
74
53
32
31
50
70
72
41
31
52
36
8
-19
-49
-68
-100
-89
-47
-20
-16
-61
-93
-114
-96
-26
15
18
-21
-35
-24
-38
-29
5
72
105
64
32
21
29
56
66
99
115
108
74
-18
-65
-69
-23
76
129
181
156
78
28
-40
-25
-35
-62
-32
-45
-19
-59
-119
-130
-178
-131
-93
-59
-22
-58
-35
-45
-36
-9
-36
-14
-60
-63
-63
-123
-102
-112
-29
66
113
186
99
4
-91
-119
18
77
147
146
62
24
-68
-60
-20
34
185
244
283
230
84
14
-65
-31
52
90
116
7
-45
-53
-54
58
104
140
124
15
-30
-105
-135
-148
-214
-186
-146
-42
87
39
-29
-88
-111
-74
-130
-170
-190
-193
-116
-105
-78
-32
-23
67
114
103
94
33
8
-28
-76
-53
-22
41
99
101
148
182
164
166
139
137
178
220
290
229
37
-137
-228
-120
48
178
267
176
26
-92
-165
-129
-85
22
117
74
-13
-159
-304
-360
-322
-156
4
61
40
-61
-158
-217
-229
-140
-59
-42
-71
-160
-218
-230
-179
-40
86
164
175
156
134
57
-15
-51
-76
-56
21
147
224
197
151
89
50
89
188
279
254
168
97
61
46
45
79
98
98
118
101
31
-54
-76
-27
4
30
8
-73
-100
-86
-22
0
-49
-56
-69
-95
-140
-193
-178
-172
-164
-143
-178
-202
-185
-143
-102
-117
-120
-66
-9
80
157
163
109
-6
-63
-47
-3
100
175
172
102
20
9
42
145
262
294
243
136
93
96
97
130
128
94
32
-7
21
26
24
-4
-54
-84
-113
-108
-102
-102
-80
-101
-149
-192
-160
-52
-33
-120
-245
-327
-332
-316
-261
-180
-99
-7
42
49
-8
-123
-210
-228
-109
76
193
191
99
64
89
129
180
248
367
409
357
259
92
0
-17
81
268
307
291
196
87
75
-63
-151
-44
243
693
741
258
-419
-953
-884
-361
248
715
676
210
-359
-805
-829
-506
-174
70
145
158
205
19
-376
-746
-884
-617
-134
278
464
346
84
-102
-126
-4
124
47
-217
-438
-412
-46
387
560
437
90
-168
-88
228
608
698
383
-63
-415
-385
2
392
577
394
46
-150
-151
63
265
263
77
-214
-370
-294
-67
161
226
112
-95
-234
-256
-195
-135
-183
-266
-326
-296
-166
-100
-123
-225
-310
-243
-117
16
108
94
41
-62
-151
-138
-58
70
165
163
124
100
123
190
254
298
315
288
219
142
88
129
236
297
263
162
84
60
59
94
152
164
84
-51
-114
-58
20
37
-21
-93
-126
-128
-110
-68
-35
-50
-118
-201
-235
-237
-260
-286
-279
-240
-212
-234
-266
-269
-241
-188
-123
-56
-14
-22
-50
-75
-81
-41
29
109
140
86
8
-28
9
103
215
322
368
320
243
200
211
223
184
148
147
169
171
129
95
70
53
45
34
36
46
58
69
57
38
29
-6
-77
-183
-248
-235
-190
-145
-152
-199
-231
-240
-205
-154
-108
-72
-60
-65
-104
-159
-210
-224
-189
-142
-98
-83
-79
-38
23
97
129
100
80
96
160
207
189
155
143
178
231
254
249
222
197
171
149
146
159
158
106
39
8
38
98
121
113
76
34
-3
-40
-61
-91
-152
-218
-254
-215
-152
-131
-172
-264
-328
-311
-210
-88
-19
-19
-60
-104
-161
-207
-204
-155
-68
-32
-71
-117
-152
-115
-28
65
156
172
134
81
17
-1
39
146
273
325
287
230
211
213
181
120
99
129
154
111
16
-48
-37
49
163
243
261
203
85
-19
-71
-77
-65
-82
-120
-161
-194
-207
-193
-146
-94
-72
-96
-145
-175
-183
-184
-214
-256
-243
-200
-129
-65
-41
-2
15
5
-26
-75
-52
4
52
58
-6
-31
-14
30
121
171
220
246
209
188
163
184
241
223
178
114
81
128
153
153
125
114
157
177
151
59
-32
-49
-37
-6
-13
-30
-31
-69
-102
-164
-214
-211
-230
-202
-174
-174
-181
-282
-360
-376
-324
-177
-64
10
3
-105
-210
-294
-267
-117
73
204
187
67
-49
-46
45
133
204
252
289
269
196
145
116
135
152
123
138
174
243
323
327
286
162
0
-76
-71
39
142
124
41
-121
-240
-252
-177
-4
121
128
21
-153
-247
-283
-263
-219
-207
-161
-135
-131
-160
-250
-283
-256
-148
-5
48
62
6
-55
-84
-132
-95
-21
94
222
245
239
162
64
14
-9
94
224
286
275
175
131
139
133
100
26
1
55
125
163
161
135
124
120
95
88
47
-32
-122
-208
-158
-27
87
130
-10
-179
-289
-314
-189
-84
-35
-84
-223
-281
-289
-226
-181
-237
-258
-277
-226
-113
-53
30
45
-2
-32
-93
-69
-13
20
65
17
-24
-42
-45
75
207
317
341
220
116
41
51
160
237
318
325
251
180
101
128
205
238
249
166
99
64
15
21
8
26
74
59
20
-85
-193
-236
-233
-150
-100
-103
-109
-163
-178
-195
-264
-324
-359
-304
-180
-80
-63
-121
-171
-193
-162
-87
7
139
207
147
-1
-126
-115
6
167
265
258
212
125
67
86
142
227
254
204
168
175
231
263
182
46
-60
-68
23
127
173
119
-11
-164
-275
-273
-192
-94
-51
-119
-215
-262
-247
-181
-130
-125
-106
-67
-42
-54
-119
-198
-197
-105
-12
31
-29
-147
-204
-179
-97
21
118
174
203
185
136
110
120
127
127
106
73
79
126
149
149
155
173
226
270
229
143
86
70
94
114
68
5
-10
15
61
117
135
103
53
-50
-156
-186
-173
-121
-72
-80
-128
-191
-240
-226
-124
2
48
-36
-226
-388
-401
-306
-176
-94
-110
-123
-114
-97
-67
-65
-50
2
56
81
63
48
39
60
92
104
134
131
119
124
123
163
194
200
172
138
138
125
139
128
86
89
61
48
73
108
185
223
199
95
-29
-110
-172
-141
-122
-128
-102
-134
-133
-128
-165
-187
-232
-234
-209
-155
-89
-111
-138
-197
-221
-131
-33
73
81
-6
-67
-70
62
199
243
169
-12
-106
-78
66
237
288
254
153
78
64
49
50
16
13
60
120
203
233
200
115
8
-51
-58
-11
42
49
32
-16
-53
-65
-79
-83
-99
-113
-114
-120
-127
-142
-165
-182
-207
-233
-239
-218
-154
-77
-38
-41
-77
-97
-56
22
96
104
34
-59
-105
-28
120
255
309
237
137
60
38
88
143
185
181
122
54
-27
-51
-10
63
168
238
259
235
158
71
-16
-67
-67
-46
-19
-24
-50
-73
-93
-87
-71
-43
-7
5
4
-27
-81
-132
-169
-172
-156
-114
-47
0
-10
-97
-216
-284
-242
-114
15
54
-37
-190
-302
-299
-177
-11
141
210
189
119
42
10
17
44
83
115
154
186
188
151
74
6
-14
18
60
53
13
-25
-24
22
63
103
131
150
182
184
140
64
-28
-62
-30
46
125
124
43
-83
-206
-232
-176
-75
17
19
-30
-111
-170
-149
-97
-20
21
5
-12
-43
-71
-96
-129
-114
-50
59
174
219
182
66
-73
-161
-162
-57
107
247
304
251
134
36
-4
19
59
77
70
37
-8
-50
-92
-113
-103
-56
0
23
-12
-97
-181
-197
-119
5
88
82
-3
-88
-121
-90
-28
27
66
53
-24
-144
-253
-276
-198
-72
22
34
-11
-66
-85
-62
-24
19
56
85
103
93
66
23
-20
-55
-81
-77
-43
24
106
164
189
169
126
102
107
151
191
189
140
56
-4
-13
26
109
188
239
233
148
28
-96
-175
-168
-115
-47
-19
-48
-89
-125
-121
-78
-43
-6
4
-26
-66
-146
-201
-214
-188
-99
-32
9
24
-3
4
4
16
60
72
102
88
13
-70
-181
-210
-157
-61
98
189
238
224
133
84
46
66
118
117
97
7
-86
-123
-142
-79
-2
77
138
107
55
-32
-87
-81
-82
-53
-55
-54
-18
-23
-33
-101
-197
-229
-208
-69
92
171
136
-36
-190
-247
-173
-10
90
102
21
-75
-92
-66
-4
22
9
14
24
73
87
48
13
-18
38
122
183
201
128
76
58
72
147
183
211
199
134
89
30
11
17
-4
-2
-16
-12
6
-5
-5
-15
-3
30
35
27
-9
-51
-73
-106
-116
-110
-98
-84
-123
-174
-225
-244
-205
-159
-96
-48
-25
-26
-76
-117
-134
-107
-46
3
41
66
72
68
44
11
0
2
35
82
108
133
113
78
70
66
121
164
191
218
195
185
125
45
10
4
80
118
73
-37
-210
-291
-290
-205
-47
61
142
142
91
57
-8
-44
-68
-81
-32
-2
-3
-66
-171
-204
-179
-84
15
41
26
-52
-145
-210
-236
-180
-91
-17
17
1
-27
-56
-77
-65
-3
97
188
204
122
7
-93
-113
-60
15
114
179
206
203
169
159
135
92
61
46
86
129
132
85
-28
-128
-157
-109
-3
75
103
78
13
-32
-46
-29
3
8
-1
-2
10
41
59
60
67
65
46
-4
-79
-141
-173
-143
-56
17
39
16
-21
-62
-109
-118
-69
15
88
113
98
36
-56
-124
-134
-89
-14
74
155
190
138
26
-84
-173
-199
-157
-65
14
2
-62
-123
-148
-127
-102
-63
-38
-40
-75
-132
-132
-93
-44
-13
-25
-17
-28
-45
-26
-16
31
81
116
125
41
-22
-28
29
115
129
135
114
75
77
83
139
156
121
124
117
161
191
167
127
36
3
9
18
44
13
27
56
56
63
24
25
9
-23
-5
-25
-10
-19
-69
-92
-140
-124
-89
-68
-41
-93
-132
-159
-179
-144
-117
-54
-8
-7
-16
-89
-121
-110
-60
46
109
132
78
-13
-50
-53
42
144
186
193
133
61
-16
-51
-11
54
134
137
66
-14
-87
-103
-89
-51
-13
-5
-11
-50
-80
-76
-60
-49
-64
-70
-73
-51
-11
9
37
34
-11
-77
-146
-141
-111
-88
-68
-89
-90
-78
-48
16
50
69
33
-40
-99
-137
-110
-65
-17
35
64
97
98
94
93
106
179
222
233
219
162
121
51
16
37
48
90
84
81
128
170
223
177
70
-44
-146
-110
-44
29
39
-84
-147
-156
-40
151
245
297
224
110
36
-48
-25
15
19
-18
-151
-246
-282
-236
-100
7
77
47
-93
-241
-353
-317
-187
-84
-32
-113
-189
-200
-163
-43
16
25
-8
-99
-121
-135
-102
-43
-50
-49
-91
-87
-8
80
202
229
207
156
77
91
102
159
210
180
146
34
-21
-8
23
116
114
100
53
-33
-44
-86
-43
36
99
194
176
148
98
35
47
11
0
-13
-45
-33
-79
-124
-174
-221
-199
-173
-107
-39
18
58
42
5
-55
-73
-30
61
163
200
167
68
-17
-53
-35
24
51
66
53
33
37
10
-13
-46
-55
5
64
106
65
-42
-131
-177
-117
-15
69
112
48
-36
-126
-189
-163
-141
-85
-38
-19
25
-16
-77
-157
-236
-170
-79
34
95
26
-2
-51
-45
-1
-20
42
69
90
108
28
33
51
109
211
213
245
206
103
21
-102
-77
28
116
192
117
69
67
55
71
-14
-65
-55
-44
7
-23
-41
-44
-73
-65
-97
-60
-4
-21
-60
-180
-194
-108
-6
101
73
29
-22
-101
-135
-181
-143
-57
1
43
11
-25
-67
-130
-188
-222
-144
8
171
250
192
89
-43
-92
-62
-7
133
215
271
275
159
116
47
51
132
93
101
24
-72
-43
-88
-12
53
41
134
75
35
1
-134
-101
-107
-65
47
12
28
-55
-173
-164
-164
-37
56
33
-10
-139
-189
-201
-201
-127
-73
24
61
2
-78
-172
-109
22
131
186
74
-21
-78
-74
34
73
122
145
137
191
170
161
123
31
25
-5
20
81
85
139
103
17
-34
-103
-36
67
106
119
10
-81
-103
-134
-99
-91
-96
-39
-19
16
37
-7
-33
-73
-109
-75
-44
-16
-1
-68
-114
-118
-90
6
37
6
-43
-108
-107
-88
-81
-55
-32
8
36
-2
-67
-99
-62
56
161
196
170
69
-23
-79
-105
-29
89
217
322
320
260
168
76
57
56
80
106
69
31
-48
-123
-132
-118
-32
61
104
115
47
-39
-121
-183
-179
-161
-144
-145
-161
-148
-106
-44
-6
-4
-22
-46
-45
-27
8
41
17
-63
-157
-197
-128
2
105
131
80
18
-13
-18
5
35
80
118
91
27
-37
-50
38
143
222
243
192
151
100
57
41
15
25
9
-50
-109
-163
-114
0
126
231
233
186
82
-47
-146
-212
-182
-97
7
92
93
43
-50
-120
-115
-90
-69
-135
-245
-299
-281
-173
-93
-63
-31
-7
49
47
-32
-119
-176
-127
-20
99
179
167
85
-67
-167
-160
-52
130
226
238
182
82
26
-28
-29
22
95
196
211
185
134
64
82
108
156
214
190
138
31
-68
-126
-176
-165
-153
-107
-15
18
40
8
-61
-93
-129
-105
-59
-28
17
-7
-34
-69
-135
-133
-121
-51
77
127
116
-14
-169
-198
-127
49
188
196
143
25
-50
-51
-20
79
136
135
111
40
14
-13
-50
-47
-42
24
89
98
76
6
-44
-81
-124
-128
-123
-73
-19
-13
-31
-94
-137
-125
-80
21
110
127
71
-56
-166
-211
-200
-124
-57
0
66
72
43
-18
-84
-75
-23
56
104
69
26
-27
-48
-11
15
73
133
189
244
215
155
69
3
35
75
126
130
80
41
4
38
92
135
189
187
175
107
-9
-115
-201
-180
-117
-38
31
18
-4
-73
-134
-116
-74
20
24
-67
-155
-240
-212
-155
-133
-115
-143
-118
-59
-30
-33
-103
-142
-140
-83
7
53
69
8
-65
-110
-125
-46
41
150
246
235
180
30
-103
-97
-34
115
199
176
144
64
74
155
226
311
284
204
103
-14
-51
-67
-71
-84
-92
-71
-53
-54
-108
-154
-167
-137
-35
29
52
10
-98
-141
-168
-158
-133
-137
-90
-53
3
66
48
13
-53
-104
-88
-55
20
114
184
199
143
65
12
27
85
143
153
86
20
-12
7
51
78
126
171
198
179
89
-1
-80
-72
14
115
197
180
107
-9
-146
-226
-264
-229
-158
-94
-40
-41
-86
-157
-224
-253
-256
-208
-134
-69
-35
-62
-90
-90
-48
16
37
1
-61
-114
-117
-76
-17
52
115
156
167
127
65
23
27
95
162
180
129
16
-67
-88
-35
66
150
200
165
76
-5
-52
7
92
153
172
103
25
-49
-64
-4
63
147
185
175
142
66
-17
-104
-162
-156
-110
-26
42
65
68
33
-28
-90
-131
-88
-5
59
66
-9
-92
-166
-186
-130
-80
-36
-29
-62
-82
-116
-148
-203
-234
-164
-77
28
91
65
41
6
-2
-11
-20
26
31
44
36
-41
-55
-32
41
128
144
133
51
1
27
52
130
149
118
92
55
84
101
125
148
107
106
80
46
35
-23
-69
-153
-202
-172
-134
-37
-5
-44
-107
-207
-215
-165
-61
46
14
-99
-259
-331
-244
-90
72
117
74
24
1
51
83
108
115
94
137
159
146
103
20
-2
24
112
216
245
209
109
10
-48
-65
-21
44
131
196
184
116
4
-80
-104
-94
-32
16
28
36
4
-46
-107
-167
-175
-113
1
88
100
9
-141
-256
-308
-238
-114
-19
36
-11
-84
-150
-172
-123
-57
45
109
143
151
77
24
-41
-52
-11
-33
-29
-29
8
95
86
63
23
29
127
156
153
70
-40
-79
-103
-42
10
38
52
-11
-19
-25
-8
35
-19
-37
-63
-74
-18
-32
-37
-54
-80
-46
-23
17
44
23
4
-25
-12
37
84
120
104
69
24
-40
-86
-133
-134
-51
52
165
200
142
95
55
80
125
98
52
-31
-63
-17
11
48
29
8
45
62
103
103
75
67
1
-56
-131
-206
-216
-236
-201
-151
-111
-44
-25
9
39
41
29
-53
-89
-52
41
170
195
139
20
-123
-190
-212
-146
-32
51
117
115
85
44
-27
-46
-46
-1
63
66
62
15
-29
-27
-15
67
130
139
127
46
8
-12
-44
-30
-36
-11
9
-27
-59
-108
-120
-104
-93
-53
-19
15
17
-49
-110
-144
-98
5
86
130
84
-5
-79
-112
-47
25
56
38
-27
-47
-47
-54
-68
-95
-74
-7
53
93
94
81
71
45
17
20
78
170
243
226
133
34
-15
38
133
198
210
149
82
30
-19
-53
-106
-141
-150
-132
-96
-88
-80
-72
-50
-5
35
81
111
103
43
-65
-159
-178
-111
-20
25
17
-10
-7
17
29
5
-48
-90
-98
-64
-8
19
2
-57
-111
-103
-36
64
135
134
74
-34
-130
-184
-171
-104
-21
55
90
87
58
12
-28
-33
1
46
78
58
-2
-72
-131
-149
-146
-112
-82
-63
-38
-27
5
21
29
49
70
133
169
149
67
-60
-117
-100
3
139
227
262
193
86
9
-22
31
74
98
80
5
-56
-99
-48
53
141
175
108
43
-9
-12
19
41
76
61
29
-23
-83
-116
-154
-142
-87
15
104
99
24
-98
-181
-201
-163
-77
-24
-4
-70
-170
-224
-219
-121
-28
34
60
25
-3
-42
-46
9
70
138
140
87
27
-19
1
52
117
155
144
93
6
-66
-99
-65
-20
4
17
15
22
9
-29
-76
-116
-88
-29
5
27
18
-15
-31
-27
-28
-32
-38
-35
-24
-19
17
37
35
60
25
-11
4
25
91
116
106
74
-4
-12
-5
3
33
12
-9
0
43
87
59
14
-15
4
84
132
88
-11
-79
-90
-41
53
117
119
61
-26
-103
-131
-70
4
16
11
-29
-67
-54
-56
-67
-86
-56
45
99
103
55
-55
-110
-112
-116
-127
-147
-125
-85
-40
34
38
-10
-36
-59
-43
22
86
100
54
4
-65
-107
-48
38
112
146
93
10
-39
-5
41
53
80
45
-11
-27
-62
-76
-52
33
114
127
134
60
-21
-33
-59
-60
-59
-20
24
34
67
10
-27
9
38
108
121
116
91
46
58
-2
-27
11
21
81
64
12
-52
-126
-84
-74
-48
-12
-64
-59
-88
-113
-120
-146
-52
26
96
110
-42
-162
-242
-204
-54
53
146
122
63
-1
-124
-169
-202
-181
-83
6
122
176
189
163
88
95
119
118
106
25
-26
-41
-40
2
20
73
125
111
68
-33
-105
-124
-103
-9
78
145
162
102
15
-78
-120
-89
-24
55
91
49
-54
-165
-186
-107
3
100
131
58
-53
-146
-199
-203
-156
-33
103
195
204
123
28
-67
-83
-26
52
155
180
122
17
-83
-87
-69
-33
13
55
115
90
3
-101
-169
-112
-13
74
94
25
-50
-127
-170
-150
-99
8
110
153
141
34
-76
-130
-133
-55
-2
15
16
-30
-21
-23
-9
30
13
51
62
76
94
16
-45
-146
-190
-141
-82
51
112
148
140
46
-4
-84
-103
-73
-38
59
71
47
-21
-101
-64
27
177
269
261
213
96
27
-19
-26
19
27
59
50
21
16
-33
-36
-35
-23
20
11
22
1
-35
-32
-65
-71
-89
-69
4
27
37
-41
-146
-188
-184
-75
17
67
65
-1
-32
-75
-76
-34
-7
44
40
43
40
-1
-12
-45
-34
-19
-45
-55
-116
-169
-180
-124
39
166
223
188
86
17
-40
-41
-22
-35
-35
-41
-2
1
-51
-85
-111
-44
60
167
244
181
112
33
-15
-4
-47
-25
-47
-62
-18
-35
22
16
39
149
181
259
216
142
115
36
98
110
102
80
-65
-118
-206
-230
-160
-143
-26
-12
-44
-82
-212
-207
-191
-108
62
135
225
186
61
-31
-152
-123
-43
11
65
-13
-76
-105
-126
-58
-26
4
50
56
77
54
-11
-47
-53
-5
85
152
162
131
49
-28
-67
-95
-52
-12
7
42
19
7
-14
-65
-62
-74
-62
-35
-44
-27
-27
-33
-35
-66
-69
-32
28
81
81
43
5
-8
-6
-4
-24
-38
-11
8
22
-10
-55
-42
-2
89
161
166
152
92
31
-19
-37
22
102
169
158
77
-8
-68
-49
-8
35
62
44
29
-11
-65
-99
-131
-121
-96
-54
2
31
60
62
37
-5
-91
-142
-156
-116
-24
9
11
-27
-79
-59
-26
34
86
75
60
-2
-57
-81
-100
-72
-34
21
83
118
144
138
118
83
44
26
-8
-15
-16
-18
8
-7
-3
16
27
72
62
34
1
-49
-23
10
28
17
-42
-61
-53
-43
-39
-72
-104
-124
-133
-125
-132
-144
-130
-82
0
64
72
36
-23
-61
-70
-54
-28
1
45
54
35
-24
-83
-61
17
144
214
190
125
29
9
28
85
184
230
277
207
76
-26
-148
-106
-36
68
188
161
155
37
-120
-200
-307
-212
-43
132
299
223
57
-157
-344
-380
-362
-231
-32
119
162
77
-63
-133
-94
-4
86
79
31
17
9
35
14
-3
25
26
41
14
-28
-78
-130
-92
-62
0
55
83
146
123
106
75
28
29
-61
-77
-44
-21
105
138
132
91
-28
-34
-45
-34
44
49
69
19
-81
-89
-125
-133
-115
-116
-18
61
114
127
27
-37
-98
-133
-111
-129
-70
10
60
125
85
60
19
-33
6
27
113
141
54
-58
-236
-270
-195
-69
87
104
104
47
-34
-60
-115
-90
-90
-84
-8
34
146
186
119
14
-131
-95
37
186
299
236
121
-33
-142
-144
-106
13
82
89
44
-31
-5
36
106
122
73
100
75
99
98
6
-32
-130
-116
-52
-38
39
-4
-39
-63
-125
-75
-68
-28
25
8
44
11
-30
-73
-152
-121
-64
45
126
68
-13
-142
-213
-199
-146
-24
35
51
11
-89
-99
-44
97
247
291
263
92
-83
-165
-182
-51
87
187
232
148
70
-25
-112
-123
-150
-130
-78
-55
-5
-3
-26
-19
-16
49
116
135
136
60
-16
-71
-112
-77
-39
33
84
86
73
-9
-66
-130
-169
-136
-117
-25
19
42
76
43
87
88
84
82
1
15
20
61
101
36
11
-63
-72
-25
15
119
142
144
83
-12
-22
-24
44
66
22
-30
-116
-103
-65
14
86
64
41
-45
-101
-105
-107
-38
-11
26
60
44
38
-41
-97
-97
-67
11
-1
-69
-142
-178
-108
-23
39
45
-15
-70
-105
-98
-41
14
62
85
79
88
75
58
29
-32
-65
-86
-59
-4
17
29
5
-11
-23
-57
-43
-2
65
131
135
107
47
-3
4
57
134
161
141
86
12
-61
-106
-72
25
144
226
239
180
54
-54
-120
-126
-99
-85
-52
-58
-73
-103
-129
-97
-60
37
104
95
46
-84
-151
-169
-121
13
77
116
72
-6
-26
-80
-70
-62
-47
19
26
46
6
-72
-106
-128
-64
10
53
56
-3
-50
-107
-134
-115
-49
78
188
220
135
-19
-141
-150
-29
123
204
171
70
1
2
39
68
44
-7
-30
-49
-72
-122
-178
-187
-146
-37
75
154
180
134
83
54
81
140
173
189
177
162
133
60
-27
-108
-137
-103
-48
-3
-15
-59
-99
-117
-105
-89
-63
-19
49
102
90
33
-39
-55
-18
12
14
-44
-96
-114
-103
-83
-107
-121
-122
-84
-34
-57
-105
-171
-160
-71
3
46
5
-51
-82
-99
-49
19
113
185
183
153
88
34
15
2
25
48
72
125
142
153
142
111
122
109
101
78
-6
-49
-82
-73
-18
-13
25
42
74
170
194
204
139
26
-16
-59
-15
28
-13
-54
-173
-227
-207
-177
-55
-6
5
-12
-78
-70
-89
-88
-81
-135
-135
-161
-152
-124
-127
-62
-16
53
127
127
132
84
51
39
-4
3
-3
10
40
33
39
5
-38
-69
-96
-65
-34
-11
-15
-47
-48
-36
15
50
46
65
86
163
240
256
215
90
11
-11
10
61
59
49
21
-6
6
17
68
116
128
99
12
-59
-123
-171
-181
-165
-94
-32
12
16
-54
-88
-74
4
102
106
55
-69
-201
-265
-295
-256
-188
-99
15
66
82
41
-48
-120
-150
-87
-11
7
-38
-125
-144
-80
64
212
268
269
226
202
201
193
207
169
132
107
77
88
41
8
-13
-15
66
99
115
89
36
46
24
13
-10
-55
-60
-97
-129
-165
-214
-203
-170
-99
-19
6
-4
-54
-82
-66
-35
1
-9
-75
-167
-238
-224
-153
-80
-24
7
46
90
107
117
93
62
32
-19
-35
-38
-17
-2
-27
-26
-36
-37
-10
23
133
226
252
224
126
61
-4
-50
-20
22
96
94
-4
-86
-169
-172
-141
-107
-17
32
75
84
46
36
5
24
88
123
144
87
41
38
14
6
-15
22
128
195
198
93
-44
-110
-129
-75
-22
-18
-13
-44
-58
-75
-129
-146
-156
-109
-21
27
51
-20
-113
-161
-151
-29
69
123
127
49
1
-89
-157
-170
-204
-162
-138
-97
-14
-21
-17
-49
-35
95
166
197
104
-43
-64
-62
19
74
42
48
6
29
75
50
70
